      1.00000   6.0295729e-06
      2.00000   6.1251194e-06
      3.00000   6.1851815e-06
      4.00000   6.2483496e-06
      5.00000   6.3198254e-06
      6.00000   6.4085957e-06
      7.00000   6.5086142e-06
      8.00000   6.6083467e-06
      9.00000   6.7047072e-06
      10.0000   6.8001673e-06
      11.0000   6.9003017e-06
      12.0000   7.0128376e-06
      13.0000   7.1330096e-06
      14.0000   7.2425096e-06
      15.0000   7.3277761e-06
      16.0000   7.3882866e-06
      17.0000   7.4339623e-06
      18.0000   7.4846689e-06
      19.0000   7.5585858e-06
      20.0000   7.6556416e-06
      21.0000   7.7568102e-06
      22.0000   7.8486737e-06
      23.0000   7.9435313e-06
      24.0000   8.0629461e-06
      25.0000   8.2125771e-06
      26.0000   8.3799332e-06
      27.0000   8.5493175e-06
      28.0000   8.7172211e-06
      29.0000   8.8885781e-06
      30.0000   9.0653257e-06
      31.0000   9.2522168e-06
      32.0000   9.4536063e-06
      33.0000   9.6574740e-06
      34.0000   9.8446708e-06
      35.0000   1.0004964e-05
      36.0000   1.0128680e-05
      37.0000   1.0207296e-05
      38.0000   1.0248645e-05
      39.0000   1.0270146e-05
      40.0000   1.0296061e-05
      41.0000   1.0369893e-05
      42.0000   1.0534371e-05
      43.0000   1.0792538e-05
      44.0000   1.1106943e-05
      45.0000   1.1439373e-05
      46.0000   1.1783837e-05
      47.0000   1.2163749e-05
      48.0000   1.2606693e-05
      49.0000   1.3121481e-05
      50.0000   1.3677347e-05
      51.0000   1.4206261e-05
      52.0000   1.4649584e-05
      53.0000   1.4990261e-05
      54.0000   1.5251020e-05
      55.0000   1.5476835e-05
      56.0000   1.5710273e-05
      57.0000   1.5982770e-05
      58.0000   1.6303717e-05
      59.0000   1.6642729e-05
      60.0000   1.6951653e-05
      61.0000   1.7224143e-05
      62.0000   1.7526507e-05
      63.0000   1.7945218e-05
      64.0000   1.8510016e-05
      65.0000   1.9183530e-05
      66.0000   1.9885751e-05
      67.0000   2.0534904e-05
      68.0000   2.1103813e-05
      69.0000   2.1638594e-05
      70.0000   2.2230382e-05
      71.0000   2.2965703e-05
      72.0000   2.3876701e-05
      73.0000   2.4932793e-05
      74.0000   2.6052252e-05
      75.0000   2.7106886e-05
      76.0000   2.8000251e-05
      77.0000   2.8714867e-05
      78.0000   2.9256660e-05
      79.0000   2.9654899e-05
      80.0000   2.9999141e-05
      81.0000   3.0384350e-05
      82.0000   3.0845502e-05
      83.0000   3.1367137e-05
      84.0000   3.1927484e-05
      85.0000   3.2539509e-05
      86.0000   3.3275453e-05
      87.0000   3.4246987e-05
      88.0000   3.5552577e-05
      89.0000   3.7232050e-05
      90.0000   3.9252951e-05
      91.0000   4.1523235e-05
      92.0000   4.3892549e-05
      93.0000   4.6251014e-05
      94.0000   4.8667036e-05
      95.0000   5.1367377e-05
      96.0000   5.4562290e-05
      97.0000   5.8314494e-05
      98.0000   6.2617612e-05
      99.0000   6.7542227e-05
      100.000   7.3167867e-05
      101.000   7.9412079e-05
      102.000   8.6129105e-05
      103.000   9.3210983e-05
      104.000   0.00010048146
      105.000   0.00010786535
      106.000   0.00011563155
      107.000   0.00012420067
      108.000   0.00013388523
      109.000   0.00014481191
      110.000   0.00015685761
      111.000   0.00016985144
      112.000   0.00018412633
      113.000   0.00020059894
      114.000   0.00022002115
      115.000   0.00024230379
      116.000   0.00026693096
      117.000   0.00029417622
      118.000   0.00032529776
      119.000   0.00036130383
      120.000   0.00040204206
      121.000   0.00044605386
      122.000   0.00049106503
      123.000   0.00053471170
      124.000   0.00057488895
      125.000   0.00061046740
      126.000   0.00064180320
      127.000   0.00067082694
      128.000   0.00069982960
      129.000   0.00073012197
      130.000   0.00076431700
      131.000   0.00080846495
      132.000   0.00086958858
      133.000   0.00095228734
      134.000    0.0010592499
      135.000    0.0011937234
      136.000    0.0013577895
      137.000    0.0015476187
      138.000    0.0017568124
      139.000    0.0019875590
      140.000    0.0022513357
      141.000    0.0025505186
      142.000    0.0028623748
      143.000    0.0031525067
      144.000    0.0034142085
      145.000    0.0036852423
      146.000    0.0040087323
      147.000    0.0044075334
      148.000    0.0049323216
      149.000    0.0056941849
      150.000    0.0067919050
      151.000    0.0082473988
      152.000     0.010107870
      153.000     0.012662993
      154.000     0.016564369
      155.000     0.022668991
      156.000     0.031658001
      157.000     0.043735016
      158.000     0.058600210
      159.000     0.074983455
      160.000     0.089455068
      161.000     0.096684046
      162.000     0.093165994
      163.000     0.080692239
      164.000     0.064440705
      165.000     0.048833348
      166.000     0.035969265
      167.000     0.026226789
      168.000     0.019233806
      169.000     0.014381426
      170.000     0.011057837
      171.000    0.0087464619
      172.000    0.0070816875
      173.000    0.0058724615
      174.000    0.0050305985
      175.000    0.0044822185
      176.000    0.0041281125
      177.000    0.0038547476
      178.000    0.0035717040
      179.000    0.0032486471
      180.000    0.0029074065
      181.000    0.0025733057
      182.000    0.0022563420
      183.000    0.0019651903
      184.000    0.0017123588
      185.000    0.0015031911
      186.000    0.0013323140
      187.000    0.0011918034
      188.000    0.0010751698
      189.000   0.00097574544
      190.000   0.00088385033
      191.000   0.00079042662
      192.000   0.00069388695
      193.000   0.00060071499
      194.000   0.00051899895
      195.000   0.00045214425
      196.000   0.00039906433
      197.000   0.00035742114
      198.000   0.00032474179
      199.000   0.00029800675
      200.000   0.00027397909
      201.000   0.00025050092
      202.000   0.00022691026
      203.000   0.00020336462
      204.000   0.00018078633
      205.000   0.00016071061
      206.000   0.00014438712
      207.000   0.00013207649
      208.000   0.00012308048
      209.000   0.00011639969
      210.000   0.00011119327
      211.000   0.00010679990
      212.000   0.00010270199
      213.000   9.8553384e-05
      214.000   9.4150884e-05
      215.000   8.9457622e-05
      216.000   8.4658168e-05
      217.000   7.9964811e-05
      218.000   7.5428718e-05
      219.000   7.1021292e-05
      220.000   6.6789813e-05
      221.000   6.2840685e-05
      222.000   5.9249407e-05
      223.000   5.6030243e-05
      224.000   5.3051706e-05
      225.000   5.0109102e-05
      226.000   4.7172132e-05
      227.000   4.4370983e-05
      228.000   4.1835163e-05
      229.000   3.9624025e-05
      230.000   3.7715352e-05
      231.000   3.6058795e-05
      232.000   3.4635119e-05
      233.000   3.3424523e-05
      234.000   3.2386171e-05
      235.000   3.1487620e-05
      236.000   3.0726325e-05
      237.000   3.0119812e-05
      238.000   2.9663208e-05
      239.000   2.9309820e-05
      240.000   2.8997318e-05
      241.000   2.8677197e-05
      242.000   2.8278524e-05
      243.000   2.7685173e-05
      244.000   2.6834468e-05
      245.000   2.5791431e-05
      246.000   2.4691790e-05
      247.000   2.3651977e-05
      248.000   2.2709632e-05
      249.000   2.1816015e-05
      250.000   2.0920970e-05
      251.000   2.0064132e-05
      252.000   1.9333895e-05
      253.000   1.8767809e-05
      254.000   1.8333814e-05
      255.000   1.7971435e-05
      256.000   1.7631242e-05
      257.000   1.7302114e-05
      258.000   1.7003420e-05
      259.000   1.6748518e-05
      260.000   1.6544567e-05
      261.000   1.6385975e-05
      262.000   1.6234639e-05
      263.000   1.6052905e-05
      264.000   1.5834450e-05
      265.000   1.5585678e-05
      266.000   1.5298168e-05
      267.000   1.4944009e-05
      268.000   1.4501660e-05
      269.000   1.3988534e-05
      270.000   1.3441899e-05
      271.000   1.2888838e-05
      272.000   1.2340663e-05
      273.000   1.1801508e-05
      274.000   1.1278572e-05
      275.000   1.0778789e-05
      276.000   1.0314314e-05
      277.000   9.9232575e-06
      278.000   9.6581180e-06
      279.000   9.5359510e-06
      280.000   9.5174892e-06
      281.000   9.5396890e-06
      282.000   9.5582818e-06
      283.000   9.5649284e-06
      284.000   9.5730311e-06
      285.000   9.5875339e-06
      286.000   9.5970081e-06
      287.000   9.5879714e-06
      288.000   9.5508885e-06
      289.000   9.4788993e-06
      290.000   9.3641456e-06
      291.000   9.1953352e-06
      292.000   8.9698115e-06
      293.000   8.7075332e-06
      294.000   8.4391959e-06
      295.000   8.1806929e-06
      296.000   7.9344027e-06
      297.000   7.7086870e-06
      298.000   7.5166085e-06
      299.000   7.3621763e-06
      300.000   7.2410658e-06
      301.000   7.1464910e-06
      302.000   7.0738683e-06
      303.000   7.0239671e-06
      304.000   6.9959324e-06
      305.000   6.9834664e-06
      306.000   6.9790767e-06
      307.000   6.9726289e-06
      308.000   6.9543203e-06
      309.000   6.9205016e-06
      310.000   6.8732870e-06
      311.000   6.8189975e-06
      312.000   6.7568717e-06
      313.000   6.6731609e-06
      314.000   6.5571830e-06
      315.000   6.4125306e-06
      316.000   6.2537124e-06
      317.000   6.1048731e-06
      318.000   5.9906552e-06
      319.000   5.9199810e-06
      320.000   5.8814608e-06
      321.000       0.0000000
