      1.00000   5.1868465e-06
      2.00000   5.2701944e-06
      3.00000   5.3402764e-06
      4.00000   5.4179304e-06
      5.00000   5.5065416e-06
      6.00000   5.6163944e-06
      7.00000   5.7488919e-06
      8.00000   5.8949731e-06
      9.00000   6.0424609e-06
      10.0000   6.1862161e-06
      11.0000   6.3269085e-06
      12.0000   6.4645455e-06
      13.0000   6.5941053e-06
      14.0000   6.7097444e-06
      15.0000   6.8112026e-06
      16.0000   6.9045514e-06
      17.0000   6.9941989e-06
      18.0000   7.0798055e-06
      19.0000   7.1589729e-06
      20.0000   7.2316288e-06
      21.0000   7.3021342e-06
      22.0000   7.3738670e-06
      23.0000   7.4420832e-06
      24.0000   7.5013668e-06
      25.0000   7.5625062e-06
      26.0000   7.6525648e-06
      27.0000   7.7914692e-06
      28.0000   7.9763586e-06
      29.0000   8.1959697e-06
      30.0000   8.4429639e-06
      31.0000   8.7118806e-06
      32.0000   8.9949244e-06
      33.0000   9.2797472e-06
      34.0000   9.5487967e-06
      35.0000   9.7946577e-06
      36.0000   1.0027265e-05
      37.0000   1.0248728e-05
      38.0000   1.0445214e-05
      39.0000   1.0608952e-05
      40.0000   1.0740112e-05
      41.0000   1.0835191e-05
      42.0000   1.0892577e-05
      43.0000   1.0916943e-05
      44.0000   1.0918439e-05
      45.0000   1.0918957e-05
      46.0000   1.0954720e-05
      47.0000   1.1056693e-05
      48.0000   1.1234103e-05
      49.0000   1.1486666e-05
      50.0000   1.1814317e-05
      51.0000   1.2211100e-05
      52.0000   1.2668464e-05
      53.0000   1.3187358e-05
      54.0000   1.3773021e-05
      55.0000   1.4412562e-05
      56.0000   1.5062832e-05
      57.0000   1.5665692e-05
      58.0000   1.6170239e-05
      59.0000   1.6550539e-05
      60.0000   1.6817108e-05
      61.0000   1.7025861e-05
      62.0000   1.7262464e-05
      63.0000   1.7590401e-05
      64.0000   1.8011504e-05
      65.0000   1.8477982e-05
      66.0000   1.8937839e-05
      67.0000   1.9371868e-05
      68.0000   1.9813820e-05
      69.0000   2.0325318e-05
      70.0000   2.0943025e-05
      71.0000   2.1659935e-05
      72.0000   2.2440167e-05
      73.0000   2.3257759e-05
      74.0000   2.4112376e-05
      75.0000   2.5019292e-05
      76.0000   2.6004001e-05
      77.0000   2.7105225e-05
      78.0000   2.8335760e-05
      79.0000   2.9617175e-05
      80.0000   3.0794934e-05
      81.0000   3.1755724e-05
      82.0000   3.2502863e-05
      83.0000   3.3112003e-05
      84.0000   3.3643289e-05
      85.0000   3.4111243e-05
      86.0000   3.4528879e-05
      87.0000   3.4964924e-05
      88.0000   3.5547189e-05
      89.0000   3.6431378e-05
      90.0000   3.7743197e-05
      91.0000   3.9511986e-05
      92.0000   4.1697695e-05
      93.0000   4.4287721e-05
      94.0000   4.7241632e-05
      95.0000   5.0339946e-05
      96.0000   5.3379921e-05
      97.0000   5.6490480e-05
      98.0000   6.0037764e-05
      99.0000   6.4307314e-05
      100.000   6.9396767e-05
      101.000   7.5302807e-05
      102.000   8.2016588e-05
      103.000   8.9584501e-05
      104.000   9.8051700e-05
      105.000   0.00010730578
      106.000   0.00011706651
      107.000   0.00012708048
      108.000   0.00013737012
      109.000   0.00014836874
      110.000   0.00016067555
      111.000   0.00017450887
      112.000   0.00018964081
      113.000   0.00020603804
      114.000   0.00022431606
      115.000   0.00024536988
      116.000   0.00026953098
      117.000   0.00029647342
      118.000   0.00032618159
      119.000   0.00035984200
      120.000   0.00039933578
      121.000   0.00044546832
      122.000   0.00049693015
      123.000   0.00055045128
      124.000   0.00060142507
      125.000   0.00064552075
      126.000   0.00068071199
      127.000   0.00070867786
      128.000   0.00073421630
      129.000   0.00076202344
      130.000   0.00079424999
      131.000   0.00083276047
      132.000   0.00088285148
      133.000   0.00095302297
      134.000    0.0010517966
      135.000    0.0011849519
      136.000    0.0013524640
      137.000    0.0015479465
      138.000    0.0017636652
      139.000    0.0019995174
      140.000    0.0022686515
      141.000    0.0025814492
      142.000    0.0029242940
      143.000    0.0032641436
      144.000    0.0035811439
      145.000    0.0038986767
      146.000    0.0042665252
      147.000    0.0047317673
      148.000    0.0053589554
      149.000    0.0062414128
      150.000    0.0074499450
      151.000    0.0090210605
      152.000     0.011065216
      153.000     0.013919839
      154.000     0.018188106
      155.000     0.024560096
      156.000     0.033460531
      157.000     0.044770751
      158.000     0.057813186
      159.000     0.071208894
      160.000     0.082515523
      161.000     0.088530309
      162.000     0.086881623
      163.000     0.077949271
      164.000     0.064740084
      165.000     0.050792340
      166.000     0.038541712
      167.000     0.028903762
      168.000     0.021703992
      169.000     0.016403105
      170.000     0.012530968
      171.000    0.0097330818
      172.000    0.0077395956
      173.000    0.0063571087
      174.000    0.0054234816
      175.000    0.0047891932
      176.000    0.0043330882
      177.000    0.0039628819
      178.000    0.0036147463
      179.000    0.0032650162
      180.000    0.0029232136
      181.000    0.0025995264
      182.000    0.0022921856
      183.000    0.0020053945
      184.000    0.0017542668
      185.000    0.0015474595
      186.000    0.0013771951
      187.000    0.0012277013
      188.000    0.0010871349
      189.000   0.00095097994
      190.000   0.00082189386
      191.000   0.00070643349
      192.000   0.00060934573
      193.000   0.00053109962
      194.000   0.00046961554
      195.000   0.00042187679
      196.000   0.00038389052
      197.000   0.00035119936
      198.000   0.00032021708
      199.000   0.00028921090
      200.000   0.00025827234
      201.000   0.00022869889
      202.000   0.00020237197
      203.000   0.00018090170
      204.000   0.00016449015
      205.000   0.00015214077
      206.000   0.00014266327
      207.000   0.00013510407
      208.000   0.00012854308
      209.000   0.00012209744
      210.000   0.00011530409
      211.000   0.00010822962
      212.000   0.00010121962
      213.000   9.4612202e-05
      214.000   8.8592475e-05
      215.000   8.3054059e-05
      216.000   7.7806646e-05
      217.000   7.2826726e-05
      218.000   6.8204252e-05
      219.000   6.4051448e-05
      220.000   6.0439721e-05
      221.000   5.7316971e-05
      222.000   5.4542954e-05
      223.000   5.1952335e-05
      224.000   4.9404804e-05
      225.000   4.6851310e-05
      226.000   4.4318014e-05
      227.000   4.1852185e-05
      228.000   3.9529397e-05
      229.000   3.7447571e-05
      230.000   3.5706307e-05
      231.000   3.4339195e-05
      232.000   3.3287146e-05
      233.000   3.2452015e-05
      234.000   3.1760541e-05
      235.000   3.1186843e-05
      236.000   3.0692769e-05
      237.000   3.0196379e-05
      238.000   2.9605928e-05
      239.000   2.8860102e-05
      240.000   2.7958577e-05
      241.000   2.6962394e-05
      242.000   2.5958036e-05
      243.000   2.5008090e-05
      244.000   2.4125955e-05
      245.000   2.3295981e-05
      246.000   2.2512993e-05
      247.000   2.1798962e-05
      248.000   2.1159281e-05
      249.000   2.0571972e-05
      250.000   1.9992371e-05
      251.000   1.9367801e-05
      252.000   1.8698473e-05
      253.000   1.8063572e-05
      254.000   1.7539951e-05
      255.000   1.7129592e-05
      256.000   1.6774798e-05
      257.000   1.6425336e-05
      258.000   1.6084539e-05
      259.000   1.5779768e-05
      260.000   1.5498887e-05
      261.000   1.5198304e-05
      262.000   1.4853201e-05
      263.000   1.4472253e-05
      264.000   1.4069659e-05
      265.000   1.3642708e-05
      266.000   1.3172141e-05
      267.000   1.2652287e-05
      268.000   1.2114165e-05
      269.000   1.1605799e-05
      270.000   1.1158457e-05
      271.000   1.0783608e-05
      272.000   1.0485591e-05
      273.000   1.0256522e-05
      274.000   1.0075547e-05
      275.000   9.9257741e-06
      276.000   9.8053633e-06
      277.000   9.7255388e-06
      278.000   9.6992408e-06
      279.000   9.7231750e-06
      280.000   9.7697775e-06
      281.000   9.8053724e-06
      282.000   9.8092705e-06
      283.000   9.7683269e-06
      284.000   9.6775284e-06
      285.000   9.5402529e-06
      286.000   9.3603130e-06
      287.000   9.1415332e-06
      288.000   8.8964925e-06
      289.000   8.6469663e-06
      290.000   8.4146377e-06
      291.000   8.2115193e-06
      292.000   8.0292075e-06
      293.000   7.8503672e-06
      294.000   7.6762772e-06
      295.000   7.5259236e-06
      296.000   7.4091895e-06
      297.000   7.3162873e-06
      298.000   7.2305820e-06
      299.000   7.1409654e-06
      300.000   7.0422070e-06
      301.000   6.9343141e-06
      302.000   6.8313675e-06
      303.000   6.7532060e-06
      304.000   6.7075598e-06
      305.000   6.6904090e-06
      306.000   6.6924972e-06
      307.000   6.6910102e-06
      308.000   6.6541415e-06
      309.000   6.5648237e-06
      310.000   6.4378760e-06
      311.000   6.3063676e-06
      312.000   6.1898236e-06
      313.000   6.0852167e-06
      314.000   5.9803438e-06
      315.000   5.8688174e-06
      316.000   5.7540788e-06
      317.000   5.6501290e-06
      318.000   5.5698615e-06
      319.000   5.5134137e-06
      320.000   5.4451621e-06
      321.000       0.0000000
