SiIII    0.2249516675    0.0000190727    35.03894      6.98373  12.803234    0.058471  1.1836367

C III    0.2249862187    0.0000024163    45.03468      0.91372  13.972539    0.006615  1.3758480 
C III    0.2253342276    0.0000130441    13.05162      6.21069  12.471005    0.091765  1.3758480 
C III    0.2264055794    0.0000322607    19.72413     13.67432  12.128282    0.146678  1.3758480

O VI     0.2249808289    0.0000036774    45.39677      1.35523  14.243250    0.009108  1.7494653 
O VI     0.2252254380    0.0000075716     1.32446      3.45702  13.235705    0.704700  1.7494653 
O VI     0.2263856209    0.0000047149    12.65554      2.17167  13.423645    0.028401  1.7494653

H I      0.2248659017    0.0000699081    49.10389      4.35507     15.268288    0.132768   1073
H I      0.2250841123    0.0000687099    14.50097      8.60473     15.012031    0.440466   1073
H I      0.2261303635    0.0006177562    56.59603A    222.81837  13.479715    1.100553   1073  
