# %ECSV 1.0
# ---
# datatype:
# - {name: H, datatype: float64}
# - {name: H+, datatype: float64}
# - {name: C+, datatype: float64}
# - {name: C+2, datatype: float64}
# - {name: C+3, datatype: float64}
# - {name: N+, datatype: float64}
# - {name: N+2, datatype: float64}
# - {name: N+4, datatype: float64}
# - {name: O, datatype: float64}
# - {name: O+2, datatype: float64}
# - {name: O+5, datatype: float64}
# - {name: O+6, datatype: float64}
# - {name: P+, datatype: float64}
# - {name: Si+, datatype: float64}
# - {name: Si+2, datatype: float64}
# - {name: Si+3, datatype: float64}
# - {name: Si+4, datatype: float64}
# - {name: log_nH, datatype: float64}
# - {name: parameters, datatype: string, subtype: 'float64[1]'}
# schema: astropy-2.0
H H+ C+ C+2 C+3 N+ N+2 N+4 O O+2 O+5 O+6 P+ Si+ Si+2 Si+3 Si+4 log_nH parameters
6165970000000000.0 6.31643e+20 1456530000000.0 1269240000000000.0 2.14843e+16 39957700000.0 80639700000000.0 3.08586e+16 459009.0 182511000000000.0 7.47401e+17 1.77794e+18 15909200.0 796969000.0 138875000000.0 2827040000000.0 574843000000000.0 -5.0 [-5.0]
6165940000000000.0 5.92002e+20 1551240000000.0 1342750000000000.0 2.20826e+16 43763700000.0 88181700000000.0 3.11927e+16 519987.0 203583000000000.0 7.2643e+17 1.63282e+18 18019700.0 921451000.0 158756000000.0 3178790000000.0 608870000000000.0 -4.98 [-4.98]
6165930000000000.0 5.55056e+20 1650980000000.0 1419230000000000.0 2.26934e+16 48016100000.0 96520200000000.0 3.1508e+16 592839.0 227414000000000.0 7.05221e+17 1.49774e+18 20430700.0 1064380000.0 181510000000.0 3579550000000.0 645645000000000.0 -4.96 [-4.96]
6166010000000000.0 5.20863e+20 1758570000000.0 1499020000000000.0 2.33124e+16 52853600000.0 105762000000000.0 3.18015e+16 681588.0 254408000000000.0 6.83902e+17 1.37288e+18 23219300.0 1229250000.0 207597000000.0 4035610000000.0 685308000000000.0 -4.94 [-4.94]
6165980000000000.0 4.88982e+20 1871900000000.0 1581180000000000.0 2.39333e+16 58240400000.0 115892000000000.0 3.2061e+16 787463.0 284633000000000.0 6.62264e+17 1.2571e+18 26387800.0 1416270000.0 237065000000.0 4548630000000.0 727269000000000.0 -4.92 [-4.92]
6165930000000000.0 4.59281e+20 1992620000000.0 1666460000000000.0 2.45614e+16 64302600000.0 127088000000000.0 3.22953e+16 915011.0 318730000000000.0 6.40502e+17 1.14966e+18 30027700.0 1630530000.0 270703000000.0 5131930000000.0 772340000000000.0 -4.9 [-4.9]
6165930000000000.0 4.31372e+20 2120670000000.0 1754300000000000.0 2.51885e+16 71123700000.0 139426000000000.0 3.24888e+16 1069380.0 357015000000000.0 6.18304e+17 1.04959e+18 34186600.0 1873320000.0 308657000000.0 5787680000000.0 819817000000000.0 -4.88 [-4.88]
6165930000000000.0 4.05331e+20 2256980000000.0 1844770000000000.0 2.58152e+16 78782600000.0 152978000000000.0 3.26452e+16 1255830.0 399887000000000.0 5.95968e+17 9.57e+17 38951300.0 2149090000.0 351588000000.0 6527300000000.0 870191000000000.0 -4.86 [-4.86]
6165930000000000.0 3.80993e+20 2402710000000.0 1937430000000000.0 2.6432e+16 87392000000.0 167786000000000.0 3.27516e+16 1481460.0 447511000000000.0 5.73401e+17 8.71553e+17 44392300.0 2458900000.0 399539000000.0 7351730000000.0 922692000000000.0 -4.84 [-4.84]
6165930000000000.0 3.58164e+20 2558720000000.0 2032650000000000.0 2.70421e+16 97096000000.0 184027000000000.0 3.28099e+16 1755500.0 500536000000000.0 5.50638e+17 7.92515e+17 50613800.0 2806720000.0 453096000000.0 8271720000000.0 977458000000000.0 -4.82 [-4.82]
6165930000000000.0 3.36759e+20 2726540000000.0 2130550000000000.0 2.76444e+16 108073000000.0 201845000000000.0 3.28209e+16 2089850.0 559579000000000.0 5.27799e+17 7.1946e+17 57758200.0 3198180000.0 513072000000.0 9302200000000.0 1034880000000000.0 -4.8 [-4.8]
6165930000000000.0 3.16686e+20 2907660000000.0 2231130000000000.0 2.82362e+16 120505000000.0 221371000000000.0 3.27822e+16 2498590.0 625183000000000.0 5.04943e+17 6.5204e+17 65977600.0 3638430000.0 580124000000.0 10454700000000.0 1094960000000000.0 -4.78 [-4.78]
6165940000000000.0 2.97814e+20 3103430000000.0 2334540000000000.0 2.88177e+16 134611000000.0 242777000000000.0 3.26919e+16 3000040.0 698026000000000.0 4.82088e+17 5.89797e+17 75439600.0 4132070000.0 654951000000.0 11745100000000.0 1157750000000000.0 -4.76 [-4.76]
6165940000000000.0 2.80033e+20 3313830000000.0 2440130000000000.0 2.93849e+16 150564000000.0 266152000000000.0 3.25452e+16 3615130.0 778590000000000.0 4.59272e+17 5.32366e+17 86292600.0 4682860000.0 738055000000.0 13185900000000.0 1223110000000000.0 -4.74 [-4.74]
6165940000000000.0 2.63277e+20 3542220000000.0 2548530000000000.0 2.99382e+16 168726000000.0 291748000000000.0 3.2343e+16 4373900.0 867760000000000.0 4.36554e+17 4.7945e+17 98799400.0 5297470000.0 830343000000.0 14797300000000.0 1291190000000000.0 -4.72 [-4.72]
6165950000000000.0 2.4749e+20 3789470000000.0 2659380000000000.0 3.04743e+16 189338000000.0 319651000000000.0 3.20821e+16 5308750.0 965968000000000.0 4.14013e+17 4.30829e+17 113137000.0 5981010000.0 932431000000.0 16595200000000.0 1361860000000000.0 -4.7 [-4.7]
6165950000000000.0 2.32594e+20 4058230000000.0 2772840000000000.0 3.09916e+16 212807000000.0 350077000000000.0 3.17614e+16 6464940.0 1074030000000000.0 3.91693e+17 3.86182e+17 129632000.0 6740420000.0 1045190000000.0 18601400000000.0 1435100000000000.0 -4.68 [-4.68]
6165970000000000.0 2.18529e+20 4350520000000.0 2888860000000000.0 3.14885e+16 239540000000.0 383199000000000.0 3.13799e+16 7897280.0 1192660000000000.0 3.69652e+17 3.45249e+17 148592000.0 7582190000.0 1169380000000.0 20838000000000.0 1510860000000000.0 -4.66 [-4.66]
6165960000000000.0 2.05232e+20 4670490000000.0 3008070000000000.0 3.19647e+16 270134000000.0 419319000000000.0 3.09377e+16 9679390.0 1322980000000000.0 3.47928e+17 3.07732e+17 170465000.0 8515840000.0 1306130000000.0 23334200000000.0 1589140000000000.0 -4.64 [-4.64]
6165960000000000.0 1.92661e+20 5022570000000.0 3130890000000000.0 3.24179e+16 305222000000.0 458658000000000.0 3.04341e+16 11901900.0 1465770000000000.0 3.26583e+17 2.73432e+17 195773000.0 9552610000.0 1456560000000.0 26118600000000.0 1669820000000000.0 -4.62 [-4.62]
6165950000000000.0 1.80767e+20 5410630000000.0 3257300000000000.0 3.28428e+16 345480000000.0 501339000000000.0 2.98652e+16 14674700.0 1621260000000000.0 3.05667e+17 2.42205e+17 225067000.0 10701100000.0 1621400000000.0 29222100000000.0 1752750000000000.0 -4.6 [-4.6]
6165960000000000.0 1.69502e+20 5840420000000.0 3387950000000000.0 3.32365e+16 391726000000.0 547555000000000.0 2.92294e+16 18135600.0 1789750000000000.0 2.85231e+17 2.13886e+17 259062000.0 11973200000.0 1801670000000.0 32681900000000.0 1837820000000000.0 -4.58 [-4.58]
6165950000000000.0 1.5882e+20 6319410000000.0 3523780000000000.0 3.35974e+16 445066000000.0 597632000000000.0 2.85284e+16 22471300.0 1972340000000000.0 2.65307e+17 1.88206e+17 298647000.0 13387700000.0 1999020000000.0 36542800000000.0 1924910000000000.0 -4.56 [-4.56]
6165970000000000.0 1.48686e+20 6855890000000.0 3665820000000000.0 3.39224e+16 506720000000.0 651806000000000.0 2.77631e+16 27910200.0 2169550000000000.0 2.45948e+17 1.64977e+17 344882000.0 14966600000.0 2215230000000.0 40854100000000.0 2013880000000000.0 -4.54 [-4.54]
6166010000000000.0 1.39041e+20 7462270000000.0 3815770000000000.0 3.42093e+16 578402000000.0 710484000000000.0 2.69324e+16 34769000.0 2382350000000000.0 2.27168e+17 1.43969e+17 399148000.0 16739000000.0 2452860000000.0 45684900000000.0 2104740000000000.0 -4.52 [-4.52]
6165950000000000.0 1.29836e+20 8152230000000.0 3975360000000000.0 3.44503e+16 661838000000.0 773853000000000.0 2.60324e+16 43429400.0 2610710000000000.0 2.08989e+17 1.25012e+17 463110000.0 18742900000.0 2714840000000.0 51103400000000.0 2197060000000000.0 -4.5 [-4.5]
6165940000000000.0 1.2104e+20 8947430000000.0 4148430000000000.0 3.46462e+16 759803000000.0 842581000000000.0 2.50667e+16 54431500.0 2855950000000000.0 1.91431e+17 1.07938e+17 539052000.0 21041800000.0 3006900000000.0 57220900000000.0 2291140000000000.0 -4.48 [-4.48]
6165940000000000.0 1.12619e+20 9875310000000.0 4339190000000000.0 3.47886e+16 875284000000.0 916971000000000.0 2.4033e+16 68450900.0 3117780000000000.0 1.74521e+17 9.26117e+16 629992000.0 23719700000.0 3335450000000.0 64142200000000.0 2386570000000000.0 -4.46 [-4.46]
6165930000000000.0 1.04515e+20 10973300000000.0 4552900000000000.0 3.4866e+16 1012140000000.0 997326000000000.0 2.2927e+16 86418700.0 3395420000000000.0 1.58262e+17 7.88775e+16 739971000.0 26898500000.0 3710080000000.0 72010400000000.0 2482980000000000.0 -4.44 [-4.44]
6165900000000000.0 9.66969e+19 12293700000000.0 4797530000000000.0 3.48665e+16 1175060000000.0 1083910000000000.0 2.17466e+16 109519000.0 3687490000000000.0 1.42676e+17 6.66254e+16 874742000.0 30783400000.0 4147630000000.0 81028600000000.0 2580070000000000.0 -4.42 [-4.42]
6165900000000000.0 8.90582e+19 13934500000000.0 5089260000000000.0 3.47807e+16 1373040000000.0 1178510000000000.0 2.04788e+16 139812000.0 3995970000000000.0 1.27645e+17 5.56403e+16 1043720000.0 35723700000.0 4677540000000.0 91544900000000.0 2677880000000000.0 -4.4 [-4.4]
6166080000000000.0 8.15507e+19 16021300000000.0 5444180000000000.0 3.45702e+16 1613880000000.0 1279910000000000.0 1.9116e+16 179736000.0 4311840000000000.0 1.13202e+17 4.58436e+16 1260460000.0 42286500000.0 5343690000000.0 103935000000000.0 2776370000000000.0 -4.38 [-4.38]
6165950000000000.0 7.39697e+19 18827400000000.0 5901070000000000.0 3.4189e+16 1915610000000.0 1389840000000000.0 1.76205e+16 234176000.0 4631390000000000.0 9.90973e+16 3.69964e+16 1552190000.0 51646700000.0 6236050000000.0 119056000000000.0 2875220000000000.0 -4.36 [-4.36]
6165950000000000.0 6.59014e+19 22999900000000.0 6545600000000000.0 3.35339e+16 2315780000000.0 1511360000000000.0 1.59066e+16 313760000.0 4945150000000000.0 8.47735e+16 2.87422e+16 1983400000.0 66700800000.0 7557480000000.0 138891000000000.0 2975630000000000.0 -4.34 [-4.34]
6165900000000000.0 5.79896e+19 28806000000000.0 7354090000000000.0 3.25369e+16 2798200000000.0 1625930000000000.0 1.41271e+16 423498000.0 5202220000000000.0 7.12664e+16 2.17282e+16 2601850000.0 90418700000.0 9405220000000.0 162925000000000.0 3064390000000000.0 -4.32 [-4.32]
6166110000000000.0 5.09207e+19 36062400000000.0 8236180000000000.0 3.13046e+16 3329500000000.0 1723560000000000.0 1.24671e+16 565158000.0 5403850000000000.0 5.9342e+16 1.62006e+16 3427920000.0 124236000000.0 11684000000000.0 189091000000000.0 3129560000000000.0 -4.3 [-4.3]
6165950000000000.0 4.44352e+19 45392400000000.0 9204190000000000.0 2.97959e+16 3920190000000.0 1802360000000000.0 1.08953e+16 754753000.0 5557390000000000.0 4.84853e+16 1.17777e+16 4587530000.0 174696000000.0 14542100000000.0 218731000000000.0 3168630000000000.0 -4.28 [-4.28]
6165950000000000.0 3.86129e+19 57257400000000.0 1.01999e+16 2.80072e+16 4549290000000.0 1851970000000000.0 9459660000000000.0 1011440000.0 5665710000000000.0 3.87306e+16 8377180000000000.0 6256910000.0 251657000000.0 18042200000000.0 252113000000000.0 3174280000000000.0 -4.26 [-4.26]
6165950000000000.0 3.3465e+19 71779900000000.0 1.11226e+16 2.59819e+16 5185590000000.0 1864140000000000.0 8190920000000000.0 1361080000.0 5742180000000000.0 3.01937e+16 5836350000000000.0 8670120000.0 366923000000.0 22074300000000.0 288168000000000.0 3140930000000000.0 -4.24 [-4.24]
6166090000000000.0 2.88019e+19 89423500000000.0 1.1948e+16 2.37378e+16 5841650000000.0 1842400000000000.0 7044130000000000.0 1856530000.0 5818150000000000.0 2.26814e+16 3901290000000000.0 12203200000.0 536811000000.0 26620200000000.0 326756000000000.0 3065360000000000.0 -4.22 [-4.22]
6165950000000000.0 2.48037e+19 109054000000000.0 1.2572e+16 2.1438e+16 6498940000000.0 1794070000000000.0 6050690000000000.0 2541890000.0 5923250000000000.0 1.65806e+16 2542910000000000.0 17126000000.0 772071000000.0 31438200000000.0 365032000000000.0 2951080000000000.0 -4.2 [-4.2]
6165950000000000.0 2.14131e+19 129763000000000.0 1.29759e+16 1.91808e+16 7175620000000.0 1730630000000000.0 5185410000000000.0 3482860000.0 6075110000000000.0 1.18207e+16 1618730000000000.0 23729000000.0 1086520000000.0 36445400000000.0 401619000000000.0 2804950000000000.0 -4.18 [-4.18]
6165950000000000.0 1.86892e+19 149414000000000.0 1.31405e+16 1.71362e+16 7875940000000.0 1667580000000000.0 4455320000000000.0 4709580000.0 6271920000000000.0 8433310000000000.0 1041120000000000.0 31921500000.0 1480940000000.0 41427600000000.0 433791000000000.0 2642580000000000.0 -4.16 [-4.16]
6165950000000000.0 1.65608e+19 166523000000000.0 1.31134e+16 1.53867e+16 8604720000000.0 1615310000000000.0 3851030000000000.0 6214580000.0 6486300000000000.0 6156620000000000.0 694440000000000.0 41315600000.0 1946950000000.0 46252000000000.0 460224000000000.0 2480110000000000.0 -4.14 [-4.14]
6165940000000000.0 1.48897e+19 180778000000000.0 1.29575e+16 1.3916e+16 9360070000000.0 1575180000000000.0 3352960000000000.0 7981580000.0 6691350000000000.0 4639960000000000.0 484735000000000.0 51566200000.0 2476710000000.0 50855300000000.0 480894000000000.0 2326470000000000.0 -4.12 [-4.12]
6165950000000000.0 1.34828e+19 193131000000000.0 1.27189e+16 1.26149e+16 10164400000000.0 1541380000000000.0 2921920000000000.0 10103200000.0 6883740000000000.0 3544980000000000.0 345343000000000.0 62957000000.0 3095970000000.0 55447100000000.0 498023000000000.0 2176890000000000.0 -4.1 [-4.1]
6165950000000000.0 1.23021e+19 203534000000000.0 1.24245e+16 1.14801e+16 11001100000000.0 1513110000000000.0 2555440000000000.0 12564800000.0 7050940000000000.0 2757900000000000.0 252310000000000.0 75208500000.0 3794480000000.0 59887200000000.0 511227000000000.0 2036150000000000.0 -4.08 [-4.08]
6165950000000000.0 1.1272e+19 212487000000000.0 1.2091e+16 1.04615e+16 11882400000000.0 1487570000000000.0 2235610000000000.0 15460300000.0 7196180000000000.0 2164930000000000.0 186610000000000.0 88531800000.0 4594740000000.0 64288000000000.0 521669000000000.0 1900900000000000.0 -4.06 [-4.06]
6165950000000000.0 1.03699e+19 220109000000000.0 1.17318e+16 9549990000000000.0 12800600000000.0 1463960000000000.0 1958210000000000.0 18819400000.0 7316770000000000.0 1715560000000000.0 139736000000000.0 102811000000.0 5496590000000.0 68584600000000.0 529402000000000.0 1772480000000000.0 -4.04 [-4.04]
6165950000000000.0 9.57215e+18 226595000000000.0 1.13573e+16 8730800000000000.0 13754200000000.0 1441560000000000.0 1716990000000000.0 22696000000.0 7413520000000000.0 1370250000000000.0 105709000000000.0 118021000000.0 6505690000000.0 72762600000000.0 534686000000000.0 1650820000000000.0 -4.02 [-4.02]
6165950000000000.0 8.85766e+18 232072000000000.0 1.09717e+16 7988650000000000.0 14744700000000.0 1419520000000000.0 1505880000000000.0 27173900000.0 7488130000000000.0 1100630000000000.0 80538400000000.0 134183000000.0 7634990000000.0 76827100000000.0 537807000000000.0 1535090000000000.0 -4.0 [-4.0]
6165990000000000.0 8.21344e+18 236659000000000.0 1.05802e+16 7314270000000000.0 15773000000000.0 1397480000000000.0 1320770000000000.0 32338500000.0 7541950000000000.0 888119000000000.0 61708300000000.0 151269000000.0 8894800000000.0 80776100000000.0 538980000000000.0 1425100000000000.0 -3.98 [-3.98]
6165950000000000.0 7.63141e+18 240449000000000.0 1.01878e+16 6702020000000000.0 16832900000000.0 1375200000000000.0 1158870000000000.0 38251200000.0 7575310000000000.0 720027000000000.0 47537700000000.0 169164000000.0 10284100000000.0 84549900000000.0 538180000000000.0 1321220000000000.0 -3.96 [-3.96]
6165950000000000.0 7.10197e+18 243541000000000.0 9797390000000000.0 6143800000000000.0 17926300000000.0 1352490000000000.0 1016750000000000.0 45023100000.0 7590010000000000.0 585788000000000.0 36764900000000.0 187835000000.0 11815800000000.0 88165300000000.0 535666000000000.0 1222950000000000.0 -3.94 [-3.94]
6165950000000000.0 6.61856e+18 246012000000000.0 9411330000000000.0 5634040000000000.0 19050700000000.0 1329210000000000.0 891901000000000.0 52759300000.0 7587050000000000.0 477999000000000.0 28529900000000.0 207197000000.0 13497000000000.0 91608000000000.0 531552000000000.0 1130120000000000.0 -3.92 [-3.92]
6165950000000000.0 6.17762e+18 247950000000000.0 9032930000000000.0 5169730000000000.0 20195000000000.0 1305340000000000.0 782706000000000.0 61534500000.0 7567240000000000.0 391451000000000.0 22227700000000.0 227092000000.0 15318000000000.0 94804000000000.0 525805000000000.0 1043150000000000.0 -3.9 [-3.9]
6165950000000000.0 5.77354e+18 249427000000000.0 8663290000000000.0 4745590000000000.0 21362200000000.0 1280820000000000.0 686957000000000.0 71476300000.0 7531910000000000.0 321478000000000.0 17366500000000.0 247442000000.0 17286000000000.0 97761300000000.0 518636000000000.0 961603000000000.0 -3.88 [-3.88]
6165950000000000.0 5.40197e+18 250509000000000.0 8303570000000000.0 4357360000000000.0 22552000000000.0 1255640000000000.0 602862000000000.0 82723600000.0 7482270000000000.0 264619000000000.0 13604400000000.0 268148000000.0 19408700000000.0 100492000000000.0 510230000000000.0 885114000000000.0 -3.86 [-3.86]
6165890000000000.0 5.05932e+18 251241000000000.0 7954100000000000.0 4001490000000000.0 23762400000000.0 1229760000000000.0 528959000000000.0 95425300000.0 7419140000000000.0 218238000000000.0 10683900000000.0 289100000000.0 21687800000000.0 102976000000000.0 500675000000000.0 813465000000000.0 -3.84 [-3.84]
6165900000000000.0 4.74304e+18 251679000000000.0 7615850000000000.0 3675270000000000.0 24990000000000.0 1203260000000000.0 464068000000000.0 109721000000.0 7343640000000000.0 180323000000000.0 8410460000000.0 310170000000.0 24120200000000.0 105196000000000.0 490086000000000.0 746542000000000.0 -3.82 [-3.82]
6165910000000000.0 4.45032e+18 251860000000000.0 7288890000000000.0 3375760000000000.0 26233900000000.0 1176160000000000.0 407033000000000.0 125794000000.0 7256650000000000.0 149216000000000.0 6633520000000.0 331247000000.0 26709800000000.0 107156000000000.0 478591000000000.0 684039000000000.0 -3.8 [-3.8]
6165920000000000.0 4.179e+18 251822000000000.0 6973430000000000.0 3100630000000000.0 27491000000000.0 1148510000000000.0 356923000000000.0 143820000000.0 7159020000000000.0 123642000000000.0 5241140000000.0 352207000000.0 29451500000000.0 108838000000000.0 466273000000000.0 625792000000000.0 -3.78 [-3.78]
6165930000000000.0 3.9271e+18 251592000000000.0 6669420000000000.0 2847760000000000.0 28759200000000.0 1120360000000000.0 312896000000000.0 163998000000.0 7051600000000000.0 102567000000000.0 4147200000000.0 372930000000.0 32341300000000.0 110232000000000.0 453230000000000.0 571589000000000.0 -3.76 [-3.76]
6165940000000000.0 3.69287e+18 251196000000000.0 6376740000000000.0 2615220000000000.0 30035900000000.0 1091780000000000.0 274218000000000.0 186541000000.0 6935190000000000.0 85166800000000.0 3285770000000.0 393299000000.0 35372700000000.0 111328000000000.0 439554000000000.0 521231000000000.0 -3.74 [-3.74]
6165950000000000.0 3.47472e+18 250650000000000.0 6095080000000000.0 2401230000000000.0 31319500000000.0 1062820000000000.0 240234000000000.0 211691000000.0 6810510000000000.0 70770500000000.0 2605870000000.0 413200000000.0 38538900000000.0 112120000000000.0 425333000000000.0 474502000000000.0 -3.72 [-3.72]
6165950000000000.0 3.27131e+18 249980000000000.0 5824360000000000.0 2204300000000000.0 32608300000000.0 1033570000000000.0 210385000000000.0 239700000000.0 6678370000000000.0 58843600000000.0 2068420000000.0 432530000000.0 41829800000000.0 112601000000000.0 410659000000000.0 431216000000000.0 -3.7 [-3.7]
6165900000000000.0 3.08137e+18 249192000000000.0 5564130000000000.0 2022950000000000.0 33900500000000.0 1004080000000000.0 184169000000000.0 270845000000.0 6539390000000000.0 48946800000000.0 1642800000000.0 451187000000.0 45233600000000.0 112766000000000.0 395607000000000.0 391178000000000.0 -3.68 [-3.68]
6165910000000000.0 2.90381e+18 248301000000000.0 5314120000000000.0 1855940000000000.0 35194800000000.0 974449000000000.0 161147000000000.0 305434000000.0 6394350000000000.0 40724600000000.0 1305300000000.0 469079000000.0 48738700000000.0 112614000000000.0 380267000000000.0 354200000000000.0 -3.66 [-3.66]
6165900000000000.0 2.73755e+18 247306000000000.0 5073830000000000.0 1702040000000000.0 36489900000000.0 944704000000000.0 140927000000000.0 343803000000.0 6243750000000000.0 33884300000000.0 1037270000000.0 486115000000.0 52330700000000.0 112143000000000.0 364706000000000.0 320087000000000.0 -3.64 [-3.64]
6165900000000000.0 2.58185e+18 246238000000000.0 4843320000000000.0 1560200000000000.0 37784800000000.0 914966000000000.0 123175000000000.0 386322000000.0 6088890000000000.0 28190800000000.0 824321000000.0 502239000000.0 55996700000000.0 111370000000000.0 349054000000000.0 288641000000000.0 -3.62 [-3.62]
6165900000000000.0 2.43593e+18 245112000000000.0 4622410000000000.0 1429380000000000.0 39078900000000.0 885318000000000.0 107584000000000.0 433423000000.0 5930940000000000.0 23446600000000.0 654953000000.0 517401000000.0 59727400000000.0 110315000000000.0 333429000000000.0 259638000000000.0 -3.6 [-3.6]
6165900000000000.0 2.29886e+18 243902000000000.0 4410180000000000.0 1308770000000000.0 40370100000000.0 855745000000000.0 93901000000000.0 485506000000.0 5769140000000000.0 19491600000000.0 520160000000.0 531504000000.0 63494300000000.0 108954000000000.0 317787000000000.0 232998000000000.0 -3.58 [-3.58]
6165900000000000.0 2.17028e+18 242625000000000.0 4206690000000000.0 1197850000000000.0 41653400000000.0 826362000000000.0 81929600000000.0 542882000000.0 5604290000000000.0 16200300000000.0 413060000000.0 544513000000.0 67246900000000.0 107267000000000.0 302189000000000.0 208706000000000.0 -3.56 [-3.56]
6165910000000000.0 2.04929e+18 241272000000000.0 4011260000000000.0 1095620000000000.0 42931400000000.0 797166000000000.0 71429900000000.0 606151000000.0 5436590000000000.0 13454900000000.0 327774000000.0 556358000000.0 70987000000000.0 105293000000000.0 286696000000000.0 186487000000000.0 -3.54 [-3.54]
6165910000000000.0 1.93549e+18 239853000000000.0 3823760000000000.0 1001520000000000.0 44201100000000.0 768241000000000.0 62237600000000.0 675756000000.0 5266750000000000.0 11167400000000.0 259933000000.0 567021000000.0 74675900000000.0 103034000000000.0 271369000000000.0 166262000000000.0 -3.52 [-3.52]
6165910000000000.0 1.82835e+18 238366000000000.0 3643860000000000.0 914888000000000.0 45461300000000.0 739625000000000.0 54190500000000.0 752257000000.0 5095200000000000.0 9261010000000.0 205965000000.0 576472000000.0 78293300000000.0 100513000000000.0 256272000000000.0 147867000000000.0 -3.5 [-3.5]
6165910000000000.0 1.72741e+18 236817000000000.0 3471300000000000.0 835156000000000.0 46710900000000.0 711366000000000.0 47149700000000.0 836233000000.0 4922450000000000.0 7672910000000.0 163051000000.0 584700000000.0 81810400000000.0 97748700000000.0 241452000000000.0 131182000000000.0 -3.48 [-3.48]
6165920000000000.0 1.63229e+18 235214000000000.0 3305840000000000.0 761803000000000.0 47948800000000.0 683514000000000.0 40993700000000.0 928284000000.0 4749010000000000.0 6350750000000.0 128950000000.0 591704000000.0 85199400000000.0 94762300000000.0 226962000000000.0 116090000000000.0 -3.46 [-3.46]
6165920000000000.0 1.54263e+18 233560000000000.0 3147260000000000.0 694354000000000.0 49173700000000.0 656116000000000.0 35615800000000.0 1029030000000.0 4575380000000000.0 5250870000000.0 101876000000.0 597494000000.0 88434000000000.0 91580200000000.0 212852000000000.0 102470000000000.0 -3.44 [-3.44]
6165920000000000.0 1.4581e+18 231866000000000.0 2995370000000000.0 632367000000000.0 50383300000000.0 629216000000000.0 30921700000000.0 1139110000000.0 4402090000000000.0 4336790000000.0 80401700000.0 602091000000.0 91484900000000.0 88227500000000.0 199162000000000.0 90221300000000.0 -3.42 [-3.42]
6165920000000000.0 1.3784e+18 230135000000000.0 2849940000000000.0 575432000000000.0 51576300000000.0 602849000000000.0 26827300000000.0 1259210000000.0 4229580000000000.0 3577750000000.0 63384900000.0 605520000000.0 94328400000000.0 84732400000000.0 185933000000000.0 79233100000000.0 -3.4 [-3.4]
6165920000000000.0 1.30325e+18 228374000000000.0 2710790000000000.0 523173000000000.0 52751300000000.0 577054000000000.0 23259300000000.0 1390010000000.0 4058340000000000.0 2948180000000.0 49915900000.0 607820000000.0 96940100000000.0 81124100000000.0 173196000000000.0 69407700000000.0 -3.38 [-3.38]
6165930000000000.0 1.23239e+18 226594000000000.0 2577740000000000.0 475238000000000.0 53906400000000.0 551866000000000.0 20152700000000.0 1532190000000.0 3888820000000000.0 2426610000000.0 39267700000.0 609042000000.0 99299100000000.0 77432900000000.0 160983000000000.0 60649200000000.0 -3.36 [-3.36]
6165930000000000.0 1.16557e+18 224799000000000.0 2450570000000000.0 431303000000000.0 55040000000000.0 527312000000000.0 17450100000000.0 1686470000000.0 3721460000000000.0 1995040000000.0 30859400000.0 609234000000.0 101388000000000.0 73688700000000.0 149315000000000.0 52864800000000.0 -3.34 [-3.34]
6165930000000000.0 1.10259e+18 223000000000000.0 2329140000000000.0 391069000000000.0 56150200000000.0 503425000000000.0 15101400000000.0 1853530000000.0 3556700000000000.0 1638420000000.0 24228800000.0 608459000000.0 103191000000000.0 69921700000000.0 138213000000000.0 45969800000000.0 -3.32 [-3.32]
6165930000000000.0 1.04322e+18 221201000000000.0 2213220000000000.0 354255000000000.0 57235200000000.0 480220000000000.0 13061500000000.0 2034090000000.0 3394910000000000.0 1344070000000.0 19005300000.0 606773000000.0 104699000000000.0 66159100000000.0 127686000000000.0 39880000000000.0 -3.3 [-3.3]
6165930000000000.0 9.87286e+17 219413000000000.0 2102670000000000.0 320606000000000.0 58293300000000.0 457723000000000.0 11291900000000.0 2228780000000.0 3236480000000000.0 1101490000000.0 14896300000.0 604246000000.0 105904000000000.0 62429300000000.0 117744000000000.0 34519600000000.0 -3.28 [-3.28]
6165940000000000.0 9.34586e+17 217641000000000.0 1997310000000000.0 289880000000000.0 59322600000000.0 435947000000000.0 9757740000000.0 2438260000000.0 3081750000000000.0 901828000000.0 11667400000.0 600944000000.0 106804000000000.0 58756800000000.0 108388000000000.0 29815300000000.0 -3.26 [-3.26]
6165940000000000.0 8.84953e+17 215893000000000.0 1896950000000000.0 261855000000000.0 60321400000000.0 414904000000000.0 8428850000000.0 2663140000000.0 2931030000000000.0 737696000000.0 9132950000.0 596936000000.0 107401000000000.0 55164200000000.0 99613400000000.0 25700700000000.0 -3.24 [-3.24]
6165940000000000.0 8.38223e+17 214175000000000.0 1801430000000000.0 236324000000000.0 61288300000000.0 394603000000000.0 7278660000000.0 2903990000000.0 2784600000000000.0 602950000000.0 7145660000.0 592290000000.0 107698000000000.0 51670500000000.0 91411500000000.0 22117200000000.0 -3.22 [-3.22]
6165940000000000.0 7.94236e+17 212491000000000.0 1710570000000000.0 213090000000000.0 62221200000000.0 375048000000000.0 6283770000000.0 3161350000000.0 2642680000000000.0 492454000000.0 5588730000.0 587069000000.0 107706000000000.0 48292700000000.0 83769400000000.0 19005200000000.0 -3.2 [-3.2]
6165950000000000.0 7.52835e+17 210843000000000.0 1624170000000000.0 191972000000000.0 63118900000000.0 356234000000000.0 5423680000000.0 3435710000000.0 2505460000000000.0 401937000000.0 4369840000.0 581331000000.0 107438000000000.0 45044500000000.0 76670600000000.0 16309500000000.0 -3.18 [-3.18]
6165950000000000.0 7.13873e+17 209232000000000.0 1542050000000000.0 172798000000000.0 63979700000000.0 338157000000000.0 4680470000000.0 3727490000000.0 2373080000000000.0 327860000000.0 3416210000.0 575134000000.0 106909000000000.0 41936800000000.0 70095200000000.0 13980000000000.0 -3.16 [-3.16]
6165950000000000.0 6.77207e+17 207660000000000.0 1464020000000000.0 155412000000000.0 64802400000000.0 320808000000000.0 4038570000000.0 4037140000000.0 2245620000000000.0 267290000000.0 2670490000.0 568528000000.0 106138000000000.0 38977100000000.0 64020600000000.0 11971300000000.0 -3.14 [-3.14]
6165950000000000.0 6.42702e+17 206124000000000.0 1389920000000000.0 139665000000000.0 65585300000000.0 304173000000000.0 3484330000000.0 4364990000000.0 2123160000000000.0 217804000000.0 2087560000.0 561560000000.0 105144000000000.0 36170400000000.0 58422200000000.0 10242500000000.0 -3.12 [-3.12]
6165950000000000.0 6.10226e+17 204623000000000.0 1319540000000000.0 125418000000000.0 66327500000000.0 288239000000000.0 3005910000000.0 4711320000000.0 2005700000000000.0 177402000000.0 1632000000.0 554273000000.0 103949000000000.0 33519000000000.0 53273600000000.0 8757260000000.0 -3.1 [-3.1]
6165950000000000.0 5.79659e+17 203157000000000.0 1252720000000000.0 112542000000000.0 67027900000000.0 272988000000000.0 2593010000000.0 5076380000000.0 1893250000000000.0 144436000000.0 1276050000.0 546708000000.0 102574000000000.0 31023300000000.0 48548000000000.0 7483230000000.0 -3.08 [-3.08]
6165940000000000.0 5.50888e+17 201723000000000.0 1189300000000000.0 100920000000000.0 67684700000000.0 258406000000000.0 2236800000000.0 5460210000000.0 1785790000000000.0 117559000000.0 997997000.0 538904000000.0 101039000000000.0 28682300000000.0 44219200000000.0 6392090000000.0 -3.06 [-3.06]
6165950000000000.0 5.23789e+17 200316000000000.0 1129090000000000.0 90439200000000.0 68297700000000.0 244467000000000.0 1929410000000.0 5863160000000.0 1683200000000000.0 95647400000.0 780693000.0 530883000000.0 99365100000000.0 26491200000000.0 40258100000000.0 5458280000000.0 -3.04 [-3.04]
6165950000000000.0 4.9826e+17 198931000000000.0 1071930000000000.0 80995100000000.0 68865400000000.0 231150000000000.0 1664170000000.0 6285190000000.0 1585410000000000.0 77793800000.0 610880000.0 522678000000.0 97572800000000.0 24446000000000.0 36638600000000.0 4659920000000.0 -3.02 [-3.02]
6165940000000000.0 4.74214e+17 197568000000000.0 1017710000000000.0 72497600000000.0 69386800000000.0 218443000000000.0 1435440000000.0 6726140000000.0 1492360000000000.0 63258400000.0 478213000.0 514316000000.0 95681800000000.0 22542400000000.0 33336700000000.0 3978180000000.0 -3.0 [-3.0]
6165950000000000.0 4.51533e+17 196222000000000.0 966199000000000.0 64850400000000.0 69861000000000.0 206310000000000.0 1237990000000.0 7186220000000.0 1403840000000000.0 51418600000.0 0.0 505819000000.0 93707700000000.0 20772300000000.0 30324400000000.0 3395890000000.0 -2.98 [-2.98]
6165950000000000.0 4.30135e+17 194886000000000.0 917290000000000.0 57977500000000.0 70286800000000.0 194734000000000.0 1067590000000.0 7665300000000.0 1319730000000000.0 41779600000.0 0.0 497200000000.0 91667500000000.0 19129300000000.0 27579100000000.0 2898900000000.0 -2.96 [-2.96]
6165950000000000.0 4.0994e+17 193557000000000.0 870847000000000.0 51805200000000.0 70663700000000.0 183694000000000.0 920549000000.0 8163130000000.0 1239890000000000.0 33935500000.0 0.0 488483000000.0 89576400000000.0 17606900000000.0 25079100000000.0 2474890000000.0 -2.94 [-2.94]
6165950000000000.0 3.9087e+17 192236000000000.0 826740000000000.0 46265800000000.0 70991000000000.0 173170000000000.0 793656000000.0 8679470000000.0 1164180000000000.0 27554200000.0 0.0 479689000000.0 87448100000000.0 16198100000000.0 22803800000000.0 2113260000000.0 -2.92 [-2.92]
6165950000000000.0 3.72852e+17 190916000000000.0 784843000000000.0 41297600000000.0 71267500000000.0 163139000000000.0 684140000000.0 9214040000000.0 1092440000000000.0 22363900000.0 0.0 470831000000.0 85294700000000.0 14895600000000.0 20733500000000.0 1804830000000.0 -2.9 [-2.9]
6165950000000000.0 3.55817e+17 189591000000000.0 745040000000000.0 36844600000000.0 71492100000000.0 153584000000000.0 589618000000.0 9766400000000.0 1024500000000000.0 18143500000.0 0.0 461922000000.0 83127000000000.0 13692600000000.0 18850300000000.0 1541790000000.0 -2.88 [-2.88]
6165950000000000.0 3.39701e+17 188260000000000.0 707219000000000.0 32855800000000.0 71663700000000.0 144484000000000.0 508037000000.0 10336100000000.0 960211000000000.0 14712700000.0 0.0 452976000000.0 80954600000000.0 12582200000000.0 17137700000000.0 1317450000000.0 -2.86 [-2.86]
6165950000000000.0 3.24445e+17 186918000000000.0 671272000000000.0 29284600000000.0 71781900000000.0 135820000000000.0 437621000000.0 10922700000000.0 899411000000000.0 11924600000.0 0.0 444006000000.0 78785800000000.0 11558100000000.0 15580300000000.0 1126080000000.0 -2.84 [-2.84]
6165950000000000.0 3.09992e+17 185562000000000.0 637100000000000.0 26088800000000.0 71845600000000.0 127574000000000.0 376841000000.0 11525600000000.0 841935000000000.0 9659490000.0 0.0 435022000000.0 76627600000000.0 10613800000000.0 14164100000000.0 962805000000.0 -2.82 [-2.82]
6165950000000000.0 2.96292e+17 184188000000000.0 604609000000000.0 23230500000000.0 71853400000000.0 119731000000000.0 324384000000.0 12144000000000.0 787636000000000.0 7819940000.0 0.0 426034000000.0 74486400000000.0 9743620000000.0 12876300000000.0 823470000000.0 -2.8 [-2.8]
6165950000000000.0 2.83296e+17 182795000000000.0 573710000000000.0 20675300000000.0 71805900000000.0 112272000000000.0 279111000000.0 12777500000000.0 736364000000000.0 6326610000.0 0.0 417056000000.0 72367600000000.0 8941990000000.0 11705200000000.0 704536000000.0 -2.78 [-2.78]
6165950000000000.0 2.70959e+17 181381000000000.0 544317000000000.0 18392100000000.0 71701800000000.0 105182000000000.0 240044000000.0 13425000000000.0 687969000000000.0 5114840000.0 0.0 408096000000.0 70275600000000.0 8203680000000.0 10640200000000.0 602983000000.0 -2.76 [-2.76]
6165950000000000.0 2.59241e+17 179941000000000.0 516353000000000.0 16352700000000.0 71540300000000.0 98447300000000.0 206337000000.0 14085900000000.0 642313000000000.0 4132010000.0 0.0 399161000000.0 68213900000000.0 7523830000000.0 9671550000000.0 516242000000.0 -2.74 [-2.74]
6165950000000000.0 2.481e+17 178472000000000.0 489742000000000.0 14532000000000.0 71320600000000.0 92052800000000.0 177261000000.0 14759300000000.0 599256000000000.0 3335260000.0 0.0 390259000000.0 66185500000000.0 6897910000000.0 8790350000000.0 442125000000.0 -2.72 [-2.72]
6165950000000000.0 2.37503e+17 176974000000000.0 464413000000000.0 12907300000000.0 71042700000000.0 85985200000000.0 152185000000.0 15444100000000.0 558668000000000.0 2689740000.0 0.0 381398000000.0 64192900000000.0 6321710000000.0 7988640000000.0 378772000000.0 -2.7 [-2.7]
6165950000000000.0 2.27414e+17 175442000000000.0 440301000000000.0 11458000000000.0 70705800000000.0 80231700000000.0 130567000000.0 16139400000000.0 520426000000000.0 2167090000.0 0.0 372586000000.0 62237800000000.0 5791350000000.0 7259140000000.0 324602000000.0 -2.68 [-2.68]
6165950000000000.0 2.17803e+17 173873000000000.0 417343000000000.0 10165900000000.0 70309800000000.0 74779700000000.0 111935000000.0 16844100000000.0 484408000000000.0 1744190000.0 0.0 363826000000.0 60321700000000.0 5303200000000.0 6595220000000.0 278263000000.0 -2.66 [-2.66]
6165950000000000.0 2.08639e+17 172267000000000.0 395481000000000.0 9014250000000.0 69854300000000.0 69617700000000.0 95884100000.0 17557200000000.0 450499000000000.0 1402280000.0 0.0 355125000000.0 58445500000000.0 4853970000000.0 5990910000000.0 238610000000.0 -2.64 [-2.64]
6165950000000000.0 1.99896e+17 170619000000000.0 374658000000000.0 7988300000000.0 69339500000000.0 64734200000000.0 82062800000.0 18277500000000.0 418591000000000.0 1126060000.0 0.0 346489000000.0 56609900000000.0 4440560000000.0 5440760000000.0 204664000000.0 -2.62 [-2.62]
6165950000000000.0 1.91549e+17 168928000000000.0 354824000000000.0 7074820000000.0 68765200000000.0 60118600000000.0 70168700000.0 19003900000000.0 388581000000000.0 903123000.0 0.0 337921000000.0 54815200000000.0 4060180000000.0 4939900000000.0 175594000000.0 -2.6 [-2.6]
6165950000000000.0 1.83576e+17 167191000000000.0 335938000000000.0 6262080000000.0 68132400000000.0 55761600000000.0 59942100000.0 19735200000000.0 360377000000000.0 723391000.0 0.0 329428000000.0 53062200000000.0 3710290000000.0 4483980000000.0 150696000000.0 -2.58 [-2.58]
6165950000000000.0 1.7595e+17 165406000000000.0 317939000000000.0 5538840000000.0 67440600000000.0 51650800000000.0 51149400000.0 20470100000000.0 333873000000000.0 578583000.0 0.0 321010000000.0 51349600000000.0 3388400000000.0 4068700000000.0 129355000000.0 -2.56 [-2.56]
6165950000000000.0 1.68654e+17 163572000000000.0 300792000000000.0 4895790000000.0 66691000000000.0 47777800000000.0 43597900000.0 21207500000000.0 308986000000000.0 462073000.0 0.0 312673000000.0 49677700000000.0 3092360000000.0 3690540000000.0 111059000000.0 -2.54 [-2.54]
6165950000000000.0 1.61668e+17 161686000000000.0 284457000000000.0 4324360000000.0 65884400000000.0 44133400000000.0 37118000000.0 21946100000000.0 285635000000000.0 368446000.0 0.0 304420000000.0 48046100000000.0 2820190000000.0 3346190000000.0 95371300000.0 -2.52 [-2.52]
6165950000000000.0 1.54976e+17 159747000000000.0 268895000000000.0 3816820000000.0 65022100000000.0 40708100000000.0 31562200000.0 22684600000000.0 263740000000000.0 293305000.0 0.0 296254000000.0 46454500000000.0 2570030000000.0 3032640000000.0 81914900000.0 -2.5 [-2.5]
6165950000000000.0 1.4856e+17 157755000000000.0 254072000000000.0 3366310000000.0 64105600000000.0 37493400000000.0 26803700000.0 23421800000000.0 243226000000000.0 233085000.0 0.0 288180000000.0 44902200000000.0 2340190000000.0 2747160000000.0 70369600000.0 -2.48 [-2.48]
6165950000000000.0 1.42406e+17 155706000000000.0 239956000000000.0 2966700000000.0 63136200000000.0 34481000000000.0 22732600000.0 24156400000000.0 224026000000000.0 184897000.0 0.0 280199000000.0 43388800000000.0 2129130000000.0 2487300000000.0 60462100000.0 -2.46 [-2.46]
6165950000000000.0 1.36472e+17 153591000000000.0 226453000000000.0 2611210000000.0 62108400000000.0 31651600000000.0 19241300000.0 24888700000000.0 205998000000000.0 146286000.0 0.0 272276000000.0 41906200000000.0 1934670000000.0 2249890000000.0 51931900000.0 -2.44 [-2.44]
6165950000000000.0 1.3083e+17 151442000000000.0 213722000000000.0 2298610000000.0 61048300000000.0 29028700000000.0 16283600000.0 25612800000000.0 189296000000000.0 0.0 0.0 264533000000.0 40476300000000.0 1757730000000.0 2035600000000.0 44657800000.0 -2.42 [-2.42]
6165950000000000.0 1.25385e+17 149226000000000.0 201552000000000.0 2020870000000.0 59934700000000.0 26573200000000.0 13752600000.0 26332000000000.0 173647000000000.0 0.0 0.0 256857000000.0 39076400000000.0 1594900000000.0 1839910000000.0 38390500000.0 -2.4 [-2.4]
6165950000000000.0 1.20121e+17 146939000000000.0 189907000000000.0 1774120000000.0 58767900000000.0 24276600000000.0 11588600000.0 27045400000000.0 158992000000000.0 0.0 0.0 249241000000.0 37704400000000.0 1445030000000.0 1661150000000.0 32987800000.0 -2.38 [-2.38]
6165950000000000.0 1.1509e+17 144614000000000.0 178897000000000.0 1557010000000.0 57570800000000.0 22152000000000.0 9757710000.0 27748300000000.0 145419000000000.0 0.0 0.0 241781000000.0 36376800000000.0 1308560000000.0 1499470000000.0 28366900000.0 -2.36 [-2.36]
6165950000000000.0 1.10254e+17 142236000000000.0 168436000000000.0 1365290000000.0 56337400000000.0 20181600000000.0 8203790000.0 28441200000000.0 132807000000000.0 0.0 0.0 234438000000.0 35085000000000.0 1183800000000.0 1352630000000.0 24398500000.0 -2.34 [-2.34]
6165950000000000.0 1.05603e+17 139810000000000.0 158499000000000.0 1196130000000.0 55071500000000.0 18357500000000.0 6886940000.0 29122900000000.0 121103000000000.0 0.0 0.0 227215000000.0 33828500000000.0 1069860000000.0 1219340000000.0 20989800000.0 -2.32 [-2.32]
6165950000000000.0 1.01132e+17 137338000000000.0 149069000000000.0 1047030000000.0 53776900000000.0 16672300000000.0 5772880000.0 29792400000000.0 110262000000000.0 0.0 0.0 220117000000.0 32607000000000.0 965928000000.0 1098440000000.0 18062100000.0 -2.3 [-2.3]
6165950000000000.0 9.68317e+16 134824000000000.0 140123000000000.0 915723000000.0 52457700000000.0 15118600000000.0 4831900000.0 30448500000000.0 100237000000000.0 0.0 0.0 213148000000.0 31420200000000.0 871230000000.0 988843000000.0 15547200000.0 -2.28 [-2.28]
6165950000000000.0 9.26975e+16 132272000000000.0 131644000000000.0 800201000000.0 51118200000000.0 13689100000000.0 4038430000.0 31090200000000.0 90982000000000.0 0.0 0.0 206314000000.0 30267900000000.0 785053000000.0 889581000000.0 13386800000.0 -2.26 [-2.26]
6165950000000000.0 8.8723e+16 129687000000000.0 123613000000000.0 698670000000.0 49762600000000.0 12376700000000.0 3370520000.0 31716600000000.0 82455500000000.0 0.0 0.0 199619000000.0 29149800000000.0 706732000000.0 799750000000.0 11530900000.0 -2.24 [-2.24]
6165950000000000.0 8.49031e+16 127074000000000.0 116013000000000.0 609525000000.0 48395400000000.0 11174200000000.0 2809250000.0 32326600000000.0 74614500000000.0 0.0 0.0 193066000000.0 28065600000000.0 635643000000.0 718523000000.0 9936440000.0 -2.22 [-2.22]
6165950000000000.0 8.12326e+16 124438000000000.0 108826000000000.0 531335000000.0 47020900000000.0 10074700000000.0 2338370000.0 32919600000000.0 67417800000000.0 0.0 0.0 186660000000.0 27015100000000.0 571201000000.0 645140000000.0 8566420000.0 -2.2 [-2.2]
6165950000000000.0 7.77067e+16 121785000000000.0 102035000000000.0 462823000000.0 45643300000000.0 9071460000000.0 1944000000.0 33494800000000.0 60825700000000.0 0.0 0.0 180405000000.0 25998100000000.0 512864000000.0 578902000000.0 7389090000.0 -2.18 [-2.18]
6165950000000000.0 7.4321e+16 119120000000000.0 95623900000000.0 402852000000.0 44266900000000.0 8157880000000.0 1614230000.0 34051400000000.0 54799300000000.0 0.0 0.0 174304000000.0 25014100000000.0 460120000000.0 519166000000.0 6377170000.0 -2.16 [-2.16]
6165950000000000.0 7.10722e+16 116452000000000.0 89576300000000.0 350415000000.0 42896300000000.0 7327730000000.0 1338960000.0 34588800000000.0 49302200000000.0 0.0 0.0 168363000000.0 24063300000000.0 412510000000.0 465356000000.0 5507400000.0 -2.14 [-2.14]
6165950000000000.0 6.79494e+16 113777000000000.0 83866400000000.0 304550000000.0 41531700000000.0 6573740000000.0 1109230000.0 35107000000000.0 44289400000000.0 0.0 0.0 162570000000.0 23143300000000.0 369514000000.0 416851000000.0 4758590000.0 -2.12 [-2.12]
6165950000000000.0 6.49598e+16 111113000000000.0 78498200000000.0 264576000000.0 40182600000000.0 5891980000000.0 918263000.0 35604800000000.0 39740500000000.0 0.0 0.0 156949000000.0 22257100000000.0 330844000000.0 373285000000.0 4115260000.0 -2.1 [-2.1]
6165950000000000.0 6.20932e+16 108458000000000.0 73446200000000.0 229718000000.0 38849000000000.0 5275720000000.0 759507000.0 36082300000000.0 35613700000000.0 0.0 0.0 151490000000.0 21402300000000.0 296049000000.0 334128000000.0 3561570000.0 -2.08 [-2.08]
6165950000000000.0 5.93467e+16 105820000000000.0 68696300000000.0 199354000000.0 37534600000000.0 4719720000000.0 627724000.0 36539300000000.0 31877700000000.0 0.0 0.0 146196000000.0 20578800000000.0 264784000000.0 298971000000.0 3084930000.0 -2.06 [-2.06]
6165960000000000.0 5.67165e+16 103201000000000.0 64234000000000.0 172928000000.0 36242000000000.0 4218900000000.0 518464000.0 36975600000000.0 28501600000000.0 0.0 0.0 141067000000.0 19786100000000.0 236721000000.0 267430000000.0 2674410000.0 -2.04 [-2.04]
6165950000000000.0 5.41977e+16 100607000000000.0 60044100000000.0 149943000000.0 34973300000000.0 3768350000000.0 427959000.0 37391200000000.0 25455300000000.0 0.0 0.0 136100000000.0 19023200000000.0 211548000000.0 239146000000.0 2320550000.0 -2.02 [-2.02]
6165950000000000.0 5.17956e+16 98050400000000.0 56126200000000.0 130017000000.0 33735600000000.0 3364640000000.0 353239000.0 37785700000000.0 22718600000000.0 0.0 0.0 131314000000.0 18292500000000.0 189051000000.0 213868000000.0 2016050000.0 -2.0 [-2.0]
6165960000000000.0 4.94895e+16 95517800000000.0 52439700000000.0 112665000000.0 32521100000000.0 3001550000000.0 291314000.0 38160100000000.0 20250600000000.0 0.0 0.0 126673000000.0 17587800000000.0 168854000000.0 191173000000.0 1752650000.0 -1.98 [-1.98]
6165960000000000.0 4.72841e+16 93021700000000.0 48985100000000.0 97606000000.0 31336200000000.0 2676250000000.0 240167000.0 38514000000000.0 18034700000000.0 0.0 0.0 122192000000.0 16911300000000.0 150787000000.0 170864000000.0 1525180000.0 -1.96 [-1.96]
6165960000000000.0 4.51759e+16 90565200000000.0 45749800000000.0 84544500000.0 30182100000000.0 2385130000000.0 197953000.0 38847800000000.0 16048000000000.0 0.0 0.0 117870000000.0 16262100000000.0 134636000000.0 152701000000.0 1328600000.0 -1.94 [-1.94]
6165960000000000.0 4.31609e+16 88150600000000.0 42721100000000.0 73220700000.0 29059600000000.0 2124840000000.0 163130000.0 39161600000000.0 14268900000000.0 0.0 0.0 113703000000.0 15639400000000.0 120206000000.0 136462000000.0 1158560000.0 -1.92 [-1.92]
6165960000000000.0 4.12357e+16 85780500000000.0 39887400000000.0 63408400000.0 27969500000000.0 1892350000000.0 134420000.0 39456000000000.0 12677900000000.0 0.0 0.0 109689000000.0 15042500000000.0 107320000000.0 121951000000.0 1011360000.0 -1.9 [-1.9]
6165960000000000.0 3.93969e+16 83457100000000.0 37237400000000.0 54909700000.0 26912300000000.0 1684870000000.0 110762000.0 39731100000000.0 11256900000000.0 0.0 0.0 105825000000.0 14470600000000.0 95820100000.0 108990000000.0 883817000.0 -1.88 [-1.88]
6165960000000000.0 3.7641e+16 81182400000000.0 34760400000000.0 47551300000.0 25888200000000.0 1499840000000.0 91273900.0 39987500000000.0 9989190000000.0 0.0 0.0 102108000000.0 13923000000000.0 85560200000.0 97415500000.0 773209000.0 -1.86 [-1.86]
6165950000000000.0 3.59646e+16 78957500000000.0 32445700000000.0 41182100000.0 24897300000000.0 1334950000000.0 75224100.0 40225400000000.0 8859330000000.0 0.0 0.0 98533800000.0 13398600000000.0 76409900000.0 87083200000.0 677193000.0 -1.84 [-1.84]
6165950000000000.0 3.43646e+16 76784000000000.0 30283700000000.0 35670500000.0 23939700000000.0 1188100000000.0 62008900.0 40445500000000.0 7853400000000.0 0.0 0.0 95099100000.0 12896900000000.0 68251700000.0 77861600000.0 593768000.0 -1.82 [-1.82]
6165960000000000.0 3.28377e+16 74662600000000.0 28264900000000.0 30902000000.0 23015000000000.0 1057380000000.0 51128900.0 40648200000000.0 6958620000000.0 0.0 0.0 91800200000.0 12416900000000.0 60979600000.0 69632800000.0 521210000.0 -1.8 [-1.8]
6165950000000000.0 3.13808e+16 72594000000000.0 26380400000000.0 26776900000.0 22122800000000.0 941060000000.0 42171500.0 40833900000000.0 6163370000000.0 0.0 0.0 88633200000.0 11957900000000.0 54498300000.0 62290700000.0 458040000.0 -1.78 [-1.78]
6165960000000000.0 2.99912e+16 70579200000000.0 24621800000000.0 23209000000.0 21262900000000.0 837609000000.0 34797200.0 41003200000000.0 5457200000000.0 0.0 0.0 85594500000.0 11519200000000.0 48723000000.0 55741000000.0 402993000.0 -1.76 [-1.76]
6165950000000000.0 2.86656e+16 68617700000000.0 22981000000000.0 20122900000.0 20434500000000.0 745621000000.0 28725100.0 41156400000000.0 4830520000000.0 0.0 0.0 82679600000.0 11099800000000.0 43576500000.0 49897700000.0 354970000.0 -1.74 [-1.74]
6165950000000000.0 2.74015e+16 66710200000000.0 21450500000000.0 17453600000.0 19637100000000.0 663850000000.0 23724500.0 41294200000000.0 4274800000000.0 0.0 0.0 79885000000.0 10699100000000.0 38990500000.0 44684900000.0 313035000.0 -1.72 [-1.72]
6165950000000000.0 2.61961e+16 64856400000000.0 20023200000000.0 15144600000.0 18869900000000.0 591174000000.0 19605400.0 41416900000000.0 3782280000000.0 0.0 0.0 77206500000.0 10316400000000.0 34903500000.0 40034400000.0 276377000.0 -1.7 [-1.7]
6165960000000000.0 2.50484e+16 63058900000000.0 18693500000000.0 13148500000.0 18133300000000.0 526635000000.0 16213500.0 41524800000000.0 3346460000000.0 0.0 0.0 74643900000.0 9951350000000.0 31256300000.0 35888300000.0 244321000.0 -1.68 [-1.68]
6165950000000000.0 2.39553e+16 61316700000000.0 17454700000000.0 11422200000.0 17426300000000.0 469318000000.0 13418700.0 41617900000000.0 2960910000000.0 0.0 0.0 72192100000.0 9603130000000.0 27999200000.0 32190800000.0 216255000.0 -1.66 [-1.66]
6165960000000000.0 2.2914e+16 59628200000000.0 16300500000000.0 9928540000.0 16747500000000.0 418398000000.0 11114300.0 41697300000000.0 2619830000000.0 0.0 0.0 69846200000.0 9270910000000.0 25094400000.0 28891700000.0 191650000.0 -1.64 [-1.64]
6165950000000000.0 2.19222e+16 57993100000000.0 15225000000000.0 8635810000.0 16096300000000.0 373159000000.0 9213290.0 41762900000000.0 2318240000000.0 0.0 0.0 67602400000.0 8954010000000.0 22506300000.0 25947400000.0 170057000.0 -1.62 [-1.62]
6165960000000000.0 2.09789e+16 56411200000000.0 14225500000000.0 7518140000.0 15472300000000.0 333002000000.0 7645420.0 41817600000000.0 2051730000000.0 0.0 0.0 65459200000.0 8652160000000.0 20200800000.0 23321300000.0 151100000.0 -1.6 [-1.6]
6165960000000000.0 2.0077e+16 54875000000000.0 13290700000000.0 6547460000.0 14871700000000.0 297226000000.0 6347410.0 41859100000000.0 1815580000000.0 0.0 0.0 63402300000.0 8363180000000.0 18140100000.0 20970200000.0 134390000.0 -1.58 [-1.58]
6165960000000000.0 1.92176e+16 53388300000000.0 12419700000000.0 5706270000.0 14295500000000.0 265417000000.0 5274410.0 41888900000000.0 1606830000000.0 0.0 0.0 61435100000.0 8087460000000.0 16301600000.0 18869200000.0 119672000.0 -1.56 [-1.56]
6165950000000000.0 1.83984e+16 51949400000000.0 11607800000000.0 4976790000.0 13742700000000.0 237123000000.0 4386620.0 41907400000000.0 1422280000000.0 0.0 0.0 59553000000.0 7824290000000.0 14660000000.0 16990600000.0 106694000.0 -1.54 [-1.54]
6165960000000000.0 1.76175e+16 50557300000000.0 10851200000000.0 4343920000.0 13212400000000.0 211949000000.0 3651560.0 41915300000000.0 1259140000000.0 0.0 0.0 57752900000.0 7573130000000.0 13193800000.0 15310200000.0 95236300.0 -1.52 [-1.52]
6165950000000000.0 1.68731e+16 49210600000000.0 10145900000000.0 3794540000.0 12703600000000.0 189543000000.0 3042460.0 41912700000000.0 1114920000000.0 0.0 0.0 56031000000.0 7333390000000.0 11883400000.0 13806200000.0 85110000.0 -1.5 [-1.5]
6165950000000000.0 1.61624e+16 47906600000000.0 9487510000000.0 3316890000.0 12214900000000.0 169575000000.0 2536950.0 41899900000000.0 987344000000.0 0.0 0.0 54382000000.0 7104230000000.0 10710800000.0 12458400000.0 76143500.0 -1.48 [-1.48]
6165960000000000.0 1.54876e+16 46651100000000.0 8876360000000.0 2902970000.0 11748100000000.0 151837000000.0 0.0 41878300000000.0 874883000000.0 0.0 0.0 52811700000.0 6886420000000.0 9664390000.0 11254000000.0 68220700.0 -1.46 [-1.46]
6165950000000000.0 1.48426e+16 45434200000000.0 8305120000000.0 2542360000.0 11299100000000.0 136005000000.0 0.0 41847400000000.0 775285000000.0 0.0 0.0 51306000000.0 6677940000000.0 8726070000.0 10172500000.0 61184400.0 -1.44 [-1.44]
6165950000000000.0 1.42266e+16 44256400000000.0 7771720000000.0 2228250000.0 10867900000000.0 121878000000.0 0.0 41807400000000.0 687162000000.0 0.0 0.0 49864200000.0 6478620000000.0 7884900000.0 9201660000.0 54933400.0 -1.42 [-1.42]
6165960000000000.0 1.36405e+16 43120600000000.0 7275480000000.0 1955130000.0 10455100000000.0 109298000000.0 0.0 41759600000000.0 609362000000.0 0.0 0.0 48488600000.0 6288760000000.0 7131990000.0 8331540000.0 49385400.0 -1.4 [-1.4]
6165950000000000.0 1.30815e+16 42023100000000.0 6812760000000.0 1717140000.0 10059100000000.0 98072200000.0 0.0 41704000000000.0 540569000000.0 0.0 0.0 47173300000.0 6107470000000.0 6456720000.0 7550130000.0 44449900.0 -1.38 [-1.38]
6165950000000000.0 1.25485e+16 40962700000000.0 6381250000000.0 1509600000.0 9679320000000.0 88051500000.0 0.0 41640900000000.0 479727000000.0 0.0 0.0 45915800000.0 5934370000000.0 5850660000.0 6847930000.0 40054300.0 -1.36 [-1.36]
6165950000000000.0 1.20416e+16 39941300000000.0 5980000000000.0 1328820000.0 9316050000000.0 79117700000.0 0.0 41571200000000.0 426015000000.0 0.0 0.0 44717200000.0 5769590000000.0 5307330000.0 6217600000.0 36141700.0 -1.34 [-1.34]
6165950000000000.0 1.15561e+16 38950400000000.0 5604190000000.0 1170480000.0 8966080000000.0 71114000000.0 0.0 41494500000000.0 378355000000.0 0.0 0.0 43566300000.0 5611540000000.0 4817720000.0 5648950000.0 32641500.0 -1.32 [-1.32]
6165960000000000.0 1.10933e+16 37993800000000.0 5253910000000.0 1032150000.0 8630580000000.0 63961900000.0 0.0 41411600000000.0 336203000000.0 0.0 0.0 42466900000.0 5460710000000.0 4377570000.0 5137140000.0 29515500.0 -1.3 [-1.3]
6165950000000000.0 1.06518e+16 37069600000000.0 4927090000000.0 911134000.0 8308660000000.0 57564100000.0 0.0 41322700000000.0 298890000000.0 0.0 0.0 41415700000.0 5316620000000.0 3981390000.0 4675920000.0 26719400.0 -1.28 [-1.28]
6165950000000000.0 1.02306e+16 36176700000000.0 4622160000000.0 805179000.0 7999790000000.0 51838200000.0 0.0 41228200000000.0 265854000000.0 0.0 0.0 40410800000.0 5178960000000.0 3624520000.0 4260000000.0 24216000.0 -1.26 [-1.26]
6165950000000000.0 9828330000000000.0 35313200000000.0 4337410000000.0 712284000.0 7703140000000.0 46708500000.0 0.0 41128500000000.0 236577000000.0 0.0 0.0 39449100000.0 5047330000000.0 3302640000.0 3884470000.0 21971000.0 -1.24 [-1.24]
6165950000000000.0 9444390000000000.0 34478700000000.0 4071560000000.0 630792000.0 7418390000000.0 42111800000.0 0.0 41024000000000.0 210635000000.0 0.0 0.0 38529400000.0 4921510000000.0 3012200000.0 3545260000.0 19956400.0 -1.22 [-1.22]
6165950000000000.0 9076870000000000.0 33669700000000.0 3822700000000.0 559124000.0 7144280000000.0 37984100000.0 0.0 40914700000000.0 187599000000.0 0.0 0.0 37647200000.0 4800890000000.0 2749510000.0 3238160000.0 18144000.0 -1.2 [-1.2]
6165950000000000.0 8727680000000000.0 32891300000000.0 3591410000000.0 496331000.0 6882330000000.0 34291400000.0 0.0 40802100000000.0 167234000000.0 0.0 0.0 36807500000.0 4686100000000.0 2512720000.0 2961060000.0 16518200.0 -1.18 [-1.18]
6165950000000000.0 8392900000000000.0 32135600000000.0 3374510000000.0 440952000.0 6629810000000.0 30969100000.0 0.0 40685100000000.0 149120000000.0 0.0 0.0 36001000000.0 4575880000000.0 2298040000.0 2709600000.0 15051500.0 -1.16 [-1.16]
6165950000000000.0 8073370000000000.0 31405100000000.0 3172000000000.0 392210000.0 6387480000000.0 27986400000.0 0.0 40564600000000.0 133053000000.0 0.0 0.0 35229900000.0 4470500000000.0 2103740000.0 2481810000.0 13730000.0 -1.14 [-1.14]
6165950000000000.0 7767930000000000.0 30697900000000.0 2982620000000.0 349230000.0 6154550000000.0 25304800000.0 0.0 40440900000000.0 118780000000.0 0.0 0.0 34491400000.0 4369590000000.0 1927610000.0 2275140000.0 12537400.0 -1.12 [-1.12]
6165960000000000.0 7475990000000000.0 30013200000000.0 2805520000000.0 311300000.0 5930710000000.0 22893000000.0 0.0 40314400000000.0 106098000000.0 0.0 0.0 33784500000.0 4272960000000.0 1767830000.0 2087490000.0 11460100.0 -1.1 [-1.1]
6165950000000000.0 7196520000000000.0 29349300000000.0 2639660000000.0 277767000.0 5715360000000.0 20721000000.0 0.0 40184600000000.0 94817000000.0 0.0 0.0 33106600000.0 4180280000000.0 1622660000.0 1916870000.0 10485300.0 -1.08 [-1.08]
6165950000000000.0 6929600000000000.0 28706900000000.0 2484640000000.0 248135000.0 5508540000000.0 18766500000.0 0.0 40053000000000.0 84789700000.0 0.0 0.0 32458100000.0 4091590000000.0 1490820000.0 1761780000.0 9603410.0 -1.06 [-1.06]
6165960000000000.0 6674090000000000.0 28083700000000.0 2339420000000.0 221891000.0 5309460000000.0 17004700000.0 0.0 39919800000000.0 75860300000.0 0.0 0.0 31836300000.0 4006510000000.0 1370830000.0 1620560000.0 8803930.0 -1.04 [-1.04]
6165950000000000.0 6429810000000000.0 27480000000000.0 2203550000000.0 198645000.0 5118250000000.0 15417100000.0 0.0 39784300000000.0 67916200000.0 0.0 0.0 31241000000.0 3924990000000.0 1261640000.0 1491940000.0 8078960.0 -1.02 [-1.02]
6165950000000000.0 6196050000000000.0 26894600000000.0 2076280000000.0 178023000.0 4934380000000.0 13984900000.0 0.0 39647200000000.0 60839800000.0 0.0 0.0 30670500000.0 3846810000000.0 1162150000.0 1374660000.0 7420640.0 -1.0 [-1.0]
6165950000000000.0 5972690000000000.0 26327600000000.0 1957230000000.0 159727000.0 4757840000000.0 12693500000.0 0.0 39509200000000.0 54539100000.0 0.0 0.0 30124600000.0 3771920000000.0 1071480000.0 1267710000.0 6822700.0 -0.98 [-0.98]
6165950000000000.0 5758370000000000.0 25775800000000.0 1845390000000.0 143439000.0 4587570000000.0 11525600000.0 0.0 39369800000000.0 48912300000.0 0.0 0.0 29599900000.0 3699890000000.0 988614000.0 1169920000.0 6278070.0 -0.96 [-0.96]
6165950000000000.0 5553190000000000.0 25240300000000.0 1740550000000.0 128948000.0 4423870000000.0 10470600000.0 0.0 39229400000000.0 43893300000.0 0.0 0.0 29097000000.0 3630740000000.0 912919000.0 1080530000.0 5782100.0 -0.94 [-0.94]
6165960000000000.0 5356610000000000.0 24720000000000.0 1642190000000.0 116036000.0 4266350000000.0 9516700000.0 0.0 39088500000000.0 39411700000.0 0.0 0.0 28614400000.0 3564310000000.0 843688000.0 998733000.0 5329880.0 -0.92 [-0.92]
6165950000000000.0 5168180000000000.0 24214200000000.0 1549870000000.0 104520000.0 4114730000000.0 8653660000.0 0.0 38947000000000.0 35407800000.0 0.0 0.0 28151200000.0 3500460000000.0 780312000.0 923816000.0 4917140.0 -0.9 [-0.9]
6165940000000000.0 4987850000000000.0 23723100000000.0 1463320000000.0 94246900.0 3969030000000.0 7873110000.0 0.0 38805300000000.0 31832600000.0 0.0 0.0 27707400000.0 3439160000000.0 722294000.0 855196000.0 4540340.0 -0.88 [-0.88]
6165950000000000.0 4814170000000000.0 23243100000000.0 1381660000000.0 85042700.0 3828140000000.0 7164580000.0 0.0 38663200000000.0 28625900000.0 0.0 0.0 27279300000.0 3379940000000.0 668982000.0 792122000.0 4195150.0 -0.86 [-0.86]
6165960000000000.0 4648400000000000.0 22778100000000.0 1305300000000.0 76830300.0 3693160000000.0 6524230000.0 0.0 38521700000000.0 25765200000.0 0.0 0.0 26870200000.0 3323230000000.0 620169000.0 734341000.0 3879880.0 -0.84 [-0.84]
6165950000000000.0 4489140000000000.0 22324700000000.0 1233410000000.0 69469400.0 3563040000000.0 5943250000.0 0.0 38380200000000.0 23201600000.0 0.0 0.0 26476600000.0 3268560000000.0 575304000.0 681214000.0 3590890.0 -0.82 [-0.82]
6165950000000000.0 4336300000000000.0 21882900000000.0 1165800000000.0 62870200.0 3437740000000.0 5416290000.0 0.0 38239000000000.0 20904700000.0 0.0 0.0 26098400000.0 3215910000000.0 534060000.0 632358000.0 3325910.0 -0.8 [-0.8]
6165950000000000.0 4189600000000000.0 21452300000000.0 1102200000000.0 56948300.0 3317090000000.0 4938100000.0 0.0 38098400000000.0 18845900000.0 0.0 0.0 25735000000.0 3165190000000.0 496116000.0 587397000.0 3082740.0 -0.78 [-0.78]
6165950000000000.0 4048550000000000.0 21031800000000.0 1042260000000.0 51624900.0 3200740000000.0 4503640000.0 0.0 37958100000000.0 16997700000.0 0.0 0.0 25385100000.0 3116220000000.0 461157000.0 545961000.0 2859270.0 -0.76 [-0.76]
6165950000000000.0 3913310000000000.0 20622200000000.0 985910000000.0 46842600.0 3088870000000.0 4109350000.0 0.0 37818900000000.0 15340900000.0 0.0 0.0 25049200000.0 3069090000000.0 428965000.0 507796000.0 2653960.0 -0.74 [-0.74]
6165950000000000.0 3782680000000000.0 20220200000000.0 932553000000.0 42526300.0 2980490000000.0 3750060000.0 0.0 37680200000000.0 13847900000.0 0.0 0.0 24724200000.0 3023360000000.0 399208000.0 472513000.0 2464680.0 -0.72 [-0.72]
6165950000000000.0 3658210000000000.0 19831200000000.0 882705000000.0 38655800.0 2877120000000.0 3424850000.0 0.0 37542600000000.0 12514800000.0 0.0 0.0 24414400000.0 2979610000000.0 371848000.0 440056000.0 2290960.0 -0.7 [-0.7]
6165950000000000.0 3539720000000000.0 19455200000000.0 836169000000.0 35182600.0 2778670000000.0 3130440000.0 0.0 37406400000000.0 11324200000.0 0.0 0.0 24119500000.0 2937820000000.0 346678000.0 410183000.0 2131430.0 -0.68 [-0.68]
6165950000000000.0 3425030000000000.0 19085300000000.0 791988000000.0 32035700.0 2683160000000.0 2861550000.0 0.0 37270700000000.0 10248200000.0 0.0 0.0 23833500000.0 2897160000000.0 323340000.0 382485000.0 1983880.0 -0.66 [-0.66]
6165950000000000.0 3314700000000000.0 18723600000000.0 750293000000.0 29191700.0 2591120000000.0 2616680000.0 0.0 37136400000000.0 9279190000.0 0.0 0.0 23558100000.0 2857860000000.0 301744000.0 356854000.0 1847650.0 -0.64 [-0.64]
6165950000000000.0 3208540000000000.0 18369600000000.0 710929000000.0 26619200.0 2502400000000.0 2393570000.0 0.0 37003500000000.0 8406110000.0 0.0 0.0 23292700000.0 2819850000000.0 281747000.0 333119000.0 1721790.0 -0.62 [-0.62]
6165950000000000.0 3106350000000000.0 18023200000000.0 673753000000.0 24290200.0 2416880000000.0 2190220000.0 0.0 36872000000000.0 7619020000.0 0.0 0.0 23037000000.0 2783080000000.0 263217000.0 311125000.0 1605400.0 -0.6 [-0.6]
6165950000000000.0 3007970000000000.0 17684000000000.0 638630000000.0 22180000.0 2334450000000.0 2004800000.0 0.0 36742000000000.0 6909060000.0 0.0 0.0 22790500000.0 2747480000000.0 246036000.0 290731000.0 1497710.0 -0.58 [-0.58]
6165950000000000.0 2912670000000000.0 17349700000000.0 605248000000.0 20260900.0 2254500000000.0 1835200000.0 0.0 36613000000000.0 6266110000.0 0.0 0.0 22551300000.0 2712790000000.0 230057000.0 271767000.0 1397800.0 -0.56 [-0.56]
6165950000000000.0 2821440000000000.0 17024300000000.0 573886000000.0 18524900.0 2177920000000.0 1680920000.0 0.0 36486300000000.0 5687870000.0 0.0 0.0 22322300000.0 2679400000000.0 215259000.0 254203000.0 1305430.0 -0.54 [-0.54]
6165950000000000.0 2733550000000000.0 16705200000000.0 544224000000.0 16948000.0 2104070000000.0 1540080000.0 0.0 36361200000000.0 5165410000.0 0.0 0.0 22101300000.0 2647040000000.0 201510000.0 237885000.0 1219770.0 -0.52 [-0.52]
6165950000000000.0 2649110000000000.0 16393500000000.0 516254000000.0 15516800.0 2033110000000.0 1411650000.0 0.0 36238000000000.0 4694090000.0 0.0 0.0 21888900000.0 2615770000000.0 188742000.0 222732000.0 1140380.0 -0.5 [-0.5]
6165950000000000.0 2567460000000000.0 16086600000000.0 489703000000.0 14212800.0 1964450000000.0 1294140000.0 0.0 36116300000000.0 4266940000.0 0.0 0.0 21683100000.0 2585330000000.0 176850000.0 208622000.0 1066590.0 -0.48 [-0.48]
6165950000000000.0 2488730000000000.0 15785500000000.0 464571000000.0 13025700.0 1898250000000.0 1186750000.0 0.0 35996400000000.0 3880450000.0 0.0 0.0 21484500000.0 2555780000000.0 165781000.0 195489000.0 998044.0 -0.46 [-0.46]
6165950000000000.0 2412800000000000.0 15490000000000.0 440778000000.0 11944200.0 1834400000000.0 1088590000.0 0.0 35878300000000.0 3530580000.0 0.0 0.0 21292700000.0 2527090000000.0 155472000.0 183260000.0 934321.0 -0.44 [-0.44]
6165950000000000.0 2339540000000000.0 15199700000000.0 418238000000.0 10958200.0 1772800000000.0 998802000.0 0.0 35761900000000.0 3213630000.0 0.0 0.0 21107400000.0 2499210000000.0 145865000.0 171864000.0 875044.0 -0.42 [-0.42]
6165950000000000.0 2268820000000000.0 14914500000000.0 396877000000.0 10058500.0 1713360000000.0 916654000.0 0.0 35647300000000.0 2926330000.0 0.0 0.0 20928300000.0 2472090000000.0 136905000.0 161240000.0 819868.0 -0.4 [-0.4]
6165950000000000.0 2200630000000000.0 14634600000000.0 376657000000.0 9237590.0 1656080000000.0 841514000.0 0.0 35534500000000.0 2666020000.0 0.0 0.0 20755400000.0 2445750000000.0 128549000.0 151333000.0 768502.0 -0.38 [-0.38]
6165950000000000.0 2134450000000000.0 14358100000000.0 357396000000.0 8485960.0 1600520000000.0 772574000.0 0.0 35423200000000.0 2429180000.0 0.0 0.0 20587300000.0 2419970000000.0 120736000.0 142072000.0 720569.0 -0.36 [-0.36]
6165950000000000.0 2071260000000000.0 14089400000000.0 339330000000.0 7802320.0 1547530000000.0 709757000.0 0.0 35314600000000.0 2215660000.0 0.0 0.0 20426900000.0 2395190000000.0 113465000.0 133455000.0 676027.0 -0.34 [-0.34]
6165950000000000.0 2009930000000000.0 13823800000000.0 322110000000.0 7175550.0 1496120000000.0 652080000.0 0.0 35231600000000.0 2011240000.0 0.0 0.0 20270900000.0 2370920000000.0 106660000.0 125392000.0 634418.0 -0.32 [-0.32]
6165950000000000.0 1950750000000000.0 13562800000000.0 305785000000.0 6602070.0 1446540000000.0 599246000.0 0.0 35179500000000.0 1814430000.0 0.0 0.0 20120200000.0 2347300000000.0 100300000.0 117858000.0 595596.0 -0.3 [-0.3]
6165950000000000.0 1893570000000000.0 13306200000000.0 290300000000.0 6076930.0 1398700000000.0 550823000.0 0.0 35126100000000.0 1636990000.0 0.0 0.0 19974400000.0 2324280000000.0 94350200.0 110814000.0 559347.0 -0.28 [-0.28]
6165950000000000.0 1838310000000000.0 13053700000000.0 275610000000.0 5595780.0 1352520000000.0 506429000.0 0.0 35070700000000.0 1477250000.0 0.0 0.0 19833300000.0 2301820000000.0 88782700.0 104223000.0 525483.0 -0.26 [-0.26]
6165950000000000.0 1784890000000000.0 12805300000000.0 261671000000.0 5154700.0 1307970000000.0 465718000.0 0.0 35013600000000.0 1333400000.0 0.0 0.0 19696700000.0 2279920000000.0 83570300.0 98054500.0 493832.0 -0.24 [-0.24]
6165950000000000.0 1733220000000000.0 12560900000000.0 248441000000.0 4750120.0 1264950000000.0 428371000.0 0.0 34941700000000.0 1208020000.0 0.0 0.0 19564500000.0 2258530000000.0 78687700.0 92278300.0 464234.0 -0.22 [-0.22]
6165950000000000.0 1683220000000000.0 12320400000000.0 235882000000.0 4378790.0 1223420000000.0 394100000.0 0.0 34852100000000.0 1099880000.0 0.0 0.0 19436300000.0 2237630000000.0 74111900.0 86866800.0 436542.0 -0.2 [-0.2]
6165950000000000.0 1634740000000000.0 12082900000000.0 223927000000.0 4037430.0 1183230000000.0 362608000.0 0.0 34763000000000.0 1001720000.0 0.0 0.0 19311800000.0 2217150000000.0 69818400.0 81791100.0 410603.0 -0.18 [-0.18]
6165950000000000.0 1588090000000000.0 11850500000000.0 212639000000.0 3724660.0 1144630000000.0 333770000.0 0.0 34675500000000.0 912875000.0 0.0 0.0 19192000000.0 2197260000000.0 65799000.0 77041000.0 386356.0 -0.16 [-0.16]
6165950000000000.0 1542850000000000.0 11621200000000.0 201893000000.0 3436890.0 1107270000000.0 307258000.0 0.0 34589000000000.0 832069000.0 0.0 0.0 19075600000.0 2177750000000.0 62024700.0 72582300.0 363627.0 -0.14 [-0.14]
6165950000000000.0 1498830000000000.0 11394200000000.0 191638000000.0 3171740.0 1071010000000.0 282855000.0 0.0 34503300000000.0 758421000.0 0.0 0.0 18962000000.0 2158550000000.0 58477200.0 68393200.0 342300.0 -0.12 [-0.12]
6165950000000000.0 1456500000000000.0 11172100000000.0 181959000000.0 2928530.0 1036220000000.0 260498000.0 0.0 34419300000000.0 691746000.0 0.0 0.0 18852800000.0 2139890000000.0 55152300.0 64468500.0 322341.0 -0.1 [-0.1]
6165950000000000.0 1415670000000000.0 10954400000000.0 172795000000.0 0.0 1002730000000.0 239982000.0 0.0 34336700000000.0 631265000.0 0.0 0.0 18747500000.0 2121710000000.0 52032200.0 60787000.0 0.0 -0.08 [-0.08]
6165950000000000.0 1375950000000000.0 10739000000000.0 164053000000.0 0.0 970252000000.0 221088000.0 0.0 34255000000000.0 576100000.0 0.0 0.0 18644800000.0 2103790000000.0 49096700.0 57324800.0 0.0 -0.06 [-0.06]
6165950000000000.0 1337490000000000.0 10526900000000.0 155748000000.0 0.0 938877000000.0 203718000.0 0.0 34174600000000.0 525913000.0 0.0 0.0 18545100000.0 2086230000000.0 46337500.0 54071900.0 0.0 -0.04 [-0.04]
6165950000000000.0 1300240000000000.0 10318000000000.0 147858000000.0 0.0 908570000000.0 187746000.0 0.0 34095400000000.0 480240000.0 0.0 0.0 18448500000.0 2069020000000.0 43743100.0 51014600.0 0.0 -0.02 [-0.02]
6165950000000000.0 1263940000000000.0 10111200000000.0 140321000000.0 0.0 879130000000.0 173022000.0 0.0 34017200000000.0 438512000.0 0.0 0.0 18354100000.0 2052000000000.0 41299100.0 48135800.0 0.0 -0.0 [-0.0]
6165950000000000.0 1228990000000000.0 9908670000000.0 133200000000.0 0.0 850842000000.0 159509000.0 0.0 33940500000000.0 400652000.0 0.0 0.0 18263200000.0 2035420000000.0 39003000.0 45432600.0 0.0 0.02 [0.02]
6165950000000000.0 1195120000000000.0 9709400000000.0 126436000000.0 0.0 823523000000.0 147078000.0 0.0 33865000000000.0 366186000.0 0.0 0.0 18175000000.0 2019140000000.0 36842300.0 42889900.0 0.0 0.04 [0.04]
6165950000000000.0 1162290000000000.0 9513060000000.0 120006000000.0 0.0 797109000000.0 135634000.0 0.0 33790800000000.0 334768000.0 0.0 0.0 18089300000.0 2003150000000.0 34807800.0 40496700.0 0.0 0.06 [0.06]
6165950000000000.0 1130460000000000.0 9319760000000.0 113896000000.0 0.0 771583000000.0 125100000.0 0.0 33717800000000.0 306131000.0 0.0 0.0 18006200000.0 1987420000000.0 32891700.0 38243900.0 0.0 0.08 [0.08]
6165950000000000.0 1099600000000000.0 9129450000000.0 108091000000.0 0.0 746913000000.0 115401000.0 0.0 33646000000000.0 280019000.0 0.0 0.0 17925500000.0 1971960000000.0 31086600.0 36122800.0 0.0 0.1 [0.1]
6165950000000000.0 1069700000000000.0 8942180000000.0 102576000000.0 0.0 723079000000.0 106472000.0 0.0 33575500000000.0 256219000.0 0.0 0.0 17847100000.0 1956750000000.0 29385900.0 34125100.0 0.0 0.12 [0.12]
6165950000000000.0 1040680000000000.0 8757720000000.0 97333500000.0 0.0 700027000000.0 98245100.0 0.0 33506100000000.0 234495000.0 0.0 0.0 17771000000.0 1941770000000.0 27782600.0 32242900.0 0.0 0.14 [0.14]
6165950000000000.0 1012610000000000.0 8576640000000.0 92363800000.0 0.0 677799000000.0 90674200.0 0.0 33438000000000.0 214713000.0 0.0 0.0 17697300000.0 1927070000000.0 26271900.0 30470400.0 0.0 0.16 [0.16]
6165950000000000.0 985301000000000.0 8397880000000.0 87629300000.0 0.0 656250000000.0 83691000.0 0.0 33371100000000.0 196615000.0 0.0 0.0 17625500000.0 1912540000000.0 24846400.0 28798500.0 0.0 0.18 [0.18]
6165950000000000.0 958807000000000.0 8221880000000.0 83129500000.0 0.0 635408000000.0 77255200.0 0.0 33305300000000.0 180088000.0 0.0 0.0 17555700000.0 1898210000000.0 23501500.0 27222100.0 0.0 0.2 [0.2]
6165950000000000.0 933104000000000.0 8048680000000.0 78854100000.0 0.0 615257000000.0 71323400.0 0.0 33240700000000.0 164996000.0 0.0 0.0 17487800000.0 1884080000000.0 22232700.0 25735600.0 0.0 0.22 [0.22]
6165950000000000.0 908325000000000.0 7879310000000.0 74814900000.0 0.0 595879000000.0 65867700.0 0.0 33177600000000.0 151259000.0 0.0 0.0 17422500000.0 1870260000000.0 21037000.0 24335500.0 0.0 0.24 [0.24]
6165950000000000.0 883934000000000.0 7710430000000.0 70930800000.0 0.0 576918000000.0 60812800.0 0.0 33114900000000.0 138613000.0 0.0 0.0 17357700000.0 1856360000000.0 19904700.0 23010300.0 0.0 0.26 [0.26]
6165950000000000.0 860424000000000.0 7545280000000.0 67262000000.0 0.0 558678000000.0 56163000.0 0.0 33053800000000.0 127092000.0 0.0 0.0 17295400000.0 1842750000000.0 18837300.0 21761800.0 0.0 0.28 [0.28]
6165950000000000.0 837596000000000.0 7382750000000.0 63775700000.0 0.0 541031000000.0 51874200.0 0.0 32993800000000.0 116556000.0 0.0 0.0 17234700000.0 1829300000000.0 17829300.0 20583300.0 0.0 0.3 [0.3]
6165950000000000.0 815427000000000.0 7222800000000.0 60463000000.0 0.0 523954000000.0 47917900.0 0.0 32934900000000.0 106918000.0 0.0 0.0 17175700000.0 1816010000000.0 16877100.0 19470700.0 0.0 0.32 [0.32]
6165950000000000.0 793931000000000.0 7065070000000.0 57315400000.0 0.0 507427000000.0 44267300.0 0.0 32877200000000.0 98114000.0 0.0 0.0 17118400000.0 1802870000000.0 15977800.0 18420400.0 0.0 0.34 [0.34]
6165950000000000.0 772989000000000.0 6909590000000.0 54318200000.0 0.0 491397000000.0 40896000.0 0.0 32820400000000.0 90038800.0 0.0 0.0 17062400000.0 1789810000000.0 15127300.0 17427800.0 0.0 0.36 [0.36]
6165950000000000.0 752675000000000.0 6757240000000.0 51477400000.0 0.0 475919000000.0 37787800.0 0.0 32764900000000.0 82651900.0 0.0 0.0 17008100000.0 1776910000000.0 14323800.0 16490500.0 0.0 0.38 [0.38]
6165950000000000.0 732942000000000.0 6607400000000.0 48779200000.0 0.0 460939000000.0 34919200.0 0.0 32710400000000.0 75889000.0 0.0 0.0 16955200000.0 1764130000000.0 13564300.0 15604900.0 0.0 0.4 [0.4]
6165950000000000.0 713771000000000.0 6460020000000.0 46216300000.0 0.0 446440000000.0 32271300.0 0.0 32656900000000.0 69695400.0 0.0 0.0 16903700000.0 1751460000000.0 12846100.0 14768100.0 0.0 0.42 [0.42]
6165950000000000.0 695140000000000.0 6315070000000.0 43781900000.0 0.0 432402000000.0 29826600.0 0.0 32604500000000.0 64021100.0 0.0 0.0 16853500000.0 1738890000000.0 12167000.0 13977200.0 0.0 0.44 [0.44]
6165950000000000.0 677148000000000.0 6173310000000.0 41481300000.0 0.0 418875000000.0 27573800.0 0.0 32553500000000.0 58835200.0 0.0 0.0 16805200000.0 1726540000000.0 11525600.0 13230700.0 0.0 0.46 [0.46]
6165950000000000.0 659541000000000.0 6033110000000.0 39284600000.0 0.0 405711000000.0 25488800.0 0.0 32503100000000.0 54067800.0 0.0 0.0 16757600000.0 1714150000000.0 10917900.0 12523800.0 0.0 0.48 [0.48]
6165950000000000.0 642426000000000.0 5895270000000.0 37198800000.0 0.0 392965000000.0 23563300.0 0.0 32453800000000.0 49697500.0 0.0 0.0 16711300000.0 1701850000000.0 10343000.0 11855400.0 0.0 0.5 [0.5]
6165950000000000.0 625787000000000.0 5759770000000.0 35218400000.0 0.0 380622000000.0 21784900.0 0.0 32405400000000.0 45689900.0 0.0 0.0 16666100000.0 1689620000000.0 9798940.0 11223300.0 0.0 0.52 [0.52]
6165950000000000.0 609608000000000.0 5626560000000.0 33338000000.0 0.0 368667000000.0 20142000.0 0.0 32357900000000.0 42013700.0 0.0 0.0 16622100000.0 1677450000000.0 9284060.0 10625400.0 0.0 0.54 [0.54]
6165950000000000.0 593877000000000.0 5495640000000.0 31553100000.0 0.0 357089000000.0 18624300.0 0.0 32311500000000.0 38641300.0 0.0 0.0 16579200000.0 1665350000000.0 8796720.0 10059800.0 0.0 0.56 [0.56]
6165950000000000.0 578579000000000.0 5366960000000.0 29859100000.0 0.0 345874000000.0 17222000.0 0.0 32265900000000.0 35546400.0 0.0 0.0 16537400000.0 1653310000000.0 8335380.0 9524660.0 0.0 0.58 [0.58]
6165950000000000.0 563699000000000.0 5240510000000.0 28251400000.0 0.0 335010000000.0 15926200.0 0.0 32221300000000.0 32705700.0 0.0 0.0 16496700000.0 1641310000000.0 7898580.0 9018310.0 0.0 0.6 [0.6]
6165950000000000.0 549144000000000.0 5115640000000.0 26718200000.0 0.0 324442000000.0 14726700.0 0.0 32177400000000.0 30090600.0 0.0 0.0 16456500000.0 1629250000000.0 7484450.0 8538490.0 0.0 0.62 [0.62]
6165950000000000.0 535064000000000.0 4993570000000.0 25270200000.0 0.0 314246000000.0 13620200.0 0.0 32134600000000.0 27696200.0 0.0 0.0 16417800000.0 1617340000000.0 7092790.0 8085020.0 0.0 0.64 [0.64]
6165950000000000.0 521445000000000.0 4874290000000.0 23902600000.0 0.0 304410000000.0 12599300.0 0.0 32092900000000.0 25503100.0 0.0 0.0 16380400000.0 1605560000000.0 6722330.0 7656380.0 0.0 0.66 [0.66]
6165950000000000.0 508116000000000.0 4756500000000.0 22598900000.0 0.0 294839000000.0 11653900.0 0.0 32051800000000.0 23482200.0 0.0 0.0 16343500000.0 1593700000000.0 6370940.0 7250020.0 0.0 0.68 [0.68]
6165950000000000.0 495147000000000.0 4640820000000.0 21362300000.0 0.0 285564000000.0 10779900.0 0.0 32011600000000.0 21625400.0 0.0 0.0 16307500000.0 1581870000000.0 6038060.0 6865310.0 0.0 0.7 [0.7]
6165950000000000.0 482525000000000.0 4527220000000.0 20189400000.0 0.0 276576000000.0 9971860.0 0.0 31972200000000.0 19918800.0 0.0 0.0 16272400000.0 1570040000000.0 5722680.0 6501050.0 0.0 0.72 [0.72]
6165950000000000.0 470243000000000.0 4415680000000.0 19077200000.0 0.0 267866000000.0 9224800.0 0.0 31933700000000.0 18349800.0 0.0 0.0 16238100000.0 1558230000000.0 5423860.0 6156110.0 0.0 0.74 [0.74]
6165950000000000.0 458287000000000.0 4306160000000.0 18022600000.0 0.0 259424000000.0 8534080.0 0.0 31895900000000.0 16907400.0 0.0 0.0 16204700000.0 1546430000000.0 5140700.0 5829470.0 0.0 0.76 [0.76]
6165950000000000.0 446647000000000.0 4198650000000.0 17022700000.0 0.0 251243000000.0 7895370.0 0.0 31858900000000.0 15580700.0 0.0 0.0 16172000000.0 1534620000000.0 4872370.0 5520120.0 0.0 0.78 [0.78]
6165950000000000.0 435317000000000.0 4093120000000.0 16075000000.0 0.0 243314000000.0 7304750.0 0.0 31822700000000.0 14360600.0 0.0 0.0 16140100000.0 1522810000000.0 4618060.0 5227120.0 0.0 0.8 [0.8]
6165950000000000.0 424286000000000.0 3989560000000.0 15176800000.0 0.0 235629000000.0 6758540.0 0.0 31787300000000.0 13238000.0 0.0 0.0 16108900000.0 1511000000000.0 4377020.0 4949600.0 0.0 0.82 [0.82]
6165950000000000.0 413546000000000.0 3887930000000.0 14325700000.0 0.0 228180000000.0 6253380.0 0.0 31752600000000.0 12205100.0 0.0 0.0 16078400000.0 1499170000000.0 4148540.0 4686700.0 0.0 0.84 [0.84]
6165950000000000.0 403088000000000.0 3788210000000.0 13519300000.0 0.0 220959000000.0 5786170.0 0.0 31718600000000.0 11254400.0 0.0 0.0 16048600000.0 1487320000000.0 3931960.0 4437670.0 0.0 0.86 [0.86]
6165950000000000.0 392903000000000.0 3690380000000.0 12755400000.0 0.0 213959000000.0 5354030.0 0.0 31685400000000.0 10379300.0 0.0 0.0 16019500000.0 1475450000000.0 3726650.0 4201740.0 0.0 0.88 [0.88]
6165950000000000.0 382984000000000.0 3594420000000.0 12031800000.0 0.0 207174000000.0 4954300.0 0.0 31652900000000.0 9573680.0 0.0 0.0 15991100000.0 1463560000000.0 3532010.0 3978220.0 0.0 0.9 [0.9]
6165950000000000.0 373323000000000.0 3500290000000.0 11346700000.0 0.0 200597000000.0 4584540.0 0.0 31621000000000.0 8831790.0 0.0 0.0 15963200000.0 1451640000000.0 3347460.0 3766440.0 0.0 0.92 [0.92]
6165950000000000.0 363913000000000.0 3407980000000.0 10698000000.0 0.0 194220000000.0 4242480.0 0.0 31589900000000.0 8148500.0 0.0 0.0 15936000000.0 1439680000000.0 3172490.0 3565790.0 0.0 0.94 [0.94]
6165950000000000.0 354746000000000.0 3317470000000.0 10083900000.0 0.0 188038000000.0 3926050.0 0.0 31559400000000.0 7519080.0 0.0 0.0 15909300000.0 1427700000000.0 3006590.0 3375680.0 0.0 0.96 [0.96]
6165950000000000.0 345816000000000.0 3228730000000.0 9502670000.0 0.0 182046000000.0 3633300.0 0.0 31529500000000.0 6939190.0 0.0 0.0 15883300000.0 1415670000000.0 2849280.0 3195530.0 0.0 0.98 [0.98]
6165950000000000.0 337116000000000.0 3141740000000.0 8952710000.0 0.0 176236000000.0 3362460.0 0.0 31500300000000.0 6404860.0 0.0 0.0 15857700000.0 1403600000000.0 2700120.0 3024840.0 0.0 1.0 [1.0]
