! -------------------------
   1261.6704101464243        1.0959050655364990        4.8106413334608078E-002   1.0000000000000000     
   1261.7071001464242        1.0371406078338623        4.6796612441539764E-002   1.0000000000000000     
   1261.7437901464241        1.0693657398223877        4.7515783458948135E-002   1.0000000000000000     
   1261.7804801464240       0.98249655961990356        4.5542780309915543E-002   1.0000000000000000     
   1261.8171701464239        1.0910238027572632        4.7989960759878159E-002   1.0000000000000000     
   1261.8538601464238        1.1233807802200317        4.8694059252738953E-002   1.0000000000000000     
   1261.8905501464237        1.0861718654632568        4.7878570854663849E-002   1.0000000000000000     
   1261.9272401464236        1.0734508037567139        4.7595147043466568E-002   1.0000000000000000     
   1261.9639301464235       0.93199968338012695        4.4346515089273453E-002   1.0000000000000000     
   1262.0006201464234        1.1176472902297974        4.8560604453086853E-002   1.0000000000000000     
   1262.0373101464234        1.1232664585113525        4.8680368810892105E-002   1.0000000000000000     
   1262.0740001464233        1.1080311536788940        4.8346966505050659E-002   1.0000000000000000     
   1262.1106901464232       0.97981828451156616        4.5461826026439667E-002   1.0000000000000000     
   1262.1473801464231        1.1665915250778198        4.9603741616010666E-002   1.0000000000000000     
   1262.1840701464230        1.0281143188476562        4.6564675867557526E-002   1.0000000000000000     
   1262.2207601464229        1.0519809722900391        4.7099985182285309E-002   1.0000000000000000     
   1262.2574501464228        1.0170246362686157        4.6308811753988266E-002   1.0000000000000000     
   1262.2941401464227        1.0574314594268799        4.7217730432748795E-002   1.0000000000000000     
   1262.3308301464226        1.0773674249649048        4.7658666968345642E-002   1.0000000000000000     
   1262.3675201464225        1.0719064474105835        4.7535669058561325E-002   1.0000000000000000     
   1262.4042101464224        1.0141563415527344        4.6235416084527969E-002   1.0000000000000000     
   1262.4409001464223        1.0324985980987549        4.6649627387523651E-002   1.0000000000000000     
   1262.4775901464222        1.0723768472671509        4.7539915889501572E-002   1.0000000000000000     
   1262.5142801464222        1.0357220172882080        4.6718355268239975E-002   1.0000000000000000     
   1262.5509701464221        1.0545240640640259        4.7138471156358719E-002   1.0000000000000000     
   1262.5876601464220        1.0319124460220337        4.6628348529338837E-002   1.0000000000000000     
   1262.6243501464219       0.99574965238571167        4.5802067965269089E-002   1.0000000000000000     
   1262.6610401464218        1.0386427640914917        4.6776156872510910E-002   1.0000000000000000     
   1262.6977301464217        1.0712771415710449        4.7503300011157990E-002   1.0000000000000000     
   1262.7344201464216        1.1504554748535156        4.9225404858589172E-002   1.0000000000000000     
   1262.7711101464215        1.2207101583480835        5.0703994929790497E-002   1.0000000000000000     
   1262.8078001464214        1.0922527313232422        4.7960001975297928E-002   1.0000000000000000     
   1262.8444901464213       0.99628019332885742        4.5802578330039978E-002   1.0000000000000000     
   1262.8811801464212       0.98939359188079834        4.5642066746950150E-002   1.0000000000000000     
   1262.9178701464211        1.0823538303375244        4.7736115753650665E-002   1.0000000000000000     
   1262.9545601464210        1.0655794143676758        4.7362800687551498E-002   1.0000000000000000     
   1262.9912501464210        1.0633080005645752        4.7310318797826767E-002   1.0000000000000000     
   1263.0279401464209       0.95934772491455078        4.4936224818229675E-002   1.0000000000000000     
   1263.0646301464208       0.97887623310089111        4.5389410108327866E-002   1.0000000000000000     
   1263.1013201464207        1.0185369253158569        4.6297911554574966E-002   1.0000000000000000     
   1263.1380101464206        1.0081059932708740        4.6058353036642075E-002   1.0000000000000000     
   1263.1747001464205        1.0800591707229614        4.7671783715486526E-002   1.0000000000000000     
   1263.2113901464204       0.97420138120651245        4.5273542404174805E-002   1.0000000000000000     
   1263.2480801464203       0.95666861534118652        4.4862475246191025E-002   1.0000000000000000     
   1263.2847701464202        1.0169386863708496        4.8124823719263077E-002   1.0000000000000000     
   1263.3214601464201        1.0120587348937988        4.6139251440763474E-002   1.0000000000000000     
   1263.3581501464200        1.0477882623672485        4.6944744884967804E-002   1.0000000000000000     
   1263.3948401464199        1.0403574705123901        4.7027293592691422E-002   1.0000000000000000     
   1263.4315301464198        1.1178770065307617        4.8485577106475830E-002   1.0000000000000000     
   1263.4682201464198       0.99350094795227051        4.5706965029239655E-002   1.0000000000000000     
   1263.5049101464197        1.0065704584121704        4.6004779636859894E-002  0.99022901606682989     
   1263.5416001464196        1.0129634141921997        4.6148810535669327E-002  0.98763240440384925     
   1263.5782901464195       0.98498773574829102        4.5505281537771225E-002  0.98444259573099802     
   1263.6149801464194       0.91289645433425903        4.3806646019220352E-002  0.98044740948849396     
   1263.6516701464193        1.0345172882080078        4.6631671488285065E-002  0.97546202961030570     
   1263.6883601464192       0.92872750759124756        4.4181361794471741E-002  0.96932663844751887     
   1263.7250501464191        1.0378837585449219        4.6703808009624481E-002  0.96152888819539317     
   1263.7617401464190       0.98966562747955322        4.5604221522808075E-002  0.95134505682998149     
   1263.7984301464189       0.96348059177398682        4.4995106756687164E-002  0.93820868638077581     
   1263.8351201464188       0.91529619693756104        4.3853841722011566E-002  0.91943408001553351     
   1263.8718101464187       0.94730508327484131        4.4612329453229904E-002  0.88368466073849861     
   1263.9085001464186       0.84238433837890625        4.2067639529705048E-002  0.80395659462838831     
   1263.9451901464186       0.76970714330673218        4.0210492908954620E-002  0.64782943757313260     
   1263.9818801464185       0.43519720435142517        3.0234551057219505E-002  0.43688826785873075     
   1264.0185701464184       0.31984978914260864        2.5918954983353615E-002  0.26661568996328261     
   1264.0552601464183       0.19233711063861847        2.4343311786651611E-002  0.18968398010523332     
   1264.0919501464182       0.21890342235565186        2.4087311699986458E-002  0.18991408653895467     
   1264.1286401464181       0.29984751343727112        2.5092719122767448E-002  0.26711191110749483     
   1264.1653301464180       0.44642913341522217        3.0616683885455132E-002  0.43852620443431151     
   1264.2020201464179       0.72103279829025269        3.8908448070287704E-002  0.65467413514297035     
   1264.2387101464178       0.86227518320083618        4.2547486722469330E-002  0.81693903437313831     
   1264.2754001464177       0.93202942609786987        4.4233400374650955E-002  0.90006748484205934     
   1264.3120901464176        1.0083448886871338        4.6007074415683746E-002  0.93768494158656146     
   1264.3487801464175       0.95743525028228760        4.4829048216342926E-002  0.95695059344563482     
   1264.3854701464174       0.97916847467422485        4.5333378016948700E-002  0.96903562217354244     
   1264.4221601464174        1.0330820083618164        4.6563059091567993E-002  0.97739647882258607     
   1264.4588501464173        1.0274960994720459        4.6435367316007614E-002  0.98309457542824730     
   1264.4955401464172        1.0988601446151733        4.8019178211688995E-002  0.98692987560934631     
   1264.5322301464171        1.1079217195510864        4.8215072602033615E-002  0.98966122435907788     
   1264.5689201464170        1.1377198696136475        4.8857450485229492E-002  0.99184658302051931     
   1264.6056101464169       0.98850560188293457        4.5539427548646927E-002   1.0000000000000000     
   1264.6423001464168        1.0341355800628662        4.6577010303735733E-002   1.0000000000000000     
   1264.6789901464167        1.0578875541687012        4.7107223421335220E-002   1.0000000000000000     
   1264.7156801464166        1.1383346319198608        4.8863850533962250E-002   1.0000000000000000     
   1264.7523701464165       0.98542535305023193        4.5462105423212051E-002   1.0000000000000000     
   1264.7890601464164       0.96449077129364014        4.4975068420171738E-002   1.0000000000000000     
   1264.8257501464163       0.92000275850296021        4.3924048542976379E-002   1.0000000000000000     
   1264.8624401464162        1.0389685630798340        4.6676047146320343E-002   1.0000000000000000     
   1264.8991301464162       0.98705518245697021        4.5493435114622116E-002   1.0000000000000000     
   1264.9358201464161        1.0516114234924316        4.6955954283475876E-002   1.0000000000000000     
   1264.9725101464160        1.1233478784561157        4.8529401421546936E-002   1.0000000000000000     
   1265.0092001464159        1.1441135406494141        4.8974178731441498E-002   1.0000000000000000     
   1265.0458901464158        1.0338250398635864        4.6552266925573349E-002   1.0000000000000000     
   1265.0825801464157       0.98934346437454224        4.5538160949945450E-002   1.0000000000000000     
   1265.1192701464156        1.0002382993698120        4.5786604285240173E-002   1.0000000000000000     
   1265.1559601464155       0.99144715070724487        4.5583344995975494E-002   1.0000000000000000     
   1265.1926501464154       0.99822020530700684        4.5737188309431076E-002   1.0000000000000000     
   1265.2293401464153        1.0662024021148682        4.7267306596040726E-002   1.0000000000000000     
   1265.2660301464152        1.0433232784271240        4.6755790710449219E-002   1.0000000000000000     
   1265.3027201464151       0.87503468990325928        4.2817708104848862E-002   1.0000000000000000     
   1265.3394101464150       0.91768175363540649        4.3847184628248215E-002   1.0000000000000000     
   1265.3761001464150       0.87145608663558960        4.2727097868919373E-002   1.0000000000000000     
   1265.4127901464149       0.89090788364410400        4.3199826031923294E-002   1.0000000000000000     
   1265.4494801464148       0.85085219144821167        4.2216047644615173E-002   1.0000000000000000     
   1265.4861701464147       0.89043706655502319        4.3185427784919739E-002   1.0000000000000000     
   1265.5228601464146       0.94072401523590088        4.4386588037014008E-002   1.0000000000000000     
   1265.5595501464145       0.98691451549530029        4.5461688190698624E-002   1.0000000000000000     
   1265.5962401464144        1.0109646320343018        4.6010714024305344E-002   1.0000000000000000     
   1265.6329301464143        1.0687388181686401        4.7305528074502945E-002   1.0000000000000000     
   1265.6696201464142        1.0644814968109131        4.7209598124027252E-002   1.0000000000000000     
   1265.7063101464141        1.0564622879028320        4.7029837965965271E-002   1.0000000000000000     
   1265.7430001464140       0.96712487936019897        4.4995907694101334E-002   1.0000000000000000     
   1265.7796901464139        1.0634280443191528        4.7181423753499985E-002   1.0000000000000000     
   1265.8163801464138        1.0303791761398315        4.6440929174423218E-002   1.0000000000000000     
   1265.8530701464138        1.0585898160934448        4.7070790082216263E-002   1.0000000000000000     
   1265.8897601464137        1.0666729211807251        4.7248564660549164E-002   1.0000000000000000     
   1265.9264501464136        1.0119514465332031        4.6019095927476883E-002   1.0000000000000000     
   1265.9631401464135       0.99592262506484985        4.5651569962501526E-002   1.0000000000000000     
   1265.9998301464134        1.1236892938613892        4.8489827662706375E-002   1.0000000000000000     
   1266.0365201464133        1.0736089944839478        4.7395274043083191E-002   1.0000000000000000     
   1266.0732101464132        1.0963059663772583        4.7891911119222641E-002   1.0000000000000000     
   1266.1099001464131        1.0633914470672607        4.7165799885988235E-002   1.0000000000000000     
   1266.1465901464130        1.0244970321655273        4.6293515712022781E-002   1.0000000000000000     
   1266.1832801464129        1.0573790073394775        4.7028865665197372E-002   1.0000000000000000     
   1266.2199701464128        1.1051076650619507        4.8076834529638290E-002   1.0000000000000000     
   1266.2566601464127        1.1136907339096069        4.8261437565088272E-002   1.0000000000000000     
   1266.2933501464126        1.0490769147872925        4.6838834881782532E-002   1.0000000000000000     
   1266.3300401464126        1.0988399982452393        4.7935158014297485E-002   1.0000000000000000     
   1266.3667301464125       0.98621898889541626        4.5410685241222382E-002   1.0000000000000000     
   1266.4034201464124       0.98218482732772827        4.5316100120544434E-002   1.0000000000000000     
!  ---- tick mark positions for above ----
!      1263.01494     5     1
!      1263.88308     5     2
!      1264.07629     5     3
