! -------------------------
   1241.9678801464738        1.1454313993453979        5.2007820457220078E-002   1.0000000000000000     
   1242.0045701464737        1.1018818616867065        5.1002655178308487E-002   1.0000000000000000     
   1242.0412601464736        1.1360328197479248        5.1779888570308685E-002   1.0000000000000000     
   1242.0779501464735        1.0687955617904663        5.0217371433973312E-002   1.0000000000000000     
   1242.1146401464734        1.0201519727706909        4.9054473638534546E-002   1.0000000000000000     
   1242.1513301464734        1.0710585117340088        5.0256647169589996E-002   1.0000000000000000     
   1242.1880201464733        1.1346684694290161        5.1720313727855682E-002   1.0000000000000000     
   1242.2247101464732        1.0671565532684326        5.0151087343692780E-002   1.0000000000000000     
   1242.2614001464731       0.98581534624099731        4.8195291310548782E-002   1.0000000000000000     
   1242.2980901464730        1.0871024131774902        5.0603691488504410E-002   1.0000000000000000     
   1242.3347801464729        1.0419588088989258        4.9535047262907028E-002   1.0000000000000000     
   1242.3714701464728        1.0485411882400513        4.9684368073940277E-002   1.0000000000000000     
   1242.4081601464727        1.1380304098129272        5.1754046231508255E-002   1.0000000000000000     
   1242.4448501464726        1.0646299123764038        5.0050273537635803E-002   1.0000000000000000     
   1242.4815401464725        1.0592992305755615        4.9917977303266525E-002   1.0000000000000000     
   1242.5182301464724        1.0730367898941040        5.0233695656061172E-002   1.0000000000000000     
   1242.5549201464723        1.1770133972167969        5.2603997290134430E-002   1.0000000000000000     
   1242.5916101464722        1.1075587272644043        5.1021236926317215E-002   1.0000000000000000     
   1242.6283001464722        1.1234977245330811        5.1380041986703873E-002   1.0000000000000000     
   1242.6649901464721        1.0369621515274048        4.9354895949363708E-002   1.0000000000000000     
   1242.7016801464720        1.0905374288558960        5.0606682896614075E-002   1.0000000000000000     
   1242.7383701464719       0.99887067079544067        4.8426575958728790E-002   1.0000000000000000     
   1242.7750601464718        1.0354608297348022        4.9298711121082306E-002   1.0000000000000000     
   1242.8117501464717        1.0924270153045654        5.0629593431949615E-002   1.0000000000000000     
   1242.8484401464716        1.0726757049560547        5.0162971019744873E-002   1.0000000000000000     
   1242.8851301464715        1.0986870527267456        5.0760634243488312E-002   1.0000000000000000     
   1242.9218201464714        1.1194360256195068        5.1230549812316895E-002   1.0000000000000000     
   1242.9585101464713        1.1060993671417236        5.0917450338602066E-002   1.0000000000000000     
   1242.9952001464712        1.1282521486282349        5.1417712122201920E-002   1.0000000000000000     
   1243.0318901464711        1.0611979961395264        4.9859534949064255E-002   1.0000000000000000     
   1243.0685801464710        1.0935693979263306        5.0607241690158844E-002   1.0000000000000000     
   1243.1052701464710       0.98468983173370361        4.8015363514423370E-002   1.0000000000000000     
   1243.1419601464709        1.1404531002044678        5.1666460931301117E-002   1.0000000000000000     
   1243.1786501464708        1.1174691915512085        5.1136154681444168E-002   1.0000000000000000     
   1243.2153401464707        1.1281777620315552        5.1373589783906937E-002   1.0000000000000000     
   1243.2520301464706        1.1497520208358765        5.1855269819498062E-002   1.0000000000000000     
   1243.2887201464705        1.1323736906051636        5.1454752683639526E-002   1.0000000000000000     
   1243.3254101464704        1.1210716962814331        5.1190398633480072E-002   1.0000000000000000     
   1243.3621001464703        1.0862836837768555        5.0382908433675766E-002   1.0000000000000000     
   1243.3987901464702        1.1082297563552856        5.0882197916507721E-002   1.0000000000000000     
   1243.4354801464701        1.1246047019958496        5.1249817013740540E-002   1.0000000000000000     
   1243.4721701464700        1.0608118772506714        4.9768131226301193E-002   1.0000000000000000     
   1243.5088601464699        1.1423857212066650        5.1639135926961899E-002   1.0000000000000000     
   1243.5455501464699        1.2287496328353882        5.3548112511634827E-002   1.0000000000000000     
   1243.5822401464698        1.0934516191482544        5.0507165491580963E-002   1.0000000000000000     
   1243.6189301464697        1.0928022861480713        5.0485149025917053E-002   1.0000000000000000     
   1243.6556201464696        1.1248193979263306        5.1212400197982788E-002   1.0000000000000000     
   1243.6923101464695        1.0327187776565552        4.9064185470342636E-002   1.0000000000000000     
   1243.7290001464694        1.0243754386901855        4.8858903348445892E-002   1.0000000000000000     
   1243.7656901464693        1.1483322381973267        5.1723465323448181E-002   1.0000000000000000     
   1243.8023801464692        1.1586545705795288        5.1948409527540207E-002  0.99517238702461797     
   1243.8390701464691        1.0278512239456177        4.8921607434749603E-002  0.99381721805178935     
   1243.8757601464690        1.0174829959869385        4.8667363822460175E-002  0.99199850862231476     
   1243.9124501464689        1.0127835273742676        4.8548329621553421E-002  0.98952556326269558     
   1243.9491401464688        1.0498920679092407        4.9422908574342728E-002  0.98621432090429728     
   1243.9858301464687        1.0208216905593872        4.8727061599493027E-002  0.98171234717714251     
   1244.0225201464687        1.0790750980377197        5.0091296434402466E-002  0.97543238117745268     
   1244.0592101464686        1.0281683206558228        4.8888780176639557E-002  0.96677628698732754     
   1244.0959001464685        1.0800863504409790        5.0100907683372498E-002  0.95424384375823357     
   1244.1325901464684       0.95034915208816528        4.6989288181066513E-002  0.93152869105943437     
   1244.1692801464683       0.99557459354400635        4.8087712377309799E-002  0.88146981194541263     
   1244.2059701464682       0.80335956811904907        4.3190959841012955E-002  0.77738763427271806     
   1244.2426601464681       0.60062468051910400        3.7340559065341949E-002  0.61496802004081019     
   1244.2793501464680       0.36996525526046753        2.9302138835191727E-002  0.45286238912451077     
   1244.3160401464679       0.35862880945205688        2.8845682740211487E-002  0.37298245737899965     
   1244.3527301464678       0.44527381658554077        3.2137420028448105E-002  0.41125392721261961     
   1244.3894201464677       0.62057238817214966        3.7934619933366776E-002  0.55120092227969619     
   1244.4261101464676       0.87400996685028076        4.5012939721345901E-002  0.72479475173706875     
   1244.4628001464675        1.0019527673721313        4.8188485205173492E-002  0.85442073324694590     
   1244.4994901464675        1.0159300565719604        4.8516824841499329E-002  0.92207179984960153     
   1244.5361801464674       0.96342611312866211        4.7240015119314194E-002  0.95268327094386074     
   1244.5728701464673        1.0017658472061157        4.8164196312427521E-002  0.96812802161697553     
   1244.6095601464672        1.1568858623504639        5.1751941442489624E-002  0.97764870181249108     
   1244.6462501464671        1.0405603647232056        4.9074545502662659E-002  0.98396368036192483     
   1244.6829401464670        1.1512657403945923        5.1611885428428650E-002  0.98801041659860189     
   1244.7196301464669        1.0645989179611206        4.9624517560005188E-002  0.99062119289561712     
   1244.7563201464668        1.1097871065139771        5.0659772008657455E-002  0.99251804078900674     
   1244.7930101464667        1.0800238847732544        4.9968983978033066E-002  0.99410302570328446     
   1244.8297001464666        1.0641525983810425        4.9593724310398102E-002   1.0000000000000000     
   1244.8663901464665        1.0492495298385620        4.9238488078117371E-002   1.0000000000000000     
   1244.9030801464664        1.1096061468124390        5.0627786666154861E-002   1.0000000000000000     
   1244.9397701464663        1.2228689193725586        5.3141791373491287E-002   1.0000000000000000     
   1244.9764601464663        1.0963854789733887        5.0311569124460220E-002   1.0000000000000000     
   1245.0131501464662        1.1331120729446411        5.1140204071998596E-002   1.0000000000000000     
   1245.0498401464661        1.1325879096984863        5.1121469587087631E-002   1.0000000000000000     
   1245.0865301464660        1.1331710815429688        5.1127575337886810E-002   1.0000000000000000     
   1245.1232201464659        1.0641922950744629        4.9540173262357712E-002   1.0000000000000000     
   1245.1599101464658        1.0868595838546753        5.0058189779520035E-002   1.0000000000000000     
   1245.1966001464657        1.0999352931976318        5.0351515412330627E-002   1.0000000000000000     
   1245.2332901464656        1.1189101934432983        5.0777025520801544E-002   1.0000000000000000     
   1245.2699801464655        1.1659966707229614        5.1827315241098404E-002   1.0000000000000000     
   1245.3066701464654        1.0827859640121460        4.9936950206756592E-002   1.0000000000000000     
   1245.3433601464653        1.0943001508712769        5.0194893032312393E-002   1.0000000000000000     
   1245.3800501464652        1.1526730060577393        5.1509149372577667E-002   1.0000000000000000     
   1245.4167401464651       0.99667829275131226        4.7890625894069672E-002   1.0000000000000000     
   1245.4534301464651        1.1313885450363159        5.1017489284276962E-002   1.0000000000000000     
   1245.4901201464650        1.0834227800369263        4.9917448312044144E-002   1.0000000000000000     
   1245.5268101464649        1.0322315692901611        4.8717275261878967E-002   1.0000000000000000     
   1245.5635001464648        1.0788439512252808        4.9798309803009033E-002   1.0000000000000000     
   1245.6001901464647        1.0966674089431763        5.0201039761304855E-002   1.0000000000000000     
   1245.6368801464646        1.0717678070068359        4.9621131271123886E-002   1.0000000000000000     
   1245.6735701464645        1.0527398586273193        4.9172051250934601E-002   1.0000000000000000     
   1245.7102601464644        1.1030318737030029        5.0325941294431686E-002   1.0000000000000000     
   1245.7469501464643        1.0875777006149292        4.9965266138315201E-002   1.0000000000000000     
   1245.7836401464642        1.1063542366027832        5.0387945026159286E-002   1.0000000000000000     
   1245.8203301464641        1.0727559328079224        5.2929826080799103E-002   1.0000000000000000     
   1245.8570201464640        1.1139110326766968        5.7397037744522095E-002   1.0000000000000000     
   1245.8937101464639        1.0140123367309570        5.4755393415689468E-002   1.0000000000000000     
   1245.9304001464639        1.0251337289810181        5.5047292262315750E-002   1.0000000000000000     
   1245.9670901464638        1.0496033430099487        5.5692858994007111E-002   1.0000000000000000     
   1246.0037801464637        1.0846502780914307        5.6607238948345184E-002   1.0000000000000000     
   1246.0404701464636        1.0490475893020630        5.5662859231233597E-002   1.0000000000000000     
   1246.0771601464635       0.91163808107376099        5.1882397383451462E-002   1.0000000000000000     
   1246.1138501464634       0.97813254594802856        5.3733918815851212E-002   1.0000000000000000     
   1246.1505401464633       0.99091225862503052        5.4076425731182098E-002   1.0000000000000000     
   1246.1872301464632       0.98461818695068359        5.3897224366664886E-002   1.0000000000000000     
   1246.2239201464631        1.0483525991439819        5.5606525391340256E-002   1.0000000000000000     
   1246.2606101464630       0.93564856052398682        5.2525479346513748E-002   1.0000000000000000     
   1246.2973001464629        1.0694338083267212        5.6147508323192596E-002   1.0000000000000000     
   1246.3339901464628        1.0873857736587524        5.6609250605106354E-002   1.0000000000000000     
   1246.3706801464627        1.0650124549865723        5.6016080081462860E-002   1.0000000000000000     
   1246.4073701464627        1.0779743194580078        5.6348286569118500E-002   1.0000000000000000     
   1246.4440601464626        1.0583692789077759        5.5825971066951752E-002   1.0000000000000000     
   1246.4807501464625        1.1131827831268311        5.7245492935180664E-002   1.0000000000000000     
   1246.5174401464624        1.1588470935821533        5.8399904519319534E-002   1.0000000000000000     
   1246.5541301464623        1.1119874715805054        5.7199299335479736E-002   1.0000000000000000     
   1246.5908201464622        1.0668569803237915        5.6018903851509094E-002   1.0000000000000000     
   1246.6275101464621        1.1054117679595947        5.7014435529708862E-002   1.0000000000000000     
!  ---- tick mark positions for above ----
!      1243.28044     8     1
!      1244.13502     8     2
!      1244.32521     8     3
