      1.00000   5.8202604e-06
      2.00000   5.9549589e-06
      3.00000   6.0437565e-06
      4.00000   6.1316878e-06
      5.00000   6.2163840e-06
      6.00000   6.2986310e-06
      7.00000   6.3728594e-06
      8.00000   6.4420155e-06
      9.00000   6.5153217e-06
      10.0000   6.5971390e-06
      11.0000   6.6853590e-06
      12.0000   6.7806482e-06
      13.0000   6.8885142e-06
      14.0000   7.0092633e-06
      15.0000   7.1337513e-06
      16.0000   7.2507137e-06
      17.0000   7.3552451e-06
      18.0000   7.4555915e-06
      19.0000   7.5643061e-06
      20.0000   7.6829638e-06
      21.0000   7.8030898e-06
      22.0000   7.9172269e-06
      23.0000   8.0205837e-06
      24.0000   8.1166891e-06
      25.0000   8.2236347e-06
      26.0000   8.3576106e-06
      27.0000   8.5234869e-06
      28.0000   8.7209501e-06
      29.0000   8.9427595e-06
      30.0000   9.1769198e-06
      31.0000   9.4104498e-06
      32.0000   9.6254525e-06
      33.0000   9.8079163e-06
      34.0000   9.9562831e-06
      35.0000   1.0074854e-05
      36.0000   1.0168324e-05
      37.0000   1.0240734e-05
      38.0000   1.0299332e-05
      39.0000   1.0366240e-05
      40.0000   1.0472456e-05
      41.0000   1.0632395e-05
      42.0000   1.0841279e-05
      43.0000   1.1081669e-05
      44.0000   1.1336327e-05
      45.0000   1.1603800e-05
      46.0000   1.1889754e-05
      47.0000   1.2211479e-05
      48.0000   1.2606451e-05
      49.0000   1.3087286e-05
      50.0000   1.3612853e-05
      51.0000   1.4117795e-05
      52.0000   1.4541373e-05
      53.0000   1.4865822e-05
      54.0000   1.5136657e-05
      55.0000   1.5411017e-05
      56.0000   1.5720660e-05
      57.0000   1.6072036e-05
      58.0000   1.6433089e-05
      59.0000   1.6748989e-05
      60.0000   1.6994902e-05
      61.0000   1.7202747e-05
      62.0000   1.7449314e-05
      63.0000   1.7817481e-05
      64.0000   1.8345931e-05
      65.0000   1.9017236e-05
      66.0000   1.9763820e-05
      67.0000   2.0494539e-05
      68.0000   2.1164749e-05
      69.0000   2.1797294e-05
      70.0000   2.2453869e-05
      71.0000   2.3204706e-05
      72.0000   2.4092156e-05
      73.0000   2.5113568e-05
      74.0000   2.6211888e-05
      75.0000   2.7262389e-05
      76.0000   2.8152228e-05
      77.0000   2.8839169e-05
      78.0000   2.9306137e-05
      79.0000   2.9596471e-05
      80.0000   2.9846324e-05
      81.0000   3.0162324e-05
      82.0000   3.0543502e-05
      83.0000   3.0953433e-05
      84.0000   3.1383664e-05
      85.0000   3.1873980e-05
      86.0000   3.2516353e-05
      87.0000   3.3425211e-05
      88.0000   3.4699387e-05
      89.0000   3.6393216e-05
      90.0000   3.8470687e-05
      91.0000   4.0789335e-05
      92.0000   4.3157255e-05
      93.0000   4.5470864e-05
      94.0000   4.7815069e-05
      95.0000   5.0415867e-05
      96.0000   5.3505402e-05
      97.0000   5.7203139e-05
      98.0000   6.1538303e-05
      99.0000   6.6547887e-05
      100.000   7.2271483e-05
      101.000   7.8661353e-05
      102.000   8.5599262e-05
      103.000   9.2947615e-05
      104.000   0.00010049321
      105.000   0.00010812094
      106.000   0.00011609138
      107.000   0.00012488756
      108.000   0.00013485429
      109.000   0.00014599062
      110.000   0.00015807510
      111.000   0.00017111596
      112.000   0.00018570125
      113.000   0.00020279466
      114.000   0.00022301349
      115.000   0.00024617001
      116.000   0.00027173597
      117.000   0.00029992050
      118.000   0.00033187191
      119.000   0.00036850598
      120.000   0.00040961918
      121.000   0.00045380005
      122.000   0.00049870060
      123.000   0.00054151646
      124.000   0.00057979341
      125.000   0.00061272166
      126.000   0.00064157578
      127.000   0.00066903478
      128.000   0.00069752435
      129.000   0.00072814722
      130.000   0.00076307688
      131.000   0.00080814020
      132.000   0.00087093737
      133.000   0.00095691514
      134.000    0.0010686724
      135.000    0.0012078518
      136.000    0.0013745376
      137.000    0.0015643719
      138.000    0.0017729886
      139.000    0.0020059459
      140.000    0.0022743705
      141.000    0.0025758957
      142.000    0.0028849628
      143.000    0.0031702972
      144.000    0.0034302522
      145.000    0.0037040277
      146.000    0.0040349909
      147.000    0.0044518877
      148.000    0.0050110333
      149.000    0.0058140224
      150.000    0.0069406377
      151.000    0.0084094675
      152.000     0.010292185
      153.000     0.012911236
      154.000     0.016927173
      155.000     0.023161011
      156.000     0.032197945
      157.000     0.044082765
      158.000     0.058380865
      159.000     0.073888175
      160.000     0.087589398
      161.000     0.094713748
      162.000     0.091842398
      163.000     0.080268323
      164.000     0.064670034
      165.000     0.049337223
      166.000     0.036537219
      167.000     0.026816644
      168.000     0.019811094
      169.000     0.014876724
      170.000     0.011422847
      171.000    0.0089854766
      172.000    0.0072301072
      173.000    0.0059672501
      174.000    0.0050948574
      175.000    0.0045203408
      176.000    0.0041364115
      177.000    0.0038381023
      178.000    0.0035461397
      179.000    0.0032284656
      180.000    0.0028985264
      181.000    0.0025778683
      182.000    0.0022742660
      183.000    0.0019909244
      184.000    0.0017366922
      185.000    0.0015209024
      186.000    0.0013448109
      187.000    0.0012023657
      188.000    0.0010841337
      189.000   0.00097993179
      190.000   0.00088037259
      191.000   0.00077993027
      192.000   0.00067999569
      193.000   0.00058736483
      194.000   0.00050844264
      195.000   0.00044487690
      196.000   0.00039476127
      197.000   0.00035542517
      198.000   0.00032409056
      199.000   0.00029749921
      200.000   0.00027255926
      201.000   0.00024770005
      202.000   0.00022290762
      203.000   0.00019884705
      204.000   0.00017660063
      205.000   0.00015749715
      206.000   0.00014238898
      207.000   0.00013113294
      208.000   0.00012287142
      209.000   0.00011661876
      210.000   0.00011157020
      211.000   0.00010710318
      212.000   0.00010273196
      213.000   9.8156357e-05
      214.000   9.3320596e-05
      215.000   8.8379973e-05
      216.000   8.3600033e-05
      217.000   7.9139114e-05
      218.000   7.4905496e-05
      219.000   7.0757451e-05
      220.000   6.6681307e-05
      221.000   6.2754552e-05
      222.000   5.9099410e-05
      223.000   5.5797696e-05
      224.000   5.2780662e-05
      225.000   4.9869486e-05
      226.000   4.6984464e-05
      227.000   4.4203371e-05
      228.000   4.1665775e-05
      229.000   3.9500235e-05
      230.000   3.7732781e-05
      231.000   3.6266039e-05
      232.000   3.4954766e-05
      233.000   3.3704138e-05
      234.000   3.2510146e-05
      235.000   3.1413012e-05
      236.000   3.0471627e-05
      237.000   2.9730209e-05
      238.000   2.9179158e-05
      239.000   2.8779119e-05
      240.000   2.8486407e-05
      241.000   2.8223689e-05
      242.000   2.7873304e-05
      243.000   2.7319435e-05
      244.000   2.6520409e-05
      245.000   2.5554667e-05
      246.000   2.4545490e-05
      247.000   2.3553193e-05
      248.000   2.2569411e-05
      249.000   2.1582555e-05
      250.000   2.0618476e-05
      251.000   1.9740964e-05
      252.000   1.9014869e-05
      253.000   1.8464863e-05
      254.000   1.8051458e-05
      255.000   1.7685728e-05
      256.000   1.7293643e-05
      257.000   1.6881771e-05
      258.000   1.6522396e-05
      259.000   1.6277007e-05
      260.000   1.6144311e-05
      261.000   1.6060540e-05
      262.000   1.5948346e-05
      263.000   1.5772599e-05
      264.000   1.5546060e-05
      265.000   1.5284233e-05
      266.000   1.4982219e-05
      267.000   1.4631185e-05
      268.000   1.4232923e-05
      269.000   1.3790107e-05
      270.000   1.3293825e-05
      271.000   1.2735567e-05
      272.000   1.2137490e-05
      273.000   1.1547099e-05
      274.000   1.1001911e-05
      275.000   1.0525238e-05
      276.000   1.0134081e-05
      277.000   9.8418632e-06
      278.000   9.6574095e-06
      279.000   9.5697114e-06
      280.000   9.5426030e-06
      281.000   9.5363239e-06
      282.000   9.5318446e-06
      283.000   9.5372006e-06
      284.000   9.5730029e-06
      285.000   9.6399763e-06
      286.000   9.7075572e-06
      287.000   9.7372858e-06
      288.000   9.7072580e-06
      289.000   9.6146605e-06
      290.000   9.4708248e-06
      291.000   9.2937435e-06
      292.000   9.0954627e-06
      293.000   8.8764709e-06
      294.000   8.6308137e-06
      295.000   8.3586074e-06
      296.000   8.0757009e-06
      297.000   7.8069506e-06
      298.000   7.5744224e-06
      299.000   7.3943202e-06
      300.000   7.2749917e-06
      301.000   7.2105399e-06
      302.000   7.1752647e-06
      303.000   7.1414802e-06
      304.000   7.1004488e-06
      305.000   7.0540182e-06
      306.000   7.0013261e-06
      307.000   6.9369239e-06
      308.000   6.8506097e-06
      309.000   6.7377869e-06
      310.000   6.6087177e-06
      311.000   6.4741903e-06
      312.000   6.3414464e-06
      313.000   6.2241952e-06
      314.000   6.1330497e-06
      315.000   6.0623292e-06
      316.000   5.9954982e-06
      317.000   5.9180302e-06
      318.000   5.8260275e-06
      319.000   5.7360962e-06
      320.000   5.6461818e-06
      321.000       0.0000000
