CIV     0.1467879600    0.0000090881    11.45954      4.13942  13.580308    0.088413  1.1283071 
CIV     0.1470319356    0.0000067819    19.78616      2.73363  14.063483    0.053009  1.1283071

SiIII    0.1468002635    0.0000071823    15.04945      3.20425  12.581947    0.046811  0.8254420
SiIII    0.1470696294    0.0000046806    16.41430      1.93753  12.874927    0.031856  0.8254420 

SiIV     0.1467847667    0.0000146730    12.87770      7.04484  12.693866    0.101641  1.1032907 
SiIV     0.1470625413    0.0000090584    10.99345      4.51333  12.882217    0.067697  1.1032907 
FeII*    -0.0000680849    0.0000041078    33.02657      1.80962  14.841070    0.026814  1.1032907

OVI     0.1468869480    0.0000359520    39.40783     13.39117  13.771070    0.110788  0.7899618
OVI     0.1471214135    0.0000144080    16.42577      6.18110  13.728105    0.112093  0.7899618
SiII*    -0.0000517586    0.0000030177    32.58941      2.89620  14.940880    0.164345  0.7899618

HI      0.1453374354    0.0000113546    26.79526      4.57976  13.161051    0.047817  1.1294337
HI      0.1467647340    0.0000112505    23.22838      2.26245  14.877932    0.054356  1.1294337
HI      0.1471044762    0.0000109411    28.73394      2.48298  15.442935    0.135372  1.1294337
HI      0.1479447867    0.0000076926    39.70541      2.95879  13.493957    0.023604  1.1294337
SiIV*   -0.0000945696    0.0000059327    46.73199      2.69137  13.762854    0.017324  1.1294337
>>       2.4404780000SZ  0.0000000000    20.40134      2.17649   1.000000SH  0.000000  2 !

