      1.00000  6.98400e-05
      2.00000  6.97800e-05
      3.00000  7.11300e-05
      4.00000  7.27200e-05
      5.00000  7.43100e-05
      6.00000  7.62300e-05
      7.00000  7.86600e-05
      8.00000  8.13600e-05
      9.00000  8.37600e-05
      10.0000  8.55000e-05
      11.0000  8.68200e-05
      12.0000  8.81400e-05
      13.0000  9.00300e-05
      14.0000  9.30300e-05
      15.0000  9.73800e-05
      16.0000  0.000102840
      17.0000  0.000109050
      18.0000  0.000115440
      19.0000  0.000121170
      20.0000  0.000125730
      21.0000  0.000129060
      22.0000  0.000131490
      23.0000  0.000133920
      24.0000  0.000137430
      25.0000  0.000141960
      26.0000  0.000146790
      27.0000  0.000151260
      28.0000  0.000155340
      29.0000  0.000159840
      30.0000  0.000166290
      31.0000  0.000175590
      32.0000  0.000186840
      33.0000  0.000198120
      34.0000  0.000207990
      35.0000  0.000216600
      36.0000  0.000225030
      37.0000  0.000235170
      38.0000  0.000248010
      39.0000  0.000262290
      40.0000  0.000275220
      41.0000  0.000284970
      42.0000  0.000292500
      43.0000  0.000299970
      44.0000  0.000309900
      45.0000  0.000323700
      46.0000  0.000341700
      47.0000  0.000362400
      48.0000  0.000384000
      49.0000  0.000407100
      50.0000  0.000435000
      51.0000  0.000468900
      52.0000  0.000508500
      53.0000  0.000551100
      54.0000  0.000594600
      55.0000  0.000633600
      56.0000  0.000663000
      57.0000  0.000681600
      58.0000  0.000695400
      59.0000  0.000712800
      60.0000  0.000733200
      61.0000  0.000746400
      62.0000  0.000746700
      63.0000  0.000740700
      64.0000  0.000738000
      65.0000  0.000747900
      66.0000  0.000778200
      67.0000  0.000828900
      68.0000  0.000889200
      69.0000  0.000947100
      70.0000  0.000991800
      71.0000   0.00102000
      72.0000   0.00104100
      73.0000   0.00106890
      74.0000   0.00110880
      75.0000   0.00115080
      76.0000   0.00118410
      77.0000   0.00120660
      78.0000   0.00121830
      79.0000   0.00121590
      80.0000   0.00120180
      81.0000   0.00119400
      82.0000   0.00121050
      83.0000   0.00124890
      84.0000   0.00129720
      85.0000   0.00135090
      86.0000   0.00140670
      87.0000   0.00146310
      88.0000   0.00152730
      89.0000   0.00160890
      90.0000   0.00170070
      91.0000   0.00177450
      92.0000   0.00180780
      93.0000   0.00180360
      94.0000   0.00178680
      95.0000   0.00179220
      96.0000   0.00185820
      97.0000   0.00200550
      98.0000   0.00220380
      99.0000   0.00239190
      100.000   0.00253650
      101.000   0.00263940
      102.000   0.00269760
      103.000   0.00270030
      104.000   0.00266790
      105.000   0.00265320
      106.000   0.00269010
      107.000   0.00276810
      108.000   0.00284550
      109.000   0.00288420
      110.000   0.00289380
      111.000   0.00293010
      112.000   0.00303600
      113.000   0.00318600
      114.000   0.00332100
      115.000   0.00341400
      116.000   0.00350100
      117.000   0.00366300
      118.000   0.00396000
      119.000   0.00440400
      120.000   0.00489600
      121.000   0.00528000
      122.000   0.00547200
      123.000   0.00550500
      124.000   0.00546600
      125.000   0.00546300
      126.000   0.00561300
      127.000   0.00592500
      128.000   0.00626400
      129.000   0.00649500
      130.000   0.00666600
      131.000   0.00694500
      132.000   0.00754200
      133.000   0.00856200
      134.000   0.00992700
      135.000    0.0117030
      136.000    0.0138630
      137.000    0.0160050
      138.000    0.0179430
      139.000    0.0196830
      140.000    0.0212850
      141.000    0.0229620
      142.000    0.0248670
      143.000    0.0274740
      144.000    0.0323100
      145.000    0.0417900
      146.000    0.0582000
      147.000    0.0841800
      148.000     0.124410
      149.000     0.183570
      150.000     0.253890
      151.000     0.305700
      152.000     0.307500
      153.000     0.258930
      154.000     0.190350
      155.000     0.130710
      156.000    0.0886800
      157.000    0.0613200
      158.000    0.0445800
      159.000    0.0350100
      160.000    0.0294990
      161.000    0.0258720
      162.000    0.0233640
      163.000    0.0217740
      164.000    0.0206070
      165.000    0.0191970
      166.000    0.0173280
      167.000    0.0152460
      168.000    0.0130050
      169.000    0.0107400
      170.000   0.00897300
      171.000   0.00783300
      172.000   0.00705900
      173.000   0.00651600
      174.000   0.00610200
      175.000   0.00579000
      176.000   0.00554100
      177.000   0.00526200
      178.000   0.00496500
      179.000   0.00472800
      180.000   0.00460200
      181.000   0.00456900
      182.000   0.00454200
      183.000   0.00442500
      184.000   0.00420000
      185.000   0.00394500
      186.000   0.00370800
      187.000   0.00345900
      188.000   0.00316800
      189.000   0.00288780
      190.000   0.00268410
      191.000   0.00257910
      192.000   0.00253590
      193.000   0.00250110
      194.000   0.00244620
      195.000   0.00238710
      196.000   0.00235950
      197.000   0.00237210
      198.000   0.00240360
      199.000   0.00244080
      200.000   0.00247380
      201.000   0.00246060
      202.000   0.00235980
      203.000   0.00219480
      204.000   0.00203520
      205.000   0.00193290
      206.000   0.00190350
      207.000   0.00193350
      208.000   0.00199140
      209.000   0.00203790
      210.000   0.00203460
      211.000   0.00195540
      212.000   0.00180990
      213.000   0.00164160
      214.000   0.00149310
      215.000   0.00138390
      216.000   0.00132030
      217.000   0.00129870
      218.000   0.00129660
      219.000   0.00128910
      220.000   0.00126540
      221.000   0.00123030
      222.000   0.00119730
      223.000   0.00117300
      224.000   0.00114090
      225.000   0.00107940
      226.000  0.000994500
      227.000  0.000913200
      228.000  0.000858000
      229.000  0.000835500
      230.000  0.000837000
      231.000  0.000843900
      232.000  0.000844500
      233.000  0.000836100
      234.000  0.000821700
      235.000  0.000811800
      236.000  0.000817200
      237.000  0.000836400
      238.000  0.000858000
      239.000  0.000875100
      240.000  0.000882600
      241.000  0.000867000
      242.000  0.000823200
      243.000  0.000764400
      244.000  0.000708600
      245.000  0.000666600
      246.000  0.000639600
      247.000  0.000624300
      248.000  0.000611100
      249.000  0.000589800
      250.000  0.000561300
      251.000  0.000535500
      252.000  0.000515700
      253.000  0.000497100
      254.000  0.000471900
      255.000  0.000439500
      256.000  0.000402900
      257.000  0.000369000
      258.000  0.000344400
      259.000  0.000331800
      260.000  0.000327000
      261.000  0.000322800
      262.000  0.000315300
      263.000  0.000303300
      264.000  0.000288120
      265.000  0.000272070
      266.000  0.000257910
      267.000  0.000248160
      268.000  0.000243510
      269.000  0.000242310
      270.000  0.000241800
      271.000  0.000239670
      272.000  0.000234960
      273.000  0.000228240
      274.000  0.000220320
      275.000  0.000211230
      276.000  0.000200850
      277.000  0.000189990
      278.000  0.000180030
      279.000  0.000172140
      280.000  0.000167310
      281.000  0.000165630
      282.000  0.000165480
      283.000  0.000164760
      284.000  0.000162600
      285.000  0.000159360
      286.000  0.000156060
      287.000  0.000153630
      288.000  0.000151440
      289.000  0.000148020
      290.000  0.000142800
      291.000  0.000136470
      292.000  0.000129600
      293.000  0.000123000
      294.000  0.000117780
      295.000  0.000114420
      296.000  0.000111870
      297.000  0.000108660
      298.000  0.000104130
      299.000  9.80700e-05
      300.000  9.09600e-05
      301.000  8.37000e-05
      302.000  7.72200e-05
      303.000  7.23300e-05
