      1.00000   5.5468749e-06
      2.00000   5.6163335e-06
      3.00000   5.6674980e-06
      4.00000   5.7061548e-06
      5.00000   5.7135035e-06
      6.00000   5.6905460e-06
      7.00000   5.6501658e-06
      8.00000   5.6150084e-06
      9.00000   5.6053423e-06
      10.0000   5.6289423e-06
      11.0000   5.6816639e-06
      12.0000   5.7576030e-06
      13.0000   5.8577070e-06
      14.0000   5.9930644e-06
      15.0000   6.1764817e-06
      16.0000   6.4080887e-06
      17.0000   6.6661269e-06
      18.0000   6.9236112e-06
      19.0000   7.1688573e-06
      20.0000   7.4004515e-06
      21.0000   7.6132437e-06
      22.0000   7.7955756e-06
      23.0000   7.9316251e-06
      24.0000   8.0018272e-06
      25.0000   7.9985493e-06
      26.0000   7.9422380e-06
      27.0000   7.8678504e-06
      28.0000   7.7977475e-06
      29.0000   7.7433997e-06
      30.0000   7.7196173e-06
      31.0000   7.7435789e-06
      32.0000   7.8238800e-06
      33.0000   7.9586807e-06
      34.0000   8.1421995e-06
      35.0000   8.3794421e-06
      36.0000   8.6880409e-06
      37.0000   9.0736421e-06
      38.0000   9.5081004e-06
      39.0000   9.9453373e-06
      40.0000   1.0348222e-05
      41.0000   1.0692757e-05
      42.0000   1.0976376e-05
      43.0000   1.1219440e-05
      44.0000   1.1432638e-05
      45.0000   1.1597279e-05
      46.0000   1.1685400e-05
      47.0000   1.1689072e-05
      48.0000   1.1632706e-05
      49.0000   1.1560866e-05
      50.0000   1.1516776e-05
      51.0000   1.1528256e-05
      52.0000   1.1609390e-05
      53.0000   1.1766749e-05
      54.0000   1.2005714e-05
      55.0000   1.2329611e-05
      56.0000   1.2741675e-05
      57.0000   1.3250145e-05
      58.0000   1.3861378e-05
      59.0000   1.4561786e-05
      60.0000   1.5311936e-05
      61.0000   1.6052609e-05
      62.0000   1.6717349e-05
      63.0000   1.7272618e-05
      64.0000   1.7741108e-05
      65.0000   1.8179224e-05
      66.0000   1.8632829e-05
      67.0000   1.9112405e-05
      68.0000   1.9580122e-05
      69.0000   1.9988152e-05
      70.0000   2.0342462e-05
      71.0000   2.0721571e-05
      72.0000   2.1219552e-05
      73.0000   2.1857486e-05
      74.0000   2.2569449e-05
      75.0000   2.3272840e-05
      76.0000   2.3957602e-05
      77.0000   2.4697554e-05
      78.0000   2.5595813e-05
      79.0000   2.6720309e-05
      80.0000   2.8059605e-05
      81.0000   2.9488268e-05
      82.0000   3.0807809e-05
      83.0000   3.1890453e-05
      84.0000   3.2767064e-05
      85.0000   3.3535449e-05
      86.0000   3.4260353e-05
      87.0000   3.4958131e-05
      88.0000   3.5619094e-05
      89.0000   3.6249166e-05
      90.0000   3.6962101e-05
      91.0000   3.7952454e-05
      92.0000   3.9329265e-05
      93.0000   4.1073406e-05
      94.0000   4.3172688e-05
      95.0000   4.5719920e-05
      96.0000   4.8785561e-05
      97.0000   5.2245421e-05
      98.0000   5.5896697e-05
      99.0000   5.9733542e-05
      100.000   6.4018495e-05
      101.000   6.9084032e-05
      102.000   7.5119460e-05
      103.000   8.2159269e-05
      104.000   9.0181573e-05
      105.000   9.9189281e-05
      106.000   0.00010918192
      107.000   0.00012006148
      108.000   0.00013157925
      109.000   0.00014340488
      110.000   0.00015545504
      111.000   0.00016817369
      112.000   0.00018227710
      113.000   0.00019816155
      114.000   0.00021574370
      115.000   0.00023501340
      116.000   0.00025648592
      117.000   0.00028101006
      118.000   0.00030903038
      119.000   0.00034024887
      120.000   0.00037465710
      121.000   0.00041348091
      122.000   0.00045830762
      123.000   0.00050932221
      124.000   0.00056456582
      125.000   0.00062053575
      126.000   0.00067295710
      127.000   0.00071815756
      128.000   0.00075555628
      129.000   0.00078829360
      130.000   0.00082106719
      131.000   0.00085727579
      132.000   0.00089955534
      133.000   0.00095382938
      134.000    0.0010298024
      135.000    0.0011361646
      136.000    0.0012773039
      137.000    0.0014539827
      138.000    0.0016634108
      139.000    0.0019012386
      140.000    0.0021696966
      141.000    0.0024829942
      142.000    0.0028495295
      143.000    0.0032497530
      144.000    0.0036439314
      145.000    0.0040126736
      146.000    0.0043904558
      147.000    0.0048417528
      148.000    0.0054310430
      149.000    0.0062444713
      150.000    0.0073914281
      151.000    0.0089525534
      152.000     0.010997658
      153.000     0.013766453
      154.000     0.017837256
      155.000     0.024015499
      156.000     0.032905925
      157.000     0.044497702
      158.000     0.058118563
      159.000     0.072368644
      160.000     0.084520370
      161.000     0.090688743
      162.000     0.088186920
      163.000     0.078098632
      164.000     0.064224608
      165.000     0.050126702
      166.000     0.037898269
      167.000     0.028262276
      168.000     0.021084165
      169.000     0.015881559
      170.000     0.012149326
      171.000    0.0094724633
      172.000    0.0075760675
      173.000    0.0062915832
      174.000    0.0054656104
      175.000    0.0049286303
      176.000    0.0045209788
      177.000    0.0041338755
      178.000    0.0037267483
      179.000    0.0033111845
      180.000    0.0029139488
      181.000    0.0025499370
      182.000    0.0022230677
      183.000    0.0019381666
      184.000    0.0016991305
      185.000    0.0015031490
      186.000    0.0013415590
      187.000    0.0012008231
      188.000    0.0010656059
      189.000   0.00092958385
      190.000   0.00079893065
      191.000   0.00068405026
      192.000   0.00059022260
      193.000   0.00051677483
      194.000   0.00046043261
      195.000   0.00041667293
      196.000   0.00038023503
      197.000   0.00034631439
      198.000   0.00031239103
      199.000   0.00027837403
      200.000   0.00024574815
      201.000   0.00021677822
      202.000   0.00019321016
      203.000   0.00017528061
      204.000   0.00016188290
      205.000   0.00015150779
      206.000   0.00014299729
      207.000   0.00013556123
      208.000   0.00012858136
      209.000   0.00012157852
      210.000   0.00011440091
      211.000   0.00010726183
      212.000   0.00010046222
      213.000   9.4021059e-05
      214.000   8.7801345e-05
      215.000   8.1775026e-05
      216.000   7.6042656e-05
      217.000   7.0798305e-05
      218.000   6.6184744e-05
      219.000   6.2152300e-05
      220.000   5.8530208e-05
      221.000   5.5168784e-05
      222.000   5.1998188e-05
      223.000   4.9023056e-05
      224.000   4.6273475e-05
      225.000   4.3743261e-05
      226.000   4.1450596e-05
      227.000   3.9460421e-05
      228.000   3.7822556e-05
      229.000   3.6501595e-05
      230.000   3.5430348e-05
      231.000   3.4563596e-05
      232.000   3.3850767e-05
      233.000   3.3238415e-05
      234.000   3.2665354e-05
      235.000   3.2038217e-05
      236.000   3.1232092e-05
      237.000   3.0182035e-05
      238.000   2.8946810e-05
      239.000   2.7655125e-05
      240.000   2.6413587e-05
      241.000   2.5243840e-05
      242.000   2.4121577e-05
      243.000   2.3085366e-05
      244.000   2.2227030e-05
      245.000   2.1581938e-05
      246.000   2.1101743e-05
      247.000   2.0689811e-05
      248.000   2.0247540e-05
      249.000   1.9746069e-05
      250.000   1.9242745e-05
      251.000   1.8812325e-05
      252.000   1.8469887e-05
      253.000   1.8153451e-05
      254.000   1.7795401e-05
      255.000   1.7390113e-05
      256.000   1.6978973e-05
      257.000   1.6571974e-05
      258.000   1.6128370e-05
      259.000   1.5608119e-05
      260.000   1.5008292e-05
      261.000   1.4351317e-05
      262.000   1.3669364e-05
      263.000   1.2992892e-05
      264.000   1.2346551e-05
      265.000   1.1750398e-05
      266.000   1.1215177e-05
      267.000   1.0765446e-05
      268.000   1.0441146e-05
      269.000   1.0259224e-05
      270.000   1.0190790e-05
      271.000   1.0187528e-05
      272.000   1.0219982e-05
      273.000   1.0285964e-05
      274.000   1.0391853e-05
      275.000   1.0524533e-05
      276.000   1.0640459e-05
      277.000   1.0680985e-05
      278.000   1.0614436e-05
      279.000   1.0453896e-05
      280.000   1.0230920e-05
      281.000   9.9587351e-06
      282.000   9.6290887e-06
      283.000   9.2343525e-06
      284.000   8.7892713e-06
      285.000   8.3401583e-06
      286.000   7.9489428e-06
      287.000   7.6594688e-06
      288.000   7.4777986e-06
      289.000   7.3826936e-06
      290.000   7.3486999e-06
      291.000   7.3613664e-06
      292.000   7.4135396e-06
      293.000   7.4944483e-06
      294.000   7.5823559e-06
      295.000   7.6536044e-06
      296.000   7.7016548e-06
      297.000   7.7259610e-06
      298.000   7.7094055e-06
      299.000   7.6274464e-06
      300.000   7.4774794e-06
      301.000   7.2787566e-06
      302.000   7.0517144e-06
      303.000   6.8097333e-06
      304.000   6.5627701e-06
      305.000   6.3211428e-06
      306.000   6.0979032e-06
      307.000   5.9075223e-06
      308.000   5.7584075e-06
      309.000   5.6452313e-06
      310.000   5.5552632e-06
      311.000   5.4842044e-06
      312.000   5.4404950e-06
      313.000   5.4325624e-06
      314.000   5.4622965e-06
      315.000   5.5251744e-06
      316.000   5.6034182e-06
      317.000   5.6696949e-06
      318.000   5.6978647e-06
      319.000   5.6795575e-06
      320.000   5.5944988e-06
      321.000       0.0000000
