# %ECSV 1.0
# ---
# datatype:
# - {name: H, datatype: float64}
# - {name: H+, datatype: float64}
# - {name: C+, datatype: float64}
# - {name: C+2, datatype: float64}
# - {name: C+3, datatype: float64}
# - {name: N+2, datatype: float64}
# - {name: N+4, datatype: float64}
# - {name: O, datatype: float64}
# - {name: O+2, datatype: float64}
# - {name: O+5, datatype: float64}
# - {name: O+6, datatype: float64}
# - {name: Si+, datatype: float64}
# - {name: Si+2, datatype: float64}
# - {name: Si+3, datatype: float64}
# - {name: Si+4, datatype: float64}
# - {name: log_nH, datatype: float64}
# - {name: log_Te, datatype: float64}
# - {name: parameters, datatype: string, subtype: 'float64[1]'}
# schema: astropy-2.0
H H+ C+ C+2 C+3 N+2 N+4 O O+2 O+5 O+6 Si+ Si+2 Si+3 Si+4 log_nH log_Te parameters
39810700000000.0 1.85487e+18 1902190000.0 328462000000.0 1454450000000.0 50226600000.0 1529570000000.0 8824.21 128734000000.0 20574300000000.0 39971900000000.0 981869.0 54388300.0 299452000.0 39921000000.0 -5.0 4.574 [-5.0]
39810700000000.0 1.75516e+18 2070980000.0 348291000000.0 1483440000000.0 53699500000.0 1518850000000.0 9881.45 138304000000.0 19729000000000.0 36437900000000.0 1174880.0 63566900.0 338414000.0 42711200000.0 -4.98 4.569 [-4.98]
39810700000000.0 1.66114e+18 2252210000.0 368844000000.0 1511170000000.0 57357600000.0 1505980000000.0 11065.7 148418000000.0 18878400000000.0 33155700000000.0 1402970.0 74169100.0 381821000.0 45628300000.0 -4.96 4.564 [-4.96]
39810700000000.0 1.57246e+18 2446620000.0 390119000000.0 1537560000000.0 61204500000.0 1490980000000.0 12391.9 159086000000.0 18026200000000.0 30113400000000.0 1671970.0 86394900.0 430095000.0 48672300000.0 -4.94 4.56 [-4.94]
39810700000000.0 1.48879e+18 2654940000.0 412113000000.0 1562570000000.0 65242300000.0 1473900000000.0 13876.0 170313000000.0 17175500000000.0 27299000000000.0 1988580.0 100470000.0 483700000.0 51842800000.0 -4.92 4.555 [-4.92]
39810700000000.0 1.4098e+18 2878010000.0 434823000000.0 1586120000000.0 69474000000.0 1454760000000.0 15536.9 182104000000.0 16329700000000.0 24700900000000.0 2360530.0 116649000.0 543124000.0 55138600000.0 -4.9 4.55 [-4.9]
39810700000000.0 1.33522e+18 3116370000.0 458225000000.0 1608190000000.0 73895600000.0 1433620000000.0 17391.2 194448000000.0 15492000000000.0 22307500000000.0 2796450.0 135211000.0 608895000.0 58557500000.0 -4.88 4.546 [-4.88]
39810700000000.0 1.26477e+18 3371070000.0 482322000000.0 1628700000000.0 78510500000.0 1410540000000.0 19464.2 207353000000.0 14665400000000.0 20107400000000.0 3306510.0 156476000.0 681568000.0 62097100000.0 -4.86 4.541 [-4.86]
39810700000000.0 1.19825e+18 3643210000.0 507109000000.0 1647610000000.0 83320900000.0 1385570000000.0 21784.6 220828000000.0 13852700000000.0 18090000000000.0 3902160.0 180797000.0 761698000.0 65753000000.0 -4.84 4.537 [-4.84]
39810700000000.0 1.13537e+18 3933130000.0 532547000000.0 1664890000000.0 88315400000.0 1358790000000.0 24372.4 234839000000.0 13056600000000.0 16243400000000.0 4596230.0 208567000.0 849965000.0 69522400000.0 -4.82 4.532 [-4.82]
39810700000000.0 1.0759e+18 4241690000.0 558615000000.0 1680480000000.0 93489200000.0 1330280000000.0 27257.9 249376000000.0 12279500000000.0 14556800000000.0 5403370.0 240224000.0 947034000.0 73400200000.0 -4.8 4.528 [-4.8]
39810700000000.0 1.01966e+18 4569680000.0 585285000000.0 1694340000000.0 98835400000.0 1300130000000.0 30474.1 264422000000.0 11523500000000.0 13019900000000.0 6340110.0 276252000.0 1053610000.0 77380700000.0 -4.78 4.524 [-4.78]
39810700000000.0 9.6645e+17 4917800000.0 612522000000.0 1706440000000.0 104344000000.0 1268440000000.0 34055.8 279956000000.0 10790700000000.0 11622600000000.0 7425000.0 317186000.0 1170450000.0 81457200000.0 -4.76 4.52 [-4.76]
39810700000000.0 9.16099e+17 5286910000.0 640294000000.0 1716740000000.0 110005000000.0 1235320000000.0 38044.8 295960000000.0 10082700000000.0 10355000000000.0 8678980.0 363619000.0 1298320000.0 85622000000.0 -4.74 4.516 [-4.74]
39810700000000.0 8.68441e+17 5677630000.0 668552000000.0 1725190000000.0 115806000000.0 1200880000000.0 42484.1 312404000000.0 9400930000000.0 9207860000000.0 10125300.0 416197000.0 1438040000.0 89866500000.0 -4.72 4.511 [-4.72]
39810700000000.0 8.23322e+17 6090640000.0 697251000000.0 1731780000000.0 121731000000.0 1165250000000.0 47423.3 329262000000.0 8746620000000.0 8171970000000.0 11790100.0 475635000.0 1590470000.0 94181300000.0 -4.7 4.507 [-4.7]
39810700000000.0 7.80599e+17 6526560000.0 726336000000.0 1736460000000.0 127765000000.0 1128570000000.0 52917.0 346503000000.0 8120680000000.0 7238710000000.0 13702200.0 542714000.0 1756500000.0 98555900000.0 -4.68 4.503 [-4.68]
39810700000000.0 7.40136e+17 6985930000.0 755748000000.0 1739220000000.0 133890000000.0 1090970000000.0 59026.4 364094000000.0 7523740000000.0 6399820000000.0 15893900.0 618285000.0 1937040000.0 102979000000.0 -4.66 4.499 [-4.66]
39810700000000.0 7.01799e+17 7469010000.0 785413000000.0 1740010000000.0 140083000000.0 1052590000000.0 65816.6 381996000000.0 6956210000000.0 5647400000000.0 18400500.0 703275000.0 2133070000.0 107438000000.0 -4.64 4.495 [-4.64]
39810700000000.0 6.65482e+17 7976500000.0 815270000000.0 1738830000000.0 146328000000.0 1013590000000.0 73368.2 400181000000.0 6418330000000.0 4974130000000.0 21261300.0 798690000.0 2345520000.0 111919000000.0 -4.62 4.491 [-4.62]
39810700000000.0 6.31075e+17 8508820000.0 845246000000.0 1735660000000.0 152603000000.0 974123000000.0 81768.4 418613000000.0 5910050000000.0 4373070000000.0 24519400.0 905624000.0 2575380000.0 116409000000.0 -4.6 4.487 [-4.6]
39810700000000.0 5.98467e+17 9065950000.0 875249000000.0 1730470000000.0 158882000000.0 934336000000.0 91110.0 437249000000.0 5431130000000.0 3837600000000.0 28221700.0 1025250000.0 2823680000.0 120891000000.0 -4.58 4.483 [-4.58]
39810700000000.0 5.67565e+17 9648220000.0 905197000000.0 1723270000000.0 165145000000.0 894388000000.0 101505.0 456055000000.0 4981180000000.0 3361650000000.0 32419900.0 1158830000.0 3091400000.0 125350000000.0 -4.56 4.48 [-4.56]
39810700000000.0 5.38273e+17 10255900000.0 935009000000.0 1714040000000.0 171369000000.0 854420000000.0 113080.0 474999000000.0 4559520000000.0 2939400000000.0 37171500.0 1307770000.0 3379600000.0 129769000000.0 -4.54 4.476 [-4.54]
39810700000000.0 5.1052e+17 10888400000.0 964560000000.0 1702790000000.0 177525000000.0 814614000000.0 125962.0 494023000000.0 4165750000000.0 2565870000000.0 42532900.0 1473400000.0 3689110000.0 134128000000.0 -4.52 4.472 [-4.52]
39810700000000.0 4.8421e+17 11546200000.0 993776000000.0 1689520000000.0 183593000000.0 775086000000.0 140322.0 513108000000.0 3798720000000.0 2235890000000.0 48574100.0 1657370000.0 4021050000.0 138412000000.0 -4.5 4.468 [-4.5]
39810700000000.0 4.59269e+17 12228700000.0 1022540000000.0 1674230000000.0 189549000000.0 735983000000.0 156332.0 532207000000.0 3457580000000.0 1945040000000.0 55364700.0 1861290000.0 4376350000.0 142600000000.0 -4.48 4.464 [-4.48]
39810700000000.0 4.35624e+17 12935400000.0 1050740000000.0 1656960000000.0 195367000000.0 697439000000.0 174192.0 551283000000.0 3141310000000.0 1689200000000.0 62980400.0 2086880000.0 4755900000.0 146672000000.0 -4.46 4.46 [-4.46]
39810700000000.0 4.13213e+17 13666100000.0 1078270000000.0 1637720000000.0 201026000000.0 659582000000.0 194132.0 570299000000.0 2848860000000.0 1464640000000.0 71502200.0 2335960000.0 5160470000.0 150609000000.0 -4.44 4.456 [-4.44]
39810700000000.0 3.91976e+17 14421200000.0 1105040000000.0 1616540000000.0 206512000000.0 622527000000.0 216430.0 589232000000.0 2579070000000.0 1267930000000.0 81020300.0 2610480000.0 5590680000.0 154390000000.0 -4.42 4.453 [-4.42]
39810700000000.0 3.71843e+17 15198700000.0 1130920000000.0 1593470000000.0 211796000000.0 586378000000.0 241359.0 608027000000.0 2330770000000.0 1095930000000.0 91623700.0 2912390000.0 6047360000.0 157995000000.0 -4.4 4.449 [-4.4]
39810700000000.0 3.52755e+17 15997100000.0 1155750000000.0 1568560000000.0 216854000000.0 551230000000.0 269238.0 626642000000.0 2102800000000.0 945793000000.0 103407000.0 3243690000.0 6531130000.0 161404000000.0 -4.38 4.445 [-4.38]
39810700000000.0 3.3466e+17 16816200000.0 1179470000000.0 1541850000000.0 221674000000.0 517161000000.0 300459.0 645051000000.0 1893920000000.0 814992000000.0 116475000.0 3606570000.0 7042360000.0 164596000000.0 -4.36 4.441 [-4.36]
39810700000000.0 3.17505e+17 17654800000.0 1201930000000.0 1513410000000.0 226237000000.0 484245000000.0 335442.0 663217000000.0 1702980000000.0 701242000000.0 130936000.0 4003190000.0 7581320000.0 167552000000.0 -4.34 4.437 [-4.34]
39810700000000.0 3.01244e+17 18511300000.0 1223050000000.0 1483310000000.0 230529000000.0 452542000000.0 374666.0 681104000000.0 1528810000000.0 602495000000.0 146899000.0 4435730000.0 8148120000.0 170251000000.0 -4.32 4.434 [-4.32]
39810700000000.0 2.8583e+17 19384600000.0 1242700000000.0 1451650000000.0 234535000000.0 422100000000.0 418676.0 698679000000.0 1370270000000.0 516923000000.0 164481000.0 4906430000.0 8742660000.0 172675000000.0 -4.3 4.43 [-4.3]
39810700000000.0 2.71214e+17 20272300000.0 1260770000000.0 1418490000000.0 238242000000.0 392952000000.0 468074.0 715904000000.0 1226230000000.0 442876000000.0 183798000.0 5417470000.0 9364830000.0 174806000000.0 -4.28 4.426 [-4.28]
39810700000000.0 2.57362e+17 21173500000.0 1277190000000.0 1383960000000.0 241641000000.0 365129000000.0 523564.0 732751000000.0 1095660000000.0 378926000000.0 204973000.0 5971050000.0 10013800000.0 176627000000.0 -4.26 4.423 [-4.26]
39810700000000.0 2.44229e+17 22085800000.0 1291840000000.0 1348140000000.0 244721000000.0 338641000000.0 585921.0 749184000000.0 977500000000.0 323771000000.0 228129000.0 6569280000.0 10689100000.0 178121000000.0 -4.24 4.419 [-4.24]
39810700000000.0 2.31774e+17 23008100000.0 1304660000000.0 1311140000000.0 247477000000.0 313484000000.0 656058.0 765181000000.0 870746000000.0 276263000000.0 253402000.0 7214440000.0 11389600000.0 179275000000.0 -4.22 4.416 [-4.22]
39810700000000.0 2.19972e+17 23934500000.0 1315520000000.0 1273140000000.0 249893000000.0 289688000000.0 734832.0 780676000000.0 774590000000.0 235445000000.0 280862000.0 7907480000.0 12113900000.0 180073000000.0 -4.2 4.412 [-4.2]
39810700000000.0 2.08778e+17 24868500000.0 1324450000000.0 1234180000000.0 251981000000.0 267197000000.0 823562.0 795690000000.0 687991000000.0 200380000000.0 310708000.0 8651470000.0 12860400000.0 180506000000.0 -4.18 4.408 [-4.18]
39810700000000.0 1.98167e+17 25803000000.0 1331310000000.0 1194450000000.0 253723000000.0 246023000000.0 923330.0 810152000000.0 610237000000.0 170330000000.0 342987000.0 9446780000.0 13627100000.0 180563000000.0 -4.16 4.405 [-4.16]
39810700000000.0 1.88112e+17 26736300000.0 1336090000000.0 1154100000000.0 255122000000.0 226141000000.0 1035540.0 824041000000.0 540550000000.0 144619000000.0 377807000.0 10294500000.0 14411300000.0 180237000000.0 -4.14 4.401 [-4.14]
39810700000000.0 1.78571e+17 27666900000.0 1338750000000.0 1113220000000.0 256178000000.0 207495000000.0 1161870.0 837341000000.0 478127000000.0 122626000000.0 415307000.0 11196300000.0 15210900000.0 179520000000.0 -4.12 4.398 [-4.12]
39810700000000.0 1.69523e+17 28591400000.0 1339280000000.0 1071970000000.0 256891000000.0 190060000000.0 1304060.0 850015000000.0 422335000000.0 103850000000.0 455553000.0 12152200000.0 16022700000.0 178410000000.0 -4.1 4.394 [-4.1]
39810700000000.0 1.60943e+17 29507300000.0 1337670000000.0 1030490000000.0 257264000000.0 173796000000.0 1464090.0 862038000000.0 372549000000.0 87840600000.0 498618000.0 13162200000.0 16843000000.0 176905000000.0 -4.08 4.391 [-4.08]
39810700000000.0 1.52805e+17 30412200000.0 1333930000000.0 988935000000.0 257299000000.0 158657000000.0 1644180.0 873384000000.0 328193000000.0 74209200000.0 544561000.0 14225800000.0 17668000000.0 175006000000.0 -4.06 4.387 [-4.06]
39810700000000.0 1.45086e+17 31303100000.0 1328090000000.0 947432000000.0 257002000000.0 144598000000.0 1846840.0 884028000000.0 288735000000.0 62616900000.0 593415000.0 15341700000.0 18493500000.0 172717000000.0 -4.04 4.384 [-4.04]
39810700000000.0 1.37763e+17 32177400000.0 1320180000000.0 906120000000.0 256376000000.0 131569000000.0 2074840.0 893943000000.0 253687000000.0 52771000000.0 645191000.0 16508200000.0 19314800000.0 170044000000.0 -4.02 4.381 [-4.02]
39810700000000.0 1.30817e+17 33032200000.0 1310250000000.0 865134000000.0 255428000000.0 119521000000.0 2331300.0 903106000000.0 222601000000.0 44418900000.0 699869000.0 17722700000.0 20127000000.0 166997000000.0 -4.0 4.377 [-4.0]
39810700000000.0 1.24226e+17 33865100000.0 1298340000000.0 824597000000.0 254166000000.0 108401000000.0 2619700.0 911493000000.0 195068000000.0 37342500000.0 757408000.0 18981800000.0 20924900000.0 163587000000.0 -3.98 4.374 [-3.98]
39810700000000.0 1.17971e+17 34673800000.0 1284550000000.0 784630000000.0 252597000000.0 98160200000.0 2943920.0 919080000000.0 170718000000.0 31354300000.0 817729000.0 20281500000.0 21703000000.0 159830000000.0 -3.96 4.371 [-3.96]
39810700000000.0 1.12036e+17 35456000000.0 1268950000000.0 745347000000.0 250730000000.0 88746800000.0 3308300.0 925848000000.0 149212000000.0 26293200000.0 880715000.0 21616600000.0 22455300000.0 155741000000.0 -3.94 4.367 [-3.94]
39810700000000.0 1.06397e+17 36210200000.0 1251610000000.0 706812000000.0 248573000000.0 80103100000.0 3717980.0 931773000000.0 130228000000.0 22017400000.0 946290000.0 22982000000.0 23176300000.0 151338000000.0 -3.92 4.364 [-3.92]
39810700000000.0 1.0105e+17 36933100000.0 1232670000000.0 669197000000.0 246141000000.0 72196200000.0 4177690.0 936835000000.0 113524000000.0 18415900000.0 1014130000.0 24369400000.0 23859400000.0 146652000000.0 -3.9 4.361 [-3.9]
39810700000000.0 9.59746e+16 37623900000.0 1212230000000.0 632548000000.0 243443000000.0 64969900000.0 4693670.0 941015000000.0 98831700000.0 15383300000.0 1084060000.0 25771800000.0 24498900000.0 141705000000.0 -3.88 4.357 [-3.88]
39810700000000.0 9.11561e+16 38281400000.0 1190400000000.0 596940000000.0 240492000000.0 58377600000.0 5272560.0 944296000000.0 85926000000.0 12832800000.0 1155830000.0 27181000000.0 25088700000.0 136525000000.0 -3.86 4.354 [-3.86]
39810700000000.0 8.65812e+16 38904100000.0 1167310000000.0 562439000000.0 237299000000.0 52374900000.0 5921660.0 946661000000.0 74605000000.0 10690600000.0 1229140000.0 28587500000.0 25623100000.0 131143000000.0 -3.84 4.351 [-3.84]
39810700000000.0 8.22373e+16 39491200000.0 1143070000000.0 529099000000.0 233877000000.0 46918700000.0 6649070.0 948092000000.0 64687500000.0 8893520000.0 1303630000.0 29981500000.0 26096600000.0 125590000000.0 -3.82 4.347 [-3.82]
39810700000000.0 7.8112e+16 40041200000.0 1117800000000.0 496964000000.0 230239000000.0 41968100000.0 7463750.0 948572000000.0 56010800000.0 7387920000.0 1378940000.0 31352300000.0 26504200000.0 119899000000.0 -3.8 4.344 [-3.8]
39810700000000.0 7.41944e+16 40554600000.0 1091640000000.0 466068000000.0 226400000000.0 37484000000.0 8375620.0 948092000000.0 48430000000.0 6128250000.0 1454670000.0 32689500000.0 26841200000.0 114107000000.0 -3.78 4.341 [-3.78]
39810700000000.0 7.04789e+16 41030900000.0 1064760000000.0 436475000000.0 222380000000.0 33434600000.0 9394430.0 946652000000.0 41823700000.0 5076990000.0 1530320000.0 33981700000.0 27104000000.0 108257000000.0 -3.76 4.337 [-3.76]
39810700000000.0 6.69408e+16 41470400000.0 1037150000000.0 408089000000.0 218174000000.0 29770600000.0 10535300.0 944205000000.0 36053700000.0 4197790000.0 1605740000.0 35219000000.0 27288200000.0 102363000000.0 -3.74 4.334 [-3.74]
39810700000000.0 6.35848e+16 41873300000.0 1009070000000.0 381024000000.0 213816000000.0 26473000000.0 11808400.0 940780000000.0 31039500000.0 3466180000.0 1680220000.0 36389700000.0 27392600000.0 96480700000.0 -3.72 4.331 [-3.72]
39810700000000.0 6.03971e+16 42239700000.0 980576000000.0 355246000000.0 209315000000.0 23506600000.0 13229100.0 936358000000.0 26682700000.0 2857510000.0 1753420000.0 37483700000.0 27415100000.0 90639100000.0 -3.7 4.327 [-3.7]
39810700000000.0 5.73737e+16 42570900000.0 951847000000.0 330778000000.0 204693000000.0 20846100000.0 14811500.0 930957000000.0 22907300000.0 2352490000.0 1824820000.0 38491600000.0 27356100000.0 84879300000.0 -3.68 4.324 [-3.68]
39810700000000.0 5.44978e+16 42867400000.0 922893000000.0 307540000000.0 199949000000.0 18457400000.0 16575900.0 924542000000.0 19631900000.0 1933040000.0 1894240000.0 39404700000.0 27214200000.0 79217800000.0 -3.66 4.321 [-3.66]
39810700000000.0 5.17662e+16 43130500000.0 893862000000.0 285544000000.0 195106000000.0 16319400000.0 18539600.0 917131000000.0 16798300000.0 1585690000.0 1961210000.0 40215300000.0 26991400000.0 73691600000.0 -3.64 4.317 [-3.64]
39810700000000.0 4.91673e+16 43360700000.0 864795000000.0 264733000000.0 190169000000.0 14406200000.0 20725800.0 908703000000.0 14347400000.0 1298140000.0 2025510000.0 40916300000.0 26688700000.0 68319800000.0 -3.62 4.314 [-3.62]
39810700000000.0 4.67071e+16 43560300000.0 835945000000.0 245171000000.0 185181000000.0 12704300000.0 23148500.0 899351000000.0 12239700000.0 1061470000.0 2086520000.0 41504300000.0 26313100000.0 63148600000.0 -3.6 4.31 [-3.6]
39810700000000.0 4.43662e+16 43729500000.0 807229000000.0 226729000000.0 180127000000.0 11186000000.0 25839700.0 889003000000.0 10421900000.0 866145000.0 2144330000.0 41973800000.0 25864700000.0 58175800000.0 -3.58 4.307 [-3.58]
39810700000000.0 4.21428e+16 43869900000.0 778776000000.0 209404000000.0 175030000000.0 9835790000.0 28822600.0 877706000000.0 8859000000.0 705472000.0 2198640000.0 42323200000.0 25349600000.0 53425700000.0 -3.56 4.304 [-3.56]
39810700000000.0 4.0031e+16 43982900000.0 750656000000.0 193154000000.0 169904000000.0 8636950000.0 32125200.0 865479000000.0 7517530000.0 573540000.0 2249320000.0 42551900000.0 24773100000.0 48911600000.0 -3.54 4.3 [-3.54]
39810700000000.0 3.80217e+16 44069600000.0 722876000000.0 177913000000.0 164752000000.0 7572560000.0 35782200.0 852312000000.0 6366320000.0 465253000.0 2296410000.0 42659200000.0 24139400000.0 44637000000.0 -3.52 4.297 [-3.52]
39810700000000.0 3.61169e+16 44131900000.0 695596000000.0 163691000000.0 159606000000.0 6632060000.0 39816700.0 838302000000.0 5383190000.0 376811000.0 2339650000.0 42649900000.0 23458100000.0 40620900000.0 -3.5 4.293 [-3.5]
39810700000000.0 3.43077e+16 44170400000.0 668810000000.0 150417000000.0 154467000000.0 5800890000.0 44267500.0 823447000000.0 4543630000.0 304589000.0 2379160000.0 42525800000.0 22734200000.0 36859700000.0 -3.48 4.29 [-3.48]
39810700000000.0 3.25893e+16 44186400000.0 642556000000.0 138048000000.0 149347000000.0 5067430000.0 49171300.0 807783000000.0 3827930000.0 245726000.0 2415020000.0 42291700000.0 21974300000.0 33353200000.0 -3.46 4.286 [-3.46]
39810700000000.0 3.09573e+16 44181100000.0 616872000000.0 126538000000.0 144255000000.0 4421170000.0 54567400.0 791350000000.0 3218930000.0 197845000.0 2447330000.0 41952900000.0 21185200000.0 30098600000.0 -3.44 4.283 [-3.44]
39810700000000.0 2.94073e+16 44155600000.0 591786000000.0 115844000000.0 139203000000.0 3852590000.0 60497200.0 774191000000.0 2701670000.0 158974000.0 2476260000.0 41516000000.0 20373400000.0 27090600000.0 -3.42 4.28 [-3.42]
39810700000000.0 2.79352e+16 44110900000.0 567322000000.0 105923000000.0 134198000000.0 3353070000.0 67004700.0 756353000000.0 2263150000.0 127482000.0 2501970000.0 40987800000.0 19545300000.0 24322000000.0 -3.4 4.276 [-3.4]
39810700000000.0 2.6537e+16 44047800000.0 543501000000.0 96732600000.0 129250000000.0 2914860000.0 74136400.0 737886000000.0 1892110000.0 102019000.0 2524680000.0 40376000000.0 18706900000.0 21783500000.0 -3.38 4.273 [-3.38]
39810700000000.0 2.52092e+16 43967500000.0 520336000000.0 88230100000.0 124366000000.0 2530960000.0 81941200.0 718844000000.0 1578770000.0 81474600.0 2544620000.0 39688300000.0 17863800000.0 19464800000.0 -3.36 4.269 [-3.36]
39810700000000.0 2.39482e+16 43870700000.0 497841000000.0 80375600000.0 119554000000.0 2195120000.0 90470100.0 699282000000.0 1314680000.0 64933200.0 2562020000.0 38932900000.0 17021500000.0 17354400000.0 -3.34 4.266 [-3.34]
39810700000000.0 2.27506e+16 43758100000.0 476022000000.0 73129700000.0 114819000000.0 1901710000.0 99776700.0 679258000000.0 1092550000.0 51643000.0 2577130000.0 38117700000.0 16184600000.0 15440200000.0 -3.32 4.262 [-3.32]
39810700000000.0 2.16158e+16 43631200000.0 454933000000.0 66467500000.0 110180000000.0 1646180000.0 109901000.0 658886000000.0 906409000.0 41005300.0 2590100000.0 37253800000.0 15359500000.0 13712300000.0 -3.3 4.259 [-3.3]
39810700000000.0 2.05331e+16 43488300000.0 434425000000.0 60313400000.0 105607000000.0 1422660000.0 120948000.0 638062000000.0 749899000.0 32463400.0 2601480000.0 36339700000.0 14544100000.0 12149400000.0 -3.28 4.255 [-3.28]
39810700000000.0 1.95073e+16 43332100000.0 414646000000.0 54671400000.0 101138000000.0 1228540000.0 132931000.0 617012000000.0 619334000.0 25658200.0 2611220000.0 35392000000.0 13747600000.0 10747200000.0 -3.26 4.252 [-3.26]
39810700000000.0 1.85332e+16 43162400000.0 395543000000.0 49495000000.0 96767100000.0 1059810000.0 145925000.0 595742000000.0 510423000.0 20237600.0 2619640000.0 34414700000.0 12970900000.0 9490490000.0 -3.24 4.248 [-3.24]
39810700000000.0 1.76102e+16 42980500000.0 377155000000.0 44762000000.0 92507100000.0 913617000.0 159973000.0 574374000000.0 419930000.0 15936500.0 2626870000.0 33417600000.0 12218300000.0 8368890000.0 -3.22 4.245 [-3.22]
39810700000000.0 1.67316e+16 42785300000.0 359384000000.0 40422100000.0 88340300000.0 786581000.0 175179000.0 552855000000.0 344614000.0 12518100.0 2633310000.0 32400900000.0 11487900000.0 7366770000.0 -3.2 4.241 [-3.2]
39810700000000.0 1.58973e+16 42577900000.0 342267000000.0 36456800000.0 84279400000.0 676557000.0 191587000.0 531303000000.0 282198000.0 9812950.0 2639050000.0 31373200000.0 10783200000.0 6475130000.0 -3.18 4.238 [-3.18]
39810700000000.0 1.51049e+16 42358100000.0 325790000000.0 32838700000.0 80325700000.0 581369000.0 209262000.0 509773000000.0 230583000.0 7676650.0 2644250000.0 30339500000.0 10105400000.0 5683460000.0 -3.16 4.234 [-3.16]
39810700000000.0 1.43526e+16 42126800000.0 309948000000.0 29542300000.0 76481900000.0 499117000.0 228266000.0 488331000000.0 188001000.0 5993560.0 2649080000.0 29305100000.0 9455320000.0 4982090000.0 -3.14 4.231 [-3.14]
39810700000000.0 1.36381e+16 41883500000.0 294722000000.0 26542800000.0 72747600000.0 428106000.0 248662000.0 467024000000.0 152942000.0 4670060.0 2653650000.0 28273400000.0 8833570000.0 4361780000.0 -3.12 4.227 [-3.12]
39810700000000.0 1.29579e+16 41627700000.0 280063000000.0 23811900000.0 69114800000.0 366750000.0 270546000.0 445854000000.0 124095000.0 3629860.0 2658180000.0 27245500000.0 8238950000.0 3813240000.0 -3.1 4.224 [-3.1]
39810700000000.0 1.23136e+16 41361300000.0 266033000000.0 21339600000.0 65602100000.0 314007000.0 293907000.0 424982000000.0 100505000.0 2817240.0 2662580000.0 26230800000.0 7674450000.0 3330770000.0 -3.08 4.22 [-3.08]
39810700000000.0 1.17017e+16 41083600000.0 252578000000.0 19099700000.0 62200100000.0 268611000.0 318832000.0 404400000000.0 81216500.0 2182340.0 2667010000.0 25229000000.0 7138380000.0 2906250000.0 -3.06 4.217 [-3.06]
39810700000000.0 1.11207e+16 40794400000.0 239684000000.0 17073100000.0 58908600000.0 229576000.0 345368000.0 384154000000.0 65481300.0 1687320.0 2671530000.0 24242600000.0 6630410000.0 2533270000.0 -3.04 4.214 [-3.04]
39810700000000.0 1.05688e+16 40494100000.0 227335000000.0 15242100000.0 55727000000.0 196041000.0 373558000.0 364285000000.0 52674500.0 1302170.0 2676180000.0 23273700000.0 6150050000.0 2206040000.0 -3.02 4.21 [-3.02]
39810700000000.0 1.00461e+16 40183500000.0 215545000000.0 13593600000.0 52662200000.0 167312000.0 403391000.0 344881000000.0 42293300.0 1003600.0 2680890000.0 22326700000.0 5697780000.0 1919820000.0 -3.0 4.207 [-3.0]
39810700000000.0 9548480000000000.0 39860900000.0 204239000000.0 12105200000.0 49698500000.0 142623000.0 434982000.0 325884000000.0 33866300.0 771737.0 2685850000.0 21397800000.0 5270670000.0 1668860000.0 -2.98 4.203 [-2.98]
39810700000000.0 9075740000000000.0 39527000000.0 193429000000.0 10766000000.0 46841500000.0 121464000.0 468309000.0 307368000000.0 27054300.0 592370.0 2690970000.0 20490500000.0 4869000000.0 1449450000.0 -2.96 4.2 [-2.96]
39810700000000.0 8626820000000000.0 39182100000.0 183101000000.0 9562990000.0 44091100000.0 103351000.0 503375000.0 289369000000.0 21562200.0 453919.0 2696210000.0 19606100000.0 4491920000.0 1257890000.0 -2.94 4.197 [-2.94]
39810700000000.0 8200510000000000.0 38826400000.0 173240000000.0 8483920000.0 41446100000.0 87858600.0 540171000.0 271915000000.0 17145000.0 347253.0 2701540000.0 18745300000.0 4138610000.0 1090810000.0 -2.92 4.194 [-2.92]
39810700000000.0 7795630000000000.0 38459700000.0 163831000000.0 7517320000.0 38905200000.0 74617800.0 578679000.0 255027000000.0 13600400.0 265220.0 2706910000.0 17908600000.0 3808070000.0 945219000.0 -2.9 4.19 [-2.9]
39810700000000.0 7411100000000000.0 38082200000.0 154857000000.0 6652700000.0 36467000000.0 63311000.0 618863000.0 238725000000.0 10763000.0 202248.0 2712260000.0 17096300000.0 3499350000.0 818473000.0 -2.88 4.187 [-2.88]
39810700000000.0 7045890000000000.0 37694000000.0 146302000000.0 5880370000.0 34130200000.0 53663900.0 660675000.0 223028000000.0 8497310.0 153992.0 2717540000.0 16308600000.0 3211470000.0 708229000.0 -2.86 4.184 [-2.86]
39810700000000.0 6699020000000000.0 37295100000.0 138153000000.0 5191470000.0 31893500000.0 45440000.0 704049000.0 207949000000.0 6692480.0 117078.0 2722660000.0 15545700000.0 2943450000.0 612420000.0 -2.84 4.181 [-2.84]
39810700000000.0 6368740000000000.0 36884700000.0 130375000000.0 4576610000.0 29750800000.0 38422800.0 748968000.0 193468000000.0 5256070.0 88841.0 2727600000.0 14805500000.0 2693720000.0 529081000.0 -2.82 4.177 [-2.82]
39810700000000.0 6055870000000000.0 36465100000.0 122993000000.0 4030920000.0 27710500000.0 32464500.0 795201000.0 179659000000.0 4119860.0 67358.5 2732140000.0 14092000000.0 2462530000.0 456914000.0 -2.8 4.174 [-2.8]
39810700000000.0 5758690000000000.0 36035500000.0 115972000000.0 3546180000.0 25766100000.0 27398900.0 842700000.0 166493000000.0 3221510.0 51005.0 2736240000.0 13403000000.0 2248280000.0 394342000.0 -2.78 4.171 [-2.78]
39810700000000.0 5477120000000000.0 35597200000.0 109316000000.0 3117030000.0 23920100000.0 23104400.0 891262000.0 153999000000.0 2514140.0 0.0 2739770000.0 12740000000.0 2050500000.0 340225000.0 -2.76 4.168 [-2.76]
39810700000000.0 5208940000000000.0 35148000000.0 102975000000.0 2735970000.0 22162700000.0 19452900.0 940883000.0 142122000000.0 1956540.0 0.0 2742720000.0 12099000000.0 1867320000.0 293274000.0 -2.74 4.165 [-2.74]
39810700000000.0 4954180000000000.0 34689300000.0 96955000000.0 2398830000.0 20496600000.0 16357900.0 991335000.0 130887000000.0 1518980.0 0.0 2744940000.0 11481500000.0 1698340000.0 252651000.0 -2.72 4.162 [-2.72]
39810700000000.0 4712170000000000.0 34221600000.0 91241800000.0 2100940000.0 18920000000.0 13737600.0 1042450000.0 120287000000.0 1176500.0 0.0 2746310000.0 10887300000.0 1542690000.0 217525000.0 -2.7 4.159 [-2.7]
39810700000000.0 4482280000000000.0 33745200000.0 85823700000.0 1838080000.0 17431400000.0 11521800.0 1094040000.0 110315000000.0 909123.0 0.0 2746730000.0 10315900000.0 1399550000.0 187175000.0 -2.68 4.156 [-2.68]
39810700000000.0 4263820000000000.0 33260000000.0 80686600000.0 1606370000.0 16028300000.0 9650010.0 1145930000.0 100957000000.0 700873.0 0.0 2746130000.0 9766630000.0 1268090000.0 160962000.0 -2.66 4.153 [-2.66]
39810700000000.0 4055740000000000.0 32765400000.0 75807200000.0 1402020000.0 14706500000.0 8068280.0 1198000000.0 92182500000.0 538850.0 0.0 2744400000.0 9237880000.0 1147270000.0 138300000.0 -2.64 4.15 [-2.64]
39810700000000.0 3858570000000000.0 32264500000.0 71199700000.0 1222760000.0 13469400000.0 6738560.0 1249910000.0 84013800000.0 413553.0 0.0 2741390000.0 8732090000.0 1036940000.0 118794000.0 -2.62 4.147 [-2.62]
39810700000000.0 3671240000000000.0 31756300000.0 66839500000.0 1065370000.0 12311700000.0 5619890.0 1301540000.0 76413400000.0 316703.0 0.0 2737030000.0 8247310000.0 936071000.0 101981000.0 -2.6 4.144 [-2.6]
39810700000000.0 3493240000000000.0 31241300000.0 62715500000.0 927323000.0 11231100000.0 4680090.0 1352710000.0 69361100000.0 242019.0 0.0 2731250000.0 7783010000.0 843998000.0 87497600.0 -2.58 4.142 [-2.58]
39810700000000.0 3324080000000000.0 30719800000.0 58817000000.0 806390000.0 10224800000.0 3891710.0 1403220000.0 62835600000.0 184566.0 0.0 2723960000.0 7338720000.0 760074000.0 75028100.0 -2.56 4.139 [-2.56]
39810700000000.0 3163340000000000.0 30192500000.0 55133800000.0 700571000.0 9290280000.0 3231360.0 1452920000.0 56814100000.0 140471.0 0.0 2715080000.0 6913950000.0 683693000.0 64299300.0 -2.54 4.136 [-2.54]
39810700000000.0 3011020000000000.0 29661400000.0 51666000000.0 608279000.0 8426500000.0 2680130.0 1501560000.0 51284900000.0 106762.0 0.0 2704570000.0 6509440000.0 614447000.0 55091600.0 -2.52 4.133 [-2.52]
39810700000000.0 2865820000000000.0 29123800000.0 48383500000.0 527505000.0 7626560000.0 2218830.0 1549160000.0 46198500000.0 80950.4 0.0 2692340000.0 6122190000.0 551438000.0 47160600.0 -2.5 4.131 [-2.5]
39810700000000.0 2727820000000000.0 28582000000.0 45287600000.0 457057000.0 6889440000.0 1834240.0 1595490000.0 41542600000.0 61271.4 0.0 2678370000.0 5752970000.0 494340000.0 40348700.0 -2.48 4.128 [-2.48]
39810700000000.0 2596650000000000.0 28036300000.0 42369300000.0 395683000.0 6211990000.0 1514150.0 1640440000.0 37291800000.0 46299.0 0.0 2662600000.0 5401290000.0 442672000.0 34501600.0 -2.46 4.125 [-2.46]
39810700000000.0 2471590000000000.0 27485800000.0 39611600000.0 342145000.0 5589580000.0 1247620.0 1683980000.0 33411900000.0 34910.1 0.0 2644970000.0 5065560000.0 395862000.0 29475000.0 -2.44 4.123 [-2.44]
39810700000000.0 2353090000000000.0 26934400000.0 37023400000.0 295717000.0 5021930000.0 1027020.0 1725890000.0 29895700000.0 26298.3 0.0 2625540000.0 4747460000.0 353741000.0 25175800.0 -2.42 4.12 [-2.42]
39810700000000.0 2240440000000000.0 26381000000.0 34587900000.0 255391000.0 4504260000.0 844288.0 1766170000.0 26709000000.0 19783.5 0.0 2604270000.0 4445380000.0 315784000.0 21492200.0 -2.4 4.118 [-2.4]
39810700000000.0 2133340000000000.0 25826200000.0 32297400000.0 220399000.0 4033350000.0 693169.0 1804760000.0 23827300000.0 14863.4 0.0 2581150000.0 4158820000.0 281625000.0 18337900.0 -2.38 4.115 [-2.38]
39810700000000.0 2031530000000000.0 25270700000.0 30144700000.0 190063000.0 3606000000.0 568384.0 1841640000.0 21227300000.0 0.0 0.0 2556220000.0 3887260000.0 250924000.0 15638400.0 -2.36 4.113 [-2.36]
39810700000000.0 1934730000000000.0 24715000000.0 28122500000.0 163788000.0 3219110000.0 465506.0 1876780000.0 18886400000.0 0.0 0.0 2529500000.0 3630210000.0 223368000.0 13329700.0 -2.34 4.11 [-2.34]
39810700000000.0 1842690000000000.0 24159900000.0 26224200000.0 141051000.0 2869640000.0 380811.0 1910170000.0 16783000000.0 0.0 0.0 2501010000.0 3387150000.0 198665000.0 11356100.0 -2.32 4.108 [-2.32]
39810700000000.0 1755180000000000.0 23605800000.0 24443100000.0 121392000.0 2554660000.0 311187.0 1941830000.0 14896600000.0 0.0 0.0 2470830000.0 3157580000.0 176546000.0 9670240.0 -2.3 4.105 [-2.3]
39810700000000.0 1671970000000000.0 23053400000.0 22773000000.0 104409000.0 2271380000.0 254031.0 1971760000.0 13207800000.0 0.0 0.0 2438990000.0 2941000000.0 156766000.0 8230880.0 -2.28 4.103 [-2.28]
39810700000000.0 1592840000000000.0 22503300000.0 21207900000.0 89749200.0 2017090000.0 207171.0 2000010000.0 11698700000.0 0.0 0.0 2405570000.0 2736910000.0 139097000.0 7002690.0 -2.26 4.101 [-2.26]
39810700000000.0 1517570000000000.0 21956100000.0 19741900000.0 77103900.0 1789260000.0 168800.0 2026590000.0 10352100000.0 0.0 0.0 2370650000.0 2544770000.0 123331000.0 5955210.0 -2.24 4.098 [-2.24]
39810700000000.0 1446010000000000.0 21412400000.0 18370000000.0 66206600.0 1585540000.0 137423.0 2051560000.0 9152660000.0 0.0 0.0 2334310000.0 2364160000.0 109280000.0 5062550.0 -2.22 4.096 [-2.22]
39810700000000.0 1378250000000000.0 20875200000.0 17092100000.0 56851300.0 1404230000.0 111859.0 2074920000.0 8088850000.0 0.0 0.0 2296790000.0 2195340000.0 96812300.0 4304470.0 -2.2 4.094 [-2.2]
39810700000000.0 1313500000000000.0 20340200000.0 15892000000.0 48770700.0 1242080000.0 90932.4 2096820000.0 7140690000.0 0.0 0.0 2257900000.0 2036230000.0 85680600.0 3656770.0 -2.18 4.091 [-2.18]
39810700000000.0 1251920000000000.0 19810400000.0 14770600000.0 41820900.0 1097760000.0 73873.0 2117270000.0 6299430000.0 0.0 0.0 2217880000.0 1887150000.0 75788500.0 3105610.0 -2.16 4.089 [-2.16]
39810700000000.0 1193350000000000.0 19286100000.0 13723300000.0 35847300.0 969502000.0 59978.8 2136320000.0 5553850000.0 0.0 0.0 2176840000.0 1747630000.0 67005800.0 2636810.0 -2.14 4.087 [-2.14]
39810700000000.0 1137630000000000.0 18768000000.0 12745900000.0 30715900.0 855660000.0 48672.6 2154050000.0 4893810000.0 0.0 0.0 2134900000.0 1617210000.0 59214700.0 2238250.0 -2.12 4.085 [-2.12]
39810700000000.0 1084620000000000.0 18256500000.0 11834100000.0 26310600.0 754739000.0 39479.6 2170510000.0 4310070000.0 0.0 0.0 2092160000.0 1495430000.0 52309000.0 1899580.0 -2.1 4.083 [-2.1]
39810700000000.0 1034200000000000.0 17751900000.0 10984000000.0 22530600.0 665368000.0 32010.1 2185770000.0 3794290000.0 0.0 0.0 2048740000.0 1381850000.0 46192600.0 1611890.0 -2.08 4.08 [-2.08]
39810700000000.0 986220000000000.0 17254800000.0 10191900000.0 19288900.0 586309000.0 25945.2 2199890000.0 3338930000.0 0.0 0.0 2004760000.0 1276030000.0 40779200.0 1367630.0 -2.06 4.078 [-2.06]
39810700000000.0 940577000000000.0 16765600000.0 9454250000.0 16510100.0 516439000.0 21023.6 2212930000.0 2937240000.0 0.0 0.0 1960330000.0 1177560000.0 35991200.0 1160310.0 -2.04 4.076 [-2.04]
39810700000000.0 897144000000000.0 16284400000.0 8767510000.0 14128900.0 454734000.0 17031.6 2224950000.0 2583100000.0 0.0 0.0 1915570000.0 1085990000.0 31758500.0 984372.0 -2.02 4.074 [-2.02]
39810700000000.0 855557000000000.0 15808600000.0 8124640000.0 12080500.0 400061000.0 13783.7 2236040000.0 2269840000.0 0.0 0.0 1870300000.0 1000400000.0 28001800.0 834488.0 -2.0 4.072 [-2.0]
39810700000000.0 816236000000000.0 15344700000.0 7530680000.0 10335500.0 352075000.0 11163.2 2246190000.0 1995250000.0 0.0 0.0 1825180000.0 921536000.0 24701600.0 708013.0 -1.98 4.07 [-1.98]
39810700000000.0 778818000000000.0 14889800000.0 6978600000.0 8842020.0 309788000.0 9040.29 2255490000.0 1753610000.0 0.0 0.0 1780050000.0 848437000.0 21788700.0 600777.0 -1.96 4.068 [-1.96]
39810700000000.0 743209000000000.0 14444100000.0 6465700000.0 7564150.0 272546000.0 7321.07 2263990000.0 1541050000.0 0.0 0.0 1735010000.0 780750000.0 19218800.0 509871.0 -1.94 4.066 [-1.94]
39810700000000.0 709326000000000.0 14008100000.0 5989500000.0 6471190.0 239765000.0 5929.17 2271750000.0 1354170000.0 0.0 0.0 1690150000.0 718162000.0 16952700.0 432834.0 -1.92 4.064 [-1.92]
39810700000000.0 677089000000000.0 13581800000.0 5547610000.0 5536660.0 210927000.0 4802.52 2278800000.0 1189920000.0 0.0 0.0 1645550000.0 660358000.0 14955100.0 367563.0 -1.9 4.062 [-1.9]
39810700000000.0 646404000000000.0 13165300000.0 5137580000.0 4737520.0 185558000.0 3890.48 2285190000.0 1045590000.0 0.0 0.0 1601330000.0 606970000.0 13194200.0 312236.0 -1.88 4.06 [-1.88]
39810700000000.0 617195000000000.0 12758700000.0 4757290000.0 4054290.0 163249000.0 3152.25 2290960000.0 918790000.0 0.0 0.0 1557550000.0 557701000.0 11642300.0 265340.0 -1.86 4.058 [-1.86]
39810700000000.0 589389000000000.0 12362000000.0 4404690000.0 3470200.0 143634000.0 2554.68 2296160000.0 807416000.0 0.0 0.0 1514290000.0 512268000.0 10274800.0 225586.0 -1.84 4.056 [-1.84]
39810700000000.0 562918000000000.0 11975400000.0 4077900000.0 2970900.0 126392000.0 2070.96 2300810000.0 709607000.0 0.0 0.0 1471610000.0 470404000.0 9069860.0 191882.0 -1.82 4.054 [-1.82]
39810700000000.0 537902000000000.0 11601700000.0 3777320000.0 2546260.0 111310000.0 1680.97 2304950000.0 624124000.0 0.0 0.0 1429900000.0 432146000.0 8013760.0 163447.0 -1.8 4.052 [-1.8]
39810700000000.0 513904000000000.0 11235200000.0 3496790000.0 2181160.0 97985100.0 1363.65 2308630000.0 548677000.0 0.0 0.0 1388580000.0 396659000.0 7077980.0 139190.0 -1.78 4.05 [-1.78]
39810700000000.0 491053000000000.0 10878800000.0 3237040000.0 1869040.0 86275000.0 1106.67 2311850000.0 482436000.0 0.0 0.0 1348020000.0 364025000.0 6253530.0 118610.0 -1.76 4.049 [-1.76]
39810700000000.0 469294000000000.0 10532400000.0 2996590000.0 1602190.0 75984100.0 898.51 2314660000.0 424278000.0 0.0 0.0 1308250000.0 334029000.0 5527090.0 101144.0 -1.74 4.047 [-1.74]
39810700000000.0 448355000000000.0 10192400000.0 2771800000.0 1372390.0 66879600.0 728.891 2317080000.0 372881000.0 0.0 0.0 1268910000.0 306189000.0 4882410.0 86212.0 -1.72 4.045 [-1.72]
39810700000000.0 428623000000000.0 9865880000.0 2566010000.0 1177430.0 58936300.0 592.352 2319130000.0 328077000.0 0.0 0.0 1230830000.0 280903000.0 4318660.0 73629.6 -1.7 4.043 [-1.7]
39810700000000.0 410039000000000.0 9552700000.0 2377730000.0 1011930.0 52003800.0 482.324 2320830000.0 289012000.0 0.0 0.0 1194070000.0 257955000.0 3825460.0 63017.3 -1.68 4.041 [-1.68]
39810700000000.0 392134000000000.0 9245630000.0 2201580000.0 869099.0 45861200.0 0.0 2322210000.0 254438000.0 0.0 0.0 1157800000.0 236654000.0 3386990.0 53916.7 -1.66 4.039 [-1.66]
39810700000000.0 375078000000000.0 8948120000.0 2038700000.0 746853.0 40460100.0 0.0 2323290000.0 224071000.0 0.0 0.0 1122460000.0 217120000.0 3000300.0 46174.3 -1.64 4.038 [-1.64]
39810700000000.0 358693000000000.0 8657600000.0 1886890000.0 641608.0 35684900.0 0.0 2324060000.0 197259000.0 0.0 0.0 1087790000.0 199060000.0 2657300.0 39546.2 -1.62 4.036 [-1.62]
39810700000000.0 343346000000000.0 8381190000.0 1748890000.0 552550.0 31531200.0 0.0 2324580000.0 173957000.0 0.0 0.0 1054630000.0 182801000.0 2358160.0 33968.1 -1.6 4.034 [-1.6]
39810700000000.0 328594000000000.0 8111450000.0 1620200000.0 475744.0 27854400.0 0.0 2324840000.0 153360000.0 0.0 0.0 1022140000.0 167764000.0 2092440.0 29181.1 -1.58 4.032 [-1.58]
39810700000000.0 314408000000000.0 7848250000.0 1500200000.0 409510.0 24599500.0 0.0 2324840000.0 135154000.0 0.0 0.0 990318000.0 153860000.0 1856400.0 25072.1 -1.56 4.031 [-1.56]
39810700000000.0 301013000000000.0 7596190000.0 1390320000.0 353094.0 21751800.0 0.0 2324620000.0 119246000.0 0.0 0.0 959736000.0 141251000.0 1649240.0 21587.5 -1.54 4.029 [-1.54]
39810700000000.0 288245000000000.0 7352690000.0 1288770000.0 304687.0 19243700.0 0.0 2324190000.0 105255000.0 0.0 0.0 930102000.0 129704000.0 1466140.0 18609.5 -1.52 4.027 [-1.52]
39810700000000.0 276074000000000.0 7117540000.0 1194910000.0 263129.0 17033700.0 0.0 2323550000.0 92946000.0 0.0 0.0 901408000.0 119129000.0 1304240.0 16061.8 -1.5 4.026 [-1.5]
39810700000000.0 264588000000000.0 6892870000.0 1109020000.0 227667.0 15098100.0 0.0 2322730000.0 82181000.0 0.0 0.0 873919000.0 109551000.0 1161930.0 13895.1 -1.48 4.024 [-1.48]
39810700000000.0 253408000000000.0 6671510000.0 1028010000.0 196747.0 13368200.0 0.0 2321700000.0 72580000.0 0.0 0.0 846792000.0 100586000.0 1034250.0 12011.0 -1.46 4.022 [-1.46]
39810700000000.0 242858000000000.0 6460210000.0 953915000.0 170355.0 11853000.0 0.0 2320500000.0 64183700.0 0.0 0.0 820843000.0 92469900.0 921992.0 10406.8 -1.44 4.021 [-1.44]
39810700000000.0 232797000000000.0 6256430000.0 885428000.0 147640.0 10515600.0 0.0 2319140000.0 56787100.0 0.0 0.0 795780000.0 85039000.0 822523.0 9028.92 -1.42 4.019 [-1.42]
39810700000000.0 223201000000000.0 6059970000.0 822116000.0 128076.0 9334790.0 0.0 2317620000.0 50268700.0 0.0 0.0 771585000.0 78234400.0 734337.0 7844.13 -1.4 4.018 [-1.4]
39810700000000.0 214047000000000.0 5870610000.0 763582000.0 111212.0 8291580.0 0.0 2315940000.0 44521800.0 0.0 0.0 748239000.0 72002600.0 656108.0 6824.21 -1.38 4.016 [-1.38]
39810700000000.0 205313000000000.0 5688140000.0 709458000.0 96665.2 7369510.0 0.0 2314130000.0 39453100.0 0.0 0.0 725723000.0 66294800.0 586669.0 5945.19 -1.36 4.014 [-1.36]
39810700000000.0 196979000000000.0 5512350000.0 659405000.0 84107.0 6554100.0 0.0 2312170000.0 34980700.0 0.0 0.0 704015000.0 61066100.0 524994.0 5186.7 -1.34 4.013 [-1.34]
39810700000000.0 189025000000000.0 5343010000.0 613108000.0 73256.2 5832610.0 0.0 2310090000.0 31032400.0 0.0 0.0 683095000.0 56275200.0 470178.0 4531.41 -1.32 4.011 [-1.32]
39810700000000.0 181471000000000.0 5180750000.0 570483000.0 63902.6 5195780.0 0.0 2307890000.0 27555800.0 0.0 0.0 663043000.0 51904400.0 421573.0 3966.28 -1.3 4.01 [-1.3]
39810700000000.0 174223000000000.0 5023700000.0 530838000.0 55777.5 4629800.0 0.0 2305560000.0 24473600.0 0.0 0.0 643632000.0 47878100.0 378172.0 3475.15 -1.28 4.008 [-1.28]
39810700000000.0 167302000000000.0 4872490000.0 494144000.0 48738.7 4128170.0 0.0 2303120000.0 21748900.0 0.0 0.0 624943000.0 44186300.0 339521.0 3049.23 -1.26 4.007 [-1.26]
39810700000000.0 160693000000000.0 4726930000.0 460175000.0 42635.4 3683320.0 0.0 2300570000.0 19338900.0 0.0 0.0 606954000.0 40800200.0 305075.0 2679.4 -1.24 4.005 [-1.24]
39810700000000.0 154380000000000.0 4586800000.0 428717000.0 37338.0 3288560.0 0.0 2297920000.0 17206200.0 0.0 0.0 589642000.0 37693200.0 274353.0 2357.83 -1.22 4.004 [-1.22]
39810700000000.0 148349000000000.0 4451930000.0 399579000.0 32735.7 2938060.0 0.0 2295180000.0 15317900.0 0.0 0.0 572985000.0 34841500.0 246934.0 2077.87 -1.2 4.002 [-1.2]
39810700000000.0 142587000000000.0 4322110000.0 372582000.0 28733.6 2626670.0 0.0 2292340000.0 13645100.0 0.0 0.0 556963000.0 32223400.0 222445.0 1833.81 -1.18 4.001 [-1.18]
39810700000000.0 137081000000000.0 4197170000.0 347559000.0 25249.7 2349830.0 0.0 2289410000.0 12162500.0 0.0 0.0 541552000.0 29818300.0 200556.0 1620.75 -1.16 3.999 [-1.16]
39810700000000.0 131817000000000.0 4076920000.0 324359000.0 22213.8 2103570.0 0.0 2286400000.0 10847600.0 0.0 0.0 526731000.0 27608300.0 180975.0 1434.51 -1.14 3.998 [-1.14]
39810700000000.0 126785000000000.0 3961180000.0 302843000.0 19565.8 1884370.0 0.0 2283310000.0 9680960.0 0.0 0.0 512480000.0 25576800.0 163447.0 1271.5 -1.12 3.996 [-1.12]
39810700000000.0 121973000000000.0 3849790000.0 282880000.0 17253.5 1689130.0 0.0 2280150000.0 8645150.0 0.0 0.0 498778000.0 23708500.0 147744.0 1128.61 -1.1 3.995 [-1.1]
39810700000000.0 117371000000000.0 3742580000.0 264354000.0 15232.3 1515120.0 0.0 2276920000.0 7725020.0 0.0 0.0 485604000.0 21989600.0 133665.0 1003.21 -1.08 3.993 [-1.08]
39810700000000.0 112969000000000.0 3639380000.0 247153000.0 13463.7 1359940.0 0.0 2273630000.0 6907180.0 0.0 0.0 472940000.0 20407300.0 121032.0 892.995 -1.06 3.992 [-1.06]
39810700000000.0 108757000000000.0 3540050000.0 231176000.0 11914.5 1221450.0 0.0 2270270000.0 6179810.0 0.0 0.0 460765000.0 18950100.0 109687.0 795.998 -1.04 3.991 [-1.04]
39810700000000.0 104726000000000.0 3444420000.0 216332000.0 10555.9 1097770.0 0.0 2266860000.0 5532550.0 0.0 0.0 449061000.0 17607500.0 99491.4 710.521 -1.02 3.989 [-1.02]
39810700000000.0 100868000000000.0 3352350000.0 202533000.0 9363.16 987261.0 0.0 2263400000.0 4956210.0 0.0 0.0 437810000.0 16369800.0 90321.0 635.09 -1.0 3.988 [-1.0]
39810700000000.0 97173900000000.0 3263690000.0 189701000.0 8314.92 888442.0 0.0 2259880000.0 4442710.0 0.0 0.0 426994000.0 15228300.0 82066.1 568.437 -0.98 3.986 [-0.98]
39810700000000.0 93636600000000.0 3178330000.0 177764000.0 7392.68 800024.0 0.0 2256330000.0 3984960.0 0.0 0.0 416596000.0 14174900.0 74629.5 509.464 -0.96 3.985 [-0.96]
39810700000000.0 90248200000000.0 3096100000.0 166653000.0 6580.35 720858.0 0.0 2252730000.0 3576620.0 0.0 0.0 406600000.0 13202300.0 67924.3 457.212 -0.94 3.984 [-0.94]
39810700000000.0 87002100000000.0 3016900000.0 156308000.0 5864.07 649932.0 0.0 2249090000.0 3212150.0 0.0 0.0 396990000.0 12303800.0 61873.9 410.858 -0.92 3.982 [-0.92]
39810700000000.0 83891400000000.0 2940590000.0 146672000.0 5231.76 586344.0 0.0 2245420000.0 2886640.0 0.0 0.0 387749000.0 11473400.0 56409.8 369.679 -0.9 3.981 [-0.9]
39810700000000.0 80909800000000.0 2867050000.0 137691000.0 4672.96 529300.0 0.0 2241720000.0 2595740.0 0.0 0.0 378864000.0 10705300.0 51471.2 333.051 -0.88 3.979 [-0.88]
39810700000000.0 78051400000000.0 2796190000.0 129318000.0 4178.58 478092.0 0.0 2237990000.0 2335620.0 0.0 0.0 370320000.0 9994680.0 47004.0 300.43 -0.86 3.978 [-0.86]
39810700000000.0 75310300000000.0 2727870000.0 121507000.0 3740.7 432093.0 0.0 2234240000.0 2102870.0 0.0 0.0 362102000.0 9336690.0 42959.8 271.338 -0.84 3.977 [-0.84]
39810700000000.0 72681000000000.0 2661990000.0 114218000.0 3352.43 390747.0 0.0 2230480000.0 1894480.0 0.0 0.0 354198000.0 8727120.0 39295.6 245.362 -0.82 3.975 [-0.82]
39810700000000.0 70158600000000.0 2598460000.0 107413000.0 3007.78 353560.0 0.0 2226690000.0 1707800.0 0.0 0.0 346595000.0 8162110.0 35973.0 222.139 -0.8 3.974 [-0.8]
39810700000000.0 67738000000000.0 2537180000.0 101056000.0 2701.51 320093.0 0.0 2222890000.0 1540450.0 0.0 0.0 339281000.0 7638080.0 32957.8 201.351 -0.78 3.973 [-0.78]
39810700000000.0 65414600000000.0 2478050000.0 95115800.0 2429.04 289955.0 0.0 2219080000.0 1390340.0 0.0 0.0 332243000.0 7151780.0 30219.3 182.72 -0.76 3.971 [-0.76]
39810700000000.0 63184000000000.0 2420980000.0 89561800.0 2186.39 262798.0 0.0 2215270000.0 1255620.0 0.0 0.0 325471000.0 6700250.0 27730.2 166.002 -0.74 3.97 [-0.74]
39810700000000.0 61041800000000.0 2365890000.0 84366400.0 1970.04 238311.0 0.0 2211440000.0 1134630.0 0.0 0.0 318953000.0 6280720.0 25465.9 150.983 -0.72 3.969 [-0.72]
39810700000000.0 58984100000000.0 2312690000.0 79504300.0 1776.95 216219.0 0.0 2207620000.0 1025900.0 0.0 0.0 312678000.0 5890690.0 23404.4 137.474 -0.7 3.967 [-0.7]
39810700000000.0 56998700000000.0 2261080000.0 74934000.0 1604.04 196231.0 0.0 2203780000.0 927919.0 0.0 0.0 306612000.0 5526490.0 21522.4 125.284 -0.68 3.966 [-0.68]
39810700000000.0 55099000000000.0 2211430000.0 70670800.0 1449.77 178222.0 0.0 2199970000.0 839983.0 0.0 0.0 300796000.0 5188910.0 19810.1 114.319 -0.66 3.965 [-0.66]
39810700000000.0 53280800000000.0 2163660000.0 66691100.0 1311.94 161981.0 0.0 2196170000.0 760997.0 0.0 0.0 295220000.0 4875720.0 18250.5 104.442 -0.64 3.963 [-0.64]
39810700000000.0 51524800000000.0 2117260000.0 62943900.0 1188.1 147258.0 0.0 2192370000.0 689666.0 0.0 0.0 289825000.0 4582660.0 16823.2 95.4972 -0.62 3.962 [-0.62]
39810700000000.0 49836000000000.0 2072390000.0 59429000.0 1076.99 133936.0 0.0 2188580000.0 625375.0 0.0 0.0 284627000.0 4309410.0 15518.7 87.4062 -0.6 3.961 [-0.6]
39810700000000.0 48211400000000.0 2028990000.0 56130100.0 977.194 121876.0 0.0 2184800000.0 567391.0 0.0 0.0 279619000.0 4054480.0 14325.5 80.0791 -0.58 3.959 [-0.58]
39810700000000.0 46648200000000.0 1986980000.0 53032800.0 887.47 110951.0 0.0 2181040000.0 515067.0 0.0 0.0 274792000.0 3816500.0 13233.3 73.4369 -0.56 3.958 [-0.56]
39810700000000.0 45143800000000.0 1946310000.0 50123300.0 806.721 101050.0 0.0 2177290000.0 467823.0 0.0 0.0 270140000.0 3594200.0 12232.8 67.4092 -0.54 3.957 [-0.54]
39810700000000.0 43695500000000.0 1906930000.0 47389000.0 733.979 92071.2 0.0 2173570000.0 425140.0 0.0 0.0 265656000.0 3386440.0 11315.7 61.9334 -0.52 3.955 [-0.52]
39810700000000.0 42301000000000.0 1868780000.0 44818100.0 668.384 83925.5 0.0 2169860000.0 386556.0 0.0 0.0 261331000.0 3192150.0 10474.4 56.9539 -0.5 3.954 [-0.5]
39810700000000.0 40957900000000.0 1831800000.0 42399900.0 609.178 76531.5 0.0 2166190000.0 351657.0 0.0 0.0 257160000.0 3010360.0 9701.96 52.4213 -0.48 3.953 [-0.48]
39810700000000.0 39664000000000.0 1795960000.0 40124300.0 555.687 69816.5 0.0 2162530000.0 320074.0 0.0 0.0 253137000.0 2840160.0 8992.36 48.2913 -0.46 3.951 [-0.46]
39810700000000.0 38417300000000.0 1761200000.0 37981900.0 507.314 63715.2 0.0 2158900000.0 291476.0 0.0 0.0 249256000.0 2680740.0 8339.98 44.5245 -0.44 3.95 [-0.44]
39810700000000.0 37215600000000.0 1727480000.0 35964100.0 463.529 58168.7 0.0 2155300000.0 265565.0 0.0 0.0 245511000.0 2531300.0 7739.79 41.0857 -0.42 3.949 [-0.42]
39810700000000.0 36057200000000.0 1694750000.0 34062800.0 423.861 53124.2 0.0 2151730000.0 242078.0 0.0 0.0 241896000.0 2391140.0 7187.23 37.9434 -0.4 3.947 [-0.4]
39810700000000.0 34940200000000.0 1662980000.0 32270600.0 387.891 48534.3 0.0 2148190000.0 220776.0 0.0 0.0 238406000.0 2259630.0 6678.17 35.0694 -0.38 3.946 [-0.38]
39810700000000.0 33862900000000.0 1632120000.0 30580400.0 355.244 44356.0 0.0 2144680000.0 201444.0 0.0 0.0 235037000.0 2136150.0 6208.87 32.4383 -0.36 3.945 [-0.36]
39810700000000.0 32823600000000.0 1602130000.0 28985900.0 325.587 40550.8 0.0 2141200000.0 183892.0 0.0 0.0 231783000.0 2020160.0 5775.94 0.0 -0.34 3.943 [-0.34]
39810700000000.0 31820800000000.0 1572990000.0 27481000.0 298.625 37084.1 0.0 2137760000.0 167948.0 0.0 0.0 228641000.0 1911160.0 5376.29 0.0 -0.32 3.942 [-0.32]
39810700000000.0 30848800000000.0 1544530000.0 26055000.0 274.046 33917.5 0.0 2134340000.0 153427.0 0.0 0.0 225592000.0 1808190.0 5006.57 0.0 -0.3 3.941 [-0.3]
39810700000000.0 29914600000000.0 1516960000.0 24713200.0 251.707 31036.5 0.0 2130970000.0 140251.0 0.0 0.0 222658000.0 1711730.0 4665.39 0.0 -0.28 3.939 [-0.28]
39810700000000.0 29012500000000.0 1490140000.0 23445400.0 0.0 28408.4 0.0 2127640000.0 128263.0 0.0 0.0 219823000.0 1620910.0 4349.83 0.0 -0.26 3.938 [-0.26]
39810700000000.0 28141300000000.0 1464020000.0 22247000.0 0.0 26010.0 0.0 2124350000.0 117352.0 0.0 0.0 217083000.0 1535360.0 4057.79 0.0 -0.24 3.937 [-0.24]
39810700000000.0 27299700000000.0 1438590000.0 21113800.0 0.0 23820.5 0.0 2121090000.0 107414.0 0.0 0.0 214433000.0 1454730.0 3787.34 0.0 -0.22 3.935 [-0.22]
39810700000000.0 26489600000000.0 1413900000.0 20045100.0 0.0 21824.2 0.0 2117880000.0 98375.1 0.0 0.0 211880000.0 1378930.0 3537.05 0.0 -0.2 3.934 [-0.2]
39810700000000.0 25703600000000.0 1389750000.0 19030600.0 0.0 19996.9 0.0 2114710000.0 90119.4 0.0 0.0 209402000.0 1307180.0 3304.66 0.0 -0.18 3.932 [-0.18]
39810700000000.0 24943800000000.0 1366190000.0 18070300.0 0.0 18327.0 0.0 2111570000.0 82590.0 0.0 0.0 207004000.0 1239450.0 3089.08 0.0 -0.16 3.931 [-0.16]
39810700000000.0 24209300000000.0 1343220000.0 17160900.0 0.0 16800.2 0.0 2108470000.0 75720.0 0.0 0.0 204683000.0 1175480.0 2888.97 0.0 -0.14 3.929 [-0.14]
39810700000000.0 23498900000000.0 1320800000.0 16299700.0 0.0 15403.9 0.0 2105410000.0 69448.7 0.0 0.0 202438000.0 1115040.0 2703.11 0.0 -0.12 3.928 [-0.12]
39810700000000.0 22812000000000.0 1298910000.0 15483700.0 0.0 14126.5 0.0 2102400000.0 63721.6 0.0 0.0 200264000.0 1057890.0 2530.39 0.0 -0.1 3.926 [-0.1]
39810700000000.0 22147300000000.0 1277540000.0 14710300.0 0.0 12957.5 0.0 2099420000.0 58488.6 0.0 0.0 198160000.0 1003840.0 2369.79 0.0 -0.08 3.925 [-0.08]
39810700000000.0 21504100000000.0 1256660000.0 13977200.0 0.0 11887.4 0.0 2096490000.0 53705.4 0.0 0.0 196122000.0 952678.0 2220.38 0.0 -0.06 3.924 [-0.06]
39810700000000.0 20881600000000.0 1236250000.0 13281900.0 0.0 10907.5 0.0 2093600000.0 49331.3 0.0 0.0 194149000.0 904244.0 2081.31 0.0 -0.04 3.922 [-0.04]
39810700000000.0 20279000000000.0 1216290000.0 12622400.0 0.0 10009.9 0.0 2090750000.0 45329.8 0.0 0.0 192237000.0 858349.0 1951.79 0.0 -0.02 3.92 [-0.02]
39810700000000.0 19695500000000.0 1196780000.0 11996700.0 0.0 9187.43 0.0 2087940000.0 41667.5 0.0 0.0 190384000.0 814848.0 1831.1 0.0 -0.0 3.919 [-0.0]
39810700000000.0 19130900000000.0 1177690000.0 11403100.0 0.0 8434.19 0.0 2085170000.0 38314.5 0.0 0.0 188590000.0 773729.0 1718.6 0.0 0.02 3.917 [0.02]
39810700000000.0 18583600000000.0 1159000000.0 10839400.0 0.0 7743.27 0.0 2082450000.0 35243.2 0.0 0.0 186850000.0 734614.0 1613.66 0.0 0.04 3.916 [0.04]
39810700000000.0 18053500000000.0 1140700000.0 10304200.0 0.0 7109.72 0.0 2079770000.0 32428.9 0.0 0.0 185163000.0 697483.0 1515.73 0.0 0.06 3.914 [0.06]
39810700000000.0 17537900000000.0 1122710000.0 9794590.0 0.0 6527.59 0.0 2077120000.0 29845.2 0.0 0.0 183522000.0 662076.0 1424.22 0.0 0.08 3.912 [0.08]
39810700000000.0 17040000000000.0 1105140000.0 9311870.0 0.0 5994.49 0.0 2074520000.0 27479.8 0.0 0.0 181936000.0 628560.0 1338.82 0.0 0.1 3.911 [0.1]
39810700000000.0 16557400000000.0 1087920000.0 8853240.0 0.0 5505.28 0.0 2071960000.0 25309.8 0.0 0.0 180397000.0 596698.0 1259.02 0.0 0.12 3.909 [0.12]
39810700000000.0 16090800000000.0 1071090000.0 8418380.0 0.0 5056.79 0.0 2069450000.0 23321.0 0.0 0.0 178909000.0 566460.0 1184.46 0.0 0.14 3.907 [0.14]
39810700000000.0 15636900000000.0 1054530000.0 8004100.0 0.0 4644.46 0.0 2066980000.0 21492.6 0.0 0.0 177460000.0 537606.0 1114.67 0.0 0.16 3.905 [0.16]
39810700000000.0 15196600000000.0 1038280000.0 7610290.0 0.0 4265.8 0.0 2064540000.0 19813.4 0.0 0.0 176053000.0 510131.0 1049.36 0.0 0.18 3.904 [0.18]
39810700000000.0 14769500000000.0 1022330000.0 7235870.0 0.0 3918.01 0.0 2062150000.0 18270.8 0.0 0.0 174688000.0 483957.0 988.218 0.0 0.2 3.902 [0.2]
39810700000000.0 14355000000000.0 1006670000.0 6879840.0 0.0 3598.48 0.0 2059790000.0 16853.2 0.0 0.0 173362000.0 459006.0 930.954 0.0 0.22 3.9 [0.22]
39810700000000.0 13952700000000.0 991295000.0 6541250.0 0.0 3304.87 0.0 2057480000.0 15549.9 0.0 0.0 172074000.0 435209.0 877.301 0.0 0.24 3.898 [0.24]
39810700000000.0 13562100000000.0 976186000.0 6219190.0 0.0 3035.0 0.0 2055200000.0 14351.5 0.0 0.0 170822000.0 412495.0 827.01 0.0 0.26 3.896 [0.26]
39810700000000.0 13182800000000.0 961337000.0 5912830.0 0.0 2786.9 0.0 2052960000.0 13249.0 0.0 0.0 169606000.0 390801.0 779.853 0.0 0.28 3.894 [0.28]
39810700000000.0 12814400000000.0 946742000.0 5621350.0 0.0 2558.77 0.0 2050760000.0 12234.5 0.0 0.0 168424000.0 370067.0 735.615 0.0 0.3 3.892 [0.3]
39810700000000.0 12456400000000.0 932390000.0 5344030.0 0.0 2348.96 0.0 2048600000.0 11300.7 0.0 0.0 167275000.0 350238.0 694.101 0.0 0.32 3.889 [0.32]
39810700000000.0 12108600000000.0 918273000.0 5080110.0 0.0 2155.95 0.0 2046480000.0 10440.8 0.0 0.0 166157000.0 331261.0 655.128 0.0 0.34 3.887 [0.34]
39810700000000.0 11769700000000.0 904354000.0 4828570.0 0.0 1978.17 0.0 2044380000.0 9648.19 0.0 0.0 165067000.0 313044.0 618.51 0.0 0.36 3.885 [0.36]
39810700000000.0 11440900000000.0 890690000.0 4589580.0 0.0 1814.73 0.0 2042330000.0 8918.69 0.0 0.0 164009000.0 295614.0 584.129 0.0 0.38 3.882 [0.38]
39810700000000.0 11121100000000.0 877240000.0 4362100.0 0.0 1664.27 0.0 2040310000.0 8246.42 0.0 0.0 162978000.0 278886.0 551.817 0.0 0.4 3.88 [0.4]
39810700000000.0 10809300000000.0 863971000.0 4145280.0 0.0 1525.61 0.0 2038330000.0 7626.18 0.0 0.0 161972000.0 262794.0 521.429 0.0 0.42 3.877 [0.42]
39810700000000.0 10506300000000.0 850933000.0 3939200.0 0.0 1398.0 0.0 2036380000.0 7054.83 0.0 0.0 160994000.0 247338.0 492.865 0.0 0.44 3.874 [0.44]
39810700000000.0 10211300000000.0 838091000.0 3743030.0 0.0 1280.46 0.0 2034470000.0 6527.86 0.0 0.0 160041000.0 232478.0 465.994 0.0 0.46 3.871 [0.46]
39810700000000.0 9923890000000.0 825440000.0 3556290.0 0.0 1172.11 0.0 2032580000.0 6041.72 0.0 0.0 159110000.0 218141.0 440.71 0.0 0.48 3.868 [0.48]
39810700000000.0 9644720000000.0 813027000.0 3378990.0 0.0 1072.36 0.0 2030740000.0 5593.88 0.0 0.0 158206000.0 204332.0 416.928 0.0 0.5 3.865 [0.5]
39810700000000.0 9370150000000.0 800690000.0 3209260.0 0.0 980.009 0.0 2028910000.0 5179.11 0.0 0.0 157314000.0 190895.0 394.503 0.0 0.52 3.861 [0.52]
39810700000000.0 9102990000000.0 788577000.0 3048110.0 0.0 894.871 0.0 2027120000.0 4796.87 0.0 0.0 156446000.0 177886.0 373.4 0.0 0.54 3.858 [0.54]
39810700000000.0 8841840000000.0 776635000.0 2894690.0 0.0 816.224 0.0 2025360000.0 4443.92 0.0 0.0 155595000.0 165248.0 353.521 0.0 0.56 3.853 [0.56]
39810700000000.0 8586160000000.0 764860000.0 2748630.0 0.0 743.452 0.0 2023630000.0 4117.99 0.0 0.0 154761000.0 152905.0 334.793 0.0 0.58 3.849 [0.58]
39810700000000.0 8335320000000.0 753244000.0 2609560.0 0.0 676.011 0.0 2021910000.0 3816.92 0.0 0.0 153940000.0 140800.0 317.144 0.0 0.6 3.844 [0.6]
39810700000000.0 8088950000000.0 741822000.0 2477370.0 0.0 613.285 0.0 2020230000.0 3539.23 0.0 0.0 153131000.0 128785.0 300.522 0.0 0.62 3.839 [0.62]
39810700000000.0 7845810000000.0 730554000.0 2351510.0 0.0 554.833 0.0 2018560000.0 3282.71 0.0 0.0 152330000.0 116845.0 284.858 0.0 0.64 3.833 [0.64]
39810700000000.0 7601820000000.0 719298000.0 2230780.0 0.0 499.787 0.0 2016890000.0 3044.66 0.0 0.0 151522000.0 104746.0 270.07 0.0 0.66 3.826 [0.66]
39810700000000.0 7359020000000.0 708263000.0 2116340.0 0.0 447.89 0.0 2015230000.0 2825.54 0.0 0.0 150713000.0 92418.3 256.16 0.0 0.68 3.818 [0.68]
39810700000000.0 5264550000000.0 659487000.0 1614920.0 0.0 111.18 0.0 2008130000.0 2563.47 0.0 0.0 142082000.0 299.865 245.051 0.0 0.7 3.447 [0.7]
39810700000000.0 5046730000000.0 645332000.0 1515210.0 0.0 96.8614 0.0 2006800000.0 2361.79 0.0 0.0 141208000.0 234.44 232.415 0.0 0.72 3.425 [0.72]
39810700000000.0 4851450000000.0 631874000.0 1425800.0 0.0 85.3392 0.0 2005520000.0 2177.29 0.0 0.0 140425000.0 197.811 220.489 0.0 0.74 3.407 [0.74]
39810700000000.0 4672650000000.0 618971000.0 1344420.0 0.0 75.7108 0.0 2004300000.0 2008.47 0.0 0.0 139705000.0 174.256 209.237 0.0 0.76 3.39 [0.76]
39810700000000.0 4504690000000.0 606344000.0 1268840.0 0.0 67.4695 0.0 2003120000.0 1852.8 0.0 0.0 139025000.0 157.586 198.588 0.0 0.78 3.375 [0.78]
39810700000000.0 4345510000000.0 593928000.0 1198190.0 0.0 60.3239 0.0 2001970000.0 1709.09 0.0 0.0 138375000.0 144.922 188.507 0.0 0.8 3.361 [0.8]
39810700000000.0 4194870000000.0 581773000.0 1132270.0 0.0 54.0873 0.0 2000860000.0 1576.76 0.0 0.0 137755000.0 134.765 178.969 0.0 0.82 3.347 [0.82]
39810700000000.0 4051670000000.0 569847000.0 1070560.0 0.0 48.6088 0.0 1999790000.0 1454.8 0.0 0.0 137160000.0 126.253 169.941 0.0 0.84 3.334 [0.84]
39810700000000.0 3914300000000.0 558048000.0 1012340.0 0.0 43.7636 0.0 1998740000.0 1342.02 0.0 0.0 136582000.0 118.868 161.383 0.0 0.86 3.321 [0.86]
39810700000000.0 3782290000000.0 546370000.0 957366.0 0.0 39.4629 0.0 1997730000.0 1237.72 0.0 0.0 136020000.0 112.294 153.269 0.0 0.88 3.308 [0.88]
39810700000000.0 3656490000000.0 534924000.0 905785.0 0.0 35.6437 0.0 1996740000.0 1141.69 0.0 0.0 135478000.0 106.34 145.586 0.0 0.9 3.296 [0.9]
39810700000000.0 3535040000000.0 523563000.0 856866.0 0.0 32.2304 0.0 1995780000.0 1052.78 0.0 0.0 134948000.0 100.86 138.296 0.0 0.92 3.284 [0.92]
39810700000000.0 3418600000000.0 512378000.0 810756.0 0.0 29.181 0.0 1994850000.0 970.776 0.0 0.0 134432000.0 95.7707 131.386 0.0 0.94 3.272 [0.94]
39810700000000.0 3306510000000.0 501332000.0 767156.0 0.0 26.4487 0.0 1993950000.0 895.022 0.0 0.0 133928000.0 91.0099 124.831 0.0 0.96 3.26 [0.96]
39810700000000.0 3198580000000.0 490425000.0 725913.0 0.0 23.9963 0.0 1993080000.0 825.058 0.0 0.0 133435000.0 86.5348 118.612 0.0 0.98 3.248 [0.98]
39810700000000.0 3094830000000.0 479683000.0 686956.0 0.0 21.7932 0.0 1992230000.0 760.508 0.0 0.0 132953000.0 82.3152 112.714 0.0 1.0 3.236 [1.0]
