! -------------------------
   1224.8249511718750       0.78004169464111328       0.10855125635862350        1.0000000000000000     
   1224.8548583984375        1.0221771001815796       0.12482482194900513        1.0000000000000000     
   1224.8847656250000        1.0979952812194824       0.12726989388465881        1.0000000000000000     
   1224.9146728515625        1.0551894903182983       0.12627689540386200        1.0000000000000000     
   1224.9445800781250       0.99391949176788330       0.12264452129602432        1.0000000000000000     
   1224.9744873046875        1.0214618444442749       0.12215890735387802        1.0000000000000000     
   1225.0043945312500       0.96278733015060425       0.12174811214208603        1.0000000000000000     
   1225.0343017578125       0.98135644197463989       0.11863996088504791        1.0000000000000000     
   1225.0642089843750       0.91930645704269409       0.11992408335208893        1.0000000000000000     
   1225.0941162109375       0.93769478797912598       0.11624177545309067        1.0000000000000000     
   1225.1240234375000        1.2567787170410156       0.13558074831962585        1.0000000000000000     
   1225.1539306640625       0.99002218246459961       0.12062190473079681        1.0000000000000000     
   1225.1838378906250       0.90574485063552856       0.11789859086275101        1.0000000000000000     
   1225.2137451171875       0.96878743171691895       0.11798439919948578        1.0000000000000000     
   1225.2436523437500        1.1149395704269409       0.12675605714321136        1.0000000000000000     
   1225.2735595703125       0.97525054216384888       0.11956878006458282        1.0000000000000000     
   1225.3034667968750        1.1916929483413696       0.13103790581226349        1.0000000000000000     
   1225.3333740234375        1.1581454277038574       0.12868572771549225        1.0000000000000000     
   1225.3632812500000        1.0748735666275024       0.12165818363428116        1.0000000000000000     
   1225.3931884765625       0.88417756557464600       0.11095519363880157        1.0000000000000000     
   1225.4230957031250        1.0543706417083740       0.12146266549825668        1.0000000000000000     
   1225.4530029296875        1.1169645786285400       0.12489786744117737        1.0000000000000000     
   1225.4829101562500       0.94615066051483154       0.11395601183176041        1.0000000000000000     
   1225.5128173828125       0.93897402286529541       0.11352495849132538        1.0000000000000000     
   1225.5427246093750        1.0793062448501587       0.12364313006401062        1.0000000000000000     
   1225.5726318359375        1.1020205020904541       0.12267056852579117        1.0000000000000000     
   1225.6025390625000       0.99461549520492554       0.11684273928403854        1.0000000000000000     
   1225.6324462890625       0.92130649089813232       0.11749602109193802        1.0000000000000000     
   1225.6623535156250        1.0304886102676392       0.11861298233270645        1.0000000000000000     
   1225.6922607421875        1.0637301206588745       0.12065006792545319        1.0000000000000000     
   1225.7221679687500       0.89868164062500000       0.11583827435970306        1.0000000000000000     
   1225.7520751953125       0.93095290660858154       0.11411125957965851        1.0000000000000000     
   1225.7819824218750        1.0103535652160645       0.11785823851823807        1.0000000000000000     
   1225.8118896484375        1.0997270345687866       0.12245703488588333        1.0000000000000000     
   1225.8417968750000        1.2041389942169189       0.12762553989887238        1.0000000000000000     
   1225.8717041015625        1.1407843828201294       0.12404048442840576        1.0000000000000000     
   1225.9017333984375        1.0803231000900269       0.12551367282867432        1.0000000000000000     
   1225.9316406250000        1.0315148830413818       0.11985963582992554        1.0000000000000000     
   1225.9615478515625        1.2140275239944458       0.12959769368171692        1.0000000000000000     
   1225.9914550781250       0.90064948797225952       0.11540722846984863        1.0000000000000000     
   1226.0213623046875        1.1257158517837524       0.12310135364532471        1.0000000000000000     
   1226.0512695312500        1.1723914146423340       0.12589785456657410        1.0000000000000000     
   1226.0811767578125        1.1555347442626953       0.12341386079788208        1.0000000000000000     
   1226.1110839843750        1.1083178520202637       0.12181249260902405        1.0000000000000000     
   1226.1409912109375        1.1005996465682983       0.12045889347791672        1.0000000000000000     
   1226.1708984375000       0.92687082290649414       0.11759211122989655        1.0000000000000000     
   1226.2008056640625       0.78008621931076050       0.10372987389564514        1.0000000000000000     
   1226.2307128906250       0.85172301530838013       0.10703884810209274        1.0000000000000000     
   1226.2606201171875       0.97387266159057617       0.11415395140647888        1.0000000000000000     
   1226.2905273437500        1.0813207626342773       0.11946227401494980        1.0000000000000000     
   1226.3204345703125        1.0441110134124756       0.11752279847860336       0.99965017733235018     
   1226.3503417968750        1.1364997625350952       0.12150673568248749       0.99958890829115443     
   1226.3802490234375       0.88682293891906738       0.10921157896518707       0.99951284575772215     
   1226.4101562500000       0.94049495458602905       0.11064735054969788       0.99941777693637068     
   1226.4400634765625        1.0096573829650879       0.11935267597436905       0.99929833570443816     
   1226.4699707031250       0.96810424327850342       0.11227034032344818       0.99914775489901697     
   1226.4998779296875        1.0046865940093994       0.11583060026168823       0.99895753680163268     
   1226.5297851562500       0.97938787937164307       0.11525929719209671       0.99871709297813960     
   1226.5596923828125        1.0303996801376343       0.11884365230798721       0.99841333088526729     
   1226.5895996093750        1.1545075178146362       0.12217213213443756       0.99803018912383568     
   1226.6195068359375        1.0271533727645874       0.11593876034021378       0.99754812569501083     
   1226.6494140625000        1.1349338293075562       0.12139198184013367       0.99694356666118633     
   1226.6793212890625       0.90277588367462158       0.11475688964128494       0.99618832783658773     
   1226.7092285156250        1.0496592521667480       0.11632278561592102       0.99524902841303808     
   1226.7391357421875       0.96514552831649780       0.11327597498893738       0.99408652208043480     
   1226.7690429687500        1.0752067565917969       0.11840109527111053       0.99265537869589748     
   1226.7989501953125       0.83966332674026489       0.10396198928356171       0.99090345682525560     
   1226.8288574218750       0.85496824979782104       0.10553728044033051       0.98877161837703886     
   1226.8587646484375       0.88942241668701172       0.10666648298501968       0.98619364762076656     
   1226.8886718750000       0.82761424779891968       0.10356260836124420       0.98309643228312649     
   1226.9185791015625        1.0254135131835938       0.11420365422964096       0.97940046786541834     
   1226.9484863281250       0.89211565256118774       0.10810572654008865       0.97502076841590934     
   1226.9783935546875       0.88098913431167603       0.10536672919988632       0.96986824262017557     
   1227.0083007812500       0.94259524345397949       0.11025930196046829       0.96385156033105712     
   1227.0382080078125        1.0849629640579224       0.11853141337633133       0.95687956452515055     
   1227.0681152343750        1.2109116315841675       0.12387599050998688       0.94886420770614321     
   1227.0980224609375       0.99866139888763428       0.11290062963962555       0.93972380180624893     
   1227.1279296875000       0.89264506101608276       0.10547682642936707       0.92938642969908880     
   1227.1578369140625       0.77820557355880737       0.10114670544862747       0.91779354967691162     
   1227.1877441406250       0.62018352746963501        8.9722171425819397E-002  0.90490522732632372     
   1227.2177734375000       0.38523596525192261        7.3682926595211029E-002  0.89070829050070499     
   1227.2476806640625       0.24846254289150238        6.4374342560768127E-002  0.87521951404935594     
   1227.2775878906250       0.20839233696460724        6.0798559337854385E-002  0.85848187872260062     
   1227.3074951171875       0.19865576922893524        5.9491183608770370E-002  0.84056577075432282     
   1227.3374023437500       0.13857637345790863        4.5985147356987000E-002  0.82157366728245629     
   1227.3673095703125        3.7648610770702362E-002   3.6975611001253128E-002  0.80164059350228278     
   1227.3972167968750        4.5713156461715698E-002   3.6168482154607773E-002  0.78093163593723469     
   1227.4271240234375        9.8342476412653923E-003   2.9461544007062912E-002  0.75963832687477062     
   1227.4570312500000        1.4218626543879509E-002   2.7093352749943733E-002  0.73797395360088591     
   1227.4869384765625        4.9316681921482086E-002   3.7959396839141846E-002  0.71616799996704439     
   1227.5168457031250       -8.0609535798430443E-003   1.5460358001291752E-002  0.69445997462609954     
   1227.5467529296875       -1.4485818101093173E-003   2.3338774219155312E-002  0.67309297756651931     
   1227.5766601562500       -1.0815330781042576E-002   1.5459022484719753E-002  0.65230739185736875     
   1227.6065673828125       -1.0616572573781013E-002   1.5455218963325024E-002  0.63233507531509192     
   1227.6364746093750        4.3287645094096661E-003   2.0863719284534454E-002  0.61339437732822455     
   1227.6663818359375        2.7765622362494469E-002   2.5853620842099190E-002  0.59568620642422809     
   1227.6962890625000        1.5276256948709488E-002   2.7634626254439354E-002  0.57939124639930750     
   1227.7261962890625        4.9506317824125290E-002   3.7261258810758591E-002  0.56466832027972813     
   1227.7561035156250        5.5125970393419266E-002   4.0470723062753677E-002  0.55165381059969310     
   1227.7860107421875       0.13782909512519836        4.4943887740373611E-002  0.54046196402344282     
   1227.8159179687500       0.19656179845333099        5.7928808033466339E-002  0.53118585502516635     
   1227.8458251953125       0.24240136146545410        6.5781846642494202E-002  0.52389875652668516     
   1227.8757324218750       0.24174976348876953        5.7650253176689148E-002  0.51865566204043689     
   1227.9056396484375       0.34624508023262024        6.7296877503395081E-002  0.51549472453792300     
   1227.9355468750000       0.36840626597404480        6.8712264299392700E-002  0.51443841690037395     
   1227.9654541015625       0.48153212666511536        7.8847393393516541E-002  0.51549426788564423     
   1227.9953613281250       0.48357403278350830        7.7477820217609406E-002  0.51865508408793148     
   1228.0252685546875       0.35130059719085693        7.0071570575237274E-002  0.52389863077684418     
   1228.0551757812500       0.49733635783195496        8.0331265926361084E-002  0.53118680861940148     
   1228.0850830078125       0.31700205802917480        7.8385196626186371E-002  0.54046442499791103     
   1228.1149902343750       0.62196403741836548        8.7577246129512787E-002  0.55165771618782455     
   1228.1448974609375       0.75360339879989624        9.7987644374370575E-002  0.56467282028311250     
   1228.1748046875000       0.69191038608551025        9.2432498931884766E-002  0.57939443228187881     
   1228.2047119140625       0.75085544586181641        9.6080034971237183E-002  0.59568490624917081     
   1228.2346191406250       0.58233702182769775        8.5601709783077240E-002  0.61338405971527477     
   1228.2645263671875       0.56234461069107056        8.8712006807327271E-002  0.63230987294491581     
   1228.2944335937500       0.58778780698776245        8.4977522492408752E-002  0.65226025318123115     
   1228.3243408203125       0.78121972084045410        9.8423071205615997E-002  0.67301597629396903     
   1228.3542480468750       0.67867767810821533        9.1587148606777191E-002  0.69434473942157593     
   1228.3841552734375       0.72681486606597900        9.3575209379196167E-002  0.71600623979048406     
   1228.4140625000000       0.67043346166610718        9.2469029128551483E-002  0.73775828598602688     
   1228.4439697265625       0.68032473325729370        9.1173030436038971E-002  0.75936365100520320     
   1228.4738769531250       0.79220199584960938        9.6814788877964020E-002  0.78059700568050550     
   1228.5037841796875       0.79893791675567627        9.8675034940242767E-002  0.80124911428730228     
   1228.5338134765625       0.86917412281036377       0.10343916714191437       0.82112661557013389     
   1228.5637207031250       0.89449185132980347       0.10251975804567337       0.84005889829795510     
   1228.5936279296875       0.93360054492950439       0.10581074655056000       0.85791078616871064     
   1228.6235351562500       0.65287560224533081        9.2311777174472809E-002  0.87458376107604263     
   1228.6534423828125       0.82109874486923218       0.10021345317363739       0.89001054673420243     
   1228.6833496093750       0.86406958103179932       0.10081890970468521       0.90415315100654503     
   1228.7132568359375       0.79840350151062012       0.10178786516189575       0.91700170990253060     
   1228.7431640625000       0.86008954048156738       0.10070111602544785       0.92857197101410938     
   1228.7730712890625       0.82396680116653442        9.9907979369163513E-002  0.93890186308304369     
   1228.8029785156250       0.89449083805084229       0.10337313264608383       0.94804751969102530     
   1228.8328857421875       0.94163656234741211       0.10622753202915192       0.95607914033635166     
   1228.8627929687500        1.0185962915420532       0.10997650772333145       0.96307696001984455     
   1228.8927001953125        1.1025503873825073       0.11339087784290314       0.96912751997724078     
   1228.9226074218750       0.94028681516647339       0.10804117470979691       0.97432035737496181     
   1228.9525146484375       0.94249999523162842       0.10777799040079117       0.97874516589011451     
   1228.9824218750000       0.93619328737258911       0.10419893264770508       0.98248945648105812     
   1229.0123291015625       0.93108141422271729       0.10419548302888870       0.98563673847259459     
   1229.0422363281250        1.0138133764266968       0.10829053819179535       0.98826519692072312     
   1229.0721435546875        1.1105647087097168       0.11295180767774582       0.99044681385549271     
   1229.1020507812500       0.90614348649978638       0.10346671193838120       0.99224687288929259     
   1229.1319580078125       0.83932560682296753        9.9168211221694946E-002  0.99372378194202993     
   1229.1618652343750        1.0457077026367188       0.10986848920583725       0.99492914851049685     
   1229.1917724609375       0.95411735773086548       0.10479399561882019       0.99590804743591299     
   1229.2216796875000        1.0084440708160400       0.10721761733293533       0.99669942674005318     
   1229.2515869140625       0.90835666656494141       0.10298277437686920       0.99733660248161315     
   1229.2814941406250       0.88183903694152832       0.10139150917530060       0.99784780281457330     
   1229.3114013671875       0.92587560415267944       0.10425259172916412       0.99825673027417527     
   1229.3413085937500        1.1410835981369019       0.11412912607192993       0.99858311777913367     
   1229.3712158203125        1.1155135631561279       0.11272824555635452       0.99884326003028556     
   1229.4011230468750        1.0227757692337036       0.10894741117954254       0.99905050800828665     
   1229.4310302734375        1.0289436578750610       0.10953342169523239       0.99921571950589361     
   1229.4609375000000       0.90309715270996094       0.10277381539344788       0.99934766199575720     
   1229.4908447265625        1.1391248703002930       0.11488396674394608       0.99945336700433141     
   1229.5207519531250       0.96259701251983643       0.10512702167034149       0.99953843735532300     
   1229.5506591796875        1.0347284078598022       0.10861758887767792       0.99960731011839876     
   1229.5805664062500        1.0567132234573364       0.11207915097475052       0.99966347892770047     
   1229.6104736328125        1.0468528270721436       0.10880837589502335       0.99970967963397683     
   1229.6403808593750       0.93283706903457642       0.10475058108568192       0.99974804380183835     
   1229.6702880859375       0.97744148969650269       0.10532175004482269       0.99978022449616477     
   1229.7001953125000       0.84386420249938965        9.8699785768985748E-002  0.99980749850916384     
   1229.7301025390625       0.93678385019302368       0.10485394299030304       0.99983084703612646     
   1229.7600097656250       0.94754999876022339       0.10389656573534012       0.99985102639256007     
   1229.7899169921875       0.97760474681854248       0.10536269098520279       0.99986861684815131     
   1229.8198242187500       0.98384326696395874       0.10527722537517548        1.0000000000000000     
   1229.8498535156250       0.77223920822143555        9.3832217156887054E-002   1.0000000000000000     
   1229.8797607421875       0.93045216798782349       0.10239768028259277        1.0000000000000000     
   1229.9096679687500        1.0008041858673096       0.10585460066795349        1.0000000000000000     
   1229.9395751953125       0.97206217050552368       0.10502395033836365        1.0000000000000000     
   1229.9694824218750       0.91978824138641357       0.10141959041357040        1.0000000000000000     
   1229.9993896484375       0.80459278821945190        9.6218951046466827E-002   1.0000000000000000     
   1230.0292968750000       0.78404492139816284        9.5111347734928131E-002   1.0000000000000000     
   1230.0592041015625       0.74498713016510010        9.2769473791122437E-002   1.0000000000000000     
   1230.0891113281250       0.77384221553802490        9.3775562942028046E-002   1.0000000000000000     
   1230.1190185546875       0.87248188257217407        9.8763078451156616E-002   1.0000000000000000     
   1230.1489257812500       0.91564047336578369       0.10547705739736557        1.0000000000000000     
   1230.1788330078125        1.0029165744781494       0.10559459030628204        1.0000000000000000     
   1230.2087402343750       0.82544219493865967        9.6705593168735504E-002   1.0000000000000000     
   1230.2386474609375       0.94102901220321655       0.10261210054159164        1.0000000000000000     
   1230.2685546875000       0.83018732070922852        9.6154391765594482E-002   1.0000000000000000     
   1230.2984619140625       0.92072737216949463       0.10066980123519897        1.0000000000000000     
   1230.3283691406250       0.93617421388626099       0.10226964205503464        1.0000000000000000     
   1230.3582763671875       0.89127212762832642       0.10248016566038132        1.0000000000000000     
   1230.3881835937500       0.95780903100967407       0.10292010754346848        1.0000000000000000     
   1230.4180908203125       0.81613153219223022        9.6938908100128174E-002   1.0000000000000000     
   1230.4479980468750       0.84580087661743164        9.7871311008930206E-002   1.0000000000000000     
   1230.4779052734375       0.93094152212142944       0.10109622031450272        1.0000000000000000     
   1230.5078125000000       0.93830847740173340       0.10445037484169006        1.0000000000000000     
   1230.5377197265625       0.85576230287551880        9.7581058740615845E-002   1.0000000000000000     
   1230.5676269531250       0.93081903457641602       0.10187043994665146        1.0000000000000000     
   1230.5975341796875        1.0883570909500122       0.10986062884330750        1.0000000000000000     
   1230.6274414062500        1.2024930715560913       0.11414464563131332        1.0000000000000000     
   1230.6573486328125        1.1246867179870605       0.11070638895034790        1.0000000000000000     
   1230.6872558593750        1.1491979360580444       0.11295599490404129        1.0000000000000000     
   1230.7171630859375       0.91674119234085083       0.10426967591047287        1.0000000000000000     
   1230.7470703125000        1.0657770633697510       0.10742530971765518        1.0000000000000000     
   1230.7769775390625       0.95962947607040405       0.10329666733741760        1.0000000000000000     
   1230.8068847656250        1.0815728902816772       0.10864707827568054        1.0000000000000000     
   1230.8367919921875       0.99065083265304565       0.10495502501726151        1.0000000000000000     
   1230.8666992187500       0.93650037050247192       0.10231336206197739        1.0000000000000000     
   1230.8966064453125       0.95245975255966187       0.10348565131425858        1.0000000000000000     
   1230.9265136718750        1.1169644594192505       0.11066740006208420        1.0000000000000000     
   1230.9564208984375       0.88951647281646729        9.8113253712654114E-002   1.0000000000000000     
   1230.9863281250000       0.84283018112182617        9.8505675792694092E-002   1.0000000000000000     
   1231.0162353515625       0.98419082164764404       0.10389482975006104        1.0000000000000000     
   1231.0461425781250       0.84583526849746704        9.5841564238071442E-002   1.0000000000000000     
   1231.0760498046875       0.89321178197860718        9.9131979048252106E-002   1.0000000000000000     
   1231.1059570312500        1.0752549171447754       0.10878425091505051        1.0000000000000000     
   1231.1358642578125        1.1538746356964111       0.11173508316278458        1.0000000000000000     
   1231.1658935546875        1.0152618885040283       0.10516718775033951        1.0000000000000000     
   1231.1958007812500        1.0166934728622437       0.10525804013013840        1.0000000000000000     
   1231.2257080078125       0.91352307796478271        9.9069967865943909E-002   1.0000000000000000     
   1231.2556152343750       0.98918265104293823       0.10471459478139877        1.0000000000000000     
   1231.2855224609375       0.95115607976913452       0.10370599478483200        1.0000000000000000     
!  ---- tick mark positions for above ----
!      1227.93610     1     1
