H	H+	C+	C+2	C+3	N+	N+2	N+4	O	O+2	O+5	O+6	P+	Si+	Si+2	Si+3	Si+4	Fe+	Al+
6.45652e+14	1.29540e+19	1.28767e+12	4.57726e+14	2.92564e+15	9.47496e+10	7.62304e+13	2.18356e+15	6.22259e+06	2.29881e+14	2.08580e+16	1.65413e+16	4.88464e+07	1.78228e+09	1.90163e+11	2.52148e+12	1.36255e+14	1.10366e+06	1.87895e+08
6.45654e+14	1.21438e+19	1.37592e+12	4.72585e+14	2.94793e+15	1.05589e+11	8.20469e+13	2.12430e+15	7.60663e+06	2.50971e+14	1.94216e+16	1.45236e+16	5.65071e+07	2.01148e+09	2.13848e+11	2.86077e+12	1.44287e+14	1.37363e+06	2.16273e+08
6.45654e+14	1.13771e+19	1.47353e+12	4.87762e+14	2.96625e+15	1.17932e+11	8.82525e+13	2.06117e+15	9.32390e+06	2.73513e+14	1.80203e+16	1.27026e+16	6.54489e+07	2.26821e+09	2.40003e+11	3.24255e+12	1.52524e+14	1.70903e+06	2.47878e+08
6.45654e+14	1.06509e+19	1.58209e+12	5.03369e+14	2.98034e+15	1.32030e+11	9.48665e+13	1.99430e+15	1.14575e+07	2.97511e+14	1.66587e+16	1.10642e+16	7.59186e+07	2.55678e+09	2.68876e+11	3.67196e+12	1.60942e+14	2.12575e+06	2.82856e+08
6.45654e+14	9.96241e+18	1.70357e+12	5.19553e+14	2.98990e+15	1.48169e+11	1.01901e+14	1.92371e+15	1.41116e+07	3.22947e+14	1.53407e+16	9.59471e+15	8.82179e+07	2.88271e+09	3.00769e+11	4.15481e+12	1.69515e+14	2.64343e+06	3.21253e+08
6.45653e+14	9.30814e+18	1.84039e+12	5.36490e+14	2.99461e+15	1.66691e+11	1.09370e+14	1.84938e+15	1.74193e+07	3.49799e+14	1.40686e+16	8.27970e+15	1.02717e+08	3.25282e+09	3.36045e+11	4.69836e+12	1.78222e+14	3.28700e+06	3.63022e+08
6.45653e+14	8.68393e+18	1.99571e+12	5.54410e+14	2.99407e+15	1.88042e+11	1.17297e+14	1.77123e+15	2.15572e+07	3.78053e+14	1.28426e+16	7.10423e+15	1.19880e+08	3.67604e+09	3.75181e+11	5.31220e+12	1.87049e+14	4.08882e+06	4.07928e+08
6.45651e+14	8.08731e+18	2.17412e+12	5.73723e+14	2.98777e+15	2.12765e+11	1.25698e+14	1.68925e+15	2.67489e+07	4.07628e+14	1.16649e+16	6.05720e+15	1.40339e+08	4.16660e+09	4.18914e+11	6.00632e+12	1.95958e+14	5.08984e+06	4.55644e+08
6.45652e+14	7.51614e+18	2.38160e+12	5.94974e+14	2.97506e+15	2.41519e+11	1.34585e+14	1.60357e+15	3.32786e+07	4.38362e+14	1.05387e+16	5.12848e+15	1.64930e+08	4.74508e+09	4.68296e+11	6.79236e+12	2.04902e+14	6.34224e+06	5.05730e+08
6.45653e+14	6.96653e+18	2.62653e+12	6.18855e+14	2.95496e+15	2.75128e+11	1.43957e+14	1.51387e+15	4.15338e+07	4.70075e+14	9.46281e+15	4.30606e+15	1.94785e+08	5.44173e+09	5.24914e+11	7.68680e+12	2.13844e+14	7.91571e+06	5.57483e+08
6.45653e+14	6.43578e+18	2.92065e+12	6.46373e+14	2.92629e+15	3.14631e+11	1.53809e+14	1.42005e+15	5.20230e+07	5.02457e+14	8.43869e+15	3.58084e+15	2.31501e+08	6.30491e+09	5.91293e+11	8.70883e+12	2.22716e+14	9.90401e+06	6.10445e+08
6.45655e+14	5.91895e+18	3.28128e+12	6.78867e+14	2.88706e+15	3.61371e+11	1.64105e+14	1.32159e+15	6.54620e+07	5.35040e+14	7.46422e+15	2.94190e+15	2.77422e+08	7.41120e+09	6.71400e+11	9.88745e+12	2.31462e+14	1.24377e+07	6.64396e+08
6.45653e+14	5.40757e+18	3.73779e+12	7.18533e+14	2.83386e+15	4.17433e+11	1.74803e+14	1.21734e+15	8.29618e+07	5.67052e+14	6.53159e+15	2.37705e+15	3.36361e+08	8.89454e+09	7.72005e+11	1.12695e+13	2.40028e+14	1.57167e+07	7.20316e+08
6.45651e+14	4.89133e+18	4.34094e+12	7.68977e+14	2.76149e+15	4.85819e+11	1.85793e+14	1.10555e+15	1.06293e+08	5.97238e+14	5.63134e+15	1.87554e+15	4.15067e+08	1.10130e+10	9.05616e+11	1.29319e+13	2.48304e+14	2.00683e+07	7.84252e+08
6.45648e+14	4.35037e+18	5.19391e+12	8.36666e+14	2.65916e+15	5.71683e+11	1.96761e+14	9.82588e+14	1.38781e+08	6.22952e+14	4.74236e+15	1.42357e+15	5.27542e+08	1.43357e+10	1.09757e+12	1.50281e+13	2.56095e+14	2.61224e+07	8.77269e+08
6.45654e+14	3.73934e+18	6.55958e+12	9.35028e+14	2.49973e+15	6.84862e+11	2.06486e+14	8.39842e+14	1.88382e+08	6.37484e+14	3.80909e+15	9.99868e+14	7.11703e+08	2.04994e+10	1.41003e+12	1.79460e+13	2.62836e+14	3.54340e+07	1.07784e+09
6.45654e+14	3.28289e+18	8.00038e+12	1.02082e+15	2.34560e+15	7.90817e+11	2.12755e+14	7.29112e+14	2.45047e+08	6.46654e+14	3.10238e+15	7.27336e+14	9.38192e+08	2.85779e+10	1.75584e+12	2.06734e+13	2.65712e+14	4.67189e+07	1.39992e+09
6.45654e+14	2.87809e+18	9.71159e+12	1.10245e+15	2.17596e+15	8.99731e+11	2.15953e+14	6.30634e+14	3.17316e+08	6.49774e+14	2.48644e+15	5.21596e+14	1.24384e+09	4.02155e+10	2.16595e+12	2.35859e+13	2.65549e+14	6.16293e+07	1.88750e+09
6.45654e+14	2.49574e+18	1.18581e+13	1.17912e+15	1.98119e+15	1.01301e+12	2.15210e+14	5.39655e+14	4.15635e+08	6.46178e+14	1.92120e+15	3.58800e+14	1.68575e+09	5.80765e+10	2.66037e+12	2.68462e+13	2.61779e+14	8.23413e+07	2.63501e+09
6.45654e+14	2.13731e+18	1.45295e+13	1.24205e+15	1.76333e+15	1.12752e+12	2.09759e+14	4.57335e+14	5.55020e+08	6.38442e+14	1.41127e+15	2.33634e+14	2.35151e+09	8.58937e+10	3.23325e+12	3.04263e+13	2.53530e+14	1.11810e+08	3.76235e+09
6.45654e+14	1.81611e+18	1.76366e+13	1.27965e+15	1.53684e+15	1.23948e+12	1.99956e+14	3.85397e+14	7.56562e+08	6.32428e+14	9.84695e+14	1.44534e+14	3.35468e+09	1.27736e+11	3.85016e+12	3.40953e+13	2.40587e+14	1.53620e+08	5.37007e+09
6.45654e+14	1.55574e+18	2.07029e+13	1.28593e+15	1.33131e+15	1.34828e+12	1.88775e+14	3.26003e+14	1.03154e+09	6.34165e+14	6.77012e+14	8.89501e+13	4.71138e+09	1.83695e+11	4.44962e+12	3.73533e+13	2.24854e+14	2.09050e+08	7.36571e+09
6.45654e+14	1.35686e+18	2.33348e+13	1.26893e+15	1.16190e+15	1.45798e+12	1.78952e+14	2.77979e+14	1.37783e+09	6.42879e+14	4.75993e+14	5.66992e+13	6.32394e+09	2.51076e+11	5.00509e+12	3.99369e+13	2.08814e+14	2.77452e+08	9.55149e+09
6.45654e+14	1.20341e+18	2.54733e+13	1.23882e+15	1.02450e+15	1.57147e+12	1.71034e+14	2.38633e+14	1.79342e+09	6.54573e+14	3.45320e+14	3.77002e+13	8.10742e+09	3.28569e+11	5.52278e+12	4.19048e+13	1.93600e+14	3.58988e+08	1.18180e+10
6.45654e+14	1.08034e+18	2.72049e+13	1.20173e+15	9.10631e+14	1.68985e+12	1.64565e+14	2.05695e+14	2.28408e+09	6.66519e+14	2.56995e+14	2.58983e+13	1.00324e+10	4.16805e+11	6.01411e+12	4.33944e+13	1.79367e+14	4.55435e+08	1.41468e+10
6.45650e+14	9.78153e+17	2.86125e+13	1.16079e+15	8.14098e+14	1.81333e+12	1.59071e+14	1.77719e+14	2.85957e+09	6.77370e+14	1.94919e+14	1.82353e+13	1.20895e+10	5.16958e+11	6.48475e+12	4.45060e+13	1.66039e+14	5.69280e+08	1.65421e+10
6.45652e+14	8.91362e+17	2.97547e+13	1.11785e+15	7.30998e+14	1.94171e+12	1.54258e+14	1.53800e+14	3.52985e+09	6.86516e+14	1.50042e+14	1.30936e+13	1.42682e+10	6.29966e+11	6.93641e+12	4.53053e+13	1.53564e+14	7.03152e+08	1.90070e+10
6.45655e+14	8.16266e+17	3.06766e+13	1.07399e+15	6.58557e+14	2.07480e+12	1.49903e+14	1.33247e+14	4.30749e+09	6.93714e+14	1.16829e+14	9.54426e+12	1.65607e+10	7.56853e+11	7.36888e+12	4.58370e+13	1.41869e+14	8.60152e+08	2.15467e+10
6.45650e+14	7.50448e+17	3.14127e+13	1.02998e+15	5.94870e+14	2.21221e+12	1.45867e+14	1.15539e+14	5.20541e+09	6.98890e+14	9.18177e+13	7.04205e+12	1.89547e+10	8.98418e+11	7.78101e+12	4.61343e+13	1.30908e+14	1.04355e+09	2.41639e+10
6.45650e+14	6.92398e+17	3.19926e+13	9.86505e+14	5.38671e+14	2.35341e+12	1.42086e+14	1.00301e+14	6.23448e+09	7.02074e+14	7.27844e+13	5.25383e+12	2.14314e+10	1.05476e+12	8.17081e+12	4.62223e+13	1.20681e+14	1.25646e+09	2.68581e+10
6.45651e+14	6.40511e+17	3.24376e+13	9.43682e+14	4.88589e+14	2.49839e+12	1.38448e+14	8.71103e+13	7.41485e+09	7.03369e+14	5.80505e+13	3.95085e+12	2.39847e+10	1.22720e+12	8.53734e+12	4.61227e+13	1.11094e+14	1.50354e+09	2.96395e+10
6.45652e+14	5.93885e+17	3.27684e+13	9.01849e+14	4.43816e+14	2.64677e+12	1.34915e+14	7.56877e+13	8.76343e+09	7.02870e+14	4.65495e+13	2.99177e+12	2.65960e+10	1.41610e+12	8.87895e+12	4.58537e+13	1.02127e+14	1.78908e+09	3.25087e+10
6.45652e+14	5.51702e+17	3.30006e+13	8.61128e+14	4.03599e+14	2.79839e+12	1.31444e+14	6.57733e+13	1.03014e+10	7.00684e+14	3.74877e+13	2.27808e+12	2.92508e+10	1.62215e+12	9.19429e+12	4.54301e+13	9.37352e+13	2.11836e+09	3.54717e+10
6.45651e+14	5.13406e+17	3.31489e+13	8.21697e+14	3.67400e+14	2.95282e+12	1.28019e+14	5.71695e+13	1.20489e+10	6.96920e+14	3.03074e+13	1.74331e+12	3.19284e+10	1.84546e+12	9.48178e+12	4.48660e+13	8.59012e+13	2.49655e+09	3.85298e+10
6.45651e+14	4.78517e+17	3.32252e+13	7.83631e+14	3.34730e+14	3.10969e+12	1.24626e+14	4.96999e+13	1.40291e+10	6.91692e+14	2.45862e+13	1.33993e+12	3.46100e+10	2.08608e+12	9.74022e+12	4.41745e+13	7.86000e+13	2.92952e+09	4.16858e+10
6.45651e+14	4.46653e+17	3.32419e+13	7.47024e+14	3.05193e+14	3.26739e+12	1.21258e+14	4.32164e+13	1.62659e+10	6.85108e+14	2.00079e+13	1.03406e+12	3.72756e+10	2.34368e+12	9.96860e+12	4.33689e+13	7.18109e+13	3.42327e+09	4.49416e+10
6.45652e+14	4.17421e+17	3.32057e+13	7.11824e+14	2.78414e+14	3.42667e+12	1.17899e+14	3.75791e+13	1.87877e+10	6.77264e+14	1.63224e+13	8.00539e+11	3.99081e+10	2.61835e+12	1.01656e+13	4.24588e+13	6.54984e+13	3.98517e+09	4.83005e+10
6.45653e+14	3.90551e+17	3.31261e+13	6.78069e+14	2.54097e+14	3.58719e+12	1.14549e+14	3.26779e+13	2.16223e+10	6.68264e+14	1.33456e+13	6.21541e+11	4.24893e+10	2.90948e+12	1.03306e+13	4.14557e+13	5.96411e+13	4.62257e+09	5.17657e+10
6.45652e+14	3.65865e+17	3.30164e+13	6.45872e+14	2.32022e+14	3.74829e+12	1.11223e+14	2.84257e+13	2.47916e+10	6.58230e+14	1.09391e+13	4.84123e+11	4.50017e+10	3.21548e+12	1.04636e+13	4.03737e+13	5.42297e+13	5.34196e+09	5.53363e+10
6.45652e+14	3.43022e+17	3.28718e+13	6.14985e+14	2.11899e+14	3.91009e+12	1.07893e+14	2.47200e+13	2.83426e+10	6.47208e+14	8.97791e+12	3.77712e+11	4.74313e+10	3.53685e+12	1.05627e+13	3.92172e+13	4.92140e+13	6.15422e+09	5.90147e+10
6.45653e+14	3.21883e+17	3.27020e+13	5.85462e+14	1.93550e+14	4.07220e+12	1.04573e+14	2.14952e+13	3.23067e+10	6.35302e+14	7.37838e+12	2.95219e+11	4.97640e+10	3.87198e+12	1.06280e+13	3.79979e+13	4.45813e+13	7.06814e+09	6.28023e+10
6.45653e+14	3.02321e+17	3.25148e+13	5.57322e+14	1.76817e+14	4.23410e+12	1.01274e+14	1.86924e+13	3.67149e+10	6.22616e+14	6.07272e+12	2.31187e+11	5.19876e+10	4.21889e+12	1.06601e+13	3.67275e+13	4.03163e+13	8.09242e+09	6.66974e+10
6.45653e+14	2.84135e+17	3.23073e+13	5.30411e+14	1.61523e+14	4.39581e+12	9.79856e+13	1.62503e+13	4.16197e+10	6.09196e+14	5.00162e+12	1.81221e+11	5.40902e+10	4.57699e+12	1.06577e+13	3.54110e+13	3.63859e+13	9.23979e+09	7.07005e+10
6.45653e+14	2.67218e+17	3.20846e+13	5.04718e+14	1.47538e+14	4.55698e+12	9.47168e+13	1.41241e+13	4.70617e+10	5.95129e+14	4.12221e+12	1.42189e+11	5.60624e+10	4.94413e+12	1.06216e+13	3.40584e+13	3.27734e+13	1.05212e+10	7.48092e+10
6.45653e+14	2.51454e+17	3.18481e+13	4.80182e+14	1.34742e+14	4.71738e+12	9.14706e+13	1.22725e+13	5.30903e+10	5.80481e+14	3.39887e+12	1.11638e+11	5.78958e+10	5.31845e+12	1.05518e+13	3.26774e+13	2.94586e+13	1.19495e+10	7.90212e+10
6.45654e+14	2.36744e+17	3.16000e+13	4.56756e+14	1.23027e+14	4.87682e+12	8.82514e+13	1.06602e+13	5.97569e+10	5.65320e+14	2.80312e+12	8.76894e+10	5.95840e+10	5.69771e+12	1.04491e+13	3.12760e+13	2.64225e+13	1.35381e+10	8.33334e+10
6.45653e+14	2.23001e+17	3.13413e+13	4.34388e+14	1.12298e+14	5.03504e+12	8.50636e+13	9.25627e+12	6.71162e+10	5.49713e+14	2.31189e+12	6.88930e+10	6.11210e+10	6.07958e+12	1.03142e+13	2.98617e+13	2.36473e+13	1.53011e+10	8.77411e+10
6.45653e+14	2.10141e+17	3.10724e+13	4.13022e+14	1.02467e+14	5.19193e+12	8.19099e+13	8.03360e+12	7.52299e+10	5.33716e+14	1.90637e+12	5.41220e+10	6.25023e+10	6.46166e+12	1.01481e+13	2.84412e+13	2.11149e+13	1.72546e+10	9.22400e+10
6.45653e+14	1.98096e+17	3.07947e+13	3.92619e+14	9.34571e+13	5.34719e+12	7.87954e+13	6.96919e+12	8.41592e+10	5.17394e+14	1.57147e+12	4.25092e+10	6.37252e+10	6.84119e+12	9.95223e+12	2.70219e+13	1.88097e+13	1.94143e+10	9.68234e+10
6.45654e+14	1.86815e+17	3.05123e+13	3.73170e+14	8.51929e+13	5.50085e+12	7.57292e+13	6.04226e+12	9.39778e+10	5.00894e+14	1.29474e+12	3.33753e+10	6.47937e+10	7.21652e+12	9.73052e+12	2.56168e+13	1.67102e+13	2.18329e+10	1.01490e+11
6.45654e+14	1.76239e+17	3.02256e+13	3.54628e+14	7.76080e+13	5.65269e+12	7.27140e+13	5.23494e+12	1.04762e+11	4.84274e+14	1.06591e+12	2.61869e+10	6.57085e+10	7.58516e+12	9.48477e+12	2.42317e+13	1.48007e+13	2.45530e+10	1.06234e+11
6.45654e+14	1.66311e+17	2.99324e+13	3.36931e+14	7.06592e+13	5.80234e+12	6.97506e+13	4.53317e+12	1.16570e+11	4.67495e+14	8.76908e+11	2.05348e+10	6.64651e+10	7.94253e+12	9.21458e+12	2.28652e+13	1.30764e+13	2.75595e+10	1.11038e+11
6.45654e+14	1.56978e+17	2.96341e+13	3.20031e+14	6.42884e+13	5.94969e+12	6.68406e+13	3.92295e+12	1.29483e+11	4.50599e+14	7.20746e+11	1.60888e+10	6.70674e+10	8.28588e+12	8.92224e+12	2.15220e+13	1.15225e+13	3.08795e+10	1.15899e+11
6.45654e+14	1.48205e+17	2.93311e+13	3.03901e+14	5.84518e+13	6.09450e+12	6.39886e+13	3.39285e+12	1.43575e+11	4.33648e+14	5.91828e+11	1.25947e+10	6.75186e+10	8.61219e+12	8.61047e+12	2.02081e+13	1.01268e+13	3.45385e+10	1.20804e+11
6.45654e+14	1.39953e+17	2.90243e+13	2.88512e+14	5.31064e+13	6.23659e+12	6.11981e+13	2.93263e+12	1.58928e+11	4.16699e+14	4.85470e+11	9.85039e+09	6.78233e+10	8.91873e+12	8.28213e+12	1.89284e+13	8.87701e+12	3.85648e+10	1.25742e+11
6.45654e+14	1.32189e+17	2.87146e+13	2.73834e+14	4.82128e+13	6.37570e+12	5.84722e+13	2.53331e+12	1.75621e+11	3.99804e+14	3.97793e+11	7.69675e+09	6.79872e+10	9.20292e+12	7.94018e+12	1.76875e+13	7.76138e+12	4.29878e+10	1.30700e+11
6.45654e+14	1.24884e+17	2.84033e+13	2.59843e+14	4.37353e+13	6.51159e+12	5.58141e+13	2.18711e+12	1.93734e+11	3.83017e+14	3.25593e+11	6.00835e+09	6.80176e+10	9.46238e+12	7.58781e+12	1.64893e+13	6.76881e+12	4.78379e+10	1.35667e+11
6.45654e+14	1.18009e+17	2.80914e+13	2.46513e+14	3.96407e+13	6.64406e+12	5.32270e+13	1.88720e+12	2.13346e+11	3.66392e+14	2.66203e+11	4.68607e+09	6.79222e+10	9.69509e+12	7.22816e+12	1.53375e+13	5.88865e+12	5.31471e+10	1.40628e+11
6.45654e+14	1.11540e+17	2.77801e+13	2.33821e+14	3.58989e+13	6.77287e+12	5.07131e+13	1.62759e+12	2.34534e+11	3.49977e+14	2.17410e+11	3.65166e+09	6.77093e+10	9.89936e+12	6.86437e+12	1.42350e+13	5.11078e+12	5.89481e+10	1.45568e+11
6.45654e+14	1.05453e+17	2.74703e+13	2.21740e+14	3.24818e+13	6.89775e+12	4.82745e+13	1.40301e+12	2.57374e+11	3.33819e+14	1.77367e+11	2.84326e+09	6.73873e+10	1.00739e+13	6.49941e+12	1.31839e+13	4.42554e+12	6.52750e+10	1.50471e+11
6.45654e+14	9.97247e+16	2.71633e+13	2.10249e+14	2.93636e+13	7.01851e+12	4.59132e+13	1.20890e+12	2.81938e+11	3.17963e+14	1.44550e+11	2.21222e+09	6.69655e+10	1.02179e+13	6.13618e+12	1.21861e+13	3.82392e+12	7.21629e+10	1.55322e+11
6.45654e+14	9.43357e+16	2.68602e+13	1.99325e+14	2.65206e+13	7.13493e+12	4.36304e+13	1.04123e+12	3.08293e+11	3.02449e+14	1.17689e+11	1.72012e+09	6.64534e+10	1.03309e+13	5.77736e+12	1.12425e+13	3.29740e+12	7.96476e+10	1.60105e+11
6.45654e+14	8.92633e+16	2.65602e+13	1.88940e+14	2.39309e+13	7.24678e+12	4.14257e+13	8.96452e+11	3.36515e+11	2.87305e+14	9.57189e+10	1.33660e+09	6.58569e+10	1.04131e+13	5.42503e+12	1.03531e+13	2.83781e+12	8.77681e+10	1.64801e+11
6.45654e+14	8.44957e+16	2.62668e+13	1.79084e+14	2.15747e+13	7.35381e+12	3.93030e+13	7.71636e+11	3.66629e+11	2.72585e+14	7.77926e+10	1.03830e+09	6.51902e+10	1.04647e+13	5.08200e+12	9.51901e+12	2.43831e+12	9.65542e+10	1.69394e+11
6.45654e+14	8.00123e+16	2.59795e+13	1.69730e+14	1.94330e+13	7.45583e+12	3.72607e+13	6.64036e+11	3.98701e+11	2.58306e+14	6.31734e+10	8.06315e+08	6.44592e+10	1.04867e+13	4.74974e+12	8.73890e+12	2.09180e+12	1.06046e+11	1.73866e+11
6.45654e+14	7.57958e+16	2.56984e+13	1.60853e+14	1.74880e+13	7.55268e+12	3.52982e+13	5.71316e+11	4.32774e+11	2.44489e+14	5.12633e+10	6.26024e+08	6.36715e+10	1.04804e+13	4.42970e+12	8.01164e+12	1.79202e+12	1.16283e+11	1.78201e+11
6.45654e+14	7.18321e+16	2.54243e+13	1.52435e+14	1.57241e+13	7.64417e+12	3.34156e+13	4.91475e+11	4.68875e+11	2.31158e+14	4.15730e+10	4.86025e+08	6.28356e+10	1.04471e+13	4.12320e+12	7.33594e+12	1.53338e+12	1.27299e+11	1.82383e+11
6.45654e+14	6.81083e+16	2.51579e+13	1.44461e+14	1.41267e+13	7.73012e+12	3.16131e+13	4.22785e+11	5.07011e+11	2.18335e+14	3.36997e+10	3.77408e+08	6.19596e+10	1.03888e+13	3.83129e+12	6.71028e+12	1.31085e+12	1.39127e+11	1.86395e+11
6.45654e+14	6.46035e+16	2.48974e+13	1.36894e+14	1.26801e+13	7.81037e+12	2.98859e+13	3.63617e+11	5.47252e+11	2.06006e+14	2.72986e+10	2.93040e+08	6.10457e+10	1.03071e+13	3.55394e+12	6.13151e+12	1.11948e+12	1.51819e+11	1.90225e+11
6.45654e+14	6.13072e+16	2.46436e+13	1.29722e+14	1.13723e+13	7.88478e+12	2.82342e+13	3.12701e+11	5.89586e+11	1.94188e+14	2.21023e+10	2.27572e+08	6.01016e+10	1.02042e+13	3.29177e+12	5.59780e+12	9.55334e+11	1.65407e+11	1.93861e+11
6.45654e+14	5.82066e+16	2.43961e+13	1.22925e+14	1.01914e+13	7.95320e+12	2.66561e+13	2.68897e+11	6.34014e+11	1.82881e+14	1.78873e+10	1.76778e+08	5.91321e+10	1.00823e+13	3.04487e+12	5.10672e+12	8.14769e+11	1.79927e+11	1.97290e+11
6.45654e+14	5.52898e+16	2.41547e+13	1.16485e+14	9.12620e+12	8.01549e+12	2.51499e+13	2.31219e+11	6.80533e+11	1.72084e+14	1.44704e+10	1.37369e+08	5.81420e+10	9.94329e+12	2.81313e+12	4.65575e+12	6.94571e+11	1.95418e+11	2.00501e+11
6.45654e+14	5.25445e+16	2.39189e+13	1.10382e+14	8.16628e+12	8.07158e+12	2.37131e+13	1.98808e+11	7.29135e+11	1.61790e+14	1.17016e+10	1.06787e+08	5.71347e+10	9.78939e+12	2.59625e+12	4.24225e+12	5.91898e+11	2.11920e+11	2.03487e+11
6.45654e+14	4.99560e+16	2.36868e+13	1.04590e+14	7.30144e+12	8.12124e+12	2.23414e+13	1.70898e+11	7.79853e+11	1.51977e+14	9.45674e+09	8.30236e+07	5.61107e+10	9.62231e+12	2.39346e+12	3.86318e+12	5.04184e+11	2.29487e+11	2.06242e+11
6.45654e+14	4.75252e+16	2.34619e+13	9.91164e+13	6.52496e+12	8.16463e+12	2.10387e+13	1.46947e+11	8.32504e+11	1.42677e+14	7.64365e+09	6.46169e+07	5.50824e+10	9.44479e+12	2.20525e+12	3.51747e+12	4.29573e+11	2.48107e+11	2.08756e+11
6.45654e+14	4.52277e+16	2.32383e+13	9.39139e+13	5.82608e+12	8.20132e+12	1.97946e+13	1.26296e+11	8.87269e+11	1.33821e+14	6.17279e+09	5.02862e+07	5.40399e+10	9.25751e+12	2.02973e+12	3.20084e+12	3.65841e+11	2.67884e+11	2.11030e+11
6.45654e+14	4.30645e+16	2.30192e+13	8.89886e+13	5.19920e+12	8.23146e+12	1.86124e+13	1.08551e+11	9.43946e+11	1.25436e+14	4.98428e+09	0	5.29945e+10	9.06299e+12	1.86715e+12	2.91225e+12	3.11624e+11	2.88804e+11	2.13058e+11
6.45654e+14	4.10238e+16	2.28027e+13	8.43187e+13	4.63689e+12	8.25488e+12	1.74880e+13	9.32853e+10	1.00254e+12	1.17492e+14	4.02298e+09	0	5.19451e+10	8.86250e+12	1.71653e+12	2.64904e+12	2.65461e+11	3.10918e+11	2.14840e+11
6.45654e+14	3.90971e+16	2.25882e+13	7.98899e+13	4.13286e+12	8.27153e+12	1.64190e+13	8.01503e+10	1.06301e+12	1.09974e+14	3.24567e+09	0	5.08936e+10	8.65740e+12	1.57717e+12	2.40913e+12	2.26163e+11	3.34261e+11	2.16376e+11
6.45654e+14	3.72770e+16	2.23752e+13	7.56890e+13	3.68142e+12	8.28129e+12	1.54031e+13	6.88483e+10	1.12528e+12	1.02865e+14	2.61732e+09	0	4.98414e+10	8.44898e+12	1.44836e+12	2.19055e+12	1.92712e+11	3.58863e+11	2.17668e+11
6.45654e+14	3.55562e+16	2.21628e+13	7.17026e+13	3.27734e+12	8.28411e+12	1.44379e+13	5.91222e+10	1.18931e+12	9.61462e+13	2.10947e+09	0	4.87895e+10	8.23829e+12	1.32940e+12	1.99146e+12	1.64236e+11	3.84754e+11	2.18716e+11
6.45654e+14	3.39297e+16	2.19515e+13	6.79223e+13	2.91603e+12	8.28004e+12	1.35223e+13	5.07579e+10	1.25496e+12	8.98084e+13	1.69946e+09	0	4.77412e+10	8.02656e+12	1.21975e+12	1.81031e+12	1.40012e+11	4.11945e+11	2.19526e+11
6.45654e+14	3.23889e+16	2.17393e+13	6.43322e+13	2.59297e+12	8.26883e+12	1.26530e+13	4.35573e+10	1.32223e+12	8.38244e+13	1.36816e+09	0	4.66946e+10	7.81434e+12	1.11856e+12	1.64531e+12	1.19379e+11	4.40476e+11	2.20099e+11
6.45654e+14	3.09292e+16	2.15264e+13	6.09238e+13	2.30437e+12	8.25055e+12	1.18285e+13	3.73621e+10	1.39100e+12	7.81821e+13	1.10073e+09	0	4.56521e+10	7.60253e+12	1.02532e+12	1.49514e+12	1.01812e+11	4.70351e+11	2.20441e+11
6.45654e+14	2.95454e+16	2.13123e+13	5.76874e+13	2.04672e+12	8.22514e+12	1.10471e+13	3.20324e+10	1.46118e+12	7.28652e+13	8.84935e+08	0	4.46144e+10	7.39178e+12	9.39446e+11	1.35847e+12	8.68523e+10	5.01578e+11	2.20555e+11
6.45654e+14	2.82325e+16	2.10965e+13	5.46135e+13	1.81681e+12	8.19259e+12	1.03068e+13	2.74480e+10	1.53268e+12	6.78576e+13	7.10892e+08	0	4.35825e+10	7.18265e+12	8.60377e+11	1.23409e+12	7.41093e+10	5.34156e+11	2.20450e+11
6.45654e+14	2.69860e+16	2.08784e+13	5.16935e+13	1.61178e+12	8.15287e+12	9.60602e+12	2.35055e+10	1.60538e+12	6.31441e+13	5.70595e+08	0	4.25570e+10	6.97561e+12	7.87604e+11	1.12090e+12	6.32523e+10	5.68072e+11	2.20128e+11
6.45654e+14	2.58014e+16	2.06577e+13	4.89190e+13	1.42903e+12	8.10594e+12	8.94310e+12	2.01158e+10	1.67917e+12	5.87100e+13	4.57566e+08	0	4.15384e+10	6.77105e+12	7.20639e+11	1.01790e+12	5.39989e+10	6.03302e+11	2.19597e+11
6.45654e+14	2.46750e+16	2.04341e+13	4.62826e+13	1.26623e+12	8.05190e+12	8.31648e+12	1.72024e+10	1.75396e+12	5.45403e+13	3.66563e+08	0	4.05276e+10	6.56932e+12	6.59041e+11	9.24152e+11	4.61105e+10	6.39818e+11	2.18863e+11
6.45654e+14	2.36030e+16	2.02071e+13	4.37771e+13	1.12128e+12	7.99074e+12	7.72469e+12	1.46995e+10	1.82962e+12	5.06222e+13	2.93351e+08	0	3.95251e+10	6.37070e+12	6.02396e+11	8.38844e+11	3.93840e+10	6.77567e+11	2.17932e+11
6.45654e+14	2.25819e+16	1.99763e+13	4.13951e+13	9.92287e+11	7.92249e+12	7.16615e+12	1.25497e+10	1.90604e+12	4.69412e+13	2.34486e+08	0	3.85310e+10	6.17533e+12	5.50301e+11	7.61191e+11	3.36454e+10	7.16489e+11	2.16810e+11
6.45654e+14	2.16055e+16	1.97406e+13	3.91233e+13	8.77259e+11	7.84666e+12	6.63815e+12	1.06997e+10	1.98321e+12	4.34758e+13	1.87104e+08	0	3.75428e+10	5.98274e+12	5.02282e+11	6.90320e+11	2.87379e+10	7.56554e+11	2.15500e+11
6.45654e+14	2.06806e+16	1.95022e+13	3.69785e+13	7.75577e+11	7.76507e+12	6.14379e+12	9.12178e+09	2.06063e+12	4.02447e+13	1.49265e+08	0	3.65710e+10	5.79518e+12	4.58412e+11	6.26201e+11	2.45702e+10	7.97486e+11	2.14022e+11
6.45654e+14	1.97945e+16	1.92582e+13	3.49320e+13	6.84971e+11	7.67609e+12	5.67732e+12	7.76487e+09	2.13855e+12	3.72056e+13	1.18848e+08	0	3.56057e+10	5.61061e+12	4.17980e+11	5.67661e+11	2.10023e+10	8.39334e+11	2.12368e+11
6.45654e+14	1.89481e+16	1.90093e+13	3.29864e+13	6.04520e+11	7.58043e+12	5.23902e+12	6.60250e+09	2.21670e+12	3.43583e+13	9.44909e+07	0	3.46506e+10	5.42980e+12	3.80844e+11	5.14385e+11	1.79556e+10	8.81893e+11	2.10550e+11
6.45654e+14	1.81394e+16	1.87554e+13	3.11376e+13	5.33151e+11	7.47836e+12	4.82783e+12	5.60792e+09	2.29496e+12	3.16932e+13	7.50143e+07	0	3.37067e+10	5.25289e+12	3.46758e+11	4.65922e+11	1.53539e+10	9.24990e+11	2.08574e+11
6.45654e+14	1.73621e+16	1.84947e+13	2.93717e+13	4.69626e+11	7.36905e+12	4.44098e+12	4.75431e+09	2.37336e+12	2.91900e+13	5.94100e+07	0	3.27692e+10	5.07892e+12	3.15353e+11	4.21652e+11	1.31241e+10	9.68495e+11	2.06436e+11
6.45654e+14	1.66215e+16	1.82298e+13	2.77008e+13	4.13529e+11	7.25445e+12	4.08026e+12	4.02778e+09	2.45145e+12	2.68593e+13	4.70037e+07	0	3.18472e+10	4.90964e+12	2.86652e+11	3.81532e+11	1.12249e+10	1.01206e+12	2.04162e+11
6.45654e+14	1.59122e+16	1.79594e+13	2.61130e+13	3.63846e+11	7.13401e+12	3.74317e+12	3.40777e+09	2.52924e+12	2.46829e+13	3.71223e+07	0	3.09369e+10	4.74423e+12	2.60337e+11	3.45042e+11	9.60186e+09	1.05551e+12	2.01750e+11
6.45654e+14	1.52351e+16	1.76846e+13	2.46098e+13	3.19989e+11	7.00875e+12	3.42954e+12	2.88063e+09	2.60648e+12	2.26588e+13	2.92815e+07	0	3.00421e+10	4.58330e+12	2.36296e+11	3.11958e+11	8.21780e+09	1.09853e+12	1.99216e+11
6.45654e+14	1.45846e+16	1.74036e+13	2.31791e+13	2.81132e+11	6.87787e+12	3.13689e+12	2.43100e+09	2.68324e+12	2.07692e+13	2.30460e+07	0	2.91580e+10	4.42586e+12	2.14242e+11	2.81830e+11	7.03269e+09	1.14090e+12	1.96552e+11
6.45654e+14	1.39595e+16	1.71165e+13	2.18184e+13	2.46744e+11	6.74174e+12	2.86433e+12	2.04812e+09	2.75939e+12	1.90075e+13	1.80973e+07	0	2.82849e+10	4.27195e+12	1.94029e+11	2.54412e+11	6.01810e+09	1.18231e+12	1.93764e+11
6.45654e+14	1.33605e+16	1.68248e+13	2.05278e+13	2.16393e+11	6.60132e+12	2.61154e+12	1.72322e+09	2.83466e+12	1.73717e+13	1.41856e+07	0	2.74263e+10	4.12203e+12	1.75569e+11	2.29531e+11	5.15124e+09	1.22241e+12	1.90869e+11
6.45654e+14	1.27851e+16	1.65275e+13	1.93028e+13	1.89600e+11	6.45661e+12	2.37714e+12	1.44757e+09	2.90903e+12	1.58519e+13	0	0	2.65804e+10	3.97578e+12	1.58694e+11	2.06929e+11	4.40957e+09	1.26088e+12	1.87867e+11
6.45654e+14	1.22330e+16	1.62256e+13	1.81416e+13	1.65985e+11	6.30830e+12	2.16044e+12	1.21427e+09	2.98232e+12	1.44439e+13	0	0	2.57492e+10	3.83339e+12	1.43303e+11	1.86431e+11	3.77558e+09	1.29738e+12	1.84769e+11
6.45654e+14	1.17030e+16	1.59195e+13	1.70413e+13	1.45187e+11	6.15680e+12	1.96044e+12	1.01706e+09	3.05441e+12	1.31410e+13	0	0	2.49327e+10	3.69479e+12	1.29275e+11	1.67848e+11	3.23350e+09	1.33159e+12	1.81584e+11
6.45654e+14	1.11942e+16	1.56094e+13	1.59992e+13	1.26885e+11	6.00256e+12	1.77622e+12	8.50630e+08	3.12520e+12	1.19374e+13	0	0	2.41314e+10	3.55998e+12	1.16504e+11	1.51012e+11	2.76997e+09	1.36319e+12	1.78319e+11
6.45654e+14	1.07068e+16	1.52964e+13	1.50149e+13	1.10818e+11	5.84648e+12	1.60713e+12	7.10596e+08	3.19451e+12	1.08292e+13	0	0	2.33473e+10	3.42920e+12	1.04910e+11	1.35794e+11	2.37411e+09	1.39191e+12	1.74988e+11
6.45654e+14	1.02381e+16	1.49802e+13	1.40825e+13	9.66886e+10	5.68837e+12	1.45182e+12	5.92651e+08	3.26233e+12	9.80768e+12	0	0	2.25783e+10	3.30198e+12	9.43676e+10	1.22010e+11	2.03521e+09	1.41746e+12	1.71590e+11
6.45654e+14	9.78835e+15	1.46617e+13	1.32014e+13	8.42921e+10	5.52904e+12	1.30965e+12	4.93613e+08	3.32852e+12	8.86920e+12	0	0	2.18260e+10	3.17852e+12	8.48066e+10	1.09553e+11	1.74543e+09	1.43960e+12	1.68137e+11
6.45654e+14	9.35284e+15	1.43384e+13	1.23617e+13	7.33540e+10	5.36721e+12	1.17890e+12	4.10070e+08	3.39320e+12	8.00242e+12	0	0	2.10840e+10	3.05767e+12	7.60864e+10	9.82262e+10	1.49616e+09	1.45802e+12	1.64606e+11
6.45654e+14	8.93900e+15	1.40171e+13	1.15769e+13	6.38485e+10	5.20697e+12	1.06057e+12	3.40659e+08	3.45585e+12	7.21524e+12	0	0	2.03666e+10	2.94173e+12	6.82581e+10	8.80854e+10	1.28439e+09	1.47282e+12	1.61072e+11
6.45654e+14	8.54217e+15	1.36953e+13	1.08371e+13	5.55344e+10	5.04700e+12	9.52906e+11	2.82663e+08	3.51661e+12	6.49622e+12	0	0	1.96671e+10	2.82950e+12	6.11865e+10	7.89452e+10	1.10324e+09	1.48381e+12	1.57510e+11
6.45654e+14	8.16180e+15	1.33737e+13	1.01402e+13	4.82698e+10	4.88777e+12	8.55150e+11	2.34280e+08	3.57542e+12	5.84075e+12	0	0	1.89859e+10	2.72098e+12	5.48067e+10	7.07146e+10	9.48256e+08	1.49094e+12	1.53931e+11
6.45654e+14	7.79733e+15	1.30530e+13	9.48420e+12	4.19283e+10	4.72974e+12	7.66558e+11	1.93980e+08	3.63221e+12	5.24440e+12	0	0	1.83233e+10	2.61613e+12	4.90583e+10	6.33097e+10	8.15624e+08	1.49424e+12	1.50342e+11
6.45654e+14	7.45064e+15	1.27359e+13	8.87152e+12	3.64257e+10	4.57454e+12	6.86812e+11	1.60610e+08	3.68682e+12	4.70569e+12	0	0	1.76840e+10	2.51564e+12	4.39114e+10	5.66874e+10	7.02572e+08	1.49396e+12	1.46778e+11
6.45654e+14	7.11372e+15	1.24164e+13	8.28673e+12	3.15756e+10	4.41870e+12	6.14009e+11	1.32599e+08	3.73953e+12	4.21176e+12	0	0	1.70543e+10	2.41722e+12	3.92329e+10	5.06713e+10	6.04793e+08	1.48959e+12	1.43168e+11
6.45654e+14	6.79649e+15	1.21046e+13	7.74669e+12	2.74068e+10	4.26798e+12	5.49154e+11	1.09629e+08	3.78995e+12	3.77034e+12	0	0	1.64536e+10	2.32396e+12	3.50824e+10	4.53396e+10	5.21914e+08	1.48224e+12	1.39636e+11
6.45654e+14	6.49046e+15	1.17932e+13	7.23557e+12	2.37564e+10	4.11849e+12	4.90418e+11	9.04773e+07	3.83829e+12	3.36912e+12	0	0	1.58669e+10	2.23338e+12	3.13359e+10	4.05269e+10	4.50450e+08	1.47133e+12	1.36094e+11
6.45654e+14	6.19519e+15	1.14830e+13	6.75181e+12	2.05629e+10	3.97048e+12	4.37306e+11	7.45351e+07	3.88451e+12	3.00506e+12	0	0	1.52942e+10	2.14544e+12	2.79578e+10	3.61865e+10	3.88811e+08	1.45701e+12	1.32549e+11
6.45654e+14	5.91585e+15	1.11795e+13	6.30368e+12	1.78139e+10	3.82727e+12	3.90013e+11	6.14565e+07	3.92854e+12	2.67995e+12	0	0	1.47461e+10	2.06179e+12	2.49567e+10	3.23315e+10	3.36280e+08	1.44023e+12	1.29077e+11
6.45654e+14	5.64877e+15	1.08806e+13	5.88357e+12	1.54265e+10	3.68733e+12	3.47610e+11	5.06472e+07	3.97037e+12	2.38770e+12	0	0	1.42166e+10	1.98139e+12	2.22715e+10	2.88804e+10	2.91139e+08	1.42088e+12	1.25645e+11
6.45654e+14	5.39339e+15	1.05863e+13	5.48996e+12	1.33545e+10	3.55077e+12	3.09626e+11	4.17197e+07	4.01006e+12	2.12524e+12	0	0	1.37051e+10	1.90412e+12	1.98695e+10	2.57917e+10	2.52307e+08	1.39921e+12	1.22258e+11
6.45654e+14	5.14950e+15	1.02971e+13	5.12178e+12	1.15587e+10	3.41786e+12	2.75668e+11	3.43573e+07	4.04762e+12	1.89008e+12	0	0	1.32119e+10	1.82998e+12	1.77243e+10	2.30312e+10	2.18901e+08	1.37556e+12	1.18923e+11
6.45654e+14	4.91664e+15	1.00134e+13	4.77751e+12	1.00031e+10	3.28870e+12	2.45334e+11	2.82888e+07	4.08308e+12	1.67962e+12	0	0	1.27366e+10	1.75889e+12	1.58092e+10	2.05649e+10	1.90132e+08	1.35018e+12	1.15646e+11
6.45654e+14	4.69438e+15	9.73543e+12	4.45578e+12	8.65615e+09	3.16337e+12	2.18267e+11	2.32898e+07	4.11645e+12	1.49154e+12	0	0	1.22790e+10	1.69075e+12	1.41007e+10	1.83626e+10	1.65336e+08	1.32336e+12	1.12429e+11
6.45654e+14	4.48424e+15	9.46585e+12	4.15806e+12	7.49804e+09	3.04309e+12	1.94286e+11	1.91971e+07	4.14777e+12	1.32476e+12	0	0	1.18427e+10	1.62609e+12	1.25870e+10	1.64095e+10	1.44065e+08	1.29573e+12	1.09307e+11
6.45654e+14	4.27993e+15	9.19738e+12	3.87463e+12	6.48186e+09	2.92435e+12	1.72635e+11	1.57858e+07	4.17713e+12	1.17394e+12	0	0	1.14151e+10	1.56298e+12	1.12191e+10	1.46426e+10	1.25468e+08	1.26642e+12	1.06192e+11
6.45654e+14	4.08713e+15	8.93797e+12	3.61297e+12	5.61017e+09	2.81083e+12	1.53508e+11	1.29998e+07	4.20448e+12	1.04071e+12	0	0	1.10086e+10	1.50323e+12	1.00100e+10	1.30790e+10	1.09507e+08	1.23683e+12	1.03181e+11
6.45654e+14	3.90303e+15	8.68453e+12	3.36857e+12	4.85582e+09	2.70106e+12	1.36474e+11	1.07059e+07	4.22995e+12	9.22029e+11	0	0	1.06175e+10	1.44601e+12	8.93185e+09	1.16832e+10	9.56821e+07	1.20670e+12	1.00237e+11
6.45654e+14	3.72901e+15	8.43963e+12	3.14261e+12	4.20763e+09	2.59609e+12	1.21414e+11	8.82880e+06	4.25356e+12	8.17166e+11	0	0	1.02453e+10	1.39176e+12	7.97742e+09	1.04460e+10	8.37682e+07	1.17663e+12	9.73926e+10
6.45654e+14	3.56080e+15	8.19790e+12	2.92891e+12	3.64152e+09	2.49344e+12	1.07898e+11	7.27053e+06	4.27533e+12	7.23059e+11	0	0	9.88318e+09	1.33916e+12	7.11905e+09	9.33194e+09	7.33423e+07	1.14591e+12	9.45837e+10
6.45654e+14	3.40062e+15	7.96294e+12	2.72992e+12	3.15276e+09	2.39467e+12	9.58992e+10	5.99019e+06	4.29531e+12	6.39620e+11	0	0	9.53614e+09	1.28895e+12	6.35560e+09	8.33980e+09	6.42987e+07	1.11528e+12	9.18535e+10
6.45654e+14	3.24857e+15	7.73540e+12	2.54525e+12	2.73166e+09	2.29999e+12	8.52720e+10	4.93987e+06	4.31359e+12	5.65838e+11	0	0	9.20470e+09	1.24118e+12	5.67792e+09	7.45802e+09	5.64590e+07	1.08498e+12	8.92106e+10
6.45654e+14	3.10427e+15	7.51527e+12	2.37394e+12	2.36879e+09	2.20930e+12	7.58606e+10	4.07783e+06	4.33023e+12	5.00630e+11	0	0	8.88837e+09	1.19574e+12	5.07629e+09	6.67425e+09	4.96541e+07	1.05513e+12	8.66554e+10
6.45654e+14	2.96651e+15	7.30118e+12	2.21404e+12	2.05464e+09	2.12194e+12	6.74924e+10	3.36732e+06	4.34526e+12	4.42777e+11	0	0	8.58470e+09	1.15226e+12	4.53986e+09	5.97452e+09	4.37176e+07	1.02564e+12	8.41722e+10
6.45654e+14	2.83502e+15	7.09322e+12	2.06477e+12	1.78264e+09	2.03787e+12	6.00536e+10	2.78164e+06	4.35863e+12	3.91497e+11	0	0	8.29336e+09	1.11068e+12	4.06089e+09	5.34991e+09	3.85336e+07	9.96578e+11	8.17612e+10
6.45654e+14	2.70971e+15	6.89166e+12	1.92560e+12	1.54731e+09	1.95712e+12	5.34476e+10	2.29913e+06	4.37031e+12	3.46123e+11	0	0	8.01435e+09	1.07098e+12	3.63249e+09	4.79282e+09	3.40055e+07	9.68086e+11	7.94255e+10
6.45654e+14	2.59064e+15	6.69685e+12	1.79638e+12	1.34420e+09	1.87981e+12	4.75936e+10	1.90222e+06	4.38056e+12	3.06057e+11	0	0	7.74797e+09	1.03319e+12	3.25174e+09	4.29689e+09	3.00534e+07	9.40316e+11	7.71713e+10
6.45654e+14	2.47720e+15	6.50818e+12	1.67606e+12	1.16847e+09	1.80562e+12	4.23959e+10	1.57499e+06	4.38937e+12	2.70623e+11	0	0	7.49303e+09	9.97127e+11	2.91264e+09	3.85448e+09	2.65941e+07	9.13231e+11	7.49915e+10
6.45654e+14	2.36914e+15	6.32556e+12	1.56405e+12	1.01638e+09	1.73444e+12	3.77804e+10	1.30504e+06	4.39680e+12	2.39295e+11	0	0	7.24909e+09	9.62715e+11	2.61053e+09	3.45969e+09	2.35626e+07	8.86869e+11	7.28851e+10
6.45654e+14	2.26619e+15	6.14886e+12	1.45977e+12	8.84706e+08	1.66617e+12	3.36814e+10	1.08224e+06	4.40290e+12	2.11606e+11	0	0	7.01572e+09	9.29882e+11	2.34131e+09	3.10731e+09	2.09028e+07	8.61258e+11	7.08510e+10
6.45654e+14	2.16812e+15	5.97796e+12	1.36269e+12	7.70658e+08	1.60070e+12	3.00404e+10	8.98220e+05	4.40771e+12	1.87137e+11	0	0	6.79251e+09	8.98558e+11	2.10130e+09	2.79265e+09	1.85666e+07	8.36421e+11	6.88877e+10
6.45654e+14	2.07468e+15	5.81274e+12	1.27231e+12	6.71829e+08	1.53793e+12	2.68054e+10	7.46133e+05	4.41127e+12	1.65518e+11	0	0	6.57903e+09	8.68672e+11	1.88725e+09	2.51158e+09	1.65120e+07	8.12368e+11	6.69938e+10
6.45654e+14	1.98566e+15	5.65304e+12	1.18818e+12	5.86148e+08	1.47775e+12	2.39304e+10	6.20351e+05	4.41365e+12	1.46419e+11	0	0	6.37489e+09	8.40162e+11	1.69628e+09	2.26041e+09	1.47032e+07	7.89108e+11	6.51679e+10
6.45654e+14	1.90108e+15	5.49916e+12	1.11009e+12	5.11964e+08	1.42023e+12	2.13790e+10	5.16406e+05	4.41495e+12	1.29576e+11	0	0	6.18024e+09	8.13038e+11	1.52609e+09	2.03625e+09	1.31113e+07	7.66708e+11	6.34132e+10
6.45654e+14	1.82004e+15	5.34970e+12	1.03694e+12	4.47314e+08	1.36478e+12	1.91016e+10	4.30015e+05	4.41499e+12	1.14644e+11	0	0	5.99309e+09	7.87015e+11	1.37355e+09	1.83501e+09	1.17018e+07	7.44965e+11	6.17135e+10
6.45654e+14	1.74304e+15	5.20575e+12	9.69052e+11	3.91287e+08	1.31179e+12	1.70796e+10	3.58531e+05	4.41406e+12	1.01481e+11	0	0	5.81470e+09	7.62259e+11	1.23750e+09	1.65526e+09	1.04587e+07	7.24071e+11	6.00816e+10
6.45654e+14	1.66967e+15	5.06677e+12	9.05843e+11	3.42598e+08	1.26099e+12	1.52800e+10	2.99222e+05	4.41210e+12	8.98531e+10	0	0	5.64417e+09	7.38641e+11	1.11586e+09	1.49432e+09	9.35916e+06	7.03949e+11	5.85110e+10
6.45654e+14	1.59974e+15	4.93258e+12	8.46984e+11	3.00255e+08	1.21231e+12	1.36778e+10	2.49972e+05	4.40918e+12	7.95811e+10	0	0	5.48115e+09	7.16106e+11	1.00703e+09	1.35012e+09	8.38549e+06	6.84586e+11	5.69999e+10
6.45654e+14	1.53309e+15	4.80306e+12	7.92170e+11	2.63404e+08	1.16564e+12	1.22505e+10	2.09037e+05	4.40533e+12	7.05060e+10	0	0	5.32533e+09	6.94602e+11	9.09615e+08	1.22086e+09	7.52229e+06	6.65965e+11	5.55466e+10
6.45654e+14	1.46956e+15	4.67804e+12	7.41119e+11	2.31309e+08	1.12090e+12	1.09787e+10	0	4.40059e+12	6.24873e+10	0	0	5.17639e+09	6.74082e+11	8.22349e+08	1.10490e+09	6.75614e+06	6.48069e+11	5.41491e+10
6.45654e+14	1.40899e+15	4.55737e+12	6.93565e+11	2.03334e+08	1.07802e+12	9.84458e+09	0	4.39501e+12	5.54008e+10	0	0	5.03402e+09	6.54496e+11	7.44123e+08	1.00082e+09	6.07534e+06	6.30879e+11	5.28059e+10
6.45654e+14	1.35125e+15	4.44092e+12	6.49264e+11	1.78931e+08	1.03690e+12	8.83293e+09	0	4.38862e+12	4.91371e+10	0	0	4.89792e+09	6.35802e+11	6.73953e+08	9.07338e+08	5.46970e+06	6.14375e+11	5.15150e+10
6.45654e+14	1.29619e+15	4.32853e+12	6.07986e+11	1.57624e+08	9.97467e+11	7.92997e+09	0	4.38147e+12	4.35992e+10	0	0	4.76782e+09	6.17956e+11	6.10961e+08	8.23309e+08	4.93030e+06	5.98536e+11	5.02747e+10
6.45654e+14	1.24368e+15	4.22005e+12	5.69520e+11	1.39006e+08	9.59656e+11	7.12360e+09	0	4.37360e+12	3.87020e+10	0	0	4.64345e+09	6.00916e+11	5.54372e+08	7.47726e+08	4.44935e+06	5.83342e+11	4.90832e+10
6.45654e+14	1.19359e+15	4.11535e+12	5.33665e+11	1.22722e+08	9.23386e+11	6.40306e+09	0	4.36505e+12	3.43699e+10	0	0	4.52454e+09	5.84644e+11	5.03492e+08	6.79687e+08	4.02001e+06	5.68768e+11	4.79388e+10
6.45654e+14	1.14581e+15	4.01428e+12	5.00240e+11	1.08466e+08	8.88596e+11	5.75889e+09	0	4.35584e+12	3.05369e+10	0	0	4.41085e+09	5.69102e+11	4.57713e+08	6.18397e+08	3.63634e+06	5.54795e+11	4.68399e+10
6.45654e+14	1.10008e+15	3.91643e+12	4.68981e+11	9.59518e+07	8.55122e+11	5.18164e+09	0	4.34595e+12	2.71381e+10	0	0	4.30180e+09	5.54210e+11	4.16420e+08	5.63048e+08	3.29254e+06	5.41358e+11	4.57815e+10
6.45654e+14	1.05671e+15	3.82252e+12	4.40005e+11	8.50184e+07	8.23188e+11	4.66684e+09	0	4.33566e+12	2.41402e+10	0	0	4.19816e+09	5.40068e+11	3.79335e+08	5.13285e+08	2.98560e+06	5.28561e+11	4.47716e+10
6.45654e+14	1.01519e+15	3.73155e+12	4.12889e+11	7.53991e+07	7.92449e+11	4.20489e+09	0	4.32475e+12	2.14794e+10	0	0	4.09872e+09	5.26510e+11	3.45822e+08	4.68266e+08	2.70990e+06	5.16258e+11	4.37991e+10
6.45654e+14	9.75544e+14	3.64368e+12	3.87584e+11	6.69443e+07	7.62940e+11	3.79089e+09	0	4.31335e+12	1.91215e+10	0	0	4.00359e+09	5.13548e+11	3.15566e+08	4.27580e+08	2.46238e+06	5.04467e+11	4.28654e+10
6.45654e+14	9.37690e+14	3.55880e+12	3.63965e+11	5.95064e+07	7.34611e+11	3.41967e+09	0	4.30148e+12	1.70315e+10	0	0	3.91259e+09	5.01155e+11	2.88228e+08	3.90781e+08	2.23994e+06	4.93170e+11	4.19691e+10
6.45654e+14	9.01429e+14	3.47654e+12	3.41849e+11	5.29441e+07	7.07332e+11	3.08603e+09	0	4.28911e+12	1.51747e+10	0	0	3.82524e+09	4.89266e+11	2.63465e+08	3.57416e+08	2.03951e+06	4.82312e+11	4.11062e+10
6.45654e+14	8.66899e+14	3.39727e+12	3.21260e+11	4.71705e+07	6.81211e+11	2.78705e+09	0	4.27643e+12	1.35305e+10	0	0	3.74191e+09	4.77928e+11	2.41090e+08	3.27241e+08	1.85929e+06	4.71943e+11	4.02805e+10
6.45654e+14	8.34008e+14	3.32087e+12	3.02082e+11	4.20839e+07	6.56192e+11	2.51893e+09	0	4.26347e+12	1.20737e+10	0	0	3.66241e+09	4.67111e+11	2.20852e+08	2.99922e+08	1.69702e+06	4.62039e+11	3.94904e+10
6.45654e+14	8.02473e+14	3.24674e+12	2.84103e+11	3.75805e+07	6.32083e+11	2.27746e+09	0	4.25010e+12	1.07774e+10	0	0	3.58604e+09	4.56723e+11	2.02468e+08	2.75084e+08	1.55029e+06	4.52518e+11	3.87294e+10
6.45654e+14	7.72329e+14	3.17503e+12	2.67295e+11	3.35973e+07	6.08919e+11	2.06028e+09	0	4.23643e+12	9.62562e+09	0	0	3.51292e+09	4.46777e+11	1.85782e+08	2.52522e+08	1.41770e+06	4.43394e+11	3.79990e+10
6.45654e+14	7.43507e+14	3.10563e+12	2.51577e+11	3.00705e+07	5.86657e+11	1.86483e+09	0	4.22250e+12	8.60179e+09	0	0	3.44288e+09	4.37250e+11	1.70625e+08	2.32010e+08	1.29776e+06	4.34651e+11	3.72977e+10
6.45654e+14	7.15942e+14	3.03845e+12	2.36873e+11	2.69440e+07	5.65260e+11	1.68882e+09	0	4.20833e+12	7.69123e+09	0	0	3.37580e+09	4.28121e+11	1.56843e+08	2.13346e+08	1.18914e+06	4.26272e+11	3.66243e+10
6.45654e+14	6.89573e+14	2.97338e+12	2.23113e+11	2.41696e+07	5.44691e+11	1.53023e+09	0	4.19396e+12	6.88096e+09	0	0	3.31152e+09	4.19372e+11	1.44301e+08	1.96348e+08	1.09067e+06	4.18240e+11	3.59778e+10
6.45654e+14	6.64342e+14	2.91034e+12	2.10230e+11	2.17047e+07	5.24916e+11	1.38726e+09	0	4.17940e+12	6.15960e+09	0	0	3.24992e+09	4.10984e+11	1.32877e+08	1.80855e+08	1.00131e+06	4.10541e+11	3.53570e+10
6.45654e+14	6.40197e+14	2.84923e+12	1.98164e+11	1.95125e+07	5.05896e+11	1.25828e+09	0	4.16469e+12	5.51709e+09	0	0	3.19088e+09	4.02939e+11	1.22462e+08	1.66720e+08	9.20137e+05	4.03160e+11	3.47608e+10
6.45654e+14	6.17081e+14	2.78998e+12	1.86860e+11	1.75606e+07	4.87611e+11	1.14187e+09	0	4.14984e+12	4.94444e+09	0	0	3.13427e+09	3.95220e+11	1.12958e+08	1.53814e+08	8.46319e+05	3.96083e+11	3.41882e+10
6.45654e+14	5.94935e+14	2.73248e+12	1.76258e+11	1.58203e+07	4.70014e+11	1.03672e+09	0	4.13489e+12	4.43362e+09	0	0	3.07996e+09	3.87808e+11	1.04276e+08	1.42016e+08	7.79108e+05	3.89292e+11	3.36379e+10
6.45654e+14	5.73744e+14	2.67673e+12	1.66327e+11	1.42681e+07	4.53105e+11	9.41750e+08	0	4.11986e+12	3.97815e+09	0	0	3.02791e+09	3.80698e+11	9.63426e+07	1.31231e+08	7.17892e+05	3.82784e+11	3.31097e+10
6.45654e+14	5.53421e+14	2.62255e+12	1.57002e+11	1.28808e+07	4.36821e+11	8.55844e+08	0	4.10476e+12	3.57128e+09	0	0	2.97793e+09	3.73861e+11	8.90806e+07	1.21353e+08	6.62035e+05	3.76535e+11	3.26017e+10
6.45654e+14	5.33965e+14	2.56996e+12	1.48258e+11	1.16407e+07	4.21171e+11	7.78178e+08	0	4.08963e+12	3.20810e+09	0	0	2.93001e+09	3.67299e+11	8.24336e+07	1.12307e+08	6.11060e+05	3.70545e+11	3.21140e+10
6.45654e+14	5.15233e+14	2.51864e+12	1.40015e+11	1.05279e+07	4.06048e+11	7.07728e+08	0	4.07440e+12	2.88268e+09	0	0	2.88380e+09	3.60963e+11	7.63291e+07	1.03995e+08	5.64391e+05	3.64771e+11	3.16432e+10
6.45654e+14	4.97344e+14	2.46893e+12	1.32301e+11	9.53284e+06	3.91551e+11	6.44069e+08	0	4.05924e+12	2.59241e+09	0	0	2.83962e+09	3.54895e+11	7.07399e+07	9.63820e+07	5.21776e+05	3.59250e+11	3.11924e+10
6.45654e+14	4.80244e+14	2.42073e+12	1.25076e+11	8.64155e+06	3.77644e+11	5.86492e+08	0	4.04416e+12	2.33318e+09	0	0	2.79734e+09	3.49076e+11	6.56159e+07	8.93993e+07	4.82813e+05	3.53968e+11	3.07605e+10
6.45654e+14	4.63777e+14	2.37365e+12	1.18259e+11	7.83936e+06	3.64213e+11	5.34196e+08	0	4.02904e+12	2.10058e+09	0	0	2.75656e+09	3.43455e+11	6.08992e+07	8.29695e+07	4.47048e+05	3.48876e+11	3.03435e+10
6.45654e+14	4.47976e+14	2.32780e+12	1.11847e+11	7.11812e+06	3.51284e+11	4.86769e+08	0	4.01397e+12	1.89224e+09	0	0	2.71737e+09	3.38043e+11	5.65614e+07	7.70544e+07	4.14244e+05	3.43986e+11	2.99425e+10
6.45654e+14	4.32810e+14	2.28314e+12	1.05814e+11	6.46903e+06	3.38840e+11	4.43740e+08	0	3.99896e+12	1.70552e+09	0	0	2.67972e+09	3.32830e+11	5.25692e+07	7.16088e+07	3.84129e+05	3.39288e+11	2.95568e+10
6.45654e+14	4.18304e+14	2.23980e+12	1.00157e+11	5.88538e+06	3.26921e+11	4.04755e+08	0	3.98400e+12	1.53860e+09	0	0	2.64367e+09	3.27826e+11	4.88979e+07	6.65986e+07	3.56498e+05	3.34790e+11	2.91871e+10
6.45654e+14	4.04412e+14	2.19769e+12	9.48454e+10	5.35975e+06	3.15496e+11	3.69400e+08	0	3.96907e+12	1.38918e+09	0	0	2.60911e+09	3.23018e+11	4.55174e+07	6.19833e+07	3.31112e+05	3.30480e+11	2.88323e+10
6.45654e+14	3.91061e+14	2.15659e+12	8.98383e+10	4.88500e+06	3.04490e+11	3.37261e+08	0	3.95425e+12	1.25494e+09	0	0	2.57587e+09	3.18378e+11	4.23971e+07	5.77228e+07	3.07739e+05	3.26335e+11	2.84906e+10
6.45654e+14	3.78227e+14	2.11646e+12	8.51165e+10	4.45582e+06	2.93889e+11	3.08033e+08	0	3.93954e+12	1.13426e+09	0	0	2.54386e+09	3.13899e+11	3.95150e+07	5.37867e+07	2.86200e+05	3.22347e+11	2.81616e+10
6.45654e+14	3.65877e+14	2.07723e+12	8.06589e+10	4.06731e+06	2.83668e+11	2.81431e+08	0	3.92496e+12	1.02568e+09	0	0	2.51303e+09	3.09571e+11	3.68499e+07	5.01470e+07	2.66333e+05	3.18507e+11	2.78445e+10
6.45654e+14	3.54013e+14	2.03893e+12	7.64563e+10	3.71563e+06	2.73833e+11	2.57231e+08	0	3.91053e+12	9.28042e+08	0	0	2.48337e+09	3.05394e+11	3.43857e+07	4.67811e+07	2.48003e+05	3.14816e+11	2.75392e+10
6.45654e+14	3.42592e+14	2.00146e+12	7.24862e+10	3.39672e+06	2.64351e+11	2.35188e+08	0	3.89623e+12	8.40096e+08	0	0	2.45479e+09	3.01354e+11	3.21039e+07	4.36643e+07	2.31070e+05	3.11260e+11	2.72449e+10
6.45654e+14	3.31601e+14	1.96480e+12	6.87363e+10	3.10735e+06	2.55215e+11	2.15108e+08	0	3.88209e+12	7.60864e+08	0	0	2.42724e+09	2.97447e+11	2.99901e+07	4.07768e+07	2.15417e+05	3.07836e+11	2.69612e+10
6.45654e+14	3.21027e+14	1.92895e+12	6.51945e+10	2.84462e+06	2.46416e+11	1.96812e+08	0	3.86810e+12	6.89472e+08	0	0	2.40071e+09	2.93670e+11	2.80308e+07	3.81004e+07	2.00941e+05	3.04541e+11	2.66879e+10
6.45654e+14	3.10849e+14	1.89385e+12	6.18477e+10	2.60586e+06	2.37939e+11	1.80134e+08	0	3.85429e+12	6.25096e+08	0	0	2.37514e+09	2.90014e+11	2.62134e+07	3.56179e+07	1.87542e+05	3.01367e+11	2.64244e+10
6.45654e+14	3.01012e+14	1.85934e+12	5.86724e+10	2.38831e+06	2.29743e+11	1.64897e+08	0	3.84059e+12	5.66897e+08	0	0	2.35039e+09	2.86461e+11	2.45241e+07	3.33106e+07	1.75115e+05	2.98298e+11	2.61693e+10
6.45654e+14	2.91563e+14	1.82562e+12	5.56768e+10	2.19052e+06	2.21862e+11	1.51014e+08	0	3.82712e+12	5.14433e+08	0	0	2.32659e+09	2.83029e+11	2.29566e+07	3.11697e+07	1.63607e+05	2.95348e+11	2.59240e+10
6.45654e+14	2.82464e+14	1.79259e+12	5.28440e+10	2.01036e+06	2.14273e+11	1.38347e+08	0	3.81382e+12	4.67070e+08	0	0	2.30365e+09	2.79704e+11	2.15000e+07	2.91804e+07	1.52934e+05	2.92507e+11	2.56875e+10
6.45654e+14	2.73695e+14	1.76019e+12	5.01624e+10	1.84608e+06	2.06958e+11	1.26780e+08	0	3.80071e+12	4.24263e+08	0	0	2.28151e+09	2.76480e+11	2.01451e+07	2.73303e+07	1.43027e+05	2.89767e+11	2.54592e+10
6.45654e+14	2.65242e+14	1.72840e+12	4.76236e+10	1.69618e+06	1.99907e+11	1.16215e+08	0	3.78779e+12	3.85561e+08	0	0	2.26014e+09	2.73352e+11	1.88842e+07	2.56088e+07	1.33826e+05	2.87125e+11	2.52389e+10
6.45654e+14	2.57092e+14	1.69720e+12	4.52189e+10	1.55928e+06	1.93110e+11	1.06562e+08	0	3.77505e+12	3.50549e+08	0	0	2.23951e+09	2.70317e+11	1.77101e+07	2.40060e+07	1.25274e+05	2.84577e+11	2.50262e+10
6.45654e+14	2.49251e+14	1.66664e+12	4.29457e+10	1.43431e+06	1.86572e+11	9.77472e+07	0	3.76254e+12	3.18897e+08	0	0	2.21964e+09	2.67376e+11	1.66169e+07	2.25139e+07	1.17327e+05	2.82124e+11	2.48213e+10
6.45654e+14	2.41675e+14	1.63660e+12	4.07886e+10	1.31996e+06	1.80262e+11	8.96823e+07	0	3.75019e+12	2.90220e+08	0	0	2.20042e+09	2.64515e+11	1.55973e+07	2.11224e+07	1.09929e+05	2.79754e+11	2.46232e+10
6.45654e+14	2.34369e+14	1.60707e+12	3.87426e+10	1.21530e+06	1.74176e+11	8.23045e+07	0	3.74288e+12	2.62043e+08	0	0	2.18185e+09	2.61734e+11	1.46461e+07	1.98247e+07	1.03041e+05	2.77467e+11	2.44319e+10
6.45654e+14	2.27321e+14	1.57806e+12	3.68029e+10	1.11946e+06	1.68308e+11	7.55547e+07	0	3.73768e+12	2.35713e+08	0	0	2.16392e+09	2.59031e+11	1.37584e+07	1.86139e+07	9.66244e+04	2.75260e+11	2.42472e+10
6.45654e+14	2.20513e+14	1.54952e+12	3.49619e+10	1.03162e+06	1.62645e+11	6.93748e+07	0	3.73219e+12	2.12057e+08	0	0	2.14658e+09	2.56399e+11	1.29292e+07	1.74832e+07	9.06422e+04	2.73127e+11	2.40685e+10
6.45654e+14	2.13928e+14	1.52141e+12	3.32131e+10	9.51040e+05	1.57178e+11	6.37132e+07	0	3.72637e+12	1.90807e+08	0	0	2.12977e+09	2.53832e+11	1.21542e+07	1.64265e+07	8.50606e+04	2.71064e+11	2.38956e+10
6.45654e+14	2.07600e+14	1.49391e+12	3.15613e+10	8.77260e+05	1.51929e+11	5.85391e+07	0	3.72003e+12	1.71891e+08	0	0	2.11362e+09	2.51346e+11	1.14307e+07	1.54404e+07	7.98592e+04	2.69081e+11	2.37292e+10
6.45654e+14	2.01460e+14	1.46674e+12	2.99881e+10	8.09417e+05	1.46847e+11	5.37907e+07	0	3.70976e+12	1.56125e+08	0	0	2.09791e+09	2.48912e+11	1.07531e+07	1.45173e+07	7.49972e+04	2.67156e+11	2.35677e+10
6.45654e+14	1.95509e+14	1.43992e+12	2.84905e+10	7.47029e+05	1.41934e+11	4.94338e+07	0	3.69954e+12	1.41838e+08	0	0	2.08266e+09	2.46531e+11	1.01185e+07	1.36529e+07	7.04516e+04	2.65289e+11	2.34109e+10
6.45654e+14	1.89782e+14	1.41364e+12	2.70740e+10	6.89797e+05	1.37211e+11	4.54474e+07	0	3.68949e+12	1.28924e+08	0	0	2.06797e+09	2.44219e+11	9.52512e+06	1.28450e+07	6.62088e+04	2.63493e+11	2.32599e+10
6.45654e+14	1.84247e+14	1.38776e+12	2.57288e+10	6.37176e+05	1.32656e+11	4.17923e+07	0	3.67956e+12	1.17226e+08	0	0	2.05375e+09	2.41963e+11	8.96939e+06	1.20886e+07	6.22419e+04	2.61756e+11	2.31139e+10
6.45654e+14	1.78896e+14	1.36229e+12	2.44513e+10	5.88769e+05	1.28261e+11	3.84399e+07	0	3.66976e+12	1.06624e+08	0	0	2.03999e+09	2.39761e+11	8.44866e+06	1.13801e+07	5.85312e+04	2.60077e+11	2.29726e+10
6.45654e+14	1.73722e+14	1.33721e+12	2.32377e+10	5.44216e+05	1.24021e+11	3.53645e+07	0	3.66007e+12	9.70131e+07	0	0	2.02666e+09	2.37610e+11	7.96051e+06	1.07162e+07	5.50586e+04	2.58453e+11	2.28358e+10
6.45654e+14	1.68738e+14	1.31260e+12	2.20887e+10	5.03254e+05	1.19943e+11	3.25466e+07	0	3.65056e+12	8.83133e+07	0	0	2.01382e+09	2.35518e+11	7.50321e+06	1.00945e+07	5.18108e+04	2.56888e+11	2.27040e+10
6.45654e+14	1.63880e+14	1.28818e+12	2.09890e+10	4.65399e+05	1.15982e+11	2.99517e+07	0	3.64108e+12	8.03904e+07	0	0	2.00125e+09	2.33454e+11	7.07320e+06	9.51009e+06	4.87623e+04	2.55362e+11	2.25754e+10
6.45654e+14	1.59198e+14	1.26422e+12	1.99478e+10	4.30567e+05	1.12172e+11	2.75732e+07	0	3.63177e+12	7.32154e+07	0	0	1.98914e+09	2.31444e+11	6.67006e+06	8.96246e+06	4.59088e+04	2.53891e+11	2.24513e+10
6.45654e+14	1.54668e+14	1.24061e+12	1.89582e+10	3.98450e+05	1.08495e+11	2.53888e+07	0	3.62260e+12	6.67021e+07	0	0	1.97741e+09	2.29477e+11	6.29152e+06	8.44848e+06	4.32340e+04	2.52467e+11	2.23313e+10
6.45654e+14	1.50299e+14	1.21744e+12	1.80205e+10	3.68866e+05	1.04958e+11	2.33851e+07	0	3.61359e+12	6.07979e+07	0	0	1.96608e+09	2.27560e+11	5.93630e+06	7.96637e+06	4.07278e+04	2.51095e+11	2.22154e+10
6.45654e+14	1.46054e+14	1.19451e+12	1.71259e+10	3.41523e+05	1.01531e+11	2.15410e+07	0	3.60467e+12	5.54236e+07	0	0	1.95505e+09	2.25672e+11	5.60214e+06	7.51306e+06	3.83743e+04	2.49760e+11	2.21027e+10
6.45654e+14	1.41945e+14	1.17192e+12	1.62753e+10	3.16282e+05	9.82225e+10	1.98462e+07	0	3.59589e+12	5.05410e+07	0	0	1.94436e+09	2.23823e+11	5.28804e+06	7.08716e+06	3.61655e+04	2.48468e+11	2.19935e+10
6.45654e+14	1.37952e+14	1.14959e+12	1.54641e+10	2.92941e+05	9.50192e+10	1.82861e+07	0	3.58721e+12	4.60951e+07	0	0	1.93394e+09	2.22003e+11	4.99240e+06	6.68650e+06	3.40901e+04	2.47212e+11	2.18874e+10
6.45654e+14	1.34099e+14	1.12766e+12	1.46954e+10	2.71411e+05	9.19363e+10	1.68538e+07	0	3.57869e+12	4.20610e+07	0	0	1.92388e+09	2.20224e+11	4.71459e+06	6.31016e+06	3.21427e+04	2.46001e+11	2.17849e+10
6.45654e+14	1.30366e+14	1.10604e+12	1.39642e+10	0	8.89586e+10	1.55364e+07	0	3.57030e+12	3.83908e+07	0	0	1.91412e+09	2.18478e+11	4.45315e+06	5.95620e+06	0	2.44826e+11	2.16855e+10
6.45654e+14	1.26750e+14	1.08474e+12	1.32689e+10	0	8.60835e+10	1.43246e+07	0	3.56205e+12	3.50524e+07	0	0	1.90465e+09	2.16764e+11	4.20709e+06	5.62322e+06	0	2.43689e+11	2.15892e+10
6.45654e+14	1.23246e+14	1.06375e+12	1.26075e+10	0	8.33058e+10	1.32095e+07	0	3.55393e+12	3.20133e+07	0	0	1.89546e+09	2.15079e+11	3.97538e+06	5.30983e+06	0	2.42586e+11	2.14958e+10
6.45654e+14	1.19851e+14	1.04306e+12	1.19784e+10	0	8.06230e+10	1.21832e+07	0	3.54594e+12	2.92470e+07	0	0	1.88654e+09	2.13423e+11	3.75715e+06	5.01482e+06	0	2.41517e+11	2.14053e+10
6.45654e+14	1.16559e+14	1.02267e+12	1.13801e+10	0	7.80311e+10	1.12386e+07	0	3.53808e+12	2.67275e+07	0	0	1.87788e+09	2.11794e+11	3.55155e+06	4.73704e+06	0	2.40481e+11	2.13175e+10
6.45654e+14	1.13369e+14	1.00257e+12	1.08109e+10	0	7.55269e+10	1.03688e+07	0	3.53036e+12	2.44324e+07	0	0	1.86947e+09	2.10191e+11	3.35778e+06	4.47538e+06	0	2.39477e+11	2.12323e+10
6.45654e+14	1.10275e+14	9.82762e+11	1.02695e+10	0	7.31072e+10	9.56787e+06	0	3.52277e+12	2.23409e+07	0	0	1.86130e+09	2.08613e+11	3.17512e+06	4.22886e+06	0	2.38502e+11	2.11497e+10
6.45654e+14	1.07275e+14	9.63242e+11	9.75450e+09	0	7.07687e+10	8.83012e+06	0	3.51531e+12	2.04342e+07	0	0	1.85336e+09	2.07059e+11	3.00288e+06	3.99654e+06	0	2.37558e+11	2.10695e+10
6.45654e+14	1.04366e+14	9.44005e+11	9.26456e+09	0	6.85086e+10	8.15045e+06	0	3.50798e+12	1.86958e+07	0	0	1.84565e+09	2.05528e+11	2.84043e+06	3.77754e+06	0	2.36641e+11	2.09917e+10
6.45654e+14	1.01543e+14	9.25050e+11	8.79852e+09	0	6.63241e+10	7.52419e+06	0	3.50078e+12	1.71103e+07	0	0	1.83816e+09	2.04017e+11	2.68717e+06	3.57106e+06	0	2.35752e+11	2.09162e+10
6.45654e+14	9.88066e+13	9.06292e+11	8.35461e+09	0	6.42090e+10	6.94662e+06	0	3.49370e+12	1.56648e+07	0	0	1.83088e+09	2.02527e+11	2.54255e+06	3.37632e+06	0	2.34889e+11	2.08430e+10
6.45654e+14	9.61497e+13	8.87882e+11	7.93285e+09	0	6.21672e+10	6.41459e+06	0	3.48675e+12	1.43443e+07	0	0	1.82380e+09	2.01057e+11	2.40604e+06	3.19262e+06	0	2.34052e+11	2.07718e+10
6.45654e+14	9.35713e+13	8.69744e+11	7.53164e+09	0	6.01930e+10	5.92410e+06	0	3.47993e+12	1.31389e+07	0	0	1.81691e+09	1.99605e+11	2.27716e+06	3.01928e+06	0	2.33240e+11	2.07028e+10
6.45654e+14	9.10689e+13	8.51874e+11	7.15003e+09	0	5.82842e+10	5.47182e+06	0	3.47324e+12	1.20382e+07	0	0	1.81022e+09	1.98171e+11	2.15545e+06	2.85571e+06	0	2.32451e+11	2.06357e+10
6.45654e+14	8.86517e+13	8.34345e+11	6.78845e+09	0	5.64446e+10	5.05538e+06	0	3.46671e+12	1.10343e+07	0	0	1.80376e+09	1.96763e+11	2.04063e+06	2.70147e+06	0	2.31689e+11	2.05709e+10
6.45654e+14	8.62816e+13	8.16927e+11	6.44176e+09	0	5.46525e+10	4.66995e+06	0	3.46022e+12	1.01141e+07	0	0	1.79738e+09	1.95352e+11	1.93191e+06	2.55552e+06	0	2.30941e+11	2.05073e+10
6.45654e+14	8.40027e+13	7.99915e+11	6.11458e+09	0	5.29312e+10	4.31554e+06	0	3.45393e+12	9.27553e+06	0	0	1.79126e+09	1.93974e+11	1.82940e+06	2.41800e+06	0	2.30223e+11	2.04461e+10
6.45654e+14	8.17786e+13	7.83086e+11	5.80213e+09	0	5.12599e+10	3.98795e+06	0	3.44772e+12	8.50759e+06	0	0	1.78526e+09	1.92601e+11	1.73242e+06	2.28797e+06	0	2.29521e+11	2.03864e+10
6.45654e+14	7.96188e+13	7.66514e+11	5.50501e+09	0	4.96431e+10	3.68565e+06	0	3.44163e+12	7.80534e+06	0	0	1.77942e+09	1.91242e+11	1.64074e+06	2.16513e+06	0	2.28840e+11	2.03284e+10
6.45654e+14	7.75206e+13	7.50192e+11	5.22241e+09	0	4.80785e+10	3.40662e+06	0	3.43566e+12	7.16292e+06	0	0	1.77374e+09	1.89895e+11	1.55406e+06	2.04906e+06	0	2.28178e+11	2.02720e+10
6.45654e+14	7.54731e+13	7.34056e+11	4.95280e+09	0	4.65596e+10	3.14867e+06	0	3.42977e+12	6.57421e+06	0	0	1.76817e+09	1.88552e+11	1.47202e+06	1.93926e+06	0	2.27532e+11	2.02169e+10
6.45654e+14	7.34936e+13	7.18237e+11	4.69736e+09	0	4.50949e+10	2.91091e+06	0	3.42403e+12	6.03632e+06	0	0	1.76278e+09	1.87228e+11	1.39451e+06	1.83560e+06	0	2.26907e+11	2.01637e+10
6.45654e+14	7.15693e+13	7.02656e+11	4.45440e+09	0	4.36766e+10	2.69134e+06	0	3.41841e+12	5.54366e+06	0	0	1.75754e+09	1.85914e+11	1.32118e+06	1.73760e+06	0	2.26300e+11	2.01119e+10
6.45654e+14	6.96993e+13	6.87319e+11	4.22341e+09	0	4.23039e+10	2.48858e+06	0	3.41289e+12	5.09253e+06	0	0	1.75242e+09	1.84609e+11	1.25181e+06	1.64495e+06	0	2.25710e+11	2.00616e+10
6.45654e+14	6.78824e+13	6.72225e+11	4.00385e+09	0	4.09753e+10	2.30131e+06	0	3.40748e+12	4.67930e+06	0	0	1.74745e+09	1.83314e+11	1.18616e+06	1.55733e+06	0	2.25136e+11	2.00127e+10
6.45654e+14	6.61160e+13	6.57368e+11	3.79512e+09	0	3.96888e+10	2.12832e+06	0	3.40218e+12	4.30064e+06	0	0	1.74259e+09	1.82026e+11	1.12404e+06	1.47447e+06	0	2.24579e+11	1.99651e+10
6.45654e+14	6.43992e+13	6.42749e+11	3.59673e+09	0	3.84434e+10	1.96850e+06	0	3.39699e+12	3.95359e+06	0	0	1.73787e+09	1.80746e+11	1.06523e+06	1.39609e+06	0	2.24036e+11	1.99188e+10
6.45654e+14	6.27293e+13	6.28360e+11	3.40813e+09	0	3.72370e+10	1.82083e+06	0	3.39190e+12	3.63536e+06	0	0	1.73325e+09	1.79473e+11	1.00956e+06	1.32194e+06	0	2.23509e+11	1.98738e+10
6.45654e+14	6.11062e+13	6.14206e+11	3.22893e+09	0	3.60691e+10	1.68437e+06	0	3.38692e+12	3.34358e+06	0	0	1.72876e+09	1.78206e+11	9.56860e+05	1.25178e+06	0	2.22996e+11	1.98300e+10
6.45654e+14	5.95274e+13	6.00278e+11	3.05862e+09	0	3.49378e+10	1.55826e+06	0	3.38204e+12	3.07588e+06	0	0	1.72437e+09	1.76945e+11	9.06952e+05	1.18539e+06	0	2.22498e+11	1.97874e+10
6.45654e+14	5.79921e+13	5.86579e+11	2.89681e+09	0	3.38421e+10	1.44170e+06	0	3.37725e+12	2.83029e+06	0	0	1.72010e+09	1.75688e+11	8.59687e+05	1.12256e+06	0	2.22013e+11	1.97460e+10
6.45654e+14	5.64989e+13	5.73105e+11	2.74308e+09	0	3.27808e+10	1.33396e+06	0	3.37257e+12	2.60489e+06	0	0	1.71593e+09	1.74436e+11	8.14920e+05	1.06310e+06	0	2.21541e+11	1.97057e+10
6.45654e+14	5.50464e+13	5.59854e+11	2.59705e+09	0	3.17527e+10	1.23436e+06	0	3.36798e+12	2.39799e+06	0	0	1.71186e+09	1.73188e+11	7.72515e+05	1.00681e+06	0	2.21082e+11	1.96664e+10
6.45654e+14	5.36331e+13	5.46822e+11	2.45834e+09	0	3.07567e+10	1.14226e+06	0	3.36349e+12	2.20799e+06	0	0	1.70788e+09	1.71943e+11	7.32341e+05	9.53517e+05	0	2.20635e+11	1.96282e+10
6.45654e+14	5.22637e+13	5.34054e+11	2.32700e+09	0	2.97944e+10	1.05721e+06	0	3.35911e+12	2.03378e+06	0	0	1.70403e+09	1.70708e+11	6.94307e+05	9.03105e+05	0	2.20202e+11	1.95912e+10
6.45654e+14	5.09257e+13	5.21458e+11	2.20189e+09	0	2.88593e+10	9.78464e+05	0	3.35480e+12	1.87347e+06	0	0	1.70025e+09	1.69468e+11	6.58240e+05	8.55330e+05	0	2.19779e+11	1.95551e+10
6.45654e+14	4.96229e+13	5.09069e+11	2.08305e+09	0	2.79529e+10	9.05630e+05	0	3.35058e+12	1.72611e+06	0	0	1.69655e+09	1.68229e+11	6.24058e+05	8.10085e+05	0	2.19367e+11	1.95198e+10
6.45654e+14	4.83557e+13	4.96897e+11	1.97027e+09	0	2.70749e+10	8.38273e+05	0	3.34645e+12	1.59071e+06	0	0	1.69293e+09	1.66992e+11	5.91664e+05	7.67239e+05	0	2.18967e+11	1.94855e+10
6.45654e+14	4.71222e+13	4.84933e+11	1.86321e+09	0	2.62239e+10	7.75966e+05	0	3.34240e+12	1.46622e+06	0	0	1.68940e+09	1.65755e+11	5.60958e+05	7.26656e+05	0	2.18576e+11	1.94521e+10
6.45654e+14	4.59215e+13	4.73177e+11	1.76161e+09	0	2.53992e+10	7.18334e+05	0	3.33845e+12	1.35175e+06	0	0	1.68595e+09	1.64519e+11	5.31854e+05	6.88218e+05	0	2.18197e+11	1.94196e+10
6.45654e+14	4.47527e+13	4.61626e+11	1.66519e+09	0	2.45999e+10	6.65017e+05	0	3.33457e+12	1.24646e+06	0	0	1.68258e+09	1.63282e+11	5.04264e+05	6.51807e+05	0	2.17827e+11	1.93880e+10
6.45654e+14	4.36146e+13	4.50275e+11	1.57369e+09	0	2.38252e+10	6.15691e+05	0	3.33078e+12	1.14959e+06	0	0	1.67928e+09	1.62045e+11	4.78108e+05	6.17315e+05	0	2.17467e+11	1.93571e+10
6.45654e+14	4.25070e+13	4.39131e+11	1.48694e+09	0	2.30744e+10	5.70055e+05	0	3.32707e+12	1.06048e+06	0	0	1.67606e+09	1.60807e+11	4.53310e+05	5.84639e+05	0	2.17116e+11	1.93271e+10
6.45654e+14	4.14280e+13	4.28187e+11	1.40463e+09	0	2.23466e+10	5.27828e+05	0	3.32344e+12	9.78439e+05	0	0	1.67290e+09	1.59567e+11	4.29796e+05	5.53679e+05	0	2.16775e+11	1.92978e+10
6.45654e+14	4.03773e+13	4.17432e+11	1.32656e+09	0	2.16409e+10	4.88749e+05	0	3.31988e+12	9.02918e+05	0	0	1.66982e+09	1.58325e+11	4.07500e+05	5.24345e+05	0	2.16442e+11	1.92693e+10
6.45654e+14	3.93537e+13	4.06869e+11	1.25252e+09	0	2.09567e+10	4.52584e+05	0	3.31640e+12	8.33366e+05	0	0	1.66679e+09	1.57080e+11	3.86357e+05	4.96550e+05	0	2.16118e+11	1.92416e+10
6.45654e+14	3.83568e+13	3.96500e+11	1.18234e+09	0	2.02935e+10	4.19115e+05	0	3.31299e+12	7.69327e+05	0	0	1.66383e+09	1.55833e+11	3.66306e+05	4.70213e+05	0	2.15802e+11	1.92145e+10
6.45654e+14	3.73860e+13	3.86321e+11	1.11583e+09	0	1.96505e+10	3.88139e+05	0	3.30966e+12	7.10332e+05	0	0	1.66094e+09	1.54584e+11	3.47291e+05	4.45256e+05	0	2.15495e+11	1.91881e+10
6.45654e+14	3.64403e+13	3.76328e+11	1.05279e+09	0	1.90271e+10	3.59468e+05	0	3.30640e+12	6.55974e+05	0	0	1.65810e+09	1.53331e+11	3.29257e+05	4.21606e+05	0	2.15195e+11	1.91624e+10
6.45654e+14	3.55190e+13	3.66520e+11	9.93055e+08	0	1.84227e+10	3.32928e+05	0	3.30321e+12	6.05876e+05	0	0	1.65532e+09	1.52074e+11	3.12152e+05	3.99193e+05	0	2.14903e+11	1.91374e+10
6.45654e+14	3.46213e+13	3.56895e+11	9.36472e+08	0	1.78367e+10	3.08362e+05	0	3.30009e+12	5.59704e+05	0	0	1.65259e+09	1.50814e+11	2.95929e+05	3.77954e+05	0	2.14618e+11	1.91130e+10
6.45654e+14	3.37465e+13	3.47450e+11	8.82871e+08	0	1.72685e+10	2.85620e+05	0	3.29704e+12	5.17126e+05	0	0	1.64992e+09	1.49549e+11	2.80541e+05	3.57826e+05	0	2.14341e+11	1.90892e+10
6.45654e+14	3.28942e+13	3.38184e+11	8.32122e+08	0	1.67176e+10	2.64567e+05	0	3.29405e+12	4.77873e+05	0	0	1.64729e+09	1.48280e+11	2.65946e+05	3.38751e+05	0	2.14071e+11	1.90660e+10
6.45654e+14	3.20637e+13	3.29093e+11	7.84068e+08	0	1.61834e+10	2.45076e+05	0	3.29113e+12	4.41661e+05	0	0	1.64472e+09	1.47007e+11	2.52102e+05	3.20674e+05	0	2.13807e+11	1.90434e+10
6.45654e+14	3.12540e+13	3.20177e+11	7.38583e+08	0	1.56653e+10	2.27030e+05	0	3.28827e+12	4.08259e+05	0	0	1.64219e+09	1.45728e+11	2.38969e+05	3.03542e+05	0	2.13550e+11	1.90214e+10
6.45654e+14	3.04650e+13	3.11434e+11	6.95539e+08	0	1.51631e+10	2.10322e+05	0	3.28547e+12	3.77440e+05	0	0	1.63971e+09	1.44445e+11	2.26513e+05	2.87306e+05	0	2.13300e+11	1.89999e+10
6.45654e+14	2.96939e+13	3.02843e+11	6.54748e+08	0	1.46753e+10	1.94842e+05	0	3.28272e+12	3.48979e+05	0	0	1.63726e+09	1.43152e+11	2.14690e+05	2.71910e+05	0	2.13055e+11	1.89788e+10
6.45654e+14	2.89441e+13	2.94439e+11	6.16230e+08	0	1.42031e+10	1.80519e+05	0	3.28005e+12	3.22732e+05	0	0	1.63486e+09	1.41859e+11	2.03483e+05	2.57329e+05	0	2.12817e+11	1.89584e+10
6.45654e+14	2.82132e+13	2.86200e+11	5.79808e+08	0	1.37453e+10	1.67255e+05	0	3.27743e+12	2.98499e+05	0	0	1.63250e+09	1.40561e+11	1.92851e+05	2.43512e+05	0	2.12585e+11	1.89385e+10
6.45654e+14	2.75022e+13	2.78139e+11	5.45416e+08	0	1.33018e+10	1.54979e+05	0	3.27487e+12	2.76133e+05	0	0	1.63019e+09	1.39261e+11	1.82771e+05	2.30425e+05	0	2.12359e+11	1.89190e+10
6.45654e+14	2.68073e+13	2.70226e+11	5.12857e+08	0	1.28713e+10	1.43604e+05	0	3.27236e+12	2.55469e+05	0	0	1.62791e+09	1.37952e+11	1.73204e+05	2.18017e+05	0	2.12138e+11	1.89001e+10
6.45654e+14	2.61297e+13	2.62473e+11	4.82089e+08	0	1.24539e+10	1.33071e+05	0	3.26991e+12	2.36382e+05	0	0	1.62566e+09	1.36637e+11	1.64131e+05	2.06259e+05	0	2.11923e+11	1.88816e+10
6.45654e+14	2.54689e+13	2.54878e+11	4.53022e+08	0	1.20491e+10	1.23316e+05	0	3.26751e+12	2.18750e+05	0	0	1.62344e+09	1.35317e+11	1.55524e+05	1.95119e+05	0	2.11713e+11	1.88635e+10
6.45654e+14	2.48245e+13	2.47441e+11	4.25568e+08	0	1.16567e+10	1.14281e+05	0	3.26517e+12	2.02458e+05	0	0	1.62125e+09	1.33992e+11	1.47360e+05	1.84563e+05	0	2.11507e+11	1.88459e+10
6.45654e+14	2.41960e+13	2.40158e+11	3.99645e+08	0	1.12763e+10	1.05914e+05	0	3.26287e+12	1.87402e+05	0	0	1.61909e+09	1.32661e+11	1.39618e+05	1.74563e+05	0	2.11307e+11	1.88287e+10
6.45654e+14	2.35830e+13	2.33028e+11	3.75175e+08	0	1.09074e+10	9.81647e+04	0	3.26062e+12	1.73487e+05	0	0	1.61696e+09	1.31326e+11	1.32274e+05	1.65088e+05	0	2.11112e+11	1.88119e+10
6.45654e+14	2.29850e+13	2.26049e+11	3.52084e+08	0	1.05498e+10	9.09871e+04	0	3.25843e+12	1.60624e+05	0	0	1.61486e+09	1.29985e+11	1.25310e+05	1.56113e+05	0	2.10922e+11	1.87955e+10
6.45654e+14	2.24017e+13	2.19220e+11	3.30299e+08	0	1.02031e+10	8.43392e+04	0	3.25628e+12	1.48732e+05	0	0	1.61277e+09	1.28639e+11	1.18705e+05	1.47611e+05	0	2.10736e+11	1.87795e+10
6.45654e+14	2.18326e+13	2.12538e+11	3.09754e+08	0	9.86702e+09	7.81815e+04	0	3.25418e+12	1.37735e+05	0	0	1.61071e+09	1.27289e+11	1.12441e+05	1.39558e+05	0	2.10554e+11	1.87639e+10
6.45654e+14	2.12773e+13	2.06005e+11	2.90386e+08	0	9.54127e+09	7.24784e+04	0	3.25212e+12	1.27567e+05	0	0	1.60867e+09	1.25934e+11	1.06501e+05	1.31932e+05	0	2.10377e+11	1.87486e+10
6.45654e+14	2.07356e+13	1.99615e+11	2.72131e+08	0	9.22550e+09	6.71953e+04	0	3.25011e+12	1.18162e+05	0	0	1.60665e+09	1.24575e+11	1.00869e+05	1.24708e+05	0	2.10204e+11	1.87338e+10
6.45654e+14	2.02070e+13	1.93369e+11	2.54932e+08	0	8.91944e+09	6.23015e+04	0	3.24814e+12	1.09461e+05	0	0	1.60465e+09	1.23211e+11	9.55287e+04	1.17868e+05	0	2.10035e+11	1.87192e+10
6.45654e+14	1.96912e+13	1.87264e+11	2.38733e+08	0	8.62281e+09	5.77683e+04	0	3.24621e+12	1.01411e+05	0	0	1.60266e+09	1.21844e+11	9.04652e+04	1.11391e+05	0	2.09870e+11	1.87050e+10
6.45654e+14	1.91875e+13	1.81329e+11	2.23857e+08	0	8.33570e+09	5.35718e+04	0	3.24433e+12	9.39552e+04	0	0	1.60068e+09	1.20474e+11	8.56656e+04	1.05264e+05	0	2.09709e+11	1.86911e+10
6.45654e+14	1.86959e+13	1.75533e+11	2.09876e+08	0	8.05748e+09	4.96843e+04	0	3.24249e+12	8.70557e+04	0	0	1.59871e+09	1.19102e+11	8.11156e+04	9.94629e+04	0	2.09552e+11	1.86775e+10
6.45654e+14	1.82161e+13	1.69873e+11	1.96700e+08	0	7.78786e+09	4.60826e+04	0	3.24068e+12	8.06712e+04	0	0	1.59675e+09	1.17727e+11	7.68023e+04	9.39716e+04	0	2.09398e+11	1.86643e+10
6.45654e+14	1.77478e+13	1.64346e+11	1.84288e+08	0	7.52659e+09	4.27457e+04	0	3.23892e+12	7.47627e+04	0	0	1.59480e+09	1.16349e+11	7.27138e+04	8.87736e+04	0	2.09248e+11	1.86513e+10
6.45654e+14	1.72907e+13	1.58950e+11	1.72598e+08	0	7.27344e+09	3.96540e+04	0	3.23719e+12	6.92942e+04	0	0	1.59285e+09	1.14968e+11	6.88385e+04	8.38538e+04	0	2.09102e+11	1.86386e+10
6.45654e+14	1.68444e+13	1.53685e+11	1.61595e+08	0	7.02816e+09	3.67893e+04	0	3.23550e+12	6.42326e+04	0	0	1.59091e+09	1.13586e+11	6.51657e+04	7.91978e+04	0	2.08958e+11	1.86262e+10
