! -------------------------
   1507.1740722656250        1.1536881923675537        9.4739504158496857E-002   1.0000000000000000     
   1507.2108154296875        1.0267457962036133        8.9113838970661163E-002   1.0000000000000000     
   1507.2474365234375        1.0930757522583008        9.2097759246826172E-002   1.0000000000000000     
   1507.2841796875000        1.1498177051544189        9.4584941864013672E-002   1.0000000000000000     
   1507.3208007812500       0.91545879840850830        8.6116224527359009E-002   1.0000000000000000     
   1507.3575439453125       0.99936401844024658        9.0849719941616058E-002   1.0000000000000000     
   1507.3942871093750        1.0394738912582397        9.1177403926849365E-002   1.0000000000000000     
   1507.4309082031250        1.0232037305831909        8.9175291359424591E-002   1.0000000000000000     
   1507.4676513671875        1.0443333387374878        8.9793391525745392E-002   1.0000000000000000     
   1507.5042724609375       0.94855368137359619        8.6595408618450165E-002   1.0000000000000000     
   1507.5410156250000        1.0327360630035400        9.0606898069381714E-002   1.0000000000000000     
   1507.5776367187500        1.0606957674026489        9.0776197612285614E-002   1.0000000000000000     
   1507.6143798828125        1.1330063343048096        9.4286225736141205E-002   1.0000000000000000     
   1507.6510009765625        1.1000955104827881        9.2075943946838379E-002   1.0000000000000000     
   1507.6877441406250        1.0399782657623291        9.1656863689422607E-002   1.0000000000000000     
   1507.7244873046875        1.0717715024948120        9.1747574508190155E-002   1.0000000000000000     
   1507.7611083984375        1.1116251945495605        9.2672646045684814E-002   1.0000000000000000     
   1507.7978515625000       0.95791417360305786        8.6892887949943542E-002   1.0000000000000000     
   1507.8344726562500        1.0479413270950317        9.0568572282791138E-002   1.0000000000000000     
   1507.8712158203125       0.92472857236862183        8.5457853972911835E-002   1.0000000000000000     
   1507.9078369140625       0.99538910388946533        8.8698416948318481E-002   1.0000000000000000     
   1507.9445800781250       0.95856469869613647        8.7506242096424103E-002   1.0000000000000000     
   1507.9813232421875        1.0038434267044067        8.8870197534561157E-002   1.0000000000000000     
   1508.0179443359375        1.0459402799606323        9.0544894337654114E-002   1.0000000000000000     
   1508.0546875000000        1.0359034538269043        9.1364450752735138E-002   1.0000000000000000     
   1508.0913085937500        1.0488613843917847        9.0465895831584930E-002   1.0000000000000000     
   1508.1280517578125       0.99856585264205933        8.8524684309959412E-002   1.0000000000000000     
   1508.1646728515625        1.1134372949600220        9.3989461660385132E-002   1.0000000000000000     
   1508.2014160156250        1.0943716764450073        9.4299994409084320E-002   1.0000000000000000     
   1508.2381591796875        1.0283250808715820        9.0177133679389954E-002   1.0000000000000000     
   1508.2747802734375        1.1391328573226929        9.4133824110031128E-002   1.0000000000000000     
   1508.3115234375000        1.1343957185745239        9.3820288777351379E-002   1.0000000000000000     
   1508.3481445312500        1.0082360506057739        8.8801540434360504E-002   1.0000000000000000     
   1508.3848876953125        1.1145342588424683        9.5643036067485809E-002   1.0000000000000000     
   1508.4215087890625        1.0206195116043091        8.9465714991092682E-002   1.0000000000000000     
   1508.4582519531250        1.0211769342422485        9.1812513768672943E-002   1.0000000000000000     
   1508.4948730468750        1.0030121803283691        9.0604998171329498E-002   1.0000000000000000     
   1508.5316162109375       0.95702254772186279        8.6892493069171906E-002   1.0000000000000000     
   1508.5683593750000        1.0557237863540649        9.0990230441093445E-002   1.0000000000000000     
   1508.6049804687500        1.0468940734863281        9.0930446982383728E-002   1.0000000000000000     
   1508.6417236328125        1.0585705041885376        9.1514751315116882E-002   1.0000000000000000     
   1508.6783447265625       0.87757116556167603        8.5049919784069061E-002   1.0000000000000000     
   1508.7150878906250        1.0326697826385498        9.0096838772296906E-002   1.0000000000000000     
   1508.7517089843750        1.0902055501937866        9.2050485312938690E-002   1.0000000000000000     
   1508.7884521484375        1.0918405055999756        9.2092044651508331E-002   1.0000000000000000     
   1508.8251953125000        1.0058506727218628        8.9670345187187195E-002   1.0000000000000000     
   1508.8618164062500        1.0715613365173340        9.1681987047195435E-002   1.0000000000000000     
   1508.8985595703125        1.1857628822326660        9.6150964498519897E-002   1.0000000000000000     
   1508.9351806640625        1.1073590517044067        9.4965219497680664E-002   1.0000000000000000     
   1508.9719238281250        1.1978222131729126        9.7291082143783569E-002   1.0000000000000000     
   1509.0085449218750        1.2339963912963867        9.7908213734626770E-002  0.99968608132522130     
   1509.0452880859375        1.0579019784927368        9.1378450393676758E-002  0.99963581753852992     
   1509.0819091796875        1.0678893327713013        9.1997832059860229E-002  0.99957011175436239     
   1509.1186523437500       0.95953810214996338        8.8699690997600555E-002  0.99948219588272114     
   1509.1553955078125       0.89277487993240356        8.4060862660408020E-002  0.99936154218804030     
   1509.1920166015625        1.1083146333694458        9.5204167068004608E-002  0.99919197258410775     
   1509.2287597656250       0.98265457153320312        8.8336355984210968E-002  0.99894838204160441     
   1509.2653808593750        1.1289576292037964        9.3960657715797424E-002  0.99859136954326899     
   1509.3021240234375        1.0381308794021606        9.1125875711441040E-002  0.99805872182070610     
   1509.3387451171875        1.0450379848480225        9.0477965772151947E-002  0.99725255711204108     
   1509.3754882812500       0.99976003170013428        8.9052394032478333E-002  0.99602154990619807     
   1509.4122314453125       0.97686648368835449        8.8352575898170471E-002  0.99413937811320940     
   1509.4488525390625        1.0899069309234619        9.3925148248672485E-002  0.99128324055778405     
   1509.4855957031250        1.0290187597274780        9.0709082782268524E-002  0.98702205142588351     
   1509.5222167968750       0.98780304193496704        8.8708333671092987E-002  0.98082922890073299     
   1509.5589599609375       0.93108803033828735        8.7117269635200500E-002  0.97213660859974282     
   1509.5955810546875       0.90575796365737915        8.4730535745620728E-002  0.96044113174359114     
   1509.6323242187500       0.87225598096847534        8.6426734924316406E-002  0.94546244240479005     
   1509.6690673828125       0.84999835491180420        8.2270458340644836E-002  0.92732260323977300     
   1509.7056884765625       0.96679800748825073        8.8106907904148102E-002  0.90667970376352081     
   1509.7424316406250       0.94554102420806885        8.6473561823368073E-002  0.88476503432832521     
   1509.7790527343750       0.86673855781555176        8.3668604493141174E-002  0.86329048952601539     
   1509.8157958984375       0.90526098012924194        8.4515027701854706E-002  0.84422271881550648     
   1509.8524169921875       0.82771277427673340        8.1109486520290375E-002  0.82947824037577089     
   1509.8891601562500        1.0086517333984375        9.0113431215286255E-002  0.82061655586275695     
   1509.9257812500000       0.90208631753921509        8.4024041891098022E-002  0.81859651249322074     
   1509.9625244140625       0.69202488660812378        7.6710969209671021E-002  0.82363149928807522     
   1509.9992675781250       0.76721370220184326        7.8486755490303040E-002  0.83515454162498848     
   1510.0358886718750       0.81994569301605225        8.2545526325702667E-002  0.85190488399499043     
   1510.0726318359375       0.81628930568695068        8.0170683562755585E-002  0.87212619820323800     
   1510.1092529296875       0.82730180025100708        8.1551581621170044E-002  0.89384548476356229     
   1510.1459960937500        1.0438845157623291        9.0592861175537109E-002  0.91518721754898458     
   1510.1826171875000       0.88320827484130859        8.4476254880428314E-002  0.93464972992396633     
   1510.2193603515625       0.93343394994735718        8.6398273706436157E-002  0.95127201178783860     
   1510.2561035156250        1.0723091363906860        9.3975871801376343E-002  0.96465967350470505     
   1510.2927246093750        1.0413348674774170        9.0997576713562012E-002  0.97489772456708501     
   1510.3294677734375        1.0439759492874146        9.1762691736221313E-002  0.98238888204615049     
   1510.3660888671875       0.92887902259826660        8.6113341152667999E-002  0.98767861047007521     
   1510.4028320312500       0.97079354524612427        8.7555743753910065E-002  0.99131985375854104     
   1510.4394531250000       0.97012358903884888        8.9805290102958679E-002  0.99379221999903800     
   1510.4761962890625       0.85273939371109009        8.4277831017971039E-002  0.99546951971106179     
   1510.5129394531250        1.0586122274398804        9.1889768838882446E-002  0.99662068360791878     
   1510.5495605468750       0.93715143203735352        9.0221785008907318E-002  0.99742793771033511     
   1510.5863037109375       0.97411829233169556        8.8349260389804840E-002  0.99800948074898377     
   1510.6229248046875        1.0955972671508789        9.2856757342815399E-002  0.99843983775151413     
   1510.6596679687500        1.0066320896148682        8.9125499129295349E-002  0.99876552506028948     
   1510.6962890625000       0.86888515949249268        8.4582798182964325E-002  0.99901587417397708     
   1510.7330322265625        1.0769307613372803        9.3153171241283417E-002  0.99921001626000561     
   1510.7696533203125       0.94070094823837280        8.6374498903751373E-002  0.99936106221215004     
   1510.8063964843750       0.88814508914947510        8.4416493773460388E-002   1.0000000000000000     
   1510.8431396484375        1.0052043199539185        9.0340279042720795E-002   1.0000000000000000     
   1510.8797607421875       0.99323582649230957        8.9870333671569824E-002   1.0000000000000000     
   1510.9165039062500       0.89239048957824707        8.5246004164218903E-002   1.0000000000000000     
   1510.9531250000000       0.89259517192840576        8.4583401679992676E-002   1.0000000000000000     
   1510.9898681640625        1.0236861705780029        8.9746296405792236E-002   1.0000000000000000     
   1511.0264892578125       0.96861982345581055        8.7766684591770172E-002   1.0000000000000000     
   1511.0632324218750       0.81723409891128540        8.0911420285701752E-002   1.0000000000000000     
   1511.0999755859375       0.96145009994506836        8.8492386043071747E-002   1.0000000000000000     
   1511.1365966796875        1.0870764255523682        9.2966087162494659E-002   1.0000000000000000     
   1511.1733398437500       0.98443704843521118        8.8476389646530151E-002   1.0000000000000000     
   1511.2099609375000        1.0112411975860596        9.0421967208385468E-002   1.0000000000000000     
   1511.2467041015625       0.98910582065582275        8.9460223913192749E-002   1.0000000000000000     
   1511.2833251953125       0.92910146713256836        8.6662828922271729E-002   1.0000000000000000     
   1511.3200683593750       0.98430603742599487        8.7970055639743805E-002   1.0000000000000000     
   1511.3566894531250       0.97741442918777466        8.8331520557403564E-002   1.0000000000000000     
   1511.3934326171875       0.93538588285446167        8.6740329861640930E-002   1.0000000000000000     
   1511.4301757812500       0.90043890476226807        8.5370779037475586E-002   1.0000000000000000     
   1511.4667968750000        1.0460711717605591        9.1996163129806519E-002   1.0000000000000000     
   1511.5035400390625       0.94443148374557495        8.7238766252994537E-002   1.0000000000000000     
   1511.5401611328125       0.96892976760864258        8.8391818106174469E-002   1.0000000000000000     
   1511.5769042968750        1.0605515241622925        9.1722577810287476E-002   1.0000000000000000     
   1511.6135253906250       0.87863689661026001        8.5502162575721741E-002   1.0000000000000000     
   1511.6502685546875       0.96503543853759766        8.8639713823795319E-002   1.0000000000000000     
   1511.6870117187500        1.1337499618530273        9.5585241913795471E-002   1.0000000000000000     
   1511.7236328125000        1.1706357002258301        9.7508490085601807E-002   1.0000000000000000     
   1511.7603759765625        1.1687904596328735        9.6933118999004364E-002   1.0000000000000000     
   1511.7969970703125        1.0260313749313354        9.1430142521858215E-002   1.0000000000000000     
   1511.8337402343750       0.99863213300704956        8.9514143764972687E-002   1.0000000000000000     
   1511.8703613281250        1.0207170248031616        9.1235287487506866E-002   1.0000000000000000     
   1511.9071044921875       0.95098471641540527        8.9355550706386566E-002   1.0000000000000000     
   1511.9438476562500       0.83931767940521240        8.4338314831256866E-002   1.0000000000000000     
   1511.9804687500000       0.79459977149963379        8.1865966320037842E-002   1.0000000000000000     
   1512.0172119140625       0.91685348749160767        8.5723027586936951E-002   1.0000000000000000     
   1512.0538330078125       0.90964519977569580        8.4937013685703278E-002   1.0000000000000000     
   1512.0905761718750       0.90157198905944824        8.7310321629047394E-002   1.0000000000000000     
   1512.1271972656250       0.90623629093170166        8.7458841502666473E-002   1.0000000000000000     
   1512.1639404296875       0.86387091875076294        8.3598613739013672E-002   1.0000000000000000     
   1512.2005615234375       0.95847553014755249        8.8460139930248260E-002   1.0000000000000000     
   1512.2373046875000       0.91086691617965698        8.6353570222854614E-002   1.0000000000000000     
   1512.2740478515625       0.89343816041946411        8.5431791841983795E-002   1.0000000000000000     
   1512.3106689453125       0.88368397951126099        8.5342139005661011E-002   1.0000000000000000     
   1512.3474121093750       0.97501832246780396        8.8822945952415466E-002   1.0000000000000000     
   1512.3840332031250       0.95993918180465698        8.8203839957714081E-002   1.0000000000000000     
   1512.4207763671875       0.99483394622802734        8.9955016970634460E-002   1.0000000000000000     
   1512.4573974609375       0.94446170330047607        8.8306337594985962E-002   1.0000000000000000     
   1512.4941406250000       0.85929042100906372        8.3469763398170471E-002   1.0000000000000000     
   1512.5308837890625       0.90663653612136841        8.5646420717239380E-002   1.0000000000000000     
   1512.5675048828125        1.0631633996963501        9.3038104474544525E-002   1.0000000000000000     
   1512.6042480468750        1.2215982675552368        9.9397748708724976E-002   1.0000000000000000     
!  ---- tick mark positions for above ----
!      1509.92175     1     1
