H	H+	C+	C+2	C+3	N+	N+2	N+4	O	O+2	O+5	O+6	P+	Si+	Si+2	Si+3	Si+4	Fe+	Al+
1.20226e+14	3.38332e+18	1.21165e+10	1.52191e+12	4.73006e+12	9.21923e+08	2.50321e+11	3.90219e+12	7.66321e+04	6.60618e+11	3.88225e+13	5.10222e+13	7.93251e+05	1.24350e+07	5.54927e+08	2.25984e+09	1.90345e+11	3.06022e+03	3.82648e+05
1.20226e+14	3.20528e+18	1.30756e+10	1.59814e+12	4.78005e+12	1.00275e+09	2.65254e+11	3.82623e+12	8.56813e+04	7.02356e+11	3.65866e+13	4.58088e+13	9.27052e+05	1.46400e+07	6.40210e+08	2.52262e+09	2.01273e+11	3.70609e+03	4.54826e+05
1.20226e+14	3.03697e+18	1.40954e+10	1.67620e+12	4.82506e+12	1.08948e+09	2.80713e+11	3.74528e+12	9.57714e+04	7.45650e+11	3.44038e+13	4.10472e+13	1.08155e+06	1.72026e+07	7.37434e+08	2.81171e+09	2.12514e+11	4.48415e+03	5.39387e+05
1.20226e+14	2.87781e+18	1.51784e+10	1.75598e+12	4.86494e+12	1.18235e+09	2.96673e+11	3.65961e+12	1.07017e+05	7.90448e+11	3.22804e+13	3.67084e+13	1.25960e+06	2.01748e+07	8.48082e+08	3.12922e+09	2.24051e+11	5.42038e+03	6.38246e+05
1.20226e+14	2.72726e+18	1.63269e+10	1.83739e+12	4.89960e+12	1.28161e+09	3.13106e+11	3.56953e+12	1.19545e+05	8.36690e+11	3.02220e+13	3.27637e+13	1.46440e+06	2.36150e+07	9.73801e+08	3.47742e+09	2.35865e+11	6.54573e+03	7.53596e+05
1.20226e+14	2.58481e+18	1.75431e+10	1.92028e+12	4.92890e+12	1.38747e+09	3.29978e+11	3.47534e+12	1.33495e+05	8.84307e+11	2.82334e+13	2.91855e+13	1.69953e+06	2.75886e+07	1.11641e+09	3.85865e+09	2.47933e+11	7.89685e+03	8.87929e+05
1.20226e+14	2.45001e+18	1.88292e+10	2.00454e+12	4.95274e+12	1.50013e+09	3.47249e+11	3.37740e+12	1.49024e+05	9.33223e+11	2.63187e+13	2.59474e+13	1.96894e+06	3.21689e+07	1.27789e+09	4.27538e+09	2.60230e+11	9.51715e+03	1.04407e+06
1.20226e+14	2.32240e+18	2.01873e+10	2.09001e+12	4.97103e+12	1.61980e+09	3.64878e+11	3.27606e+12	1.66313e+05	9.83365e+11	2.44809e+13	2.30232e+13	2.27710e+06	3.74383e+07	1.46047e+09	4.73023e+09	2.72730e+11	1.14584e+04	1.22524e+06
1.20226e+14	2.20160e+18	2.16189e+10	2.17651e+12	4.98367e+12	1.74659e+09	3.82810e+11	3.17173e+12	1.85548e+05	1.03462e+12	2.27233e+13	2.03894e+13	2.62876e+06	4.34860e+07	1.66649e+09	5.22577e+09	2.85398e+11	1.37805e+04	1.43502e+06
1.20226e+14	2.08719e+18	2.31252e+10	2.26382e+12	4.99058e+12	1.88060e+09	4.00988e+11	3.06480e+12	2.06944e+05	1.08689e+12	2.10473e+13	1.80221e+13	3.02924e+06	5.04127e+07	1.89859e+09	5.76486e+09	2.98203e+11	1.65552e+04	1.67753e+06
1.20226e+14	1.97883e+18	2.47078e+10	2.35177e+12	4.99169e+12	2.02193e+09	4.19354e+11	2.95570e+12	2.30746e+05	1.14008e+12	1.94542e+13	1.58993e+13	3.48444e+06	5.83295e+07	2.15961e+09	6.35033e+09	3.11107e+11	1.98668e+04	1.95737e+06
1.20226e+14	1.87619e+18	2.63679e+10	2.44012e+12	4.98693e+12	2.17069e+09	4.37850e+11	2.84485e+12	2.57235e+05	1.19409e+12	1.79446e+13	1.40001e+13	4.00088e+06	6.73588e+07	2.45265e+09	6.98509e+09	3.24071e+11	2.38142e+04	2.27971e+06
1.20226e+14	1.77897e+18	2.81066e+10	2.52865e+12	4.97627e+12	2.32693e+09	4.56410e+11	2.73272e+12	2.86718e+05	1.24881e+12	1.65183e+13	1.23048e+13	4.58560e+06	7.76348e+07	2.78104e+09	7.67210e+09	3.37053e+11	2.85136e+04	2.65037e+06
1.20226e+14	1.68685e+18	2.99246e+10	2.61711e+12	4.95967e+12	2.49068e+09	4.74967e+11	2.61973e+12	3.19547e+05	1.30414e+12	1.51748e+13	1.07949e+13	5.24633e+06	8.93048e+07	3.14841e+09	8.41439e+09	3.50007e+11	3.41014e+04	3.07584e+06
1.20226e+14	1.59957e+18	3.18219e+10	2.70521e+12	4.93709e+12	2.66191e+09	4.93450e+11	2.50634e+12	3.56114e+05	1.35995e+12	1.39129e+13	9.45315e+12	5.99145e+06	1.02528e+08	3.55861e+09	9.21494e+09	3.62885e+11	4.07366e+04	3.56339e+06
1.20226e+14	1.51687e+18	3.37987e+10	2.79269e+12	4.90854e+12	2.84062e+09	5.11789e+11	2.39299e+12	3.96864e+05	1.41613e+12	1.27309e+13	8.26337e+12	6.82988e+06	1.17480e+08	4.01581e+09	1.00768e+10	3.75638e+11	4.85981e+04	4.12035e+06
1.20226e+14	1.43851e+18	3.58538e+10	2.87921e+12	4.87403e+12	3.02668e+09	5.29904e+11	2.28014e+12	4.42283e+05	1.47255e+12	1.16272e+13	7.21087e+12	7.77125e+06	1.34344e+08	4.52433e+09	1.10027e+10	3.88209e+11	5.79031e+04	4.75595e+06
1.20226e+14	1.36424e+18	3.79878e+10	2.96452e+12	4.83356e+12	3.22014e+09	5.47737e+11	2.16814e+12	4.92972e+05	1.52913e+12	1.05987e+13	6.28134e+12	8.82678e+06	1.53334e+08	5.08911e+09	1.19959e+10	4.00551e+11	6.89082e+04	5.48042e+06
1.20226e+14	1.29385e+18	4.01992e+10	3.04827e+12	4.78720e+12	3.42085e+09	5.65212e+11	2.05742e+12	5.49562e+05	1.58573e+12	9.64311e+12	5.46233e+12	1.00076e+07	1.74664e+08	5.71505e+09	1.30591e+10	4.12603e+11	8.19032e+04	6.30459e+06
1.20226e+14	1.22714e+18	4.24862e+10	3.13014e+12	4.73500e+12	3.62872e+09	5.82258e+11	1.94837e+12	6.12782e+05	1.64225e+12	8.75753e+12	4.74217e+12	1.13260e+07	1.98571e+08	6.40745e+09	1.41948e+10	4.24309e+11	9.72262e+04	7.24051e+06
1.20226e+14	1.16391e+18	4.48470e+10	3.20978e+12	4.67705e+12	3.84362e+09	5.98808e+11	1.84133e+12	6.83461e+05	1.69857e+12	7.93888e+12	4.11019e+12	1.27950e+07	2.25306e+08	7.17186e+09	1.54057e+10	4.35610e+11	1.15269e+05	8.30148e+06
1.20226e+14	1.10397e+18	4.72805e+10	3.28690e+12	4.61344e+12	4.06553e+09	6.14804e+11	1.73661e+12	7.62567e+05	1.75459e+12	7.18370e+12	3.55654e+12	1.44291e+07	2.55149e+08	8.01433e+09	1.66941e+10	4.46448e+11	1.36492e+05	9.50244e+06
1.20226e+14	1.04718e+18	4.97812e+10	3.36108e+12	4.54434e+12	4.29410e+09	6.30171e+11	1.63455e+12	8.51095e+05	1.81016e+12	6.48918e+12	3.07272e+12	1.62418e+07	2.88360e+08	8.94043e+09	1.80616e+10	4.56759e+11	1.61403e+05	1.08586e+07
1.20226e+14	9.93342e+17	5.23468e+10	3.43200e+12	4.46988e+12	4.52929e+09	6.44858e+11	1.53539e+12	9.50276e+05	1.86519e+12	5.85171e+12	2.65060e+12	1.82491e+07	3.25250e+08	9.95663e+09	1.95099e+10	4.66484e+11	1.90608e+05	1.23878e+07
1.20226e+14	9.42318e+17	5.49744e+10	3.49934e+12	4.39025e+12	4.77099e+09	6.58811e+11	1.43936e+12	1.06148e+06	1.91958e+12	5.26795e+12	2.28300e+12	2.04674e+07	3.66134e+08	1.10694e+10	2.10402e+10	4.75564e+11	2.24796e+05	1.41089e+07
1.20226e+14	8.93957e+17	5.76594e+10	3.56276e+12	4.30566e+12	5.01906e+09	6.71982e+11	1.34666e+12	1.18623e+06	1.97321e+12	4.73454e+12	1.96345e+12	2.29135e+07	4.11339e+08	1.22852e+10	2.26534e+10	4.83942e+11	2.64758e+05	1.60424e+07
1.20226e+14	8.48118e+17	6.03970e+10	3.62194e+12	4.21634e+12	5.27333e+09	6.84323e+11	1.25745e+12	1.32628e+06	2.02597e+12	4.24820e+12	1.68615e+12	2.56050e+07	4.61206e+08	1.36107e+10	2.43496e+10	4.91559e+11	3.11399e+05	1.82105e+07
1.20226e+14	8.04670e+17	6.31820e+10	3.67656e+12	4.12254e+12	5.53367e+09	6.95793e+11	1.17187e+12	1.48357e+06	2.07777e+12	3.80569e+12	1.44593e+12	2.85596e+07	5.16086e+08	1.50526e+10	2.61285e+10	4.98360e+11	3.65749e+05	2.06372e+07
1.20226e+14	7.63486e+17	6.60088e+10	3.72632e+12	4.02455e+12	5.79994e+09	7.06357e+11	1.09000e+12	1.66035e+06	2.12849e+12	3.40390e+12	1.23819e+12	3.17957e+07	5.76340e+08	1.66174e+10	2.79890e+10	5.04291e+11	4.28984e+05	2.33481e+07
1.20226e+14	7.24445e+17	6.88707e+10	3.77092e+12	3.92265e+12	6.07197e+09	7.15980e+11	1.01192e+12	1.85909e+06	2.17803e+12	3.03980e+12	1.05881e+12	3.53318e+07	6.42332e+08	1.83116e+10	2.99294e+10	5.09302e+11	5.02442e+05	2.63707e+07
1.20226e+14	6.87438e+17	7.17621e+10	3.81015e+12	3.81720e+12	6.34969e+09	7.24639e+11	9.37651e+11	2.08264e+06	2.22629e+12	2.71050e+12	9.04193e+11	3.91857e+07	7.14434e+08	2.01414e+10	3.19472e+10	5.13348e+11	5.87639e+05	2.97344e+07
1.20226e+14	6.52358e+17	7.46755e+10	3.84376e+12	3.70855e+12	6.63294e+09	7.32311e+11	8.67218e+11	2.33416e+06	2.27319e+12	2.41326e+12	7.71118e+11	4.33747e+07	7.93010e+08	2.21126e+10	3.40390e+10	5.16385e+11	6.86293e+05	3.34703e+07
1.20226e+14	6.19103e+17	7.76037e+10	3.87155e+12	3.59706e+12	6.92160e+09	7.38980e+11	8.00597e+11	2.61724e+06	2.31862e+12	2.14543e+12	6.56758e+11	4.79158e+07	8.78422e+08	2.42306e+10	3.62005e+10	5.18376e+11	8.00346e+05	3.76114e+07
1.20226e+14	5.87577e+17	8.05392e+10	3.89336e+12	3.48311e+12	7.21557e+09	7.44633e+11	7.37749e+11	2.93591e+06	2.36250e+12	1.90456e+12	5.58629e+11	5.28248e+07	9.71024e+08	2.65002e+10	3.84263e+10	5.19286e+11	9.31988e+05	4.21925e+07
1.20226e+14	5.57704e+17	8.34702e+10	3.90902e+12	3.36719e+12	7.51439e+09	7.49254e+11	6.78650e+11	3.29445e+06	2.40470e+12	1.68844e+12	4.74594e+11	5.81105e+07	1.07106e+09	2.89239e+10	4.07096e+10	5.19090e+11	1.08357e+06	4.72465e+07
1.20226e+14	5.29352e+17	8.63993e+10	3.91852e+12	3.24947e+12	7.81889e+09	7.52858e+11	6.23111e+11	3.69867e+06	2.44521e+12	1.49450e+12	4.02613e+11	6.37991e+07	1.17909e+09	3.15088e+10	4.30444e+10	5.17760e+11	1.25819e+06	5.28214e+07
1.20226e+14	5.02481e+17	8.93061e+10	3.92168e+12	3.13058e+12	8.12794e+09	7.55424e+11	5.71143e+11	4.15355e+06	2.48387e+12	1.32109e+12	3.41146e+11	6.98850e+07	1.29514e+09	3.42527e+10	4.54209e+10	5.15284e+11	1.45862e+06	5.89466e+07
1.20226e+14	4.77008e+17	9.21788e+10	3.91843e+12	3.01095e+12	8.44113e+09	7.56952e+11	5.22632e+11	4.66533e+06	2.52057e+12	1.16628e+12	2.88721e+11	7.63697e+07	1.41938e+09	3.71553e+10	4.78297e+10	5.11654e+11	1.68827e+06	6.56614e+07
1.20226e+14	4.52840e+17	9.50248e+10	3.90900e+12	2.89083e+12	8.75969e+09	7.57474e+11	4.77389e+11	5.24207e+06	2.55534e+12	1.02810e+12	2.44021e+11	8.32758e+07	1.55231e+09	4.02202e+10	5.02598e+10	5.06863e+11	1.95137e+06	7.30176e+07
1.20226e+14	4.29919e+17	9.78244e+10	3.89328e+12	2.77073e+12	9.08257e+09	7.56984e+11	4.35330e+11	5.89124e+06	2.58801e+12	9.05085e+11	2.05986e+11	9.05877e+07	1.69385e+09	4.34416e+10	5.26993e+10	5.00919e+11	2.25201e+06	8.10510e+07
1.20226e+14	4.08187e+17	1.00591e+11	3.87169e+12	2.65097e+12	9.41138e+09	7.55535e+11	3.96295e+11	6.62259e+06	2.61862e+12	7.95680e+11	1.73661e+11	9.83263e+07	1.84441e+09	4.68197e+10	5.51316e+10	4.93841e+11	2.59524e+06	8.98121e+07
1.20226e+14	3.87570e+17	1.03283e+11	3.84390e+12	2.53209e+12	9.74342e+09	7.53086e+11	3.60179e+11	7.44501e+06	2.64693e+12	6.98599e+11	1.46228e+11	1.06440e+08	2.00346e+09	5.03406e+10	5.75471e+10	4.85643e+11	2.98599e+06	9.93328e+07
1.20226e+14	3.68019e+17	1.05904e+11	3.81026e+12	2.41447e+12	1.00793e+10	7.49682e+11	3.26837e+11	8.36975e+06	2.67293e+12	6.12589e+11	1.22983e+11	1.14922e+08	2.17098e+09	5.39963e+10	5.99287e+10	4.76363e+11	3.43008e+06	1.09655e+08
1.20226e+14	3.49462e+17	1.08455e+11	3.77103e+12	2.29830e+12	1.04198e+10	7.45353e+11	2.96083e+11	9.41035e+06	2.69659e+12	5.36417e+11	1.03293e+11	1.23768e+08	2.34709e+09	5.77797e+10	6.22597e+10	4.66029e+11	3.93457e+06	1.20833e+08
1.20226e+14	3.31855e+17	1.10919e+11	3.72639e+12	2.18404e+12	1.07641e+10	7.40116e+11	2.67799e+11	1.05800e+07	2.71780e+12	4.69105e+11	8.66467e+10	1.32933e+08	2.53123e+09	6.16731e+10	6.45237e+10	4.54696e+11	4.50626e+06	1.32900e+08
1.20226e+14	3.15131e+17	1.13300e+11	3.67660e+12	2.07183e+12	1.11128e+10	7.34000e+11	2.41804e+11	1.18957e+07	2.73651e+12	4.09635e+11	7.25757e+10	1.42403e+08	2.72336e+09	6.56643e+10	6.67024e+10	4.42403e+11	5.15396e+06	1.45911e+08
1.20226e+14	2.99271e+17	1.15581e+11	3.62200e+12	1.96219e+12	1.14649e+10	7.27044e+11	2.18006e+11	1.33729e+07	2.75265e+12	3.57263e+11	6.07172e+10	1.52116e+08	2.92248e+09	6.97281e+10	6.87778e+10	4.29238e+11	5.88522e+06	1.59881e+08
1.20226e+14	2.84218e+17	1.17763e+11	3.56291e+12	1.85528e+12	1.18209e+10	7.19281e+11	1.96244e+11	1.50314e+07	2.76616e+12	3.11169e+11	5.07283e+10	1.62039e+08	3.12817e+09	7.38452e+10	7.07316e+10	4.15265e+11	6.71014e+06	1.74855e+08
1.20226e+14	2.69929e+17	1.19839e+11	3.49965e+12	1.75133e+12	1.21806e+10	7.10741e+11	1.76379e+11	1.68928e+07	2.77699e+12	2.70653e+11	4.23246e+10	1.72120e+08	3.33966e+09	7.79908e+10	7.25458e+10	4.00562e+11	7.63928e+06	1.90864e+08
1.20226e+14	2.56363e+17	1.21806e+11	3.43256e+12	1.65053e+12	1.25440e+10	7.01464e+11	1.58280e+11	1.89806e+07	2.78507e+12	2.35091e+11	3.52638e+10	1.82306e+08	3.55607e+09	8.21379e+10	7.42028e+10	3.85217e+11	8.68418e+06	2.07936e+08
1.20226e+14	2.43484e+17	1.23659e+11	3.36202e+12	1.55305e+12	1.29110e+10	6.91488e+11	1.41821e+11	2.13210e+07	2.79035e+12	2.03918e+11	2.93390e+10	1.92541e+08	3.77643e+09	8.62574e+10	7.56856e+10	3.69322e+11	9.85745e+06	2.26094e+08
1.20226e+14	2.31255e+17	1.25399e+11	3.28839e+12	1.45903e+12	1.32818e+10	6.80854e+11	1.26881e+11	2.39431e+07	2.79280e+12	1.76631e+11	2.43741e+10	2.02766e+08	3.99966e+09	9.03189e+10	7.69784e+10	3.52978e+11	1.11729e+07	2.45357e+08
1.20226e+14	2.19642e+17	1.27022e+11	3.21205e+12	1.36858e+12	1.36563e+10	6.69604e+11	1.13343e+11	2.68787e+07	2.79236e+12	1.52778e+11	2.02194e+10	2.12922e+08	4.22461e+09	9.42906e+10	7.80666e+10	3.36285e+11	1.26455e+07	2.65737e+08
1.20226e+14	2.08615e+17	1.28528e+11	3.13338e+12	1.28178e+12	1.40346e+10	6.57781e+11	1.01098e+11	3.01631e+07	2.78900e+12	1.31956e+11	1.67474e+10	2.22949e+08	4.45006e+09	9.81398e+10	7.89376e+10	3.19351e+11	1.42915e+07	2.87242e+08
1.20226e+14	1.98143e+17	1.29918e+11	3.05274e+12	1.19868e+12	1.44170e+10	6.45428e+11	9.00421e+10	3.38349e+07	2.78269e+12	1.13805e+11	1.38502e+10	2.32788e+08	4.67476e+09	1.01834e+11	7.95806e+10	3.02281e+11	1.61288e+07	3.09872e+08
1.20226e+14	1.88198e+17	1.31192e+11	2.97050e+12	1.11932e+12	1.48035e+10	6.32590e+11	8.00767e+10	3.79367e+07	2.77341e+12	9.80043e+10	1.14360e+10	2.42383e+08	4.89742e+09	1.05341e+11	7.99875e+10	2.85184e+11	1.81764e+07	3.33620e+08
1.20226e+14	1.78752e+17	1.32351e+11	2.88700e+12	1.04369e+12	1.51943e+10	6.19310e+11	7.11097e+10	4.25151e+07	2.76112e+12	8.42694e+10	9.42729e+09	2.51676e+08	5.11672e+09	1.08629e+11	8.01529e+10	2.68161e+11	2.04553e+07	3.58470e+08
1.20226e+14	1.69782e+17	1.33397e+11	2.80258e+12	9.71775e+11	1.55896e+10	6.05634e+11	6.30551e+10	4.76210e+07	2.74582e+12	7.23476e+10	7.75856e+09	2.60620e+08	5.33147e+09	1.11671e+11	8.00734e+10	2.51317e+11	2.29879e+07	3.84403e+08
1.20226e+14	1.61262e+17	1.34335e+11	2.71757e+12	9.03541e+11	1.59898e+10	5.91608e+11	5.58323e+10	5.33099e+07	2.72752e+12	6.20151e+10	6.37447e+09	2.69170e+08	5.54045e+09	1.14438e+11	7.97491e+10	2.34747e+11	2.57983e+07	4.11387e+08
1.20226e+14	1.53170e+17	1.35166e+11	2.63228e+12	8.38930e+11	1.63952e+10	5.77277e+11	4.93662e+10	5.96425e+07	2.70621e+12	5.30733e+10	5.22829e+09	2.77283e+08	5.74257e+09	1.16907e+11	7.91830e+10	2.18541e+11	2.89126e+07	4.39385e+08
1.20226e+14	1.45485e+17	1.35894e+11	2.54699e+12	7.77873e+11	1.68060e+10	5.62683e+11	4.35873e+10	6.66846e+07	2.68192e+12	4.53469e+10	4.28069e+09	2.84924e+08	5.93680e+09	1.19059e+11	7.83807e+10	2.02781e+11	3.23588e+07	4.68351e+08
1.20226e+14	1.38197e+17	1.36521e+11	2.46212e+12	7.20377e+11	1.72224e+10	5.47899e+11	3.84387e+10	7.44974e+07	2.65474e+12	3.86905e+10	3.49961e+09	2.92053e+08	6.12185e+09	1.20878e+11	7.73557e+10	1.87562e+11	3.61606e+07	4.98185e+08
1.20226e+14	1.31264e+17	1.37054e+11	2.37761e+12	6.66157e+11	1.76452e+10	5.32912e+11	3.38447e+10	8.31771e+07	2.62457e+12	3.29476e+10	2.85503e+09	2.98664e+08	6.29780e+09	1.22351e+11	7.61102e+10	1.72905e+11	4.03615e+07	5.28914e+08
1.20226e+14	1.24680e+17	1.37495e+11	2.29384e+12	6.15205e+11	1.80747e+10	5.17790e+11	2.97591e+10	9.27981e+07	2.59152e+12	2.80089e+10	2.32486e+09	3.04729e+08	6.46363e+09	1.23470e+11	7.46619e+10	1.58883e+11	4.49902e+07	5.60424e+08
1.20226e+14	1.18415e+17	1.37848e+11	2.21084e+12	5.67328e+11	1.85106e+10	5.02543e+11	2.61256e+10	1.03465e+08	2.55555e+12	2.37623e+10	1.88896e+09	3.10236e+08	6.61927e+09	1.24229e+11	7.30213e+10	1.45520e+11	5.00915e+07	5.92689e+08
1.20226e+14	1.12477e+17	1.38120e+11	2.12914e+12	5.22570e+11	1.89522e+10	4.87274e+11	2.29101e+10	1.15246e+08	2.51694e+12	2.01291e+10	1.53237e+09	3.15174e+08	6.76376e+09	1.24637e+11	7.12152e+10	1.32889e+11	5.56875e+07	6.25527e+08
1.20226e+14	1.06836e+17	1.38311e+11	2.04871e+12	4.80722e+11	1.94011e+10	4.71985e+11	2.00638e+10	1.28258e+08	2.47566e+12	1.70203e+10	1.24066e+09	3.19534e+08	6.89726e+09	1.24694e+11	6.92576e+10	1.20990e+11	6.18271e+07	6.58892e+08
1.20226e+14	1.01480e+17	1.38426e+11	1.96972e+12	4.41663e+11	1.98577e+10	4.56714e+11	1.75484e+10	1.42612e+08	2.43182e+12	1.43652e+10	1.00253e+09	3.23322e+08	7.01985e+09	1.24411e+11	6.71679e+10	1.09834e+11	6.85525e+07	6.92687e+08
1.20226e+14	9.63925e+16	1.38469e+11	1.89227e+12	4.05259e+11	2.03224e+10	4.41492e+11	1.53287e+10	1.58426e+08	2.38552e+12	1.21014e+10	8.08474e+08	3.26538e+08	7.13167e+09	1.23800e+11	6.49658e+10	9.94237e+10	7.59097e+07	7.26807e+08
1.20226e+14	9.15615e+16	1.38445e+11	1.81649e+12	3.71387e+11	2.07957e+10	4.26356e+11	1.33730e+10	1.75824e+08	2.33689e+12	1.01751e+10	6.50684e+08	3.29195e+08	7.23307e+09	1.22877e+11	6.26711e+10	8.97536e+10	8.39447e+07	7.61147e+08
1.20226e+14	8.69740e+16	1.38354e+11	1.74246e+12	3.39923e+11	2.12775e+10	4.11332e+11	1.16528e+10	1.94936e+08	2.28605e+12	8.53900e+09	5.22638e+08	3.31295e+08	7.32433e+09	1.21660e+11	6.03048e+10	8.08103e+10	9.27061e+07	7.95579e+08
1.20226e+14	8.26167e+16	1.38202e+11	1.67024e+12	3.10727e+11	2.17685e+10	3.96446e+11	1.01412e+10	2.15908e+08	2.23314e+12	7.15178e+09	4.18918e+08	3.32859e+08	7.40613e+09	1.20170e+11	5.78840e+10	7.25716e+10	1.02247e+08	8.30008e+08
1.20226e+14	7.84786e+16	1.37992e+11	1.59991e+12	2.83681e+11	2.22689e+10	3.81726e+11	8.81529e+09	2.38884e+08	2.17832e+12	5.97800e+09	3.35089e+08	3.33899e+08	7.47901e+09	1.18430e+11	5.54279e+10	6.50131e+10	1.12620e+08	8.64306e+08
1.20226e+14	7.45485e+16	1.37724e+11	1.53149e+12	2.58662e+11	2.27786e+10	3.67194e+11	7.65371e+09	2.64022e+08	2.12173e+12	4.98673e+09	2.67473e+08	3.34432e+08	7.54359e+09	1.16460e+11	5.29535e+10	5.81048e+10	1.23879e+08	8.98351e+08
1.20226e+14	7.08166e+16	1.37404e+11	1.46505e+12	2.35554e+11	2.32982e+10	3.52874e+11	6.63764e+09	2.91481e+08	2.06357e+12	4.15140e+09	2.13058e+08	3.34479e+08	7.60061e+09	1.14287e+11	5.04770e+10	5.18144e+10	1.36079e+08	9.32025e+08
1.20226e+14	6.72806e+16	1.37036e+11	1.40075e+12	2.14281e+11	2.38274e+10	3.38819e+11	5.75163e+09	3.21384e+08	2.00415e+12	3.45007e+09	1.69432e+08	3.34067e+08	7.65049e+09	1.11942e+11	4.80188e+10	4.61156e+10	1.49252e+08	9.65151e+08
1.20226e+14	6.39071e+16	1.36613e+11	1.33814e+12	1.94607e+11	2.43665e+10	3.24943e+11	4.97561e+09	3.54046e+08	1.94318e+12	2.85922e+09	1.34339e+08	3.33192e+08	7.69483e+09	1.09422e+11	4.55744e+10	4.09428e+10	1.63530e+08	9.97769e+08
1.20226e+14	6.07110e+16	1.36145e+11	1.27770e+12	1.76550e+11	2.49152e+10	3.11366e+11	4.30087e+09	3.89510e+08	1.88132e+12	2.36540e+09	1.06337e+08	3.31900e+08	7.73349e+09	1.06777e+11	4.31732e+10	3.62872e+10	1.78894e+08	1.02960e+09
1.20226e+14	5.76759e+16	1.35632e+11	1.21926e+12	1.59964e+11	2.54734e+10	2.98065e+11	3.71372e+09	4.28008e+08	1.81861e+12	1.95269e+09	8.39948e+07	3.30204e+08	7.76747e+09	1.04020e+11	4.08197e+10	3.21017e+10	1.95427e+08	1.06058e+09
1.20226e+14	5.47936e+16	1.35075e+11	1.16281e+12	1.44752e+11	2.60407e+10	2.85054e+11	3.20341e+09	4.69730e+08	1.75522e+12	1.60852e+09	6.62078e+07	3.28126e+08	7.79747e+09	1.01172e+11	3.85224e+10	2.83491e+10	2.13184e+08	1.09060e+09
1.20226e+14	5.20630e+16	1.34479e+11	1.10848e+12	1.30846e+11	2.66171e+10	2.72374e+11	2.76128e+09	5.14799e+08	1.69152e+12	1.32264e+09	5.21027e+07	3.25701e+08	7.82383e+09	9.82624e+10	3.62943e+10	2.49996e+10	2.32179e+08	1.11949e+09
1.20226e+14	4.94638e+16	1.33838e+11	1.05596e+12	1.18100e+11	2.72016e+10	2.59970e+11	2.37711e+09	5.63545e+08	1.62736e+12	1.08480e+09	4.08992e+07	3.22930e+08	7.84776e+09	9.52916e+10	3.41304e+10	2.20062e+10	2.52536e+08	1.14728e+09
1.20226e+14	4.69957e+16	1.33158e+11	1.00538e+12	1.06458e+11	2.77936e+10	2.47883e+11	2.04440e+09	6.16099e+08	1.56309e+12	8.87770e+08	3.20386e+07	3.19844e+08	7.86951e+09	9.22854e+10	3.20413e+10	1.93425e+10	2.74268e+08	1.17379e+09
1.20226e+14	4.46519e+16	1.32438e+11	9.56703e+11	9.58405e+10	2.83924e+10	2.36116e+11	1.75659e+09	6.72654e+08	1.49890e+12	7.24914e+08	2.50463e+07	3.16463e+08	7.88958e+09	8.92592e+10	3.00307e+10	1.69773e+10	2.97417e+08	1.19894e+09
1.20226e+14	4.24263e+16	1.31679e+11	9.09889e+11	8.61703e+10	2.89967e+10	2.24675e+11	1.50787e+09	7.33402e+08	1.43495e+12	5.90612e+08	1.95404e+07	3.12810e+08	7.90843e+09	8.62271e+10	2.81014e+10	1.48814e+10	3.22022e+08	1.22266e+09
1.20226e+14	4.03128e+16	1.30882e+11	8.64904e+11	7.73756e+10	2.96053e+10	2.13562e+11	1.29318e+09	7.98527e+08	1.37142e+12	4.80107e+08	1.52142e+07	3.08904e+08	7.92644e+09	8.32016e+10	2.62551e+10	1.30278e+10	3.48116e+08	1.24484e+09
1.20226e+14	3.83008e+16	1.30043e+11	8.21598e+11	6.93719e+10	3.02165e+10	2.02752e+11	1.10768e+09	8.68315e+08	1.30831e+12	3.89235e+08	1.18164e+07	3.04750e+08	7.94424e+09	8.01849e+10	2.44886e+10	1.13886e+10	3.75777e+08	1.26547e+09
1.20226e+14	3.63952e+16	1.29171e+11	7.80155e+11	6.21303e+10	3.08292e+10	1.92301e+11	9.48229e+08	9.42716e+08	1.24610e+12	3.14970e+08	9.16400e+06	3.00397e+08	7.96152e+09	7.72053e+10	2.28110e+10	9.94677e+09	4.04916e+08	1.28442e+09
1.20226e+14	3.45856e+16	1.28261e+11	7.40417e+11	5.55725e+10	3.14411e+10	1.82181e+11	8.10999e+08	1.02199e+09	1.18478e+12	2.54290e+08	7.09326e+06	2.95850e+08	7.97880e+09	7.42619e+10	2.12173e+10	8.67816e+09	4.35592e+08	1.30166e+09
1.20226e+14	3.28716e+16	1.27318e+11	7.02439e+11	4.96552e+10	3.20507e+10	1.72417e+11	6.93231e+08	1.10612e+09	1.12462e+12	2.04912e+08	5.48278e+06	2.91140e+08	7.99596e+09	7.13710e+10	1.97104e+10	7.56559e+09	4.67739e+08	1.31714e+09
1.20226e+14	3.12354e+16	1.26331e+11	6.65881e+11	4.42885e+10	3.26542e+10	1.62934e+11	5.91642e+08	1.19563e+09	1.06533e+12	1.64599e+08	4.22577e+06	2.86242e+08	8.01396e+09	6.85130e+10	1.82779e+10	6.58580e+09	5.01538e+08	1.33088e+09
1.20226e+14	2.96897e+16	1.25316e+11	6.31080e+11	3.94710e+10	3.32509e+10	1.53826e+11	5.04812e+08	1.29006e+09	1.00759e+12	1.32020e+08	3.25430e+06	2.81232e+08	8.03173e+09	6.57272e+10	1.69323e+10	5.73059e+09	5.36701e+08	1.34277e+09
1.20226e+14	2.82179e+16	1.24260e+11	5.97709e+11	3.51237e+10	3.38363e+10	1.45020e+11	4.30188e+08	1.38988e+09	9.51096e+11	1.05594e+08	2.50039e+06	2.76082e+08	8.05014e+09	6.29928e+10	1.56612e+10	4.98071e+09	5.73395e+08	1.35286e+09
1.20226e+14	2.68203e+16	1.23169e+11	5.65817e+11	3.12154e+10	3.44081e+10	1.36537e+11	3.66256e+08	1.49497e+09	8.96086e+11	8.42586e+07	1.91779e+06	2.70821e+08	8.06886e+09	6.03221e+10	1.44659e+10	4.32531e+09	6.11503e+08	1.36111e+09
1.20226e+14	2.54933e+16	1.22043e+11	5.35359e+11	2.77073e+10	3.49628e+10	1.28376e+11	3.11535e+08	1.60531e+09	8.42660e+11	6.70752e+07	1.46846e+06	2.65468e+08	8.08778e+09	5.77182e+10	1.33438e+10	3.75315e+09	6.50961e+08	1.36753e+09
1.20226e+14	2.42328e+16	1.20882e+11	5.06281e+11	2.45623e+10	3.54969e+10	1.20531e+11	2.64730e+08	1.72086e+09	7.90885e+11	5.32672e+07	1.12252e+06	2.60032e+08	8.10687e+09	5.51824e+10	1.22921e+10	3.25409e+09	6.91706e+08	1.37212e+09
1.20226e+14	2.30355e+16	1.19684e+11	4.78534e+11	2.17466e+10	3.60066e+10	1.12998e+11	2.24727e+08	1.84153e+09	7.40828e+11	4.21981e+07	8.56645e+05	2.54527e+08	8.12600e+09	5.27160e+10	1.13081e+10	2.81920e+09	7.33663e+08	1.37489e+09
1.20226e+14	2.18986e+16	1.18453e+11	4.52087e+11	1.92304e+10	3.64884e+10	1.05777e+11	1.90580e+08	1.96716e+09	6.92574e+11	3.33498e+07	6.52758e+05	2.48970e+08	8.14488e+09	5.03218e+10	1.03891e+10	2.44072e+09	7.76713e+08	1.37588e+09
1.20226e+14	2.08190e+16	1.17189e+11	4.26888e+11	1.69846e+10	3.69383e+10	9.88628e+10	1.61454e+08	2.09754e+09	6.46165e+11	2.62933e+07	4.96657e+05	2.43373e+08	8.16334e+09	4.79999e+10	9.53232e+09	2.11157e+09	8.20759e+08	1.37511e+09
1.20226e+14	1.97937e+16	1.15890e+11	4.02890e+11	1.49829e+10	3.73522e+10	9.22512e+10	1.36631e+08	2.23246e+09	6.01640e+11	2.06794e+07	3.77336e+05	2.37747e+08	8.18116e+09	4.57504e+10	8.73462e+09	1.82556e+09	8.65691e+08	1.37262e+09
1.20226e+14	1.88173e+16	1.14554e+11	3.79990e+11	1.31977e+10	3.77248e+10	8.59238e+10	1.15455e+08	2.37182e+09	5.58937e+11	1.62172e+07	2.86133e+05	2.32086e+08	8.19831e+09	4.35672e+10	7.99142e+09	1.57679e+09	9.11477e+08	1.36841e+09
1.20226e+14	1.78948e+16	1.13195e+11	3.58324e+11	1.16177e+10	3.80564e+10	7.99199e+10	9.75150e+07	2.51466e+09	5.18365e+11	1.26984e+07	2.16917e+05	2.26449e+08	8.21384e+09	4.14685e+10	7.30510e+09	1.36180e+09	9.57715e+08	1.36263e+09
1.20226e+14	1.70163e+16	1.11799e+11	3.37672e+11	1.02123e+10	3.83392e+10	7.41924e+10	8.22370e+07	2.66121e+09	4.79655e+11	9.91462e+06	1.64154e+05	2.20800e+08	8.22807e+09	3.94357e+10	6.66757e+09	1.17506e+09	1.00453e+09	1.35524e+09
1.20226e+14	1.61819e+16	1.10373e+11	3.18050e+11	8.96658e+09	3.85708e+10	6.87508e+10	6.92672e+07	2.81083e+09	4.42902e+11	7.72240e+06	0	2.15163e+08	8.24054e+09	3.74740e+10	6.07780e+09	1.01328e+09	1.05172e+09	1.34633e+09
1.20226e+14	1.53893e+16	1.08917e+11	2.99418e+11	7.86390e+09	3.87480e+10	6.35904e+10	5.82689e+07	2.96305e+09	4.08103e+11	6.00044e+06	0	2.09548e+08	8.25093e+09	3.55825e+10	5.53304e+09	8.73241e+08	1.09912e+09	1.33596e+09
1.20226e+14	1.46363e+16	1.07432e+11	2.81735e+11	6.88914e+09	3.88678e+10	5.87061e+10	4.89526e+07	3.11736e+09	3.75243e+11	4.65133e+06	0	2.03962e+08	8.25891e+09	3.37604e+10	5.03063e+09	7.52097e+08	1.14660e+09	1.32420e+09
1.20226e+14	1.39192e+16	1.05915e+11	2.64919e+11	6.02686e+09	3.89255e+10	5.40827e+10	4.10564e+07	3.27344e+09	3.44234e+11	3.59536e+06	0	1.98399e+08	8.26431e+09	3.20016e+10	4.56692e+09	6.47181e+08	1.19413e+09	1.31106e+09
1.20226e+14	1.32417e+16	1.04379e+11	2.49066e+11	5.26989e+09	3.89254e+10	4.97447e+10	3.44105e+07	3.43006e+09	3.15244e+11	2.77527e+06	0	1.92912e+08	8.26638e+09	3.03199e+10	4.14267e+09	5.56896e+08	1.24127e+09	1.29677e+09
1.20226e+14	1.25962e+16	1.02813e+11	2.34003e+11	4.60176e+09	3.88597e+10	4.56556e+10	2.87894e+07	3.58732e+09	2.88034e+11	2.13629e+06	0	1.87461e+08	8.26524e+09	2.86990e+10	3.75218e+09	4.78779e+08	1.28819e+09	1.28125e+09
1.20226e+14	1.19813e+16	1.01219e+11	2.19704e+11	4.01300e+09	3.87269e+10	4.18111e+10	2.40436e+07	3.74464e+09	2.62575e+11	1.63996e+06	0	1.82055e+08	8.26052e+09	2.71385e+10	3.39343e+09	4.11257e+08	1.33474e+09	1.26457e+09
1.20226e+14	1.13987e+16	9.96060e+10	2.06209e+11	3.49704e+09	3.85315e+10	3.82210e+10	2.00580e+07	3.90098e+09	2.38921e+11	1.25677e+06	0	1.76728e+08	8.25174e+09	2.56459e+10	3.06593e+09	3.53156e+08	1.38064e+09	1.24692e+09
1.20226e+14	1.08467e+16	9.79764e+10	1.93482e+11	3.04532e+09	3.82742e+10	3.48763e+10	1.67144e+07	4.05577e+09	2.17005e+11	9.61532e+05	0	1.71487e+08	8.23866e+09	2.42194e+10	2.76736e+09	3.03182e+08	1.42576e+09	1.22838e+09
1.20226e+14	1.03192e+16	9.63172e+10	1.81384e+11	2.64773e+09	3.79477e+10	3.17475e+10	1.38974e+07	4.20915e+09	1.96624e+11	7.33388e+05	0	1.66292e+08	8.22121e+09	2.28452e+10	2.49357e+09	2.59967e+08	1.47028e+09	1.20886e+09
1.20226e+14	9.81947e+15	9.46444e+10	1.69989e+11	2.30056e+09	3.75616e+10	2.88479e+10	1.15421e+07	4.35991e+09	1.77848e+11	5.58526e+05	0	1.61192e+08	8.19896e+09	2.15344e+10	2.24477e+09	2.22853e+08	1.51383e+09	1.18860e+09
1.20226e+14	9.34592e+15	9.29600e+10	1.59261e+11	1.99770e+09	3.71186e+10	2.61675e+10	9.57538e+06	4.50756e+09	1.60597e+11	4.24751e+05	0	1.56191e+08	8.17175e+09	2.02852e+10	2.01897e+09	1.90990e+08	1.55631e+09	1.16770e+09
1.20226e+14	8.89457e+15	9.12557e+10	1.49108e+11	1.73259e+09	3.66151e+10	2.36848e+10	7.92903e+06	4.65209e+09	1.44718e+11	3.22252e+05	0	1.51264e+08	8.13942e+09	1.90884e+10	1.81332e+09	1.63538e+08	1.59783e+09	1.14609e+09
1.20226e+14	8.46563e+15	8.95381e+10	1.39533e+11	1.50133e+09	3.60573e+10	2.13968e+10	6.55610e+06	4.79287e+09	1.30175e+11	2.44053e+05	0	1.46429e+08	8.10179e+09	1.79464e+10	1.62677e+09	1.39952e+08	1.63823e+09	1.12393e+09
1.20226e+14	8.05796e+15	8.78091e+10	1.30509e+11	1.29982e+09	3.54490e+10	1.92938e+10	5.41304e+06	4.92954e+09	1.16891e+11	1.84517e+05	0	1.41689e+08	8.05871e+09	1.68580e+10	1.45780e+09	1.19701e+08	1.67743e+09	1.10128e+09
1.20226e+14	7.67050e+15	8.60706e+10	1.22010e+11	1.12442e+09	3.47940e+10	1.73658e+10	4.46292e+06	5.06178e+09	1.04787e+11	1.39282e+05	0	1.37047e+08	8.01010e+09	1.58214e+10	1.30498e+09	1.02323e+08	1.71539e+09	1.07821e+09
1.20226e+14	7.30105e+15	8.43186e+10	1.13984e+11	9.71545e+08	3.40932e+10	1.55988e+10	3.67288e+06	5.18954e+09	9.37609e+10	1.04918e+05	0	1.32489e+08	7.95577e+09	1.48321e+10	1.16658e+09	8.73869e+07	1.75215e+09	1.05472e+09
1.20226e+14	6.95102e+15	8.25666e+10	1.06457e+11	8.39095e+08	3.33582e+10	1.39913e+10	3.01987e+06	5.31218e+09	8.37879e+10	7.89665e+04	0	1.28048e+08	7.89587e+09	1.38951e+10	1.04212e+09	7.46178e+07	1.78746e+09	1.03103e+09
1.20226e+14	6.61829e+15	8.08108e+10	9.93806e+10	7.24153e+08	3.25902e+10	1.25288e+10	2.47971e+06	5.42976e+09	7.47659e+10	5.93567e+04	0	1.23711e+08	7.83031e+09	1.30057e+10	9.30009e+08	6.36805e+07	1.82139e+09	1.00714e+09
1.20226e+14	6.30198e+15	7.90532e+10	9.27309e+10	6.24497e+08	3.17939e+10	1.12015e+10	2.03359e+06	5.54216e+09	6.66225e+10	4.45631e+04	0	1.19479e+08	7.75912e+09	1.21622e+10	8.29165e+08	5.43177e+07	1.85389e+09	9.83095e+08
1.20226e+14	6.00128e+15	7.72959e+10	8.64862e+10	5.38176e+08	3.09741e+10	9.99978e+09	1.66571e+06	5.64931e+09	5.92877e+10	0	0	1.15353e+08	7.68238e+09	1.13632e+10	7.38574e+08	4.63078e+07	1.88495e+09	9.58966e+08
1.20226e+14	5.71538e+15	7.55406e+10	8.06252e+10	4.63473e+08	3.01356e+10	8.91421e+09	1.36280e+06	5.75119e+09	5.26947e+10	0	0	1.11333e+08	7.60018e+09	1.06072e+10	6.57298e+08	3.94593e+07	1.91452e+09	9.34807e+08
1.20226e+14	5.44357e+15	7.37895e+10	7.51277e+10	3.98880e+08	2.92827e+10	7.93573e+09	1.11374e+06	5.84781e+09	4.67800e+10	0	0	1.07420e+08	7.51265e+09	9.89270e+09	5.84470e+08	3.36074e+07	1.94259e+09	9.10672e+08
1.20226e+14	5.18512e+15	7.20444e+10	6.99742e+10	3.43076e+08	2.84200e+10	7.05563e+09	9.09254e+05	5.93921e+09	4.14834e+10	0	0	1.03614e+08	7.41995e+09	9.21816e+09	5.19290e+08	2.86100e+07	1.96914e+09	8.86614e+08
1.20226e+14	4.93938e+15	7.03073e+10	6.51461e+10	2.94905e+08	2.75514e+10	6.26562e+09	7.41584e+05	6.02548e+09	3.67487e+10	0	0	9.99148e+07	7.32227e+09	8.58209e+09	4.61024e+08	2.43449e+07	1.99413e+09	8.62678e+08
1.20226e+14	4.70569e+15	6.85799e+10	6.06255e+10	2.53357e+08	2.66809e+10	5.55783e+09	6.04279e+05	6.10672e+09	3.25233e+10	0	0	9.63225e+07	7.21985e+09	7.98299e+09	4.08999e+08	2.07068e+07	2.01757e+09	8.38911e+08
1.20226e+14	4.48347e+15	6.68643e+10	5.63953e+10	2.17548e+08	2.58121e+10	4.92485e+09	4.91974e+05	6.18306e+09	2.87583e+10	0	0	9.28362e+07	7.11291e+09	7.41937e+09	3.62596e+08	1.76052e+07	2.03942e+09	8.15354e+08
1.20226e+14	4.27304e+15	6.51695e+10	5.24560e+10	1.86802e+08	2.49527e+10	4.36142e+09	4.00462e+05	6.25451e+09	2.54179e+10	0	0	8.94700e+07	7.00217e+09	6.89210e+09	3.21390e+08	1.49705e+07	2.05960e+09	7.92148e+08
1.20226e+14	4.07115e+15	6.34750e+10	4.87419e+10	1.60166e+08	2.40923e+10	3.85607e+09	3.25354e+05	6.32165e+09	2.24316e+10	0	0	8.61787e+07	6.88660e+09	6.39269e+09	2.84455e+08	1.27124e+07	2.07833e+09	7.69019e+08
1.20226e+14	3.88086e+15	6.18125e+10	4.53035e+10	1.37412e+08	2.32513e+10	3.40918e+09	2.64476e+05	6.38409e+09	1.97980e+10	0	0	8.30199e+07	6.76835e+09	5.92886e+09	2.51846e+08	1.08031e+07	2.09528e+09	7.46414e+08
1.20226e+14	3.69903e+15	6.01608e+10	4.20785e+10	1.17783e+08	2.24188e+10	3.01067e+09	2.14733e+05	6.44244e+09	1.74559e+10	0	0	7.99484e+07	6.64630e+09	5.49242e+09	2.22767e+08	9.17303e+06	2.11068e+09	7.24048e+08
1.20226e+14	3.52607e+15	5.85290e+10	3.90694e+10	1.00922e+08	2.16012e+10	2.65695e+09	1.74252e+05	6.49674e+09	1.53821e+10	0	0	7.69772e+07	6.52128e+09	5.08420e+09	1.96954e+08	7.78698e+06	2.12444e+09	7.02051e+08
1.20226e+14	3.36155e+15	5.69185e+10	3.62633e+10	8.64470e+07	2.08003e+10	2.34338e+09	1.41336e+05	6.54718e+09	1.35478e+10	0	0	7.41049e+07	6.39361e+09	4.70282e+09	1.74061e+08	6.60899e+06	2.13654e+09	6.80447e+08
1.20226e+14	3.20505e+15	5.53308e+10	3.36479e+10	7.40270e+07	2.00175e+10	2.06572e+09	1.14592e+05	6.59395e+09	1.19269e+10	0	0	7.13299e+07	6.26366e+09	4.34693e+09	1.53774e+08	5.60824e+06	2.14699e+09	6.59258e+08
1.20226e+14	3.05616e+15	5.37671e+10	3.12117e+10	6.33754e+07	1.92541e+10	1.82009e+09	9.28750e+04	6.63725e+09	1.04957e+10	0	0	6.86501e+07	6.13177e+09	4.01519e+09	1.35808e+08	4.75840e+06	2.15577e+09	6.38499e+08
1.20226e+14	2.91371e+15	5.22195e+10	2.89309e+10	5.42087e+07	1.85065e+10	1.60219e+09	7.51946e+04	6.67735e+09	9.22829e+09	0	0	6.60490e+07	5.99757e+09	3.70448e+09	1.19842e+08	4.03417e+06	2.16293e+09	6.18068e+08
1.20226e+14	2.77973e+15	5.07160e+10	2.68327e+10	4.64218e+07	1.77891e+10	1.41133e+09	6.09587e+04	6.71415e+09	8.11972e+09	0	0	6.35689e+07	5.86361e+09	3.41892e+09	1.05846e+08	3.42476e+06	2.16833e+09	5.98330e+08
1.20226e+14	2.65073e+15	4.92216e+10	2.48579e+10	3.96930e+07	1.70842e+10	1.24153e+09	4.93312e+04	6.74820e+09	7.13503e+09	0	0	6.11487e+07	5.72721e+09	3.15030e+09	9.33617e+07	2.90325e+06	2.17213e+09	5.78825e+08
1.20226e+14	2.52873e+15	4.77643e+10	2.30334e+10	3.39598e+07	1.64059e+10	1.09247e+09	3.99482e+04	6.77939e+09	6.27173e+09	0	0	5.88306e+07	5.59104e+09	2.90256e+09	8.23860e+07	2.46304e+06	2.17424e+09	5.59918e+08
1.20226e+14	2.41339e+15	4.63455e+10	2.13489e+10	2.90752e+07	1.57544e+10	9.61692e+08	3.23759e+04	6.80792e+09	5.51516e+09	0	0	5.66125e+07	5.45551e+09	2.67436e+09	7.27402e+07	2.09146e+06	2.17467e+09	5.41616e+08
1.20226e+14	2.30216e+15	4.49373e+10	1.97636e+10	2.48544e+07	1.51161e+10	8.45458e+08	2.61926e+04	6.83416e+09	4.84360e+09	0	0	5.44479e+07	5.31833e+09	2.46004e+09	6.41398e+07	1.77337e+06	2.17347e+09	5.23559e+08
1.20226e+14	2.19703e+15	4.35689e+10	1.83020e+10	2.12633e+07	1.45047e+10	7.43649e+08	2.12095e+04	6.85804e+09	4.25593e+09	0	0	5.23790e+07	5.18240e+09	2.26313e+09	5.65924e+07	1.50518e+06	2.17060e+09	5.06118e+08
1.20226e+14	2.09701e+15	4.22317e+10	1.69461e+10	1.81926e+07	1.39156e+10	6.54089e+08	1.71762e+04	6.87976e+09	3.73943e+09	0	0	5.03894e+07	5.04709e+09	2.08121e+09	4.99365e+07	1.27795e+06	2.16602e+09	4.89177e+08
1.20226e+14	2.00182e+15	4.09258e+10	1.56887e+10	1.55673e+07	1.33485e+10	5.75323e+08	1.39120e+04	6.89947e+09	3.28560e+09	0	0	4.84763e+07	4.91275e+09	1.91318e+09	4.40678e+07	1.08539e+06	2.15984e+09	4.72731e+08
1.20226e+14	1.91122e+15	3.96514e+10	1.45227e+10	1.33227e+07	1.28029e+10	5.06064e+08	1.12701e+04	6.91730e+09	2.88691e+09	0	0	4.66372e+07	4.77963e+09	1.75806e+09	3.88936e+07	9.22181e+05	2.15209e+09	4.56774e+08
1.20226e+14	1.82498e+15	3.84086e+10	1.34421e+10	1.14038e+07	1.22784e+10	4.45178e+08	9.13188e+03	6.93336e+09	2.53673e+09	0	0	4.48699e+07	4.64796e+09	1.61497e+09	3.43326e+07	7.83837e+05	2.14280e+09	4.41304e+08
1.20226e+14	1.74288e+15	3.71976e+10	1.24408e+10	9.76347e+06	1.17745e+10	3.91662e+08	7.40126e+03	6.94777e+09	2.22921e+09	0	0	4.31721e+07	4.51795e+09	1.48309e+09	3.03126e+07	6.66559e+05	2.13201e+09	4.26316e+08
1.20226e+14	1.66472e+15	3.60186e+10	1.15134e+10	8.36129e+06	1.12909e+10	3.44633e+08	6.00045e+03	6.96063e+09	1.95919e+09	0	0	4.15415e+07	4.38980e+09	1.36162e+09	2.67696e+07	5.67124e+05	2.11976e+09	4.11804e+08
1.20226e+14	1.59087e+15	3.48802e+10	1.06611e+10	7.16882e+06	1.08304e+10	3.03509e+08	4.87116e+03	6.97202e+09	1.72324e+09	0	0	3.99880e+07	4.26463e+09	1.25066e+09	2.36635e+07	4.83233e+05	2.10619e+09	3.97871e+08
1.20226e+14	1.52001e+15	3.37649e+10	9.86597e+09	6.14339e+06	1.03854e+10	2.67179e+08	3.95221e+03	6.98207e+09	1.51501e+09	0	0	3.84854e+07	4.14073e+09	1.14777e+09	2.09103e+07	4.11653e+05	2.09117e+09	3.84295e+08
1.20226e+14	1.45253e+15	3.26813e+10	9.13020e+09	5.26667e+06	9.95888e+09	2.35257e+08	3.20799e+03	6.99084e+09	1.33219e+09	0	0	3.70436e+07	4.01917e+09	1.05319e+09	1.84837e+07	3.50917e+05	2.07482e+09	3.71175e+08
1.20226e+14	1.38828e+15	3.16292e+10	8.44948e+09	4.51696e+06	9.55028e+09	2.07207e+08	2.60511e+03	6.99842e+09	1.17170e+09	0	0	3.56605e+07	3.90007e+09	9.66285e+08	1.63449e+07	2.99361e+05	2.05721e+09	3.58503e+08
1.20226e+14	1.32644e+15	3.05974e+10	7.81332e+09	3.87116e+06	9.15474e+09	1.82391e+08	2.11376e+03	7.00487e+09	1.02985e+09	0	0	3.43198e+07	3.78228e+09	8.85635e+08	1.44460e+07	2.55270e+05	2.03819e+09	3.46139e+08
1.20226e+14	1.26837e+15	2.96109e+10	7.23337e+09	3.32451e+06	8.78152e+09	1.60792e+08	1.71899e+03	7.01027e+09	9.06492e+08	0	0	3.30525e+07	3.66881e+09	8.12663e+08	1.27888e+07	2.18198e+05	2.01832e+09	3.34378e+08
1.20226e+14	1.21330e+15	2.86590e+10	6.69927e+09	2.85793e+06	8.42584e+09	1.41854e+08	1.39948e+03	7.01468e+09	7.98425e+08	0	0	3.18428e+07	3.55849e+09	7.46015e+08	1.13312e+07	1.86770e+05	1.99743e+09	3.23084e+08
1.20226e+14	1.16042e+15	2.77297e+10	6.20162e+09	2.45621e+06	8.08280e+09	1.25115e+08	0	7.01816e+09	7.03014e+08	0	0	3.06741e+07	3.45012e+09	6.84374e+08	1.00381e+07	1.59880e+05	1.97540e+09	3.12110e+08
1.20226e+14	1.10964e+15	2.68226e+10	5.73800e+09	2.11037e+06	7.75194e+09	1.10319e+08	0	7.02074e+09	6.18787e+08	0	0	2.95450e+07	3.34373e+09	6.27385e+08	8.89102e+06	1.36869e+05	1.95227e+09	3.01450e+08
1.20226e+14	1.06206e+15	2.59595e+10	5.31657e+09	1.81764e+06	7.44081e+09	9.74504e+07	0	7.02253e+09	5.45587e+08	0	0	2.84812e+07	3.24191e+09	5.76063e+08	7.89025e+06	1.17506e+05	1.92861e+09	2.91353e+08
1.20226e+14	1.01633e+15	2.51177e+10	4.92375e+09	1.56519e+06	7.14069e+09	8.60618e+07	0	7.02351e+09	4.80895e+08	0	0	2.74532e+07	3.14211e+09	5.28601e+08	7.00126e+06	1.00896e+05	1.90400e+09	2.81546e+08
1.20226e+14	9.72369e+14	2.42966e+10	4.55764e+09	1.34749e+06	6.85115e+09	7.59838e+07	0	7.02372e+09	4.23727e+08	0	0	2.64597e+07	3.04436e+09	4.84724e+08	6.21158e+06	8.66463e+04	1.87846e+09	2.72023e+08
1.20226e+14	9.30852e+14	2.35103e+10	4.22243e+09	1.16203e+06	6.57685e+09	6.71675e+07	0	7.02326e+09	3.73775e+08	0	0	2.55169e+07	2.95034e+09	4.44925e+08	5.51832e+06	7.45652e+04	1.85249e+09	2.62942e+08
1.20226e+14	8.91282e+14	2.27509e+10	3.91273e+09	1.00288e+06	6.31462e+09	5.94041e+07	0	7.02215e+09	3.29849e+08	0	0	2.46139e+07	2.85920e+09	4.08479e+08	4.90555e+06	6.42443e+04	1.82595e+09	2.54208e+08
1.20226e+14	8.53563e+14	2.20178e+10	3.62659e+09	8.66224e+05	6.06395e+09	5.25655e+07	0	7.02040e+09	2.91212e+08	0	0	2.37494e+07	2.77092e+09	3.75103e+08	4.36368e+06	5.54188e+04	1.79894e+09	2.45808e+08
1.20226e+14	8.17607e+14	2.13102e+10	3.36223e+09	7.48830e+05	5.82433e+09	4.65394e+07	0	7.01806e+09	2.57218e+08	0	0	2.29216e+07	2.68547e+09	3.44549e+08	3.88429e+06	4.78655e+04	1.77150e+09	2.37733e+08
1.20226e+14	7.83328e+14	2.06277e+10	3.11798e+09	6.47915e+05	5.59530e+09	4.12271e+07	0	7.01516e+09	2.27299e+08	0	0	2.21291e+07	2.60281e+09	3.16578e+08	3.45997e+06	4.13948e+04	1.74373e+09	2.29972e+08
1.20226e+14	7.50641e+14	1.99693e+10	2.89230e+09	5.61107e+05	5.37635e+09	3.65419e+07	0	7.01172e+09	2.00957e+08	0	0	2.13705e+07	2.52290e+09	2.90968e+08	3.08418e+06	3.58452e+04	1.71569e+09	2.22514e+08
1.20226e+14	7.19470e+14	1.93346e+10	2.68376e+09	4.86382e+05	5.16705e+09	3.24079e+07	0	7.00777e+09	1.77755e+08	0	0	2.06443e+07	2.44569e+09	2.67520e+08	2.75121e+06	3.10809e+04	1.68745e+09	2.15349e+08
1.20226e+14	6.89740e+14	1.87228e+10	2.49104e+09	4.22012e+05	4.96696e+09	2.87586e+07	0	7.00333e+09	1.57312e+08	0	0	1.99491e+07	2.37114e+09	2.46050e+08	2.45600e+06	2.69862e+04	1.65907e+09	2.08466e+08
1.20226e+14	6.61381e+14	1.81333e+10	2.31292e+09	3.66522e+05	4.77566e+09	2.55357e+07	0	6.99843e+09	1.39293e+08	0	0	1.92837e+07	2.29919e+09	2.26391e+08	2.19412e+06	2.34630e+04	1.63063e+09	2.01856e+08
1.20226e+14	6.34325e+14	1.75654e+10	2.14826e+09	3.18646e+05	4.59274e+09	2.26878e+07	0	6.99309e+09	1.23403e+08	0	0	1.86467e+07	2.22977e+09	2.08386e+08	1.96167e+06	2.04281e+04	1.60218e+09	1.95509e+08
1.20226e+14	6.08632e+14	1.70209e+10	1.99673e+09	2.77434e+05	4.41864e+09	2.01773e+07	0	6.98737e+09	1.09425e+08	0	0	1.80399e+07	2.16316e+09	1.91967e+08	1.75580e+06	1.78183e+04	1.57392e+09	1.89443e+08
1.20226e+14	5.83877e+14	1.64915e+10	1.85529e+09	2.41588e+05	4.25054e+09	1.79432e+07	0	6.98118e+09	9.70130e+07	0	0	1.74535e+07	2.09833e+09	1.76788e+08	1.57173e+06	1.55508e+04	1.54547e+09	1.83564e+08
1.20226e+14	5.60342e+14	1.59837e+10	1.72498e+09	2.10672e+05	4.09037e+09	1.59711e+07	0	6.97463e+09	8.60819e+07	0	0	1.68943e+07	2.03610e+09	1.62933e+08	1.40846e+06	1.35957e+04	1.51728e+09	1.77942e+08
1.20226e+14	5.38034e+14	1.54984e+10	1.60528e+09	1.84031e+05	3.93821e+09	1.42323e+07	0	6.96779e+09	7.64670e+07	0	0	1.63628e+07	1.97659e+09	1.50317e+08	1.26378e+06	1.19108e+04	1.48952e+09	1.72584e+08
1.20226e+14	5.16604e+14	1.50283e+10	1.49383e+09	1.60847e+05	3.79173e+09	1.26854e+07	0	6.96054e+09	6.79347e+07	0	0	1.58509e+07	1.91893e+09	1.38682e+08	1.13443e+06	1.04444e+04	1.46181e+09	1.67410e+08
1.20226e+14	4.96140e+14	1.45759e+10	1.39069e+09	1.40739e+05	3.65155e+09	1.13141e+07	0	6.95297e+09	6.03897e+07	0	0	1.53607e+07	1.86342e+09	1.28013e+08	1.01916e+06	9.17172e+03	1.43439e+09	1.62444e+08
1.20226e+14	4.76595e+14	1.41404e+10	1.29520e+09	1.23284e+05	3.51737e+09	1.00976e+07	0	6.94508e+09	5.37145e+07	0	0	1.48915e+07	1.80999e+09	1.18226e+08	9.16360e+05	8.06581e+03	1.40729e+09	1.57678e+08
1.20226e+14	4.57924e+14	1.37214e+10	1.20678e+09	1.08116e+05	3.38890e+09	9.01788e+06	0	6.93690e+09	4.78057e+07	0	0	1.44422e+07	1.75858e+09	1.09244e+08	8.24620e+05	7.10351e+03	1.38054e+09	1.53104e+08
1.20226e+14	4.40087e+14	1.33182e+10	1.12488e+09	9.49231e+04	3.26589e+09	8.05894e+06	0	6.92844e+09	4.25727e+07	0	0	1.40120e+07	1.70912e+09	1.00999e+08	7.42694e+05	6.26512e+03	1.35417e+09	1.48715e+08
1.20226e+14	4.23042e+14	1.29302e+10	1.04900e+09	8.34364e+04	3.14807e+09	7.20675e+06	0	6.91970e+09	3.79357e+07	0	0	1.36000e+07	1.66155e+09	9.34287e+07	6.69474e+05	5.53367e+03	1.32817e+09	1.44502e+08
1.20226e+14	4.06751e+14	1.25568e+10	9.78664e+08	7.34247e+04	3.03519e+09	6.44893e+06	0	6.91071e+09	3.38245e+07	0	0	1.32054e+07	1.61580e+09	8.64733e+07	6.03986e+05	4.89465e+03	1.30257e+09	1.40460e+08
1.20226e+14	3.91179e+14	1.21976e+10	9.13460e+08	6.46902e+04	2.92703e+09	5.77466e+06	0	6.90148e+09	3.01777e+07	0	0	1.28275e+07	1.57180e+09	8.00822e+07	5.45372e+05	4.33568e+03	1.27743e+09	1.36580e+08
1.20226e+14	3.76289e+14	1.18519e+10	8.52981e+08	5.70613e+04	2.82336e+09	5.17429e+06	0	6.89203e+09	2.69406e+07	0	0	1.24655e+07	1.52949e+09	7.42056e+07	4.92866e+05	3.84602e+03	1.25278e+09	1.32857e+08
1.20226e+14	3.62049e+14	1.15193e+10	7.96867e+08	5.03911e+04	2.72396e+09	4.63940e+06	0	6.88236e+09	2.40659e+07	0	0	1.21186e+07	1.48882e+09	6.87998e+07	4.45796e+05	3.41649e+03	1.22861e+09	1.29283e+08
1.20226e+14	3.48429e+14	1.11992e+10	7.44787e+08	4.45533e+04	2.62864e+09	4.16255e+06	0	6.87249e+09	2.15114e+07	0	0	1.17863e+07	1.44971e+09	6.38256e+07	4.03569e+05	3.03924e+03	1.20495e+09	1.25853e+08
1.20226e+14	3.35399e+14	1.08911e+10	6.96431e+08	3.94382e+04	2.53720e+09	3.73716e+06	0	6.86243e+09	1.92403e+07	0	0	1.14678e+07	1.41212e+09	5.92462e+07	3.65655e+05	2.70742e+03	1.18180e+09	1.22561e+08
1.20226e+14	3.22930e+14	1.05946e+10	6.51513e+08	3.49514e+04	2.44946e+09	3.35743e+06	0	6.85219e+09	1.72197e+07	0	0	1.11626e+07	1.37598e+09	5.50278e+07	3.31587e+05	2.41518e+03	1.15917e+09	1.19400e+08
1.20226e+14	3.10997e+14	1.03092e+10	6.09774e+08	3.10116e+04	2.36525e+09	3.01823e+06	0	6.84180e+09	1.54211e+07	0	0	1.08700e+07	1.34124e+09	5.11404e+07	3.00950e+05	2.15745e+03	1.13706e+09	1.16366e+08
1.20226e+14	2.99572e+14	1.00345e+10	5.70973e+08	2.75481e+04	2.28440e+09	2.71505e+06	0	6.83124e+09	1.38191e+07	0	0	1.05895e+07	1.30784e+09	4.75560e+07	2.73377e+05	1.92984e+03	1.11548e+09	1.13452e+08
1.20226e+14	2.88633e+14	9.77002e+09	5.34888e+08	2.45001e+04	2.20676e+09	2.44388e+06	0	6.82055e+09	1.23914e+07	0	0	1.03206e+07	1.27573e+09	4.42496e+07	2.48542e+05	1.72858e+03	1.09443e+09	1.10655e+08
1.20226e+14	2.78156e+14	9.51534e+09	5.01313e+08	2.18147e+04	2.13217e+09	2.20118e+06	0	6.80974e+09	1.11182e+07	0	0	1.00626e+07	1.24487e+09	4.11976e+07	2.26154e+05	1.55036e+03	1.07391e+09	1.07968e+08
1.20226e+14	2.68120e+14	9.27006e+09	4.70061e+08	1.94462e+04	2.06049e+09	1.98382e+06	0	6.79879e+09	9.98211e+06	0	0	9.81524e+06	1.21519e+09	3.83793e+07	2.05956e+05	1.39234e+03	1.05391e+09	1.05388e+08
1.20226e+14	2.58503e+14	9.03380e+09	4.40958e+08	1.73547e+04	1.99159e+09	1.78903e+06	0	6.78775e+09	8.96773e+06	0	0	9.57787e+06	1.18666e+09	3.57748e+07	1.87719e+05	1.25205e+03	1.03443e+09	1.02909e+08
1.20226e+14	2.49287e+14	8.80621e+09	4.13845e+08	1.55060e+04	1.92534e+09	1.61435e+06	0	6.77661e+09	8.06153e+06	0	0	9.35014e+06	1.15923e+09	3.33673e+07	1.71240e+05	1.12734e+03	1.01547e+09	1.00528e+08
1.20226e+14	2.40453e+14	8.58693e+09	3.88576e+08	1.38699e+04	1.86163e+09	1.45761e+06	0	6.76539e+09	7.25145e+06	0	0	9.13159e+06	1.13285e+09	3.11406e+07	1.56337e+05	1.01634e+03	9.97022e+08	9.82406e+07
1.20226e+14	2.31946e+14	8.37468e+09	3.64917e+08	1.24170e+04	1.80007e+09	1.31654e+06	0	6.75404e+09	6.52513e+06	0	0	8.92091e+06	1.10737e+09	2.90713e+07	1.42820e+05	9.17186e+02	9.79002e+08	9.60328e+07
1.20226e+14	2.23857e+14	8.17184e+09	3.43025e+08	1.11348e+04	1.74131e+09	1.19041e+06	0	6.74272e+09	5.87821e+06	0	0	8.72037e+06	1.08308e+09	2.71703e+07	1.30629e+05	8.29109e+02	9.61637e+08	9.39289e+07
1.20226e+14	2.16064e+14	7.97540e+09	3.22505e+08	9.99323e+03	1.68451e+09	1.07671e+06	0	6.73130e+09	5.29733e+06	0	0	8.52696e+06	1.05961e+09	2.54015e+07	1.19552e+05	7.50218e+02	9.44685e+08	9.18977e+07
1.20226e+14	2.08586e+14	7.78596e+09	3.03344e+08	8.97852e+03	1.62980e+09	9.74430e+05	0	6.71984e+09	4.77678e+06	0	0	8.34119e+06	1.03703e+09	2.37615e+07	1.09502e+05	6.79640e+02	9.28215e+08	8.99448e+07
1.20226e+14	2.01409e+14	7.60323e+09	2.85443e+08	8.07557e+03	1.57711e+09	8.82359e+05	0	6.70834e+09	4.31002e+06	0	0	8.16275e+06	1.01531e+09	2.22403e+07	1.00377e+05	6.16421e+02	9.12219e+08	8.80671e+07
1.20226e+14	1.94519e+14	7.42692e+09	2.68712e+08	7.27117e+03	1.52633e+09	7.99424e+05	0	6.69681e+09	3.89121e+06	0	0	7.99130e+06	9.94404e+08	2.08282e+07	9.20844e+04	5.59724e+02	8.96686e+08	8.62612e+07
1.20226e+14	1.87904e+14	7.25675e+09	2.53066e+08	6.55379e+03	1.47739e+09	7.24675e+05	0	6.68527e+09	3.51520e+06	0	0	7.82652e+06	9.74287e+08	1.95166e+07	8.45425e+04	5.08816e+02	8.81607e+08	8.45241e+07
1.20226e+14	1.81549e+14	7.09246e+09	2.38427e+08	5.91330e+03	1.43019e+09	6.57260e+05	0	6.67372e+09	3.17740e+06	0	0	7.66812e+06	9.54924e+08	1.82978e+07	7.76779e+04	4.63049e+02	8.66972e+08	8.28528e+07
1.20226e+14	1.75445e+14	6.93381e+09	2.24725e+08	5.34089e+03	1.38468e+09	5.96427e+05	0	6.66217e+09	2.87376e+06	0	0	7.51584e+06	9.36284e+08	1.71644e+07	7.14249e+04	4.21858e+02	8.52771e+08	8.12447e+07
1.20226e+14	1.69555e+14	6.77991e+09	2.11844e+08	4.82763e+03	1.34059e+09	5.41377e+05	0	6.65057e+09	2.60004e+06	0	0	7.36877e+06	9.18260e+08	1.61058e+07	6.57136e+04	3.84666e+02	8.38933e+08	7.96904e+07
1.20226e+14	1.63942e+14	6.63251e+09	1.99873e+08	4.37007e+03	1.29839e+09	4.91874e+05	0	6.63909e+09	2.35486e+06	0	0	7.22854e+06	9.01054e+08	1.51280e+07	6.05241e+04	3.51259e+02	8.25629e+08	7.82071e+07
1.20226e+14	1.58522e+14	6.48940e+09	1.88606e+08	3.95884e+03	1.25749e+09	4.47015e+05	0	6.62758e+09	2.13353e+06	0	0	7.09304e+06	8.84410e+08	1.42135e+07	5.57761e+04	3.21021e+02	8.12667e+08	7.67729e+07
1.20226e+14	1.53311e+14	6.35104e+09	1.78039e+08	3.58975e+03	1.21799e+09	4.06440e+05	0	6.61611e+09	1.93409e+06	0	0	6.96264e+06	8.68376e+08	1.33611e+07	5.14376e+04	2.93682e+02	8.00097e+08	7.53916e+07
1.20226e+14	1.48298e+14	6.21721e+09	1.68125e+08	3.25815e+03	1.17985e+09	3.69719e+05	0	6.60467e+09	1.75427e+06	0	0	6.83714e+06	8.52928e+08	1.25661e+07	4.74703e+04	2.68937e+02	7.87907e+08	7.40613e+07
1.20226e+14	1.43475e+14	6.08775e+09	1.58819e+08	2.95994e+03	1.14300e+09	3.36469e+05	0	6.59327e+09	1.59205e+06	0	0	6.71632e+06	8.38042e+08	1.18242e+07	4.38398e+04	2.46516e+02	7.76088e+08	7.27797e+07
1.20226e+14	1.38833e+14	5.96243e+09	1.50078e+08	2.69146e+03	1.10738e+09	3.06343e+05	0	6.58192e+09	1.44562e+06	0	0	6.59997e+06	8.23693e+08	1.11313e+07	4.05149e+04	2.26178e+02	7.64629e+08	7.15448e+07
1.20226e+14	1.34366e+14	5.84113e+09	1.41868e+08	2.44955e+03	1.07297e+09	2.79037e+05	0	6.57063e+09	1.31337e+06	0	0	6.48793e+06	8.09863e+08	1.04842e+07	3.74679e+04	2.07713e+02	7.53520e+08	7.03548e+07
1.20226e+14	1.30065e+14	5.72365e+09	1.34150e+08	2.23134e+03	1.03969e+09	2.54271e+05	0	6.55940e+09	1.19385e+06	0	0	6.37999e+06	7.96528e+08	9.87911e+06	3.46733e+04	1.90929e+02	7.42751e+08	6.92078e+07
1.20226e+14	1.25923e+14	5.60984e+09	1.26892e+08	2.03432e+03	1.00751e+09	2.31799e+05	0	6.54824e+09	1.08578e+06	0	0	6.27599e+06	7.83669e+08	9.31321e+06	3.21083e+04	1.75658e+02	7.32311e+08	6.81019e+07
1.20226e+14	1.21933e+14	5.49952e+09	1.20064e+08	1.85627e+03	9.76389e+08	2.11395e+05	0	6.53715e+09	9.88003e+05	0	0	6.17575e+06	7.71265e+08	8.78344e+06	2.97525e+04	1.61750e+02	7.22191e+08	6.70355e+07
1.20226e+14	1.18089e+14	5.39258e+09	1.13637e+08	1.69521e+03	9.46282e+08	1.92865e+05	0	6.52614e+09	8.99496e+05	0	0	6.07914e+06	7.59301e+08	8.28750e+06	2.75872e+04	1.49072e+02	7.12382e+08	6.60071e+07
1.20226e+14	1.14385e+14	5.28886e+09	1.07586e+08	1.54938e+03	9.17146e+08	1.76024e+05	0	6.51521e+09	8.19329e+05	0	0	5.98598e+06	7.47756e+08	7.82273e+06	2.55956e+04	1.37502e+02	7.02873e+08	6.50149e+07
1.20226e+14	1.10814e+14	5.18823e+09	1.01885e+08	1.41722e+03	8.88946e+08	1.60713e+05	0	6.50437e+09	7.46679e+05	0	0	5.89614e+06	7.36614e+08	7.38700e+06	2.37626e+04	1.26935e+02	6.93655e+08	6.40576e+07
1.20226e+14	1.07371e+14	5.09055e+09	9.65119e+07	1.29735e+03	8.61648e+08	1.46785e+05	0	6.49362e+09	6.80803e+05	0	0	5.80949e+06	7.25859e+08	6.97825e+06	2.20742e+04	1.17274e+02	6.84720e+08	6.31338e+07
1.20226e+14	1.04051e+14	4.99571e+09	9.14464e+07	1.18851e+03	8.35217e+08	1.34111e+05	0	6.48296e+09	6.21040e+05	0	0	5.72588e+06	7.15476e+08	6.59464e+06	2.05181e+04	1.08434e+02	6.76058e+08	6.22421e+07
1.20226e+14	1.00848e+14	4.90359e+09	8.66684e+07	1.08962e+03	8.09621e+08	1.22572e+05	0	6.47240e+09	5.66792e+05	0	0	5.64520e+06	7.05450e+08	6.23438e+06	1.90829e+04	1.00338e+02	6.67660e+08	6.13811e+07
1.20226e+14	9.77591e+13	4.81409e+09	8.21609e+07	9.99697e+02	7.84837e+08	1.12065e+05	0	6.46195e+09	5.17530e+05	0	0	5.56735e+06	6.95770e+08	5.89616e+06	1.77585e+04	0	6.59521e+08	6.05500e+07
1.20226e+14	9.47641e+13	4.72669e+09	7.78890e+07	9.17684e+02	7.60721e+08	1.02466e+05	0	6.45155e+09	4.72671e+05	0	0	5.49183e+06	6.86374e+08	5.57634e+06	1.65335e+04	0	6.51594e+08	5.97436e+07
1.20226e+14	9.18862e+13	4.64208e+09	7.38709e+07	8.43128e+02	7.37452e+08	9.37380e+04	0	6.44130e+09	4.31982e+05	0	0	5.41925e+06	6.77337e+08	5.27700e+06	1.54033e+04	0	6.43943e+08	5.89680e+07
1.20226e+14	8.91077e+13	4.55976e+09	7.00748e+07	7.75155e+02	7.14902e+08	8.57779e+04	0	6.43117e+09	3.94971e+05	0	0	5.34914e+06	6.68604e+08	4.99526e+06	1.43582e+04	0	6.36524e+08	5.82187e+07
1.20226e+14	8.64245e+13	4.47964e+09	6.64873e+07	7.13134e+02	6.93046e+08	7.85158e+04	0	6.42115e+09	3.61290e+05	0	0	5.28142e+06	6.60163e+08	4.72994e+06	1.33913e+04	0	6.29330e+08	5.74945e+07
1.20226e+14	8.38424e+13	4.40193e+09	6.31064e+07	0	6.71928e+08	7.18993e+04	0	6.41127e+09	3.30679e+05	0	0	5.21622e+06	6.52033e+08	4.48073e+06	1.24972e+04	0	6.22380e+08	5.67971e+07
1.20226e+14	8.13381e+13	4.32594e+09	5.98980e+07	0	6.51384e+08	6.58468e+04	0	6.40148e+09	3.02739e+05	0	0	5.15297e+06	6.44141e+08	4.24504e+06	1.16678e+04	0	6.15613e+08	5.61203e+07
1.20226e+14	7.89183e+13	4.25190e+09	5.68628e+07	0	6.31464e+08	6.03188e+04	0	6.39181e+09	2.77276e+05	0	0	5.09183e+06	6.36508e+08	4.02274e+06	1.08989e+04	0	6.09050e+08	5.54659e+07
1.20226e+14	7.65792e+13	4.17972e+09	5.39900e+07	0	6.12144e+08	5.52676e+04	0	6.38225e+09	2.54058e+05	0	0	5.03271e+06	6.29124e+08	3.81292e+06	1.01858e+04	0	6.02683e+08	5.48329e+07
1.20226e+14	7.43180e+13	4.10934e+09	5.12704e+07	0	5.93405e+08	5.06510e+04	0	6.37283e+09	2.32879e+05	0	0	4.97554e+06	6.21980e+08	3.61481e+06	9.52402e+03	0	5.96508e+08	5.42206e+07
1.20226e+14	7.21316e+13	4.04067e+09	4.86950e+07	0	5.75227e+08	4.64298e+04	0	6.36352e+09	2.13550e+05	0	0	4.92025e+06	6.15067e+08	3.42763e+06	8.90951e+03	0	5.90517e+08	5.36282e+07
1.20226e+14	7.00171e+13	3.97366e+09	4.62553e+07	0	5.57593e+08	4.25693e+04	0	6.35433e+09	1.95902e+05	0	0	4.86676e+06	6.08376e+08	3.25077e+06	8.33857e+03	0	5.84704e+08	5.30549e+07
1.20226e+14	6.79715e+13	3.90823e+09	4.39433e+07	0	5.40480e+08	3.90370e+04	0	6.34527e+09	1.79780e+05	0	0	4.81499e+06	6.01898e+08	3.08348e+06	7.80781e+03	0	5.79063e+08	5.25000e+07
1.20226e+14	6.59923e+13	3.84432e+09	4.17518e+07	0	5.23875e+08	3.58044e+04	0	6.33634e+09	1.65047e+05	0	0	4.76490e+06	5.95626e+08	2.92522e+06	7.31415e+03	0	5.73590e+08	5.19628e+07
1.20226e+14	6.40769e+13	3.78188e+09	3.96739e+07	0	5.07757e+08	3.28448e+04	0	6.32753e+09	1.51578e+05	0	0	4.71640e+06	5.89551e+08	2.77538e+06	6.85474e+03	0	5.68277e+08	5.14427e+07
1.20226e+14	6.22228e+13	3.72084e+09	3.77032e+07	0	4.92112e+08	3.01346e+04	0	6.31884e+09	1.39258e+05	0	0	4.66945e+06	5.83666e+08	2.63345e+06	6.42698e+03	0	5.63121e+08	5.09389e+07
1.20226e+14	6.04217e+13	3.66095e+09	3.58286e+07	0	4.76880e+08	2.76482e+04	0	6.31025e+09	1.27968e+05	0	0	4.62383e+06	5.77946e+08	2.49861e+06	6.02809e+03	0	5.58098e+08	5.04493e+07
1.20226e+14	5.86897e+13	3.60277e+09	3.40596e+07	0	4.62179e+08	2.53773e+04	0	6.30185e+09	1.17667e+05	0	0	4.57994e+06	5.72441e+08	2.37152e+06	5.65706e+03	0	5.53255e+08	4.99782e+07
1.20226e+14	5.70064e+13	3.54564e+09	3.23759e+07	0	4.47861e+08	2.32926e+04	0	6.29355e+09	1.08217e+05	0	0	4.53728e+06	5.67087e+08	2.25061e+06	5.31070e+03	0	5.48538e+08	4.95202e+07
1.20226e+14	5.53750e+13	3.48970e+09	3.07770e+07	0	4.33948e+08	2.13807e+04	0	6.28537e+09	9.95591e+04	0	0	4.49593e+06	5.61895e+08	2.13569e+06	4.98753e+03	0	5.43955e+08	4.90761e+07
1.20226e+14	5.37896e+13	3.43474e+09	2.92552e+07	0	4.20403e+08	1.96254e+04	0	6.27728e+09	9.16132e+04	0	0	4.45573e+06	5.56845e+08	2.02640e+06	4.68562e+03	0	5.39490e+08	4.86444e+07
1.20226e+14	5.22582e+13	3.38108e+09	2.78136e+07	0	4.07280e+08	1.80177e+04	0	6.26936e+09	8.43396e+04	0	0	4.41689e+06	5.51964e+08	1.92284e+06	4.40394e+03	0	5.35169e+08	4.82272e+07
1.20226e+14	5.07783e+13	3.32867e+09	2.64472e+07	0	3.94562e+08	1.65447e+04	0	6.26158e+09	7.76775e+04	0	0	4.37935e+06	5.47244e+08	1.82461e+06	4.14097e+03	0	5.30984e+08	4.78238e+07
1.20226e+14	4.93386e+13	3.27710e+09	2.51455e+07	0	3.82168e+08	1.51908e+04	0	6.25390e+09	7.15550e+04	0	0	4.34282e+06	5.42649e+08	1.73095e+06	3.89493e+03	0	5.26903e+08	4.74312e+07
1.20226e+14	4.79426e+13	3.22654e+09	2.39085e+07	0	3.70122e+08	1.39480e+04	0	6.24634e+09	6.59358e+04	0	0	4.30739e+06	5.38191e+08	1.64180e+06	3.66485e+03	0	5.22940e+08	4.70504e+07
1.20226e+14	4.65886e+13	3.17693e+09	2.27327e+07	0	3.58412e+08	1.28070e+04	0	6.23891e+09	6.07763e+04	0	0	4.27302e+06	5.33863e+08	1.55691e+06	3.44959e+03	0	5.19087e+08	4.66809e+07
1.20226e+14	4.52749e+13	3.12825e+09	2.16148e+07	0	3.47026e+08	1.17591e+04	0	6.23160e+09	5.60372e+04	0	0	4.23967e+06	5.29661e+08	1.47604e+06	3.24810e+03	0	5.15343e+08	4.63223e+07
1.20226e+14	4.40018e+13	3.08050e+09	2.05526e+07	0	3.35982e+08	1.07982e+04	0	6.22441e+09	5.16829e+04	0	0	4.20734e+06	5.25586e+08	1.39955e+06	3.05945e+03	0	5.11706e+08	4.59746e+07
1.20226e+14	4.27646e+13	3.03357e+09	1.95418e+07	0	3.25211e+08	9.91387e+03	0	6.21734e+09	4.76805e+04	0	0	4.17592e+06	5.21623e+08	1.32603e+06	2.88271e+03	0	5.08167e+08	4.56366e+07
1.20226e+14	4.15634e+13	2.98748e+09	1.85803e+07	0	3.14730e+08	9.10116e+03	0	6.21039e+09	4.40004e+04	0	0	4.14540e+06	5.17772e+08	1.25585e+06	2.71707e+03	0	5.04726e+08	4.53084e+07
1.20226e+14	4.03968e+13	2.94219e+09	1.76657e+07	0	3.04527e+08	8.35412e+03	0	6.20355e+09	4.06157e+04	0	0	4.11576e+06	5.14030e+08	1.18881e+06	2.56178e+03	0	5.01379e+08	4.49895e+07
1.20226e+14	3.92637e+13	2.89767e+09	1.67955e+07	0	2.94592e+08	7.66726e+03	0	6.19683e+09	3.75016e+04	0	0	4.08696e+06	5.10392e+08	1.12472e+06	2.41614e+03	0	4.98123e+08	4.46797e+07
1.20226e+14	3.81626e+13	2.85389e+09	1.59675e+07	0	2.84914e+08	7.03563e+03	0	6.19023e+09	3.46355e+04	0	0	4.05897e+06	5.06854e+08	1.06342e+06	2.27948e+03	0	4.94954e+08	4.43785e+07
1.20226e+14	3.70901e+13	2.81075e+09	1.51783e+07	0	2.75465e+08	6.45402e+03	0	6.18371e+09	3.19945e+04	0	0	4.03170e+06	5.03404e+08	1.00460e+06	2.15115e+03	0	4.91864e+08	4.40850e+07
1.20226e+14	3.60498e+13	2.76840e+09	1.44286e+07	0	2.66268e+08	5.91949e+03	0	6.17733e+09	2.95651e+04	0	0	4.00525e+06	5.00056e+08	9.48336e+05	2.03072e+03	0	4.88863e+08	4.38003e+07
1.20226e+14	3.50380e+13	2.72674e+09	1.37150e+07	0	2.57295e+08	5.42753e+03	0	6.17105e+09	2.73272e+04	0	0	3.97951e+06	4.96796e+08	8.94354e+05	1.91761e+03	0	4.85940e+08	4.35233e+07
1.20226e+14	3.40536e+13	2.68573e+09	1.30358e+07	0	2.48536e+08	4.97467e+03	0	6.16489e+09	2.52651e+04	0	0	3.95447e+06	4.93621e+08	8.42527e+05	1.81132e+03	0	4.83094e+08	4.32537e+07
1.20226e+14	3.30975e+13	2.64546e+09	1.23902e+07	0	2.39990e+08	4.55799e+03	0	6.15884e+09	2.33664e+04	0	0	3.93014e+06	4.90534e+08	7.92754e+05	1.71146e+03	0	4.80327e+08	4.29918e+07
1.20226e+14	3.21607e+13	2.60553e+09	1.17729e+07	0	2.31597e+08	4.17326e+03	0	6.15285e+09	2.16110e+04	0	0	3.90629e+06	4.87506e+08	7.44696e+05	1.61745e+03	0	4.77612e+08	4.27352e+07
1.20226e+14	3.12518e+13	2.56638e+09	1.11870e+07	0	2.23406e+08	3.81939e+03	0	6.14699e+09	1.99953e+04	0	0	3.88315e+06	4.84564e+08	6.98504e+05	1.52911e+03	0	4.74977e+08	4.24861e+07
1.20226e+14	3.03693e+13	2.52797e+09	1.06308e+07	0	2.15402e+08	3.49367e+03	0	6.14125e+09	1.85077e+04	0	0	3.86068e+06	4.81706e+08	6.54010e+05	1.44606e+03	0	4.72416e+08	4.22442e+07
1.20226e+14	2.95013e+13	2.48980e+09	1.00982e+07	0	2.07495e+08	3.19218e+03	0	6.13556e+09	1.71303e+04	0	0	3.83857e+06	4.78888e+08	6.10728e+05	1.36778e+03	0	4.69896e+08	4.20061e+07
1.20226e+14	2.86567e+13	2.45234e+09	9.59240e+06	0	1.99737e+08	2.91429e+03	0	6.12998e+09	1.58614e+04	0	0	3.81705e+06	4.76142e+08	5.68835e+05	1.29415e+03	0	4.67442e+08	4.17745e+07
1.20226e+14	2.78314e+13	2.41540e+09	9.11088e+06	0	1.92091e+08	2.65765e+03	0	6.12449e+09	1.46902e+04	0	0	3.79601e+06	4.73454e+08	5.28142e+05	1.22482e+03	0	4.65044e+08	4.15481e+07
1.20226e+14	2.70234e+13	2.37899e+09	8.65237e+06	0	1.84529e+08	2.42030e+03	0	6.11907e+09	1.36090e+04	0	0	3.77541e+06	4.70817e+08	4.88449e+05	1.15953e+03	0	4.62695e+08	4.13264e+07
1.20226e+14	2.62312e+13	2.34307e+09	8.21580e+06	0	1.77025e+08	2.20052e+03	0	6.11374e+09	1.26107e+04	0	0	3.75521e+06	4.68226e+08	4.49600e+05	1.09803e+03	0	4.60393e+08	4.11089e+07
1.20226e+14	2.54529e+13	2.30775e+09	7.80066e+06	0	1.69512e+08	1.99610e+03	0	6.10848e+09	1.16901e+04	0	0	3.73535e+06	4.65673e+08	4.11016e+05	1.04013e+03	0	4.58134e+08	4.08953e+07
1.20226e+14	2.46795e+13	2.27263e+09	7.40339e+06	0	1.61914e+08	1.80515e+03	0	6.10324e+09	1.08374e+04	0	0	3.71560e+06	4.63125e+08	3.72554e+05	9.85519e+02	0	4.55890e+08	4.06830e+07
1.20226e+14	2.39152e+13	2.23809e+09	7.02594e+06	0	1.54211e+08	1.62679e+03	0	6.09805e+09	1.00512e+04	0	0	3.69608e+06	4.60596e+08	3.34117e+05	9.34105e+02	0	4.53675e+08	4.04731e+07
1.20226e+14	2.31512e+13	2.20396e+09	6.66639e+06	0	1.46259e+08	1.45866e+03	0	6.09288e+09	9.32529e+03	0	0	3.67654e+06	4.58053e+08	2.95078e+05	8.85685e+02	0	4.51465e+08	4.02632e+07
1.20226e+14	2.23763e+13	2.17021e+09	6.32376e+06	0	1.37823e+08	1.29790e+03	0	6.08768e+09	8.65548e+03	0	0	3.65671e+06	4.55452e+08	2.54436e+05	8.40123e+02	0	4.49231e+08	4.00504e+07
1.20226e+14	1.62556e+13	2.02893e+09	4.87492e+06	0	4.02891e+07	3.46181e+02	0	6.06673e+09	7.86799e+03	0	0	3.49944e+06	4.30236e+08	1.03174e+03	8.02628e+02	0	4.31558e+08	3.83873e+07
1.20227e+14	1.55599e+13	1.98507e+09	4.56794e+06	0	3.64232e+07	2.99985e+02	0	6.06261e+09	7.24772e+03	0	0	3.48168e+06	4.27433e+08	7.73043e+02	7.61117e+02	0	4.29392e+08	3.81978e+07
1.20226e+14	1.49464e+13	1.94377e+09	4.29613e+06	0	3.34034e+07	2.63623e+02	0	6.05867e+09	6.68155e+03	0	0	3.46598e+06	4.24965e+08	6.37686e+02	7.21972e+02	0	4.27476e+08	3.80304e+07
1.20226e+14	1.43850e+13	1.90402e+09	4.04862e+06	0	3.08747e+07	2.33485e+02	0	6.05489e+09	6.16213e+03	0	0	3.45161e+06	4.22700e+08	5.54123e+02	6.85005e+02	0	4.25722e+08	3.78771e+07
1.20226e+14	1.38606e+13	1.86527e+09	3.81978e+06	0	2.86818e+07	2.07857e+02	0	6.05123e+09	5.68383e+03	0	0	3.43817e+06	4.20571e+08	4.96835e+02	6.50047e+02	0	4.24082e+08	3.77338e+07
1.20226e+14	1.33682e+13	1.82747e+09	3.60744e+06	0	2.67438e+07	1.85762e+02	0	6.04771e+09	5.24383e+03	0	0	3.42553e+06	4.18558e+08	4.54439e+02	6.16995e+02	0	4.22542e+08	3.75992e+07
1.20226e+14	1.29014e+13	1.79034e+09	3.40893e+06	0	2.50054e+07	1.66506e+02	0	6.04430e+09	4.83802e+03	0	0	3.41354e+06	4.16632e+08	4.21072e+02	5.85711e+02	0	4.21082e+08	3.74715e+07
1.20226e+14	1.24582e+13	1.75393e+09	3.22324e+06	0	2.34334e+07	1.49621e+02	0	6.04099e+09	4.46406e+03	0	0	3.40215e+06	4.14786e+08	3.93535e+02	5.56105e+02	0	4.19695e+08	3.73502e+07
1.20226e+14	1.20333e+13	1.71789e+09	3.04813e+06	0	2.19968e+07	1.34706e+02	0	6.03778e+09	4.11818e+03	0	0	3.39121e+06	4.12995e+08	3.69919e+02	5.28043e+02	0	4.18366e+08	3.72340e+07
1.20226e+14	1.16254e+13	1.68224e+09	2.88292e+06	0	2.06782e+07	1.21486e+02	0	6.03465e+09	3.79841e+03	0	0	3.38070e+06	4.11254e+08	3.49075e+02	5.01445e+02	0	4.17089e+08	3.71224e+07
1.20226e+14	1.12355e+13	1.64716e+09	2.72753e+06	0	1.94653e+07	1.09743e+02	0	6.03162e+09	3.50349e+03	0	0	3.37064e+06	4.09569e+08	3.30303e+02	4.76249e+02	0	4.15870e+08	3.70157e+07
1.20226e+14	1.08627e+13	1.61266e+09	2.58124e+06	0	1.83451e+07	9.92799e+01	0	6.02868e+09	3.23156e+03	0	0	3.36101e+06	4.07938e+08	3.13134e+02	4.52375e+02	0	4.14704e+08	3.69137e+07
1.20226e+14	1.05024e+13	1.57839e+09	2.44245e+06	0	1.73035e+07	8.99156e+01	0	6.02581e+09	2.97976e+03	0	0	3.35170e+06	4.06336e+08	2.97219e+02	4.29720e+02	0	4.13577e+08	3.68151e+07
1.20226e+14	1.01566e+13	1.54462e+09	2.31151e+06	0	1.63360e+07	8.15339e+01	0	6.02304e+09	2.74743e+03	0	0	3.34274e+06	4.04776e+08	2.82368e+02	4.08242e+02	0	4.12496e+08	3.67206e+07
1.20226e+14	9.82363e+12	1.51127e+09	2.18765e+06	0	1.54340e+07	7.40123e+01	0	6.02034e+09	2.53283e+03	0	0	3.33411e+06	4.03249e+08	2.68429e+02	3.87867e+02	0	4.11456e+08	3.66295e+07
1.20226e+14	9.50360e+12	1.47841e+09	2.07064e+06	0	1.45923e+07	6.72548e+01	0	6.01773e+09	2.33481e+03	0	0	3.32581e+06	4.01757e+08	2.55299e+02	3.68542e+02	0	4.10456e+08	3.65421e+07
1.20226e+14	9.19442e+12	1.44587e+09	1.95964e+06	0	1.38037e+07	6.11674e+01	0	6.01519e+09	2.15174e+03	0	0	3.31777e+06	4.00288e+08	2.42889e+02	3.50198e+02	0	4.09491e+08	3.64576e+07
1.20226e+14	8.89567e+12	1.41368e+09	1.85433e+06	0	1.30640e+07	5.56772e+01	0	6.01271e+09	1.98254e+03	0	0	3.30999e+06	3.98841e+08	2.31138e+02	3.32781e+02	0	4.08559e+08	3.63760e+07
1.20226e+14	8.60883e+12	1.38204e+09	1.75490e+06	0	1.23707e+07	5.07260e+01	0	6.01032e+09	1.82665e+03	0	0	3.30251e+06	3.97426e+08	2.20006e+02	3.16259e+02	0	4.07664e+08	3.62977e+07
1.20226e+14	8.33151e+12	1.35075e+09	1.66049e+06	0	1.17185e+07	4.62492e+01	0	6.00799e+09	1.68263e+03	0	0	3.29526e+06	3.96028e+08	2.09441e+02	3.00568e+02	0	4.06799e+08	3.62220e+07
1.20226e+14	8.06341e+12	1.31983e+09	1.57087e+06	0	1.11043e+07	4.21974e+01	0	6.00572e+09	1.54963e+03	0	0	3.28825e+06	3.94647e+08	1.99408e+02	2.85665e+02	0	4.05964e+08	3.61489e+07
1.20226e+14	7.80507e+12	1.28937e+09	1.48602e+06	0	1.05262e+07	3.85804e+01	0	6.00352e+09	1.42575e+03	0	0	3.28147e+06	3.93287e+08	1.89879e+02	2.71517e+02	0	4.05159e+08	3.60785e+07
1.20226e+14	7.55549e+12	1.25931e+09	1.40553e+06	0	9.98128e+06	3.53542e+01	0	6.00138e+09	1.31056e+03	0	0	3.27491e+06	3.91942e+08	1.80824e+02	2.58078e+02	0	4.04382e+08	3.60106e+07
1.20226e+14	7.31462e+12	1.22969e+09	1.32918e+06	0	9.46683e+06	3.24184e+01	0	5.99931e+09	1.20491e+03	0	0	3.26857e+06	3.90614e+08	1.72216e+02	2.45314e+02	0	4.03633e+08	3.59450e+07
1.20226e+14	7.08239e+12	1.20055e+09	1.25681e+06	0	8.98119e+06	2.97462e+01	0	5.99730e+09	1.10801e+03	0	0	3.26244e+06	3.89302e+08	1.64033e+02	2.33191e+02	0	4.02911e+08	3.58819e+07
1.20226e+14	6.85786e+12	1.17180e+09	1.18807e+06	0	8.52165e+06	2.73098e+01	0	5.99534e+09	1.01904e+03	0	0	3.25650e+06	3.88001e+08	1.56249e+02	2.21673e+02	0	4.02214e+08	3.58209e+07
