      1.00000   5.2007472e-06
      2.00000   5.1995435e-06
      3.00000   5.2298983e-06
      4.00000   5.2887422e-06
      5.00000   5.3606159e-06
      6.00000   5.4268330e-06
      7.00000   5.4889952e-06
      8.00000   5.5611895e-06
      9.00000   5.6509698e-06
      10.0000   5.7572520e-06
      11.0000   5.8737019e-06
      12.0000   5.9868676e-06
      13.0000   6.0835209e-06
      14.0000   6.1613614e-06
      15.0000   6.2261324e-06
      16.0000   6.2865215e-06
      17.0000   6.3462771e-06
      18.0000   6.4006340e-06
      19.0000   6.4406895e-06
      20.0000   6.4650544e-06
      21.0000   6.4874253e-06
      22.0000   6.5262661e-06
      23.0000   6.6039584e-06
      24.0000   6.7414949e-06
      25.0000   6.9353350e-06
      26.0000   7.1558943e-06
      27.0000   7.3756337e-06
      28.0000   7.5828348e-06
      29.0000   7.7701206e-06
      30.0000   7.9288657e-06
      31.0000   8.0600730e-06
      32.0000   8.1710878e-06
      33.0000   8.2564966e-06
      34.0000   8.3042160e-06
      35.0000   8.3232226e-06
      36.0000   8.3397854e-06
      37.0000   8.3760524e-06
      38.0000   8.4503445e-06
      39.0000   8.5761412e-06
      40.0000   8.7509534e-06
      41.0000   8.9645955e-06
      42.0000   9.2198388e-06
      43.0000   9.5297055e-06
      44.0000   9.8938472e-06
      45.0000   1.0288435e-05
      46.0000   1.0683670e-05
      47.0000   1.1060366e-05
      48.0000   1.1402168e-05
      49.0000   1.1685596e-05
      50.0000   1.1891419e-05
      51.0000   1.2031370e-05
      52.0000   1.2146073e-05
      53.0000   1.2256746e-05
      54.0000   1.2349605e-05
      55.0000   1.2414705e-05
      56.0000   1.2475954e-05
      57.0000   1.2570888e-05
      58.0000   1.2731833e-05
      59.0000   1.2985175e-05
      60.0000   1.3343764e-05
      61.0000   1.3796318e-05
      62.0000   1.4326170e-05
      63.0000   1.4940753e-05
      64.0000   1.5640822e-05
      65.0000   1.6378801e-05
      66.0000   1.7088560e-05
      67.0000   1.7741673e-05
      68.0000   1.8354314e-05
      69.0000   1.8949366e-05
      70.0000   1.9540006e-05
      71.0000   2.0133843e-05
      72.0000   2.0716787e-05
      73.0000   2.1272266e-05
      74.0000   2.1826616e-05
      75.0000   2.2447748e-05
      76.0000   2.3184573e-05
      77.0000   2.4042434e-05
      78.0000   2.4979068e-05
      79.0000   2.5884185e-05
      80.0000   2.6659513e-05
      81.0000   2.7363940e-05
      82.0000   2.8200699e-05
      83.0000   2.9338418e-05
      84.0000   3.0787964e-05
      85.0000   3.2409738e-05
      86.0000   3.3992841e-05
      87.0000   3.5372977e-05
      88.0000   3.6510632e-05
      89.0000   3.7456179e-05
      90.0000   3.8272461e-05
      91.0000   3.9029710e-05
      92.0000   3.9835097e-05
      93.0000   4.0765386e-05
      94.0000   4.1802417e-05
      95.0000   4.2933825e-05
      96.0000   4.4293392e-05
      97.0000   4.6138692e-05
      98.0000   4.8720325e-05
      99.0000   5.2193718e-05
      100.000   5.6557958e-05
      101.000   6.1681887e-05
      102.000   6.7334578e-05
      103.000   7.3260548e-05
      104.000   7.9403842e-05
      105.000   8.6073189e-05
      106.000   9.3714712e-05
      107.000   0.00010260551
      108.000   0.00011277963
      109.000   0.00012409101
      110.000   0.00013635850
      111.000   0.00014950009
      112.000   0.00016341712
      113.000   0.00017807675
      114.000   0.00019382282
      115.000   0.00021130296
      116.000   0.00023127029
      117.000   0.00025423639
      118.000   0.00027999279
      119.000   0.00030794425
      120.000   0.00033798936
      121.000   0.00037082742
      122.000   0.00040721471
      123.000   0.00044753958
      124.000   0.00049268961
      125.000   0.00054402149
      126.000   0.00060178002
      127.000   0.00066505966
      128.000   0.00073289534
      129.000   0.00080308475
      130.000   0.00087081455
      131.000   0.00093134324
      132.000   0.00098401820
      133.000    0.0010333707
      134.000    0.0010860264
      135.000    0.0011485440
      136.000    0.0012291160
      137.000    0.0013397417
      138.000    0.0014928135
      139.000    0.0016961270
      140.000    0.0019517039
      141.000    0.0022574035
      142.000    0.0026114965
      143.000    0.0030184130
      144.000    0.0034799518
      145.000    0.0039804452
      146.000    0.0044978666
      147.000    0.0050273999
      148.000    0.0055895969
      149.000    0.0062480876
      150.000    0.0071675237
      151.000    0.0086071426
      152.000     0.010767295
      153.000     0.013738518
      154.000     0.017746333
      155.000     0.023450119
      156.000     0.031828325
      157.000     0.043669555
      158.000     0.058901373
      159.000     0.075571381
      160.000     0.089195780
      161.000     0.094591871
      162.000     0.089986034
      163.000     0.078205839
      164.000     0.063420102
      165.000     0.048835829
      166.000     0.036348291
      167.000     0.026656793
      168.000     0.019604567
      169.000     0.014644573
      170.000     0.011212585
      171.000    0.0088737980
      172.000    0.0073230234
      173.000    0.0063379714
      174.000    0.0057188398
      175.000    0.0052732215
      176.000    0.0048528812
      177.000    0.0043811467
      178.000    0.0038570971
      179.000    0.0033236600
      180.000    0.0028301617
      181.000    0.0024106025
      182.000    0.0020711932
      183.000    0.0018012091
      184.000    0.0015897016
      185.000    0.0014283898
      186.000    0.0013031859
      187.000    0.0011914343
      188.000    0.0010715374
      189.000   0.00093706552
      190.000   0.00079914706
      191.000   0.00067438843
      192.000   0.00057312450
      193.000   0.00049728848
      194.000   0.00044312299
      195.000   0.00040332112
      196.000   0.00037015852
      197.000   0.00033846567
      198.000   0.00030608347
      199.000   0.00027341806
      200.000   0.00024269725
      201.000   0.00021631486
      202.000   0.00019526242
      203.000   0.00017899416
      204.000   0.00016615189
      205.000   0.00015557099
      206.000   0.00014664915
      207.000   0.00013880442
      208.000   0.00013118408
      209.000   0.00012320132
      210.000   0.00011486313
      211.000   0.00010648485
      212.000   9.8308759e-05
      213.000   9.0560650e-05
      214.000   8.3567516e-05
      215.000   7.7465527e-05
      216.000   7.2086339e-05
      217.000   6.7190442e-05
      218.000   6.2653657e-05
      219.000   5.8407102e-05
      220.000   5.4453260e-05
      221.000   5.0897797e-05
      222.000   4.7857437e-05
      223.000   4.5363864e-05
      224.000   4.3327105e-05
      225.000   4.1569801e-05
      226.000   3.9945728e-05
      227.000   3.8456557e-05
      228.000   3.7230464e-05
      229.000   3.6345529e-05
      230.000   3.5703179e-05
      231.000   3.5097288e-05
      232.000   3.4338311e-05
      233.000   3.3307046e-05
      234.000   3.1999101e-05
      235.000   3.0541072e-05
      236.000   2.9057677e-05
      237.000   2.7605240e-05
      238.000   2.6230897e-05
      239.000   2.5025383e-05
      240.000   2.4072988e-05
      241.000   2.3361901e-05
      242.000   2.2791261e-05
      243.000   2.2249269e-05
      244.000   2.1688769e-05
      245.000   2.1121088e-05
      246.000   2.0571071e-05
      247.000   2.0056435e-05
      248.000   1.9587409e-05
      249.000   1.9159816e-05
      250.000   1.8770101e-05
      251.000   1.8406126e-05
      252.000   1.8029656e-05
      253.000   1.7585697e-05
      254.000   1.7038374e-05
      255.000   1.6386361e-05
      256.000   1.5644891e-05
      257.000   1.4840498e-05
      258.000   1.4013482e-05
      259.000   1.3212260e-05
      260.000   1.2475130e-05
      261.000   1.1830038e-05
      262.000   1.1312811e-05
      263.000   1.0952904e-05
      264.000   1.0756349e-05
      265.000   1.0699914e-05
      266.000   1.0730088e-05
      267.000   1.0785351e-05
      268.000   1.0831822e-05
      269.000   1.0868647e-05
      270.000   1.0901217e-05
      271.000   1.0917398e-05
      272.000   1.0890012e-05
      273.000   1.0797819e-05
      274.000   1.0630664e-05
      275.000   1.0382885e-05
      276.000   1.0062890e-05
      277.000   9.6977355e-06
      278.000   9.3163853e-06
      279.000   8.9365321e-06
      280.000   8.5793499e-06
      281.000   8.2718134e-06
      282.000   8.0299578e-06
      283.000   7.8546327e-06
      284.000   7.7348404e-06
      285.000   7.6586357e-06
      286.000   7.6219453e-06
      287.000   7.6168485e-06
      288.000   7.6239126e-06
      289.000   7.6258175e-06
      290.000   7.6132233e-06
      291.000   7.5773582e-06
      292.000   7.5092589e-06
      293.000   7.4082691e-06
      294.000   7.2828552e-06
      295.000   7.1385366e-06
      296.000   6.9711391e-06
      297.000   6.7826095e-06
      298.000   6.5884706e-06
      299.000   6.4062492e-06
      300.000   6.2468971e-06
      301.000   6.1145511e-06
      302.000   6.0122438e-06
      303.000   5.9402264e-06
      304.000   5.8929550e-06
      305.000   5.8623482e-06
      306.000   5.8434430e-06
      307.000   5.8401865e-06
      308.000   5.8564674e-06
      309.000   5.8832961e-06
      310.000   5.9008748e-06
      311.000   5.8925725e-06
      312.000   5.8538799e-06
      313.000   5.7926190e-06
      314.000   5.7252237e-06
      315.000   5.6629005e-06
      316.000   5.5987930e-06
      317.000   5.5233768e-06
      318.000   5.4397724e-06
      319.000   5.3625154e-06
      320.000   5.2932342e-06
      321.000       0.0000000
