      1.00000       0.0000000
      2.00000   6.4726987e-06
      3.00000   6.6436050e-06
      4.00000   6.7800424e-06
      5.00000   6.9114458e-06
      6.00000   7.0208421e-06
      7.00000   7.1130194e-06
      8.00000   7.1912300e-06
      9.00000   7.2545499e-06
      10.0000   7.2962207e-06
      11.0000   7.3152514e-06
      12.0000   7.3182487e-06
      13.0000   7.3185447e-06
      14.0000   7.3357351e-06
      15.0000   7.3809115e-06
      16.0000   7.4526715e-06
      17.0000   7.5578819e-06
      18.0000   7.7174227e-06
      19.0000   7.9421006e-06
      20.0000   8.2246615e-06
      21.0000   8.5494412e-06
      22.0000   8.8983052e-06
      23.0000   9.2572027e-06
      24.0000   9.6103886e-06
      25.0000   9.9291519e-06
      26.0000   1.0182926e-05
      27.0000   1.0352098e-05
      28.0000   1.0435466e-05
      29.0000   1.0455883e-05
      30.0000   1.0446237e-05
      31.0000   1.0428210e-05
      32.0000   1.0407313e-05
      33.0000   1.0381221e-05
      34.0000   1.0349618e-05
      35.0000   1.0324412e-05
      36.0000   1.0333530e-05
      37.0000   1.0402694e-05
      38.0000   1.0535343e-05
      39.0000   1.0726412e-05
      40.0000   1.0982561e-05
      41.0000   1.1314192e-05
      42.0000   1.1720037e-05
      43.0000   1.2183013e-05
      44.0000   1.2671201e-05
      45.0000   1.3147198e-05
      46.0000   1.3586715e-05
      47.0000   1.3982151e-05
      48.0000   1.4336338e-05
      49.0000   1.4673762e-05
      50.0000   1.5016974e-05
      51.0000   1.5352018e-05
      52.0000   1.5648617e-05
      53.0000   1.5894166e-05
      54.0000   1.6113047e-05
      55.0000   1.6349881e-05
      56.0000   1.6627211e-05
      57.0000   1.6941784e-05
      58.0000   1.7293503e-05
      59.0000   1.7699702e-05
      60.0000   1.8167766e-05
      61.0000   1.8658866e-05
      62.0000   1.9111194e-05
      63.0000   1.9495099e-05
      64.0000   1.9838575e-05
      65.0000   2.0221953e-05
      66.0000   2.0754675e-05
      67.0000   2.1521028e-05
      68.0000   2.2502201e-05
      69.0000   2.3572504e-05
      70.0000   2.4591123e-05
      71.0000   2.5467820e-05
      72.0000   2.6189617e-05
      73.0000   2.6805799e-05
      74.0000   2.7365944e-05
      75.0000   2.7871265e-05
      76.0000   2.8283892e-05
      77.0000   2.8588503e-05
      78.0000   2.8830955e-05
      79.0000   2.9096987e-05
      80.0000   2.9473258e-05
      81.0000   3.0020878e-05
      82.0000   3.0743045e-05
      83.0000   3.1593703e-05
      84.0000   3.2541069e-05
      85.0000   3.3598706e-05
      86.0000   3.4768378e-05
      87.0000   3.6031706e-05
      88.0000   3.7435813e-05
      89.0000   3.9113576e-05
      90.0000   4.1220701e-05
      91.0000   4.3843120e-05
      92.0000   4.6971210e-05
      93.0000   5.0549868e-05
      94.0000   5.4513715e-05
      95.0000   5.8829701e-05
      96.0000   6.3553154e-05
      97.0000   6.8783556e-05
      98.0000   7.4507894e-05
      99.0000   8.0548394e-05
      100.000   8.6682870e-05
      101.000   9.2880422e-05
      102.000   9.9395926e-05
      103.000   0.00010657759
      104.000   0.00011453499
      105.000   0.00012304254
      106.000   0.00013190314
      107.000   0.00014135988
      108.000   0.00015214705
      109.000   0.00016510981
      110.000   0.00018079406
      111.000   0.00019926872
      112.000   0.00022027404
      113.000   0.00024380091
      114.000   0.00027027776
      115.000   0.00030012440
      116.000   0.00033345717
      117.000   0.00036929277
      118.000   0.00040496365
      119.000   0.00043723840
      120.000   0.00046402003
      121.000   0.00048558938
      122.000   0.00050475408
      123.000   0.00052526552
      124.000   0.00054918049
      125.000   0.00057622994
      126.000   0.00060642842
      127.000   0.00064257422
      128.000   0.00068966683
      129.000   0.00075172720
      130.000   0.00082929159
      131.000   0.00092201604
      132.000    0.0010311006
      133.000    0.0011563493
      134.000    0.0012932362
      135.000    0.0014364586
      136.000    0.0015885968
      137.000    0.0017573866
      138.000    0.0019397479
      139.000    0.0021185004
      140.000    0.0022788411
      141.000    0.0024229682
      142.000    0.0025705046
      143.000    0.0027531884
      144.000    0.0030072564
      145.000    0.0033472613
      146.000    0.0037537913
      147.000    0.0042253248
      148.000    0.0048327586
      149.000    0.0056714155
      150.000    0.0067664278
      151.000    0.0081042591
      152.000    0.0097965952
      153.000     0.012199905
      154.000     0.015888680
      155.000     0.021519201
      156.000     0.029601583
      157.000     0.040469635
      158.000     0.054528117
      159.000     0.071507305
      160.000     0.088400789
      161.000     0.099070899
      162.000     0.098110475
      163.000     0.085925579
      164.000     0.068160415
      165.000     0.050661303
      166.000     0.036536355
      167.000     0.026306357
      168.000     0.019235706
      169.000     0.014396712
      170.000     0.011060421
      171.000    0.0087102642
      172.000    0.0070211943
      173.000    0.0058064098
      174.000    0.0049369135
      175.000    0.0043110610
      176.000    0.0038475518
      177.000    0.0034817415
      178.000    0.0031739066
      179.000    0.0029063232
      180.000    0.0026682054
      181.000    0.0024448424
      182.000    0.0022190898
      183.000    0.0019815918
      184.000    0.0017376993
      185.000    0.0015061917
      186.000    0.0013091530
      187.000    0.0011551130
      188.000    0.0010343622
      189.000   0.00092978781
      190.000   0.00082926545
      191.000   0.00072980276
      192.000   0.00063579588
      193.000   0.00055356976
      194.000   0.00048632774
      195.000   0.00043318665
      196.000   0.00039078094
      197.000   0.00035546583
      198.000   0.00032456993
      199.000   0.00029645275
      200.000   0.00027022790
      201.000   0.00024555344
      202.000   0.00022219890
      203.000   0.00019994515
      204.000   0.00017907182
      205.000   0.00016020575
      206.000   0.00014386571
      207.000   0.00013028437
      208.000   0.00011934301
      209.000   0.00011069682
      210.000   0.00010387131
      211.000   9.8532546e-05
      212.000   9.4514631e-05
      213.000   9.1474081e-05
      214.000   8.8763794e-05
      215.000   8.5718821e-05
      216.000   8.2154678e-05
      217.000   7.8398189e-05
      218.000   7.4806951e-05
      219.000   7.1475682e-05
      220.000   6.8304835e-05
      221.000   6.5159147e-05
      222.000   6.2002458e-05
      223.000   5.8887596e-05
      224.000   5.5863369e-05
      225.000   5.3013500e-05
      226.000   5.0460279e-05
      227.000   4.8174683e-05
      228.000   4.5907742e-05
      229.000   4.3464799e-05
      230.000   4.0940169e-05
      231.000   3.8563921e-05
      232.000   3.6470399e-05
      233.000   3.4693920e-05
      234.000   3.3187160e-05
      235.000   3.1838106e-05
      236.000   3.0557305e-05
      237.000   2.9339306e-05
      238.000   2.8268247e-05
      239.000   2.7452515e-05
      240.000   2.6935386e-05
      241.000   2.6680358e-05
      242.000   2.6609825e-05
      243.000   2.6630758e-05
      244.000   2.6637361e-05
      245.000   2.6535352e-05
      246.000   2.6268957e-05
      247.000   2.5820049e-05
      248.000   2.5207839e-05
      249.000   2.4462834e-05
      250.000   2.3617526e-05
      251.000   2.2722465e-05
      252.000   2.1823857e-05
      253.000   2.0925567e-05
      254.000   2.0013318e-05
      255.000   1.9101430e-05
      256.000   1.8232220e-05
      257.000   1.7458829e-05
      258.000   1.6828040e-05
      259.000   1.6369560e-05
      260.000   1.6071988e-05
      261.000   1.5862344e-05
      262.000   1.5653723e-05
      263.000   1.5419831e-05
      264.000   1.5198914e-05
      265.000   1.5041569e-05
      266.000   1.4969821e-05
      267.000   1.4957736e-05
      268.000   1.4945521e-05
      269.000   1.4890285e-05
      270.000   1.4788528e-05
      271.000   1.4648024e-05
      272.000   1.4463918e-05
      273.000   1.4216590e-05
      274.000   1.3880415e-05
      275.000   1.3448074e-05
      276.000   1.2927366e-05
      277.000   1.2330342e-05
      278.000   1.1687084e-05
      279.000   1.1043498e-05
      280.000   1.0442715e-05
      281.000   9.9063100e-06
      282.000   9.4391426e-06
      283.000   9.0559224e-06
      284.000   8.7827011e-06
      285.000   8.6334421e-06
      286.000   8.5985830e-06
      287.000   8.6498558e-06
      288.000   8.7555209e-06
      289.000   8.8890056e-06
      290.000   9.0363519e-06
      291.000   9.2020837e-06
      292.000   9.3895978e-06
      293.000   9.5752894e-06
      294.000   9.7118391e-06
      295.000   9.7566335e-06
      296.000   9.6948261e-06
      297.000   9.5367559e-06
      298.000   9.3082581e-06
      299.000   9.0430949e-06
      300.000   8.7625494e-06
      301.000   8.4685180e-06
      302.000   8.1574972e-06
      303.000   7.8310704e-06
      304.000   7.5075905e-06
      305.000   7.2167913e-06
      306.000   6.9784619e-06
      307.000   6.8000754e-06
      308.000   6.6858388e-06
      309.000   6.6352222e-06
      310.000   6.6307116e-06
      311.000   6.6385464e-06
      312.000   6.6287757e-06
      313.000   6.5939289e-06
      314.000   6.5481572e-06
      315.000   6.5084496e-06
      316.000   6.4731416e-06
      317.000   6.4260062e-06
      318.000   6.3590455e-06
      319.000   6.2769018e-06
      320.000   6.1970386e-06
      321.000   6.1006599e-06
