      1.00000   5.2733199e-06
      2.00000   5.2914606e-06
      3.00000   5.3368090e-06
      4.00000   5.4017501e-06
      5.00000   5.4693583e-06
      6.00000   5.5315923e-06
      7.00000   5.5843448e-06
      8.00000   5.6269841e-06
      9.00000   5.6710765e-06
      10.0000   5.7336442e-06
      11.0000   5.8173664e-06
      12.0000   5.9095591e-06
      13.0000   5.9967233e-06
      14.0000   6.0698048e-06
      15.0000   6.1232222e-06
      16.0000   6.1622350e-06
      17.0000   6.2041750e-06
      18.0000   6.2629101e-06
      19.0000   6.3390917e-06
      20.0000   6.4267642e-06
      21.0000   6.5212857e-06
      22.0000   6.6211483e-06
      23.0000   6.7334454e-06
      24.0000   6.8742029e-06
      25.0000   7.0508113e-06
      26.0000   7.2499806e-06
      27.0000   7.4462196e-06
      28.0000   7.6144165e-06
      29.0000   7.7392197e-06
      30.0000   7.8228322e-06
      31.0000   7.8846651e-06
      32.0000   7.9444135e-06
      33.0000   8.0040172e-06
      34.0000   8.0580612e-06
      35.0000   8.1088792e-06
      36.0000   8.1690587e-06
      37.0000   8.2622573e-06
      38.0000   8.4121593e-06
      39.0000   8.6246218e-06
      40.0000   8.8853858e-06
      41.0000   9.1740922e-06
      42.0000   9.4766665e-06
      43.0000   9.7841439e-06
      44.0000   1.0092321e-05
      45.0000   1.0403608e-05
      46.0000   1.0719683e-05
      47.0000   1.1033469e-05
      48.0000   1.1325770e-05
      49.0000   1.1571567e-05
      50.0000   1.1753365e-05
      51.0000   1.1874643e-05
      52.0000   1.1957976e-05
      53.0000   1.2032054e-05
      54.0000   1.2109856e-05
      55.0000   1.2188903e-05
      56.0000   1.2286748e-05
      57.0000   1.2447300e-05
      58.0000   1.2696848e-05
      59.0000   1.3030926e-05
      60.0000   1.3440656e-05
      61.0000   1.3924462e-05
      62.0000   1.4482655e-05
      63.0000   1.5115200e-05
      64.0000   1.5801696e-05
      65.0000   1.6487596e-05
      66.0000   1.7117562e-05
      67.0000   1.7684955e-05
      68.0000   1.8229090e-05
      69.0000   1.8783783e-05
      70.0000   1.9358195e-05
      71.0000   1.9957401e-05
      72.0000   2.0576401e-05
      73.0000   2.1182042e-05
      74.0000   2.1770531e-05
      75.0000   2.2420600e-05
      76.0000   2.3204911e-05
      77.0000   2.4086512e-05
      78.0000   2.4959960e-05
      79.0000   2.5754731e-05
      80.0000   2.6481484e-05
      81.0000   2.7228754e-05
      82.0000   2.8135804e-05
      83.0000   2.9298144e-05
      84.0000   3.0685122e-05
      85.0000   3.2167303e-05
      86.0000   3.3607084e-05
      87.0000   3.4892513e-05
      88.0000   3.5952264e-05
      89.0000   3.6789585e-05
      90.0000   3.7507427e-05
      91.0000   3.8254202e-05
      92.0000   3.9116243e-05
      93.0000   4.0096478e-05
      94.0000   4.1200263e-05
      95.0000   4.2494590e-05
      96.0000   4.4104116e-05
      97.0000   4.6197369e-05
      98.0000   4.8964092e-05
      99.0000   5.2579351e-05
      100.000   5.7108780e-05
      101.000   6.2363768e-05
      102.000   6.7948771e-05
      103.000   7.3577103e-05
      104.000   7.9370730e-05
      105.000   8.5828382e-05
      106.000   9.3482071e-05
      107.000   0.00010262021
      108.000   0.00011323637
      109.000   0.00012505289
      110.000   0.00013766656
      111.000   0.00015081951
      112.000   0.00016454025
      113.000   0.00017903985
      114.000   0.00019467708
      115.000   0.00021201016
      116.000   0.00023164372
      117.000   0.00025389466
      118.000   0.00027868073
      119.000   0.00030597890
      120.000   0.00033620431
      121.000   0.00036988093
      122.000   0.00040710779
      123.000   0.00044800036
      124.000   0.00049355492
      125.000   0.00054502336
      126.000   0.00060270709
      127.000   0.00066572003
      128.000   0.00073233922
      129.000   0.00079981174
      130.000   0.00086422812
      131.000   0.00092209986
      132.000   0.00097301765
      133.000    0.0010211820
      134.000    0.0010738716
      135.000    0.0011392264
      136.000    0.0012254243
      137.000    0.0013419628
      138.000    0.0014986235
      139.000    0.0017027517
      140.000    0.0019573071
      141.000    0.0022609620
      142.000    0.0026130723
      143.000    0.0030196505
      144.000    0.0034820987
      145.000    0.0039821891
      146.000    0.0044957469
      147.000    0.0050172401
      148.000    0.0055689132
      149.000    0.0062215691
      150.000    0.0071483753
      151.000    0.0086029815
      152.000     0.010766102
      153.000     0.013720420
      154.000     0.017717186
      155.000     0.023455704
      156.000     0.031920820
      157.000     0.043848917
      158.000     0.059098687
      159.000     0.075713567
      160.000     0.089267902
      161.000     0.094609514
      162.000     0.089957908
      163.000     0.078140043
      164.000     0.063334510
      165.000     0.048749965
      166.000     0.036278594
      167.000     0.026613396
      168.000     0.019585738
      169.000     0.014639653
      170.000     0.011207107
      171.000    0.0088572474
      172.000    0.0072933142
      173.000    0.0063005625
      174.000    0.0056828167
      175.000    0.0052430010
      176.000    0.0048264032
      177.000    0.0043574260
      178.000    0.0038394933
      179.000    0.0033154124
      180.000    0.0028309866
      181.000    0.0024174538
      182.000    0.0020811178
      183.000    0.0018111737
      184.000    0.0015964542
      185.000    0.0014305832
      186.000    0.0013024759
      187.000    0.0011905328
      188.000    0.0010720075
      189.000   0.00093927881
      190.000   0.00080282125
      191.000   0.00067903555
      192.000   0.00057796744
      193.000   0.00050133828
      194.000   0.00044574859
      195.000   0.00040452290
      196.000   0.00037037491
      197.000   0.00033830910
      198.000   0.00030611761
      199.000   0.00027388474
      200.000   0.00024339485
      201.000   0.00021686459
      202.000   0.00019553446
      203.000   0.00017918237
      204.000   0.00016655358
      205.000   0.00015633191
      206.000   0.00014765993
      207.000   0.00013981308
      208.000   0.00013205211
      209.000   0.00012400946
      210.000   0.00011576948
      211.000   0.00010752273
      212.000   9.9386540e-05
      213.000   9.1605783e-05
      214.000   8.4630323e-05
      215.000   7.8663499e-05
      216.000   7.3425574e-05
      217.000   6.8552225e-05
      218.000   6.3930478e-05
      219.000   5.9606467e-05
      220.000   5.5647823e-05
      221.000   5.2075553e-05
      222.000   4.8923448e-05
      223.000   4.6262532e-05
      224.000   4.4098735e-05
      225.000   4.2333195e-05
      226.000   4.0824158e-05
      227.000   3.9483089e-05
      228.000   3.8302896e-05
      229.000   3.7284495e-05
      230.000   3.6406604e-05
      231.000   3.5607052e-05
      232.000   3.4754208e-05
      233.000   3.3682332e-05
      234.000   3.2336644e-05
      235.000   3.0831932e-05
      236.000   2.9318357e-05
      237.000   2.7874370e-05
      238.000   2.6537882e-05
      239.000   2.5337107e-05
      240.000   2.4294155e-05
      241.000   2.3431048e-05
      242.000   2.2747416e-05
      243.000   2.2206330e-05
      244.000   2.1729755e-05
      245.000   2.1237751e-05
      246.000   2.0710184e-05
      247.000   2.0200234e-05
      248.000   1.9756097e-05
      249.000   1.9357232e-05
      250.000   1.8960067e-05
      251.000   1.8559218e-05
      252.000   1.8147888e-05
      253.000   1.7686743e-05
      254.000   1.7145929e-05
      255.000   1.6522148e-05
      256.000   1.5822567e-05
      257.000   1.5059273e-05
      258.000   1.4272038e-05
      259.000   1.3518606e-05
      260.000   1.2830741e-05
      261.000   1.2208405e-05
      262.000   1.1659133e-05
      263.000   1.1218153e-05
      264.000   1.0917442e-05
      265.000   1.0758622e-05
      266.000   1.0706081e-05
      267.000   1.0705041e-05
      268.000   1.0722233e-05
      269.000   1.0751950e-05
      270.000   1.0785783e-05
      271.000   1.0800947e-05
      272.000   1.0774214e-05
      273.000   1.0692485e-05
      274.000   1.0555746e-05
      275.000   1.0372190e-05
      276.000   1.0145966e-05
      277.000   9.8716891e-06
      278.000   9.5434580e-06
      279.000   9.1717520e-06
      280.000   8.7870330e-06
      281.000   8.4261574e-06
      282.000   8.1172457e-06
      283.000   7.8815292e-06
      284.000   7.7246732e-06
      285.000   7.6282877e-06
      286.000   7.5680741e-06
      287.000   7.5335447e-06
      288.000   7.5223975e-06
      289.000   7.5249859e-06
      290.000   7.5266157e-06
      291.000   7.5168527e-06
      292.000   7.4814266e-06
      293.000   7.4021182e-06
      294.000   7.2815242e-06
      295.000   7.1444392e-06
      296.000   7.0030860e-06
      297.000   6.8483837e-06
      298.000   6.6758366e-06
      299.000   6.4965434e-06
      300.000   6.3290458e-06
      301.000   6.1852438e-06
      302.000   6.0707303e-06
      303.000   5.9867775e-06
      304.000   5.9322197e-06
      305.000   5.9045551e-06
      306.000   5.9028121e-06
      307.000   5.9289632e-06
      308.000   5.9763001e-06
      309.000   6.0208931e-06
      310.000   6.0347570e-06
      311.000   6.0055854e-06
      312.000   5.9424392e-06
      313.000   5.8619939e-06
      314.000   5.7735851e-06
      315.000   5.6824301e-06
      316.000   5.5930559e-06
      317.000   5.5088321e-06
      318.000   5.4319598e-06
      319.000   5.3716799e-06
      320.000   5.3343279e-06
      321.000       0.0000000
