! -------------------------
   1723.5655517578125       0.87423366308212280        8.2642413675785065E-002   1.0000000000000000     
   1723.6021728515625        1.0880287885665894        9.1609835624694824E-002   1.0000000000000000     
   1723.6389160156250       0.87537753582000732        8.3642236888408661E-002   1.0000000000000000     
   1723.6755371093750        1.0282461643218994        8.9038617908954620E-002   1.0000000000000000     
   1723.7122802734375       0.89825773239135742        8.3965316414833069E-002   1.0000000000000000     
   1723.7489013671875        1.0624742507934570        9.1054454445838928E-002   1.0000000000000000     
   1723.7856445312500        1.0086576938629150        8.8415101170539856E-002   1.0000000000000000     
   1723.8222656250000        1.0286175012588501        8.9015714824199677E-002   1.0000000000000000     
   1723.8590087890625        1.0938928127288818        9.2541873455047607E-002   1.0000000000000000     
   1723.8957519531250        1.0432640314102173        8.9198112487792969E-002   1.0000000000000000     
   1723.9323730468750       0.96364521980285645        8.6986400187015533E-002   1.0000000000000000     
   1723.9691162109375        1.0796744823455811        9.1238632798194885E-002   1.0000000000000000     
   1724.0057373046875        1.1318662166595459        9.2919304966926575E-002   1.0000000000000000     
   1724.0424804687500       0.99809801578521729        8.7550088763237000E-002   1.0000000000000000     
   1724.0791015625000        1.1157486438751221        9.3130446970462799E-002   1.0000000000000000     
   1724.1158447265625        1.0208965539932251        9.0358711779117584E-002   1.0000000000000000     
   1724.1525878906250        1.0305395126342773        8.9201986789703369E-002   1.0000000000000000     
   1724.1892089843750       0.96879112720489502        8.8001072406768799E-002   1.0000000000000000     
   1724.2259521484375       0.98038017749786377        8.6320228874683380E-002   1.0000000000000000     
   1724.2625732421875       0.97148162126541138        8.5952140390872955E-002   1.0000000000000000     
   1724.2993164062500        1.0995231866836548        9.1139905154705048E-002   1.0000000000000000     
   1724.3359375000000       0.95550447702407837        8.5179597139358521E-002   1.0000000000000000     
   1724.3726806640625       0.99854534864425659        8.7341487407684326E-002   1.0000000000000000     
   1724.4093017578125       0.85035562515258789        8.0813229084014893E-002   1.0000000000000000     
   1724.4460449218750        1.0132220983505249        8.7625928223133087E-002   1.0000000000000000     
   1724.4827880859375       0.88661736249923706        8.2219913601875305E-002   1.0000000000000000     
   1724.5194091796875        1.0681285858154297        8.9632458984851837E-002   1.0000000000000000     
   1724.5561523437500        1.0333008766174316        8.8235773146152496E-002   1.0000000000000000     
   1724.5927734375000        1.0259109735488892        8.8331572711467743E-002   1.0000000000000000     
   1724.6295166015625        1.1099309921264648        9.3098670244216919E-002   1.0000000000000000     
   1724.6661376953125        1.0224761962890625        8.7792053818702698E-002   1.0000000000000000     
   1724.7028808593750        1.0734188556671143        9.0876847505569458E-002   1.0000000000000000     
   1724.7396240234375        1.0337033271789551        8.8769957423210144E-002   1.0000000000000000     
   1724.7762451171875        1.0674999952316284        8.9426897466182709E-002   1.0000000000000000     
   1724.8129882812500        1.0098316669464111        8.7385386228561401E-002   1.0000000000000000     
   1724.8496093750000       0.97793167829513550        8.5921585559844971E-002   1.0000000000000000     
   1724.8863525390625        1.0486075878143311        8.8710837066173553E-002   1.0000000000000000     
   1724.9229736328125       0.98298704624176025        8.6125478148460388E-002   1.0000000000000000     
   1724.9597167968750        1.0215280055999756        8.8183782994747162E-002   1.0000000000000000     
   1724.9964599609375        1.0725154876708984        9.1075152158737183E-002   1.0000000000000000     
   1725.0330810546875        1.0859812498092651        9.0163700282573700E-002   1.0000000000000000     
   1725.0698242187500       0.86666554212570190        8.0748565495014191E-002   1.0000000000000000     
   1725.1064453125000       0.79018729925155640        7.7963642776012421E-002   1.0000000000000000     
   1725.1431884765625        1.0886615514755249        9.0677268803119659E-002   1.0000000000000000     
   1725.1798095703125       0.95735168457031250        8.4857925772666931E-002   1.0000000000000000     
   1725.2165527343750       0.95330750942230225        8.4414921700954437E-002   1.0000000000000000     
   1725.2531738281250       0.94626337289810181        8.4323935210704803E-002   1.0000000000000000     
   1725.2899169921875        1.0883573293685913        8.9643701910972595E-002   1.0000000000000000     
   1725.3266601562500        1.0112580060958862        8.7668105959892273E-002   1.0000000000000000     
   1725.3632812500000        1.0404506921768188        8.7925232946872711E-002   1.0000000000000000     
   1725.4000244140625        1.1704590320587158        9.2974759638309479E-002  0.99975498782429639     
   1725.4366455078125       0.95724463462829590        8.5070528090000153E-002  0.99973561892063989     
   1725.4733886718750        1.0062928199768066        8.6861565709114075E-002  0.99971314372973341     
   1725.5100097656250       0.95291137695312500        8.4781266748905182E-002  0.99968643857096906     
   1725.5467529296875       0.89632534980773926        8.1705838441848755E-002  0.99965392387980090     
   1725.5834960937500       0.94707977771759033        8.3714470267295837E-002  0.99961336175803917     
   1725.6201171875000        1.0157986879348755        8.6619481444358826E-002  0.99956153976975914     
   1725.6568603515625        1.0838763713836670        8.9237406849861145E-002  0.99949384328732693     
   1725.6934814453125        1.0223516225814819        8.6888134479522705E-002  0.99940365244227769     
   1725.7302246093750        1.0574177503585815        8.8846161961555481E-002  0.99928151900379714     
   1725.7668457031250        1.0166310071945190        8.6499415338039398E-002  0.99911406543737646     
   1725.8035888671875        1.0316431522369385        8.7736867368221283E-002  0.99888254466295179     
   1725.8402099609375        1.0440337657928467        8.7560199201107025E-002  0.99856101883050175     
   1725.8769531250000        1.0551371574401855        8.8596820831298828E-002  0.99811418065934687     
   1725.9136962890625       0.83520746231079102        7.9480163753032684E-002  0.99749491893266595     
   1725.9503173828125        1.0043947696685791        8.5818663239479065E-002  0.99664147889086563     
   1725.9870605468750       0.98022395372390747        8.5098013281822205E-002  0.99547463064461017     
   1726.0236816406250       0.98104763031005859        8.4624104201793671E-002  0.99389536897861319     
   1726.0604248046875       0.96464473009109497        8.4600925445556641E-002  0.99178340819219901     
   1726.0970458984375       0.98376870155334473        8.5033357143402100E-002  0.98899716686534189     
   1726.1337890625000        1.0221887826919556        8.6162321269512177E-002  0.98537655048179007     
   1726.1705322265625        1.0504060983657837        8.7350450456142426E-002  0.98074993961767032     
   1726.2071533203125       0.98237437009811401        8.4665611386299133E-002  0.97494251207474780     
   1726.2438964843750       0.98563569784164429        8.5744127631187439E-002  0.96778884128228848     
   1726.2805175781250       0.87278401851654053        8.0172359943389893E-002  0.95915105620727736     
   1726.3172607421875       0.99478435516357422        8.5285007953643799E-002  0.94893861084576814     
   1726.3538818359375       0.98631399869918823        8.4461651742458344E-002  0.93712832795455248     
   1726.3906250000000       0.75452345609664917        7.5043842196464539E-002  0.92378467941258469     
   1726.4273681640625       0.94599312543869019        8.2792267203330994E-002  0.90907872846593507     
   1726.4639892578125       0.85263109207153320        7.9300567507743835E-002  0.89328781342776276     
   1726.5007324218750       0.99411505460739136        8.4759965538978577E-002  0.87678800993268313     
   1726.5373535156250       0.98321044445037842        8.4852382540702820E-002  0.86004430612105320     
   1726.5740966796875       0.84610921144485474        7.8484930098056793E-002  0.84358753359947880     
   1726.6107177734375       0.83560979366302490        7.8336365520954132E-002  0.82798332410147868     
   1726.6474609375000       0.80407512187957764        7.6636143028736115E-002  0.81379767091671384     
   1726.6840820312500       0.84153091907501221        7.9413056373596191E-002  0.80156266384243013     
   1726.7208251953125       0.76404601335525513        7.8534916043281555E-002  0.79174689182743796     
   1726.7575683593750       0.79904013872146606        7.7797040343284607E-002  0.78473252347846534     
   1726.7941894531250       0.89817571640014648        8.0334819853305817E-002  0.78079145919137682     
   1726.8309326171875       0.76675218343734741        7.4973121285438538E-002  0.78007262351158113     
   1726.8675537109375       0.90564876794815063        8.0899387598037720E-002  0.78259925901405991     
   1726.9042968750000       0.74799561500549316        7.4569016695022583E-002  0.78826755907594814     
   1726.9409179687500       0.70411241054534912        7.2934389114379883E-002  0.79685024797728288     
   1726.9776611328125       0.83217924833297729        8.0604322254657745E-002  0.80800595798386377     
   1727.0144042968750       0.77857673168182373        7.5974375009536743E-002  0.82129181713275135     
   1727.0510253906250       0.72817724943161011        7.2659172117710114E-002  0.83619201193663872     
   1727.0877685546875       0.75612860918045044        7.4529014527797699E-002  0.85214979054690920     
   1727.1243896484375       0.83789944648742676        7.7684961259365082E-002  0.86859597541225941     
   1727.1611328125000       0.83255469799041748        7.8877858817577362E-002  0.88498244748006671     
   1727.1977539062500       0.94166785478591919        8.2136884331703186E-002  0.90081461617015224     
   1727.2344970703125       0.94107121229171753        8.1990607082843781E-002  0.91567566028564917     
   1727.2712402343750        1.0335975885391235        8.6010619997978210E-002  0.92923855472088768     
   1727.3078613281250        1.1354137659072876        8.9686550199985504E-002  0.94127881525178736     
   1727.3446044921875        1.1159336566925049        8.8860861957073212E-002  0.95167141989256521     
   1727.3812255859375        1.1416791677474976        9.0181469917297363E-002  0.96037089089675964     
   1727.4179687500000       0.92007374763488770        8.1931605935096741E-002  0.96738839537508914     
   1727.4545898437500        1.0108357667922974        8.5623063147068024E-002  0.97276476506751131     
   1727.4913330078125       0.96074223518371582        8.2790255546569824E-002  0.97654069847201841     
   1727.5279541015625       0.90410649776458740        8.0615848302841187E-002  0.97872620327927973     
   1727.5646972656250       0.96670204401016235        8.2402773201465607E-002  0.97927063372189327     
   1727.6014404296875       0.90889918804168701        8.0043941736221313E-002  0.97803494855877737     
   1727.6380615234375       0.90534532070159912        8.0798305571079254E-002  0.97476840106121687     
   1727.6748046875000       0.88290530443191528        7.9692259430885315E-002  0.96909008928314611     
   1727.7114257812500        1.0686328411102295        8.6778894066810608E-002  0.96047935865706402     
   1727.7481689453125       0.89413851499557495        7.9377166926860809E-002  0.94827998978937700     
   1727.7847900390625        1.0001596212387085        8.4012784063816071E-002  0.93172437278612741     
   1727.8215332031250       0.89238274097442627        7.8962452709674835E-002  0.90998877811641632     
   1727.8582763671875       0.95499098300933838        8.2212477922439575E-002  0.88229078276304185     
   1727.8948974609375       0.81485414505004883        7.6251670718193054E-002  0.84800731788970529     
   1727.9316406250000       0.79575520753860474        7.6044350862503052E-002  0.80681713083249151     
   1727.9682617187500       0.74916267395019531        7.4355661869049072E-002  0.75884862862673108     
   1728.0050048828125       0.72635489702224731        7.3695458471775055E-002  0.70477856048321674     
   1728.0416259765625       0.72691375017166138        7.1508295834064484E-002  0.64583164444338403     
   1728.0783691406250       0.72084796428680420        7.1508377790451050E-002  0.58361272240640538     
   1728.1149902343750       0.49725550413131714        5.9535570442676544E-002  0.51973447387510274     
   1728.1517333984375       0.47123342752456665        5.8531235903501511E-002  0.45526287992834513     
   1728.1884765625000       0.36924603581428528        5.2183475345373154E-002  0.39011973722046389     
   1728.2250976562500       0.28955286741256714        4.8018436878919601E-002  0.32293537354117813     
   1728.2618408203125       0.22816333174705505        4.1667353361845016E-002  0.25256697538419409     
   1728.2984619140625       0.15558752417564392        3.5933878272771835E-002  0.18176349375756815     
   1728.3352050781250        5.0860121846199036E-002   2.5875102728605270E-002  0.11936558104414859     
   1728.3718261718750        5.9745606034994125E-002   2.5955706834793091E-002   7.4895256850187900E-002
   1728.4085693359375        7.4006520211696625E-002   2.7508664876222610E-002   4.9648083026665457E-002
   1728.4453125000000        3.0462615191936493E-002   2.3985983803868294E-002   3.7287733819828972E-002
   1728.4819335937500        3.4099925309419632E-002   2.2301785647869110E-002   3.1418848708050784E-002
   1728.5186767578125        4.1616462171077728E-002   2.1946961060166359E-002   2.8789391021347158E-002
   1728.5552978515625        2.3355407174676657E-003   1.7284864559769630E-002   2.8210603826853285E-002
   1728.5920410156250        1.3480883091688156E-002   2.0546864718198776E-002   2.9354146197065532E-002
   1728.6286621093750        6.2109483405947685E-003   1.8303779885172844E-002   3.2371003732190734E-002
   1728.6654052734375        5.5015981197357178E-002   2.6336476206779480E-002   3.8072235329614026E-002
   1728.7021484375000        4.6018455177545547E-002   2.6336207985877991E-002   4.9032645435425938E-002
   1728.7387695312500       0.13174948096275330        3.3317357301712036E-002   7.2466447119613350E-002
   1728.7755126953125       0.20187041163444519        4.0599815547466278E-002  0.12246856910892884     
   1728.8121337890625       0.30637848377227783        4.8111353069543839E-002  0.21163877614658913     
   1728.8488769531250       0.43228203058242798        5.5758580565452576E-002  0.33329600251221819     
   1728.8854980468750       0.40824037790298462        5.4412417113780975E-002  0.46193791153791847     
   1728.9222412109375       0.58818393945693970        6.4033225178718567E-002  0.57511920027930818     
   1728.9588623046875       0.73848366737365723        7.1530491113662720E-002  0.66565669591581644     
   1728.9956054687500       0.70736896991729736        6.9955192506313324E-002  0.73646396489242283     
   1729.0323486328125       0.74703407287597656        7.2477795183658600E-002  0.79253504508404005     
   1729.0689697265625       0.84503400325775146        7.7160917222499847E-002  0.83759605089766731     
   1729.1057128906250       0.96003311872482300        8.0938398838043213E-002  0.87395428742206427     
   1729.1423339843750       0.86185425519943237        7.7904023230075836E-002  0.90310890484132977     
   1729.1790771484375       0.73826640844345093        7.1195356547832489E-002  0.92618957903859844     
   1729.2156982421875       0.88847893476486206        7.7813595533370972E-002  0.94416151791488734     
   1729.2524414062500       0.88959991931915283        7.8191123902797699E-002  0.95791273333514537     
   1729.2891845703125       0.95928341150283813        8.2002095878124237E-002  0.96826788560198962     
   1729.3258056640625        1.0076529979705811        8.2478947937488556E-002  0.97597407723687868     
   1729.3625488281250        1.0022978782653809        8.2929983735084534E-002  0.98167750083489835     
   1729.3991699218750       0.93636077642440796        7.9780593514442444E-002  0.98590261569955262     
   1729.4359130859375       0.94389051198959351        8.0689005553722382E-002  0.98904858173815402     
   1729.4725341796875        1.0030117034912109        8.3740532398223877E-002  0.99140377083173148     
   1729.5092773437500        1.0241881608963013        8.3322502672672272E-002  0.99317181003601507     
   1729.5460205078125        1.0325891971588135        8.3999313414096832E-002  0.99449979597419713     
   1729.5826416015625        1.0185828208923340        8.2916140556335449E-002  0.99549909165160655     
   1729.6193847656250       0.84091007709503174        7.6590955257415771E-002  0.99625594348731339     
   1729.6560058593750       0.99657171964645386        8.1901423633098602E-002  0.99683604916561641     
   1729.6927490234375       0.98597478866577148        8.1769689917564392E-002  0.99728739744512496     
   1729.7293701171875       0.89812272787094116        7.7857233583927155E-002  0.99764375880449718     
   1729.7661132812500       0.93020635843276978        7.9824373126029968E-002  0.99792859747492546     
   1729.8027343750000       0.94727438688278198        8.0714590847492218E-002  0.99815837481743364     
   1729.8394775390625        1.0209485292434692        8.2981839776039124E-002  0.99834501864490699     
   1729.8762207031250        1.0143740177154541        8.3877317607402802E-002  0.99849777138145512     
   1729.9128417968750       0.96969449520111084        8.1093952059745789E-002  0.99862434869642014     
   1729.9495849609375        1.1300820112228394        8.6923368275165558E-002  0.99873125133284413     
   1729.9862060546875        1.0957531929016113        8.5619404911994934E-002  0.99882376247958504     
   1730.0229492187500        1.0377007722854614        8.3248354494571686E-002  0.99890611719736311     
   1730.0595703125000        1.1327502727508545        8.7813600897789001E-002  0.99898162781196886     
   1730.0963134765625        1.0566778182983398        8.4397487342357635E-002  0.99905263295083646     
   1730.1330566406250        1.0505765676498413        8.3738647401332855E-002  0.99912051249223499     
   1730.1696777343750        1.0312204360961914        8.2922250032424927E-002  0.99918585584842623     
   1730.2064208984375        1.1007238626480103        8.5753120481967926E-002  0.99924875204047836     
   1730.2430419921875        1.0415642261505127        8.3459600806236267E-002  0.99930920097504794     
   1730.2797851562500       0.95477563142776489        7.9698756337165833E-002  0.99936724043969749     
   1730.3164062500000       0.92320561408996582        7.8580506145954132E-002   1.0000000000000000     
   1730.3531494140625       0.84450042247772217        7.5316600501537323E-002   1.0000000000000000     
   1730.3897705078125       0.98960179090499878        8.1448942422866821E-002   1.0000000000000000     
   1730.4265136718750       0.91117757558822632        7.8088290989398956E-002   1.0000000000000000     
   1730.4632568359375        1.0446703433990479        8.3077289164066315E-002   1.0000000000000000     
   1730.4998779296875        1.0161234140396118        8.1816822290420532E-002   1.0000000000000000     
   1730.5366210937500       0.87838357686996460        7.6605595648288727E-002   1.0000000000000000     
   1730.5732421875000       0.99258893728256226        8.1336900591850281E-002   1.0000000000000000     
   1730.6099853515625       0.98167800903320312        8.0918751657009125E-002   1.0000000000000000     
   1730.6466064453125       0.99639099836349487        8.1722632050514221E-002   1.0000000000000000     
   1730.6833496093750        1.0049296617507935        8.2310669124126434E-002   1.0000000000000000     
   1730.7200927734375        1.0738183259963989        8.4759168326854706E-002   1.0000000000000000     
   1730.7567138671875       0.95443284511566162        8.0997221171855927E-002   1.0000000000000000     
   1730.7934570312500       0.92541778087615967        7.7331505715847015E-002   1.0000000000000000     
   1730.8300781250000        1.0014629364013672        8.1253036856651306E-002   1.0000000000000000     
   1730.8668212890625        1.0530120134353638        8.3566732704639435E-002   1.0000000000000000     
   1730.9034423828125        1.0158600807189941        8.2869917154312134E-002   1.0000000000000000     
   1730.9401855468750       0.98746323585510254        8.1230521202087402E-002   1.0000000000000000     
   1730.9769287109375       0.97182226181030273        8.0199003219604492E-002   1.0000000000000000     
   1731.0135498046875       0.92744636535644531        7.7802918851375580E-002   1.0000000000000000     
   1731.0502929687500       0.96769815683364868        7.9720705747604370E-002   1.0000000000000000     
   1731.0869140625000       0.87824797630310059        7.6258815824985504E-002   1.0000000000000000     
   1731.1236572265625       0.97608751058578491        7.9771339893341064E-002   1.0000000000000000     
   1731.1602783203125       0.93958902359008789        7.8208096325397491E-002   1.0000000000000000     
   1731.1970214843750        1.0204617977142334        8.1298112869262695E-002   1.0000000000000000     
   1731.2336425781250        1.0942659378051758        8.4235355257987976E-002   1.0000000000000000     
   1731.2703857421875       0.90013039112091064        7.6873108744621277E-002   1.0000000000000000     
   1731.3071289062500       0.95783394575119019        7.8955233097076416E-002   1.0000000000000000     
   1731.3437500000000       0.90271085500717163        7.7250331640243530E-002   1.0000000000000000     
   1731.3804931640625       0.99925816059112549        8.1186398863792419E-002   1.0000000000000000     
   1731.4171142578125       0.92702358961105347        7.8101441264152527E-002   1.0000000000000000     
   1731.4538574218750       0.99189728498458862        8.0040007829666138E-002   1.0000000000000000     
   1731.4904785156250        1.0226920843124390        8.2226596772670746E-002   1.0000000000000000     
   1731.5272216796875        1.0772929191589355        8.4320090711116791E-002   1.0000000000000000     
   1731.5639648437500       0.98893755674362183        8.0246217548847198E-002   1.0000000000000000     
   1731.6005859375000       0.95229995250701904        7.8316681087017059E-002   1.0000000000000000     
   1731.6373291015625        1.0854822397232056        8.4403477609157562E-002   1.0000000000000000     
   1731.6739501953125        1.0854213237762451        8.3547830581665039E-002   1.0000000000000000     
   1731.7106933593750        1.0452710390090942        8.2477733492851257E-002   1.0000000000000000     
   1731.7473144531250       0.95142161846160889        7.8243479132652283E-002   1.0000000000000000     
   1731.7840576171875       0.87667119503021240        7.5709000229835510E-002   1.0000000000000000     
   1731.8208007812500        1.1568593978881836        8.5902601480484009E-002   1.0000000000000000     
   1731.8574218750000        1.1226480007171631        8.4588691592216492E-002   1.0000000000000000     
   1731.8941650390625       0.94326651096343994        7.8158743679523468E-002   1.0000000000000000     
   1731.9307861328125       0.96810185909271240        7.8798502683639526E-002   1.0000000000000000     
   1731.9675292968750       0.97563922405242920        7.9137347638607025E-002   1.0000000000000000     
   1732.0041503906250        1.0216948986053467        8.0818168818950653E-002   1.0000000000000000     
   1732.0408935546875       0.93718600273132324        7.7275276184082031E-002   1.0000000000000000     
   1732.0775146484375        1.0075393915176392        8.0382868647575378E-002   1.0000000000000000     
   1732.1142578125000       0.97798562049865723        7.9482682049274445E-002   1.0000000000000000     
!  ---- tick mark positions for above ----
!      1726.82256     1     1
!      1728.48250     1     2
!      1728.57706     1     3
