! -------------------------
   1182.3299560546875        1.0289208889007568        7.5055435299873352E-002   1.0000000000000000     
   1182.3598632812500        1.0574830770492554        7.5685754418373108E-002   1.0000000000000000     
   1182.3897705078125        1.0348368883132935        7.4858352541923523E-002   1.0000000000000000     
   1182.4196777343750        1.1259852647781372        7.7588848769664764E-002   1.0000000000000000     
   1182.4495849609375        1.0129472017288208        7.4225962162017822E-002   1.0000000000000000     
   1182.4794921875000        1.1475985050201416        7.8657142817974091E-002   1.0000000000000000     
   1182.5095214843750        1.0320111513137817        7.4588485062122345E-002   1.0000000000000000     
   1182.5394287109375        1.0378954410552979        7.4515730142593384E-002   1.0000000000000000     
   1182.5693359375000        1.0208152532577515        7.5106464326381683E-002   1.0000000000000000     
   1182.5992431640625        1.0214254856109619        7.3807880282402039E-002   1.0000000000000000     
   1182.6291503906250       0.90743780136108398        7.0001237094402313E-002   1.0000000000000000     
   1182.6590576171875        1.0733389854431152        7.5727134943008423E-002   1.0000000000000000     
   1182.6889648437500       0.99526154994964600        7.3373176157474518E-002   1.0000000000000000     
   1182.7188720703125        1.1158680915832520        7.7376171946525574E-002   1.0000000000000000     
   1182.7487792968750       0.92191040515899658        7.0711813867092133E-002   1.0000000000000000     
   1182.7786865234375       0.96432763338088989        7.1973338723182678E-002   1.0000000000000000     
   1182.8085937500000        1.0754065513610840        7.5892247259616852E-002   1.0000000000000000     
   1182.8385009765625       0.98785817623138428        7.3350340127944946E-002   1.0000000000000000     
   1182.8684082031250        1.0703412294387817        7.6319821178913116E-002   1.0000000000000000     
   1182.8983154296875        1.0328809022903442        7.4538320302963257E-002   1.0000000000000000     
   1182.9282226562500       0.96807098388671875        7.2133041918277740E-002   1.0000000000000000     
   1182.9581298828125       0.99239009618759155        7.3270700871944427E-002   1.0000000000000000     
   1182.9880371093750       0.97915160655975342        7.2878226637840271E-002   1.0000000000000000     
   1183.0179443359375        1.0573312044143677        7.5464971363544464E-002   1.0000000000000000     
   1183.0478515625000        1.0268161296844482        7.4227467179298401E-002   1.0000000000000000     
   1183.0777587890625       0.89231598377227783        7.0001475512981415E-002   1.0000000000000000     
   1183.1076660156250       0.90839785337448120        7.0199675858020782E-002   1.0000000000000000     
   1183.1375732421875       0.90678513050079346        7.0254422724246979E-002   1.0000000000000000     
   1183.1674804687500       0.94944119453430176        7.1865119040012360E-002   1.0000000000000000     
   1183.1973876953125        1.0675872564315796        7.5516171753406525E-002   1.0000000000000000     
   1183.2272949218750       0.98234206438064575        7.3056831955909729E-002   1.0000000000000000     
   1183.2572021484375        1.0557116270065308        7.5028784573078156E-002   1.0000000000000000     
   1183.2871093750000       0.95292145013809204        7.1856990456581116E-002   1.0000000000000000     
   1183.3170166015625        1.0695999860763550        7.5488947331905365E-002   1.0000000000000000     
   1183.3469238281250        1.0061563253402710        7.4244648218154907E-002   1.0000000000000000     
   1183.3768310546875        1.0312314033508301        7.4361875653266907E-002   1.0000000000000000     
   1183.4067382812500       0.96833240985870361        7.2925075888633728E-002   1.0000000000000000     
   1183.4366455078125       0.93965095281600952        7.2133630514144897E-002   1.0000000000000000     
   1183.4665527343750       0.90798097848892212        7.0770278573036194E-002   1.0000000000000000     
   1183.4964599609375        1.0883799791336060        7.6853699982166290E-002   1.0000000000000000     
   1183.5263671875000       0.93274414539337158        7.0352293550968170E-002   1.0000000000000000     
   1183.5562744140625        1.0542204380035400        7.5445748865604401E-002   1.0000000000000000     
   1183.5861816406250       0.99495160579681396        7.3663093149662018E-002   1.0000000000000000     
   1183.6160888671875        1.1008677482604980        7.6667346060276031E-002   1.0000000000000000     
   1183.6459960937500       0.93157285451889038        7.1538977324962616E-002   1.0000000000000000     
   1183.6759033203125        1.0011736154556274        7.3797859251499176E-002   1.0000000000000000     
   1183.7058105468750        1.0212161540985107        7.4369437992572784E-002   1.0000000000000000     
   1183.7357177734375        1.0270764827728271        7.3728166520595551E-002   1.0000000000000000     
   1183.7656250000000       0.98157602548599243        7.2532303631305695E-002   1.0000000000000000     
   1183.7955322265625        1.0288100242614746        7.3983103036880493E-002   1.0000000000000000     
   1183.8255615234375       0.96464467048645020        7.1892805397510529E-002  0.99963080325668141     
   1183.8554687500000       0.93298327922821045        7.1265175938606262E-002  0.99954015782395211     
   1183.8853759765625        1.0048826932907104        7.4383728206157684E-002  0.99943244786990837     
   1183.9152832031250        1.0604845285415649        7.5648017227649689E-002  0.99930475478039682     
   1183.9451904296875        1.0535455942153931        7.5336165726184845E-002  0.99911060696769549     
   1183.9750976562500       0.94312894344329834        7.1708969771862030E-002  0.99878351407999366     
   1184.0050048828125       0.99816876649856567        7.2946265339851379E-002  0.99831171382758566     
   1184.0349121093750        1.0856543779373169        7.6130844652652740E-002  0.99760093560112928     
   1184.0648193359375       0.94202053546905518        7.1408420801162720E-002  0.99638847785381601     
   1184.0947265625000        1.1621466875076294        7.8238144516944885E-002  0.99460208868630129     
   1184.1246337890625       0.86642175912857056        6.8481810390949249E-002  0.99209541098056320     
   1184.1545410156250       0.91700810194015503        7.0080019533634186E-002  0.98825710691284085     
   1184.1844482421875        1.0913640260696411        7.7222220599651337E-002  0.98287685268395564     
   1184.2143554687500       0.88836532831192017        6.9867722690105438E-002  0.97501535155280195     
   1184.2442626953125       0.95110946893692017        7.1733132004737854E-002  0.95665056478204047     
   1184.2741699218750       0.91100507974624634        7.0188388228416443E-002  0.90761501526349520     
   1184.3040771484375       0.78860098123550415        6.5231621265411377E-002  0.80743219137725319     
   1184.3339843750000       0.74281024932861328        6.3524477183818817E-002  0.69953745878958007     
   1184.3638916015625       0.65920287370681763        6.1654064804315567E-002  0.69821653896546776     
   1184.3937988281250       0.82456952333450317        6.6205196082592010E-002  0.80625352377686232     
   1184.4237060546875       0.94582289457321167        7.1579053997993469E-002  0.90754499309741610     
   1184.4536132812500       0.91802185773849487        6.9582082331180573E-002  0.95588618636474720     
   1184.4835205078125       0.94657039642333984        7.0829808712005615E-002  0.97430879020433814     
   1184.5134277343750       0.97617989778518677        7.2182819247245789E-002  0.98268695501584225     
   1184.5433349609375       0.95847052335739136        7.1591593325138092E-002  0.98820638786362924     
   1184.5732421875000        1.0152237415313721        7.3727339506149292E-002  0.99210760219869598     
   1184.6031494140625        1.0492749214172363        7.4544683098793030E-002  0.99444811328697602     
   1184.6330566406250        1.0025863647460938        7.2939075529575348E-002  0.99565468537533641     
   1184.6629638671875        1.0181262493133545        7.3158249258995056E-002  0.99637597202993844     
   1184.6928710937500        1.0918079614639282        7.5670428574085236E-002  0.99705967726452238     
   1184.7227783203125        1.0208609104156494        7.3920182883739471E-002  0.99774607390918246     
   1184.7526855468750       0.94850796461105347        7.2128660976886749E-002  0.99831154269068278     
   1184.7825927734375        1.0413341522216797        7.4446082115173340E-002  0.99872478466370962     
   1184.8125000000000       0.99353671073913574        7.2584934532642365E-002  0.99902575723409637     
   1184.8424072265625       0.97868871688842773        7.2203993797302246E-002  0.99925277568542492     
   1184.8723144531250       0.99419426918029785        7.2962328791618347E-002  0.99943220384532383     
   1184.9022216796875       0.95374047756195068        7.1627520024776459E-002   1.0000000000000000     
   1184.9321289062500       0.99118572473526001        7.2342030704021454E-002   1.0000000000000000     
   1184.9620361328125       0.96386444568634033        7.1078263223171234E-002   1.0000000000000000     
   1184.9919433593750        1.0255697965621948        7.3365569114685059E-002   1.0000000000000000     
   1185.0218505859375       0.97207605838775635        7.2267122566699982E-002   1.0000000000000000     
   1185.0517578125000        1.1510156393051147        7.7703863382339478E-002   1.0000000000000000     
   1185.0816650390625        1.0766144990921021        7.5222298502922058E-002   1.0000000000000000     
   1185.1115722656250       0.95743435621261597        7.1662366390228271E-002   1.0000000000000000     
   1185.1416015625000       0.93263286352157593        7.0428356528282166E-002   1.0000000000000000     
   1185.1715087890625        1.0612335205078125        7.4863851070404053E-002   1.0000000000000000     
   1185.2014160156250       0.91538524627685547        7.0703469216823578E-002   1.0000000000000000     
   1185.2313232421875        1.0582442283630371        7.4559241533279419E-002   1.0000000000000000     
   1185.2612304687500        1.0415154695510864        7.4515298008918762E-002   1.0000000000000000     
   1185.2911376953125        1.0122208595275879        7.3348142206668854E-002   1.0000000000000000     
   1185.3210449218750       0.96500152349472046        7.1610376238822937E-002   1.0000000000000000     
   1185.3509521484375       0.93382483720779419        7.0248365402221680E-002   1.0000000000000000     
   1185.3808593750000       0.97889101505279541        7.2548031806945801E-002   1.0000000000000000     
   1185.4107666015625        1.0931991338729858        7.5957424938678741E-002   1.0000000000000000     
   1185.4406738281250        1.0487238168716431        7.4837349355220795E-002   1.0000000000000000     
   1185.4705810546875       0.91137248277664185        6.9042980670928955E-002   1.0000000000000000     
   1185.5004882812500        1.0609474182128906        7.4350684881210327E-002   1.0000000000000000     
   1185.5303955078125       0.99504619836807251        7.2239175438880920E-002   1.0000000000000000     
   1185.5603027343750        1.1141076087951660        7.6216153800487518E-002   1.0000000000000000     
   1185.5902099609375       0.95253032445907593        7.0357762277126312E-002   1.0000000000000000     
   1185.6201171875000       0.98654043674468994        7.2197116911411285E-002   1.0000000000000000     
   1185.6500244140625        1.0630754232406616        7.5096577405929565E-002   1.0000000000000000     
   1185.6799316406250        1.0290238857269287        7.2715565562248230E-002   1.0000000000000000     
   1185.7098388671875        1.0375351905822754        7.3645398020744324E-002   1.0000000000000000     
   1185.7397460937500       0.91710460186004639        6.9506533443927765E-002   1.0000000000000000     
   1185.7696533203125        1.0531581640243530        7.5003758072853088E-002   1.0000000000000000     
   1185.7995605468750       0.88082861900329590        6.8626515567302704E-002   1.0000000000000000     
   1185.8294677734375        1.0305010080337524        7.3441207408905029E-002   1.0000000000000000     
   1185.8593750000000       0.92650270462036133        6.9617159664630890E-002   1.0000000000000000     
   1185.8892822265625        1.0825222730636597        7.5327910482883453E-002   1.0000000000000000     
   1185.9191894531250        1.0177558660507202        7.3576115071773529E-002   1.0000000000000000     
   1185.9490966796875       0.92886734008789062        7.0403270423412323E-002   1.0000000000000000     
   1185.9790039062500        1.0294901132583618        7.3833845555782318E-002   1.0000000000000000     
   1186.0089111328125        1.2224231958389282        7.9548783600330353E-002   1.0000000000000000     
   1186.0388183593750        1.0196166038513184        7.3373712599277496E-002   1.0000000000000000     
   1186.0687255859375       0.99837726354598999        7.2674050927162170E-002   1.0000000000000000     
   1186.0986328125000        1.0676139593124390        7.4806556105613708E-002   1.0000000000000000     
   1186.1285400390625        1.0009920597076416        7.2509348392486572E-002   1.0000000000000000     
   1186.1584472656250        1.1539156436920166        7.7335081994533539E-002   1.0000000000000000     
   1186.1883544921875        1.0854642391204834        7.5079098343849182E-002   1.0000000000000000     
   1186.2182617187500        1.0235601663589478        7.2670854628086090E-002   1.0000000000000000     
   1186.2481689453125       0.94650644063949585        7.0955716073513031E-002   1.0000000000000000     
   1186.2780761718750        1.1465320587158203        7.6847076416015625E-002   1.0000000000000000     
   1186.3079833984375       0.99795144796371460        7.1857295930385590E-002   1.0000000000000000     
   1186.3378906250000       0.91174310445785522        6.9538585841655731E-002   1.0000000000000000     
   1186.3677978515625        1.0422359704971313        7.3449298739433289E-002   1.0000000000000000     
!  ---- tick mark positions for above ----
!      1184.35112     1     1
