      1.00000       0.0000000
      2.00000   6.1559649e-06
      3.00000   6.2368117e-06
      4.00000   6.3473344e-06
      5.00000   6.4782644e-06
      6.00000   6.6253178e-06
      7.00000   6.7982455e-06
      8.00000   7.0069491e-06
      9.00000   7.2472644e-06
      10.0000   7.4975624e-06
      11.0000   7.7433979e-06
      12.0000   7.9904876e-06
      13.0000   8.2407560e-06
      14.0000   8.4806870e-06
      15.0000   8.6990613e-06
      16.0000   8.8876141e-06
      17.0000   9.0305111e-06
      18.0000   9.1215243e-06
      19.0000   9.1739248e-06
      20.0000   9.2009586e-06
      21.0000   9.2010587e-06
      22.0000   9.1698530e-06
      23.0000   9.1152197e-06
      24.0000   9.0453941e-06
      25.0000   8.9594660e-06
      26.0000   8.8583047e-06
      27.0000   8.7690696e-06
      28.0000   8.7492899e-06
      29.0000   8.8411825e-06
      30.0000   9.0366402e-06
      31.0000   9.2995233e-06
      32.0000   9.6190552e-06
      33.0000   1.0022693e-05
      34.0000   1.0530763e-05
      35.0000   1.1126452e-05
      36.0000   1.1760166e-05
      37.0000   1.2380523e-05
      38.0000   1.2964805e-05
      39.0000   1.3505765e-05
      40.0000   1.3981805e-05
      41.0000   1.4362287e-05
      42.0000   1.4648201e-05
      43.0000   1.4878387e-05
      44.0000   1.5077801e-05
      45.0000   1.5215937e-05
      46.0000   1.5248404e-05
      47.0000   1.5181720e-05
      48.0000   1.5057951e-05
      49.0000   1.4905439e-05
      50.0000   1.4746032e-05
      51.0000   1.4638844e-05
      52.0000   1.4667216e-05
      53.0000   1.4873668e-05
      54.0000   1.5244318e-05
      55.0000   1.5737987e-05
      56.0000   1.6308679e-05
      57.0000   1.6909073e-05
      58.0000   1.7500290e-05
      59.0000   1.8085764e-05
      60.0000   1.8724251e-05
      61.0000   1.9509363e-05
      62.0000   2.0505411e-05
      63.0000   2.1670223e-05
      64.0000   2.2868127e-05
      65.0000   2.3966510e-05
      66.0000   2.4883988e-05
      67.0000   2.5586689e-05
      68.0000   2.6095071e-05
      69.0000   2.6467593e-05
      70.0000   2.6766909e-05
      71.0000   2.7022046e-05
      72.0000   2.7226224e-05
      73.0000   2.7375312e-05
      74.0000   2.7476101e-05
      75.0000   2.7535430e-05
      76.0000   2.7571874e-05
      77.0000   2.7655280e-05
      78.0000   2.7914963e-05
      79.0000   2.8472034e-05
      80.0000   2.9349776e-05
      81.0000   3.0450914e-05
      82.0000   3.1636569e-05
      83.0000   3.2814860e-05
      84.0000   3.3959233e-05
      85.0000   3.5139219e-05
      86.0000   3.6533351e-05
      87.0000   3.8344617e-05
      88.0000   4.0694787e-05
      89.0000   4.3581862e-05
      90.0000   4.6896064e-05
      91.0000   5.0486964e-05
      92.0000   5.4251948e-05
      93.0000   5.8169186e-05
      94.0000   6.2237566e-05
      95.0000   6.6394277e-05
      96.0000   7.0556242e-05
      97.0000   7.4676798e-05
      98.0000   7.8774996e-05
      99.0000   8.3045445e-05
      100.000   8.7810738e-05
      101.000   9.3263799e-05
      102.000   9.9320889e-05
      103.000   0.00010568605
      104.000   0.00011222557
      105.000   0.00011928927
      106.000   0.00012772075
      107.000   0.00013853893
      108.000   0.00015223565
      109.000   0.00016842749
      110.000   0.00018648324
      111.000   0.00020639456
      112.000   0.00022882430
      113.000   0.00025447182
      114.000   0.00028336971
      115.000   0.00031441145
      116.000   0.00034568511
      117.000   0.00037520757
      118.000   0.00040147969
      119.000   0.00042405800
      120.000   0.00044422949
      121.000   0.00046438069
      122.000   0.00048596188
      123.000   0.00050855539
      124.000   0.00053155789
      125.000   0.00055670046
      126.000   0.00058871892
      127.000   0.00063303602
      128.000   0.00069155998
      129.000   0.00076188694
      130.000   0.00084257382
      131.000   0.00093686301
      132.000    0.0010477208
      133.000    0.0011719128
      134.000    0.0013034868
      135.000    0.0014423913
      136.000    0.0015948616
      137.000    0.0017623811
      138.000    0.0019336930
      139.000    0.0020892913
      140.000    0.0022167910
      141.000    0.0023246016
      142.000    0.0024432489
      143.000    0.0026152178
      144.000    0.0028689108
      145.000    0.0031903232
      146.000    0.0035501879
      147.000    0.0039744624
      148.000    0.0045475233
      149.000    0.0053374134
      150.000    0.0063490612
      151.000    0.0075923926
      152.000    0.0092180055
      153.000     0.011572804
      154.000     0.015121216
      155.000     0.020382782
      156.000     0.028040936
      157.000     0.039071564
      158.000     0.054430321
      159.000     0.073632739
      160.000     0.092723131
      161.000      0.10447288
      162.000      0.10283788
      163.000     0.088537246
      164.000     0.068438701
      165.000     0.049487777
      166.000     0.034872629
      167.000     0.024618022
      168.000     0.017658098
      169.000     0.013012752
      170.000    0.0099584227
      171.000    0.0079201143
      172.000    0.0064966362
      173.000    0.0054648747
      174.000    0.0046991063
      175.000    0.0041285795
      176.000    0.0037128646
      177.000    0.0034028767
      178.000    0.0031397070
      179.000    0.0028818389
      180.000    0.0026225240
      181.000    0.0023794810
      182.000    0.0021615955
      183.000    0.0019538929
      184.000    0.0017389822
      185.000    0.0015218684
      186.000    0.0013226232
      187.000    0.0011549060
      188.000    0.0010201016
      189.000   0.00091279991
      190.000   0.00082505704
      191.000   0.00074749044
      192.000   0.00067209417
      193.000   0.00059713074
      194.000   0.00052627712
      195.000   0.00046366316
      196.000   0.00041124260
      197.000   0.00036842094
      198.000   0.00033309567
      199.000   0.00030311631
      200.000   0.00027711410
      201.000   0.00025432333
      202.000   0.00023398250
      203.000   0.00021525539
      204.000   0.00019747374
      205.000   0.00018018916
      206.000   0.00016323460
      207.000   0.00014689853
      208.000   0.00013192970
      209.000   0.00011911115
      210.000   0.00010872600
      211.000   0.00010048140
      212.000   9.3835471e-05
      213.000   8.8505563e-05
      214.000   8.4513369e-05
      215.000   8.1688573e-05
      216.000   7.9527163e-05
      217.000   7.7441531e-05
      218.000   7.5081705e-05
      219.000   7.2462397e-05
      220.000   6.9822796e-05
      221.000   6.7376845e-05
      222.000   6.5095242e-05
      223.000   6.2807885e-05
      224.000   6.0387876e-05
      225.000   5.7816418e-05
      226.000   5.5164634e-05
      227.000   5.2487871e-05
      228.000   4.9861810e-05
      229.000   4.7443067e-05
      230.000   4.5300785e-05
      231.000   4.3260265e-05
      232.000   4.1051106e-05
      233.000   3.8638304e-05
      234.000   3.6261357e-05
      235.000   3.4161185e-05
      236.000   3.2407072e-05
      237.000   3.0921972e-05
      238.000   2.9594083e-05
      239.000   2.8356621e-05
      240.000   2.7198010e-05
      241.000   2.6152005e-05
      242.000   2.5294901e-05
      243.000   2.4696221e-05
      244.000   2.4374540e-05
      245.000   2.4289093e-05
      246.000   2.4364388e-05
      247.000   2.4522918e-05
      248.000   2.4695504e-05
      249.000   2.4833524e-05
      250.000   2.4889281e-05
      251.000   2.4811932e-05
      252.000   2.4563094e-05
      253.000   2.4101373e-05
      254.000   2.3418059e-05
      255.000   2.2585800e-05
      256.000   2.1713095e-05
      257.000   2.0868552e-05
      258.000   2.0037520e-05
      259.000   1.9175039e-05
      260.000   1.8283052e-05
      261.000   1.7406956e-05
      262.000   1.6596785e-05
      263.000   1.5874248e-05
      264.000   1.5250213e-05
      265.000   1.4744130e-05
      266.000   1.4361542e-05
      267.000   1.4089675e-05
      268.000   1.3917452e-05
      269.000   1.3845687e-05
      270.000   1.3868756e-05
      271.000   1.3947436e-05
      272.000   1.4024699e-05
      273.000   1.4065350e-05
      274.000   1.4078521e-05
      275.000   1.4101928e-05
      276.000   1.4152747e-05
      277.000   1.4195486e-05
      278.000   1.4164943e-05
      279.000   1.4014492e-05
      280.000   1.3723940e-05
      281.000   1.3293517e-05
      282.000   1.2747601e-05
      283.000   1.2129310e-05
      284.000   1.1493954e-05
      285.000   1.0887182e-05
      286.000   1.0319222e-05
      287.000   9.7752491e-06
      288.000   9.2535256e-06
      289.000   8.7807221e-06
      290.000   8.3900177e-06
      291.000   8.0995824e-06
      292.000   7.9122192e-06
      293.000   7.8266758e-06
      294.000   7.8409012e-06
      295.000   7.9380643e-06
      296.000   8.0821592e-06
      297.000   8.2368088e-06
      298.000   8.3808472e-06
      299.000   8.5072816e-06
      300.000   8.6180225e-06
      301.000   8.7147009e-06
      302.000   8.7891704e-06
      303.000   8.8179759e-06
      304.000   8.7729914e-06
      305.000   8.6438104e-06
      306.000   8.4463300e-06
      307.000   8.2116676e-06
      308.000   7.9646834e-06
      309.000   7.7112254e-06
      310.000   7.4491177e-06
      311.000   7.1839768e-06
      312.000   6.9266225e-06
      313.000   6.6802518e-06
      314.000   6.4480278e-06
      315.000   6.2472873e-06
      316.000   6.0957354e-06
      317.000   5.9954896e-06
      318.000   5.9382692e-06
      319.000   5.9260879e-06
      320.000   5.9561744e-06
      321.000   6.0542629e-06
