      1.00000       0.0000000
      2.00000   7.0396068e-06
      3.00000   7.1364375e-06
      4.00000   7.2093853e-06
      5.00000   7.3104452e-06
      6.00000   7.4502896e-06
      7.00000   7.6296792e-06
      8.00000   7.8354697e-06
      9.00000   8.0533309e-06
      10.0000   8.2754232e-06
      11.0000   8.5088714e-06
      12.0000   8.7645585e-06
      13.0000   9.0439989e-06
      14.0000   9.3462450e-06
      15.0000   9.6794029e-06
      16.0000   1.0048980e-05
      17.0000   1.0440206e-05
      18.0000   1.0821551e-05
      19.0000   1.1164972e-05
      20.0000   1.1456502e-05
      21.0000   1.1705454e-05
      22.0000   1.1935276e-05
      23.0000   1.2150505e-05
      24.0000   1.2333341e-05
      25.0000   1.2478244e-05
      26.0000   1.2600097e-05
      27.0000   1.2705521e-05
      28.0000   1.2777481e-05
      29.0000   1.2782361e-05
      30.0000   1.2702732e-05
      31.0000   1.2563697e-05
      32.0000   1.2433813e-05
      33.0000   1.2389082e-05
      34.0000   1.2469157e-05
      35.0000   1.2665128e-05
      36.0000   1.2940182e-05
      37.0000   1.3263327e-05
      38.0000   1.3625184e-05
      39.0000   1.4020967e-05
      40.0000   1.4442239e-05
      41.0000   1.4890109e-05
      42.0000   1.5363690e-05
      43.0000   1.5843751e-05
      44.0000   1.6306887e-05
      45.0000   1.6757029e-05
      46.0000   1.7244973e-05
      47.0000   1.7832352e-05
      48.0000   1.8534914e-05
      49.0000   1.9310681e-05
      50.0000   2.0095071e-05
      51.0000   2.0816009e-05
      52.0000   2.1428972e-05
      53.0000   2.1940372e-05
      54.0000   2.2361803e-05
      55.0000   2.2678574e-05
      56.0000   2.2872797e-05
      57.0000   2.2930833e-05
      58.0000   2.2872671e-05
      59.0000   2.2775210e-05
      60.0000   2.2725282e-05
      61.0000   2.2769947e-05
      62.0000   2.2903747e-05
      63.0000   2.3090881e-05
      64.0000   2.3306760e-05
      65.0000   2.3550210e-05
      66.0000   2.3834529e-05
      67.0000   2.4178942e-05
      68.0000   2.4604607e-05
      69.0000   2.5130879e-05
      70.0000   2.5736772e-05
      71.0000   2.6344618e-05
      72.0000   2.6892158e-05
      73.0000   2.7401982e-05
      74.0000   2.7979093e-05
      75.0000   2.8741411e-05
      76.0000   2.9755347e-05
      77.0000   3.1056308e-05
      78.0000   3.2656470e-05
      79.0000   3.4499270e-05
      80.0000   3.6480385e-05
      81.0000   3.8516635e-05
      82.0000   4.0590334e-05
      83.0000   4.2760086e-05
      84.0000   4.5064593e-05
      85.0000   4.7431204e-05
      86.0000   4.9732091e-05
      87.0000   5.1866002e-05
      88.0000   5.3820844e-05
      89.0000   5.5709959e-05
      90.0000   5.7756017e-05
      91.0000   6.0177197e-05
      92.0000   6.3007370e-05
      93.0000   6.6072891e-05
      94.0000   6.9135211e-05
      95.0000   7.2122588e-05
      96.0000   7.5203214e-05
      97.0000   7.8787212e-05
      98.0000   8.3462008e-05
      99.0000   8.9720575e-05
      100.000   9.7657168e-05
      101.000   0.00010696603
      102.000   0.00011737366
      103.000   0.00012899644
      104.000   0.00014210959
      105.000   0.00015687708
      106.000   0.00017355075
      107.000   0.00019242776
      108.000   0.00021320264
      109.000   0.00023465120
      110.000   0.00025519816
      111.000   0.00027358209
      112.000   0.00028922019
      113.000   0.00030259739
      114.000   0.00031517254
      115.000   0.00032858149
      116.000   0.00034314254
      117.000   0.00035755994
      118.000   0.00037099927
      119.000   0.00038509618
      120.000   0.00040353590
      121.000   0.00043031268
      122.000   0.00046781439
      123.000   0.00051489938
      124.000   0.00056813651
      125.000   0.00062622788
      126.000   0.00069148617
      127.000   0.00076595286
      128.000   0.00084767654
      129.000   0.00093210489
      130.000    0.0010172881
      131.000    0.0011083063
      132.000    0.0012129633
      133.000    0.0013299179
      134.000    0.0014449966
      135.000    0.0015407451
      136.000    0.0016099126
      137.000    0.0016597771
      138.000    0.0017078564
      139.000    0.0017748016
      140.000    0.0018815777
      141.000    0.0020434558
      142.000    0.0022486190
      143.000    0.0024579843
      144.000    0.0026531084
      145.000    0.0028792711
      146.000    0.0032232385
      147.000    0.0037427437
      148.000    0.0044232472
      149.000    0.0052143428
      150.000    0.0061196471
      151.000    0.0072647426
      152.000    0.0088968808
      153.000     0.011369358
      154.000     0.015135002
      155.000     0.020657694
      156.000     0.028357601
      157.000     0.038933445
      158.000     0.053569574
      159.000     0.072510749
      160.000     0.092290528
      161.000      0.10521086
      162.000      0.10417349
      163.000     0.089640744
      164.000     0.069042630
      165.000     0.049780246
      166.000     0.035094939
      167.000     0.024848290
      168.000     0.017841579
      169.000     0.013058401
      170.000    0.0098454561
      171.000    0.0077367984
      172.000    0.0063232412
      173.000    0.0053063426
      174.000    0.0045414935
      175.000    0.0039618979
      176.000    0.0035094980
      177.000    0.0031370567
      178.000    0.0028190080
      179.000    0.0025434196
      180.000    0.0023088402
      181.000    0.0021148759
      182.000    0.0019500831
      183.000    0.0018031421
      184.000    0.0016731900
      185.000    0.0015582776
      186.000    0.0014447765
      187.000    0.0013192804
      188.000    0.0011813774
      189.000    0.0010399846
      190.000   0.00090829231
      191.000   0.00079891866
      192.000   0.00071553013
      193.000   0.00065132533
      194.000   0.00059647026
      195.000   0.00054358720
      196.000   0.00048882316
      197.000   0.00043287623
      198.000   0.00038049009
      199.000   0.00033658565
      200.000   0.00030286904
      201.000   0.00027766067
      202.000   0.00025771320
      203.000   0.00024031504
      204.000   0.00022404484
      205.000   0.00020844453
      206.000   0.00019351658
      207.000   0.00017928307
      208.000   0.00016572827
      209.000   0.00015286301
      210.000   0.00014070737
      211.000   0.00012926101
      212.000   0.00011850077
      213.000   0.00010851281
      214.000   9.9406825e-05
      215.000   9.1281458e-05
      216.000   8.4175219e-05
      217.000   7.8030294e-05
      218.000   7.2772687e-05
      219.000   6.8302958e-05
      220.000   6.4572494e-05
      221.000   6.1680148e-05
      222.000   5.9682199e-05
      223.000   5.8415982e-05
      224.000   5.7551402e-05
      225.000   5.6713623e-05
      226.000   5.5633096e-05
      227.000   5.4277149e-05
      228.000   5.2797008e-05
      229.000   5.1349256e-05
      230.000   5.0010654e-05
      231.000   4.8793310e-05
      232.000   4.7673526e-05
      233.000   4.6559802e-05
      234.000   4.5326084e-05
      235.000   4.3943997e-05
      236.000   4.2446496e-05
      237.000   4.0863753e-05
      238.000   3.9272622e-05
      239.000   3.7772767e-05
      240.000   3.6405600e-05
      241.000   3.5116980e-05
      242.000   3.3783155e-05
      243.000   3.2333814e-05
      244.000   3.0840714e-05
      245.000   2.9423260e-05
      246.000   2.8143253e-05
      247.000   2.7003269e-05
      248.000   2.5977268e-05
      249.000   2.5025856e-05
      250.000   2.4121900e-05
      251.000   2.3283652e-05
      252.000   2.2529088e-05
      253.000   2.1854468e-05
      254.000   2.1281225e-05
      255.000   2.0848784e-05
      256.000   2.0564228e-05
      257.000   2.0415180e-05
      258.000   2.0396525e-05
      259.000   2.0485522e-05
      260.000   2.0632227e-05
      261.000   2.0777767e-05
      262.000   2.0874777e-05
      263.000   2.0896010e-05
      264.000   2.0841320e-05
      265.000   2.0729098e-05
      266.000   2.0559184e-05
      267.000   2.0308114e-05
      268.000   1.9970415e-05
      269.000   1.9569792e-05
      270.000   1.9134910e-05
      271.000   1.8681383e-05
      272.000   1.8187868e-05
      273.000   1.7616754e-05
      274.000   1.6957330e-05
      275.000   1.6232034e-05
      276.000   1.5489812e-05
      277.000   1.4792566e-05
      278.000   1.4185190e-05
      279.000   1.3682835e-05
      280.000   1.3283870e-05
      281.000   1.2970440e-05
      282.000   1.2720876e-05
      283.000   1.2525447e-05
      284.000   1.2375896e-05
      285.000   1.2251419e-05
      286.000   1.2135143e-05
      287.000   1.2028594e-05
      288.000   1.1950672e-05
      289.000   1.1919508e-05
      290.000   1.1928074e-05
      291.000   1.1955350e-05
      292.000   1.1984403e-05
      293.000   1.2003197e-05
      294.000   1.1998417e-05
      295.000   1.1949380e-05
      296.000   1.1834257e-05
      297.000   1.1650471e-05
      298.000   1.1420817e-05
      299.000   1.1183471e-05
      300.000   1.0963543e-05
      301.000   1.0754857e-05
      302.000   1.0543868e-05
      303.000   1.0329980e-05
      304.000   1.0112333e-05
      305.000   9.8804394e-06
      306.000   9.6247750e-06
      307.000   9.3517174e-06
      308.000   9.0771109e-06
      309.000   8.8112056e-06
      310.000   8.5530983e-06
      311.000   8.2975948e-06
      312.000   8.0505115e-06
      313.000   7.8291023e-06
      314.000   7.6442766e-06
      315.000   7.4912127e-06
      316.000   7.3549704e-06
      317.000   7.2231387e-06
      318.000   7.0995843e-06
      319.000   7.0013230e-06
      320.000   6.9409821e-06
      321.000   6.9178564e-06
