# %ECSV 1.0
# ---
# datatype:
# - {name: H, datatype: float64}
# - {name: H+, datatype: float64}
# - {name: C+, datatype: float64}
# - {name: C+2, datatype: float64}
# - {name: C+3, datatype: float64}
# - {name: N+, datatype: float64}
# - {name: N+2, datatype: float64}
# - {name: N+4, datatype: float64}
# - {name: O, datatype: float64}
# - {name: O+2, datatype: float64}
# - {name: O+5, datatype: float64}
# - {name: O+6, datatype: float64}
# - {name: P+, datatype: float64}
# - {name: Si+, datatype: float64}
# - {name: Si+2, datatype: float64}
# - {name: Si+3, datatype: float64}
# - {name: Si+4, datatype: float64}
# - {name: log_nH, datatype: float64}
# - {name: parameters, datatype: string, subtype: 'float64[1]'}
# schema: astropy-2.0
H H+ C+ C+2 C+3 N+ N+2 N+4 O O+2 O+5 O+6 P+ Si+ Si+2 Si+3 Si+4 log_nH parameters
1023290000000000.0 2.08609e+19 1981660000000.0 719191000000000.0 4700210000000000.0 144370000000.0 119065000000000.0 3534970000000000.0 9255460.0 359090000000000.0 3.36278e+16 2.66736e+16 74238600.0 2741970000.0 296972000000.0 3997400000000.0 217291000000000.0 -5.0 [-5.0]
1023290000000000.0 1.95546e+19 2119050000000.0 742898000000000.0 4737420000000000.0 161080000000.0 128262000000000.0 3439570000000000.0 11327600.0 392359000000000.0 3.13107e+16 2.34186e+16 85892500.0 3093830000.0 333862000000.0 4534380000000.0 230072000000000.0 -4.98 [-4.98]
1023290000000000.0 1.83183e+19 2271170000000.0 767142000000000.0 4768260000000000.0 180124000000.0 138082000000000.0 3337800000000000.0 13900600.0 427930000000000.0 2.90512e+16 2.04816e+16 99500300.0 3487920000.0 374588000000.0 5138530000000.0 243177000000000.0 -4.96 [-4.96]
1023290000000000.0 1.71471e+19 2440380000000.0 792108000000000.0 4792410000000000.0 201888000000.0 148556000000000.0 3229810000000000.0 17100800.0 465847000000000.0 2.68549e+16 1.78383e+16 115439000.0 3930780000.0 419537000000.0 5818140000000.0 256575000000000.0 -4.94 [-4.94]
1023290000000000.0 1.60364e+19 2629970000000.0 818032000000000.0 4809270000000000.0 226830000000.0 159705000000000.0 3115640000000000.0 21087200.0 506075000000000.0 2.47284e+16 1.54668e+16 134166000.0 4430860000.0 469179000000.0 6582640000000.0 270228000000000.0 -4.92 [-4.92]
1023290000000000.0 1.49812e+19 2843840000000.0 845227000000000.0 4818340000000000.0 255496000000.0 171557000000000.0 2995420000000000.0 26061200.0 548591000000000.0 2.26757e+16 1.33448e+16 156261000.0 4999160000.0 524103000000.0 7443170000000.0 284095000000000.0 -4.9 [-4.9]
1023290000000000.0 1.39738e+19 3086980000000.0 874050000000000.0 4818930000000000.0 288589000000.0 184150000000000.0 2868830000000000.0 32293100.0 593368000000000.0 2.0697e+16 1.14473e+16 182436000.0 5649320000.0 585068000000.0 8415470000000.0 298160000000000.0 -4.88 [-4.88]
1023290000000000.0 1.30109e+19 3366700000000.0 905179000000000.0 4810200000000000.0 326949000000.0 197503000000000.0 2735860000000000.0 40122300.0 640267000000000.0 1.87969e+16 9757170000000000.0 213667000.0 6403650000.0 653239000000.0 9515310000000.0 312363000000000.0 -4.86 [-4.86]
1023290000000000.0 1.20887e+19 3692830000000.0 939514000000000.0 4791050000000000.0 371624000000.0 211635000000000.0 2596620000000000.0 49984800.0 689048000000000.0 1.69796e+16 8257550000000000.0 251254000.0 7294520000.0 730308000000.0 10761500000000.0 326629000000000.0 -4.84 [-4.84]
1023290000000000.0 1.12039e+19 4077700000000.0 978154000000000.0 4759970000000000.0 423767000000.0 226516000000000.0 2451110000000000.0 62438500.0 739309000000000.0 1.52485e+16 6933310000000000.0 296931000.0 8370570000.0 818851000000.0 12176200000000.0 340866000000000.0 -4.82 [-4.82]
1023290000000000.0 1.03464e+19 4541650000000.0 1022800000000000.0 4715040000000000.0 485301000000.0 242224000000000.0 2298410000000000.0 78330400.0 790843000000000.0 1.3596e+16 5761910000000000.0 353198000.0 9706030000.0 922924000000.0 13799900000000.0 355044000000000.0 -4.8 [-4.8]
1023290000000000.0 9.51073e+18 5112270000000.0 1075630000000000.0 4652630000000000.0 558240000000.0 258635000000000.0 2138010000000000.0 98734400.0 842597000000000.0 1.2023e+16 4729960000000000.0 423761000.0 11422600000.0 1048850000000.0 15672900000000.0 369026000000000.0 -4.78 [-4.78]
1023290000000000.0 8.68267e+18 5837580000000.0 1140410000000000.0 4567430000000000.0 645949000000.0 275721000000000.0 1967920000000000.0 125385000.0 893478000000000.0 1.05163e+16 3816960000000000.0 514638000.0 13734900000.0 1207750000000.0 17875500000000.0 382753000000000.0 -4.76 [-4.76]
1023290000000000.0 7.84636e+18 6799480000000.0 1222950000000000.0 4450700000000000.0 753117000000.0 293275000000000.0 1785450000000000.0 161008000.0 941326000000000.0 9062740000000000.0 3006750000000000.0 636483000.0 17054000000.0 1419780000000.0 20529700000000.0 396021000000000.0 -4.74 [-4.74]
1023290000000000.0 6.96966e+18 8165340000000.0 1333900000000000.0 4284840000000000.0 887867000000.0 310763000000000.0 1584610000000000.0 210775000.0 981853000000000.0 7628130000000000.0 2277090000000000.0 811532000.0 22289000000.0 1725800000000.0 23885600000000.0 408522000000000.0 -4.72 [-4.72]
1023280000000000.0 5.98525e+18 10344000000000.0 1493610000000000.0 4026900000000000.0 1064600000000.0 326116000000000.0 1353140000000000.0 286628000.0 1004220000000000.0 6130680000000000.0 1597380000000000.0 1098230000.0 31987000000.0 2221810000000.0 28539100000000.0 419252000000000.0 -4.7 [-4.7]
1023290000000000.0 5.27767e+18 12541400000000.0 1626030000000000.0 3787060000000000.0 1225400000000.0 336060000000000.0 1179800000000000.0 370813000.0 1020150000000000.0 5028240000000000.0 1173990000000000.0 1439150000.0 44187100000.0 2749730000000.0 32728900000000.0 423784000000000.0 -4.68 [-4.68]
1023290000000000.0 4.62112e+18 15272000000000.0 1759320000000000.0 3513020000000000.0 1396020000000.0 341166000000000.0 1019330000000000.0 481616000.0 1025360000000000.0 4025240000000000.0 839119000000000.0 1913560000.0 62376300000.0 3397610000000.0 37392300000000.0 423646000000000.0 -4.66 [-4.66]
1023290000000000.0 4.00134e+18 18701500000000.0 1883830000000000.0 3196150000000000.0 1573290000000.0 339847000000000.0 871267000000000.0 633106000.0 1020050000000000.0 3102360000000000.0 574802000000000.0 2603230000.0 90435800000.0 4179890000000.0 42627000000000.0 417689000000000.0 -4.64 [-4.64]
1023290000000000.0 3.42318e+18 22956200000000.0 1985150000000000.0 2842750000000000.0 1751780000000.0 331011000000000.0 737881000000000.0 848264000.0 1008730000000000.0 2273350000000000.0 373103000000000.0 3644080000.0 134127000000.0 5083600000000.0 48362900000000.0 404546000000000.0 -4.62 [-4.62]
1023290000000000.0 2.91032e+18 27845500000000.0 2044650000000000.0 2478790000000000.0 1925700000000.0 315573000000000.0 622222000000000.0 1157640000.0 1000960000000000.0 1587240000000000.0 231256000000000.0 5200710000.0 199265000000.0 6049970000000.0 54192200000000.0 384089000000000.0 -4.6 [-4.6]
1023290000000000.0 2.49486e+18 32662100000000.0 2054930000000000.0 2149150000000000.0 2095720000000.0 298132000000000.0 526623000000000.0 1579630000.0 1005400000000000.0 1092920000000000.0 142838000000000.0 7300200000.0 286214000000.0 6991170000000.0 59372200000000.0 359248000000000.0 -4.58 [-4.58]
1023290000000000.0 2.17799e+18 36784500000000.0 2028380000000000.0 1877790000000000.0 2267410000000.0 282924000000000.0 449405000000000.0 2109320000.0 1020470000000000.0 770456000000000.0 91618300000000.0 9786430000.0 390625000000.0 7864510000000.0 63483400000000.0 333968000000000.0 -4.56 [-4.56]
1023290000000000.0 1.93332e+18 40134600000000.0 1981050000000000.0 1657430000000000.0 2445000000000.0 270699000000000.0 386135000000000.0 2744020000.0 1039880000000000.0 560500000000000.0 61297400000000.0 12533700000.0 510597000000.0 8680200000000.0 66625600000000.0 309974000000000.0 -4.54 [-4.54]
1023290000000000.0 1.73683e+18 42849800000000.0 1922500000000000.0 1474450000000000.0 2630300000000.0 260731000000000.0 333171000000000.0 3492590000.0 1059470000000000.0 418226000000000.0 42362300000000.0 15500000000.0 647146000000.0 9455590000000.0 69016200000000.0 287496000000000.0 -4.52 [-4.52]
1023290000000000.0 1.57352e+18 45062400000000.0 1857720000000000.0 1319020000000000.0 2823800000000.0 252281000000000.0 288170000000000.0 4370090000.0 1077220000000000.0 317955000000000.0 29965700000000.0 18673900000.0 802134000000.0 10200000000000.0 70813700000000.0 266420000000000.0 -4.5 [-4.5]
1023280000000000.0 1.4343e+18 46862400000000.0 1789420000000000.0 1184760000000000.0 3025110000000.0 244828000000000.0 249591000000000.0 5394000000.0 1092230000000000.0 245120000000000.0 21559900000000.0 22046800000.0 977429000000.0 10915800000000.0 72119200000000.0 246607000000000.0 -4.48 [-4.48]
1023290000000000.0 1.3139e+18 48318500000000.0 1719670000000000.0 1067700000000000.0 3233810000000.0 238098000000000.0 216438000000000.0 6580950000.0 1104120000000000.0 191171000000000.0 15746600000000.0 25599200000.0 1174160000000.0 11602600000000.0 73001400000000.0 228031000000000.0 -4.46 [-4.46]
1023290000000000.0 1.20826e+18 49486300000000.0 1649600000000000.0 964667000000000.0 3449580000000.0 231847000000000.0 187834000000000.0 7952800000.0 1112790000000000.0 150449000000000.0 11637100000000.0 29318500000.0 1393910000000.0 12258600000000.0 73512500000000.0 210589000000000.0 -4.44 [-4.44]
1023290000000000.0 1.11485e+18 50410200000000.0 1580250000000000.0 873534000000000.0 3671610000000.0 225960000000000.0 163150000000000.0 9528320000.0 1118280000000000.0 119347000000000.0 8689260000000.0 33178900000.0 1637330000000.0 12881400000000.0 73692900000000.0 194257000000000.0 -4.42 [-4.42]
1023290000000000.0 1.03151e+18 51127200000000.0 1512130000000000.0 792447000000000.0 3899400000000.0 220314000000000.0 141801000000000.0 11332400000.0 1120730000000000.0 95295300000000.0 6543130000000.0 37160100000.0 1905500000000.0 13468600000000.0 73576000000000.0 178962000000000.0 -4.4 [-4.4]
1023280000000000.0 9.56402e+17 51659300000000.0 1445300000000000.0 719812000000000.0 4132920000000.0 214788000000000.0 123264000000000.0 13398600000.0 1120310000000000.0 76456500000000.0 4957690000000.0 41245900000.0 2200100000000.0 14016600000000.0 73183400000000.0 164607000000000.0 -4.38 [-4.38]
1023290000000000.0 8.88633e+17 52041500000000.0 1380440000000000.0 654720000000000.0 4371220000000.0 209382000000000.0 107204000000000.0 15750000000.0 1117200000000000.0 61641200000000.0 3779940000000.0 45401200000.0 2520800000000.0 14523500000000.0 72544100000000.0 151202000000000.0 -4.36 [-4.36]
1023290000000000.0 8.271e+17 52293500000000.0 1317630000000000.0 596110000000000.0 4614160000000.0 204041000000000.0 93254800000000.0 18422100000.0 1111580000000000.0 49888500000000.0 2896270000000.0 49601900000.0 2868560000000.0 14987500000000.0 71680500000000.0 138677000000000.0 -4.34 [-4.34]
1023290000000000.0 7.70934e+17 52427500000000.0 1256840000000000.0 543161000000000.0 4861080000000.0 198721000000000.0 81119900000000.0 21453700000.0 1103600000000000.0 40499800000000.0 2227920000000.0 53819400000.0 3244050000000.0 15405700000000.0 70610300000000.0 126976000000000.0 -4.32 [-4.32]
1023290000000000.0 7.19594e+17 52467500000000.0 1198330000000000.0 495274000000000.0 5109720000000.0 193429000000000.0 70572400000000.0 24882000000.0 1093440000000000.0 32975300000000.0 1720300000000.0 58022500000.0 3646730000000.0 15776800000000.0 69355000000000.0 116079000000000.0 -4.3 [-4.3]
1023290000000000.0 6.72544e+17 52428300000000.0 1142180000000000.0 451895000000000.0 5360760000000.0 188156000000000.0 61404300000000.0 28744500000.0 1081270000000000.0 26920500000000.0 1332910000000.0 62180900000.0 4075980000000.0 16099200000000.0 67933300000000.0 105950000000000.0 -4.28 [-4.28]
1023290000000000.0 6.2931e+17 52321800000000.0 1088350000000000.0 412526000000000.0 5613780000000.0 182893000000000.0 53431300000000.0 33085300000.0 1067250000000000.0 22028200000000.0 1035810000000.0 66266300000.0 4531150000000.0 16371300000000.0 66362400000000.0 96548700000000.0 -4.26 [-4.26]
1023290000000000.0 5.89406e+17 52153600000000.0 1036690000000000.0 376692000000000.0 5868600000000.0 177623000000000.0 46483600000000.0 37961500000.0 1051500000000000.0 18053800000000.0 806620000000.0 70254700000.0 5012220000000.0 16591500000000.0 64654900000000.0 87819200000000.0 -4.24 [-4.24]
1023290000000000.0 5.5265e+17 51945500000000.0 987416000000000.0 344100000000000.0 6124080000000.0 172382000000000.0 40448600000000.0 43405700000.0 1034230000000000.0 14827900000000.0 629863000000.0 74119900000.0 5515790000000.0 16760300000000.0 62835200000000.0 79758100000000.0 -4.22 [-4.22]
1023290000000000.0 5.18608e+17 51693000000000.0 940237000000000.0 314365000000000.0 6380170000000.0 167143000000000.0 35190200000000.0 49488500000.0 1015520000000000.0 12193200000000.0 492628000000.0 77839100000.0 6041810000000.0 16875400000000.0 60911800000000.0 72301500000000.0 -4.2 [-4.2]
1023290000000000.0 4.87055e+17 51406800000000.0 895157000000000.0 287224000000000.0 6636350000000.0 161921000000000.0 30611700000000.0 56265800000.0 995522000000000.0 10038300000000.0 385890000000.0 81392800000.0 6587810000000.0 16937100000000.0 58901600000000.0 65422100000000.0 -4.18 [-4.18]
1023290000000000.0 4.5772e+17 51087400000000.0 852026000000000.0 262412000000000.0 6892390000000.0 156710000000000.0 26620400000000.0 63810300000.0 974335000000000.0 8269910000000.0 302571000000.0 84760300000.0 7152100000000.0 16944100000000.0 56815700000000.0 59078100000000.0 -4.16 [-4.16]
1023290000000000.0 4.30458e+17 50746000000000.0 810881000000000.0 239732000000000.0 7147550000000.0 151534000000000.0 23146600000000.0 72178300000.0 952118000000000.0 6818780000000.0 237518000000.0 87928500000.0 7730890000000.0 16898100000000.0 54671900000000.0 53248500000000.0 -4.14 [-4.14]
1023290000000000.0 4.05062e+17 50383600000000.0 771593000000000.0 218980000000000.0 7401580000000.0 146391000000000.0 20120700000000.0 81450100000.0 928968000000000.0 5625000000000.0 186588000000.0 90882900000.0 8321570000000.0 16799000000000.0 52481600000000.0 47897100000000.0 -4.12 [-4.12]
1023290000000000.0 3.81364e+17 50001900000000.0 734064000000000.0 199977000000000.0 7654240000000.0 141287000000000.0 17484400000000.0 91707700000.0 904984000000000.0 4641270000000.0 146641000000.0 93611900000.0 8920950000000.0 16647300000000.0 50256500000000.0 42991900000000.0 -4.1 [-4.1]
1023290000000000.0 3.59239e+17 49605600000000.0 698255000000000.0 182576000000000.0 7905020000000.0 136234000000000.0 15189100000000.0 103028000000.0 880294000000000.0 3830300000000.0 115292000000.0 96107900000.0 9524860000000.0 16445000000000.0 48010600000000.0 38507900000000.0 -4.08 [-4.08]
1023290000000000.0 3.38521e+17 49190000000000.0 664010000000000.0 166624000000000.0 8153840000000.0 131226000000000.0 13188000000000.0 115521000000.0 854950000000000.0 3160040000000.0 90625200000.0 98358500000.0 10130400000000.0 16192200000000.0 45751300000000.0 34410300000000.0 -4.06 [-4.06]
1023290000000000.0 3.19116e+17 48760100000000.0 631298000000000.0 152004000000000.0 8400370000000.0 126278000000000.0 11445100000000.0 129277000000.0 829073000000000.0 2606220000000.0 71221000000.0 100361000000.0 10733100000000.0 15891600000000.0 43491600000000.0 30677200000000.0 -4.04 [-4.04]
1023290000000000.0 3.0094e+17 48321200000000.0 600101000000000.0 138594000000000.0 8644250000000.0 121402000000000.0 9926880000000.0 144405000000.0 802872000000000.0 2148420000000.0 55951800000.0 102120000000.0 11329700000000.0 15548900000000.0 41251100000000.0 27276700000000.0 -4.02 [-4.02]
1023290000000000.0 2.83901e+17 47875900000000.0 570360000000000.0 126282000000000.0 8885520000000.0 116606000000000.0 8603800000000.0 161033000000.0 776490000000000.0 1769660000000.0 43927300000.0 103637000000.0 11917100000000.0 15168100000000.0 39042400000000.0 24179800000000.0 -4.0 [-4.0]
1023290000000000.0 2.679e+17 47419800000000.0 541956000000000.0 114996000000000.0 9123440000000.0 111887000000000.0 7452740000000.0 179252000000.0 749827000000000.0 1456560000000.0 34463900000.0 104905000000.0 12488000000000.0 14747500000000.0 36860700000000.0 21379500000000.0 -3.98 [-3.98]
1023290000000000.0 2.52865e+17 46955100000000.0 514838000000000.0 104652000000000.0 9357820000000.0 107253000000000.0 6451880000000.0 199182000000.0 722975000000000.0 1197840000000.0 27018700000.0 105928000000.0 13037700000000.0 14291000000000.0 34715300000000.0 18854800000000.0 -3.96 [-3.96]
1023290000000000.0 2.38731e+17 46482600000000.0 488951000000000.0 95174400000000.0 9588270000000.0 102709000000000.0 5582070000000.0 220943000000.0 696022000000000.0 984141000000.0 21164000000.0 106710000000.0 13561400000000.0 13802800000000.0 32614800000000.0 16585000000000.0 -3.94 [-3.94]
1023290000000000.0 2.25437e+17 46003700000000.0 464247000000000.0 86492200000000.0 9814500000000.0 98260500000000.0 4826570000000.0 244661000000.0 669054000000000.0 807738000000.0 16562800000.0 107260000000.0 14054900000000.0 13287200000000.0 30567100000000.0 14550500000000.0 -3.92 [-3.92]
1023290000000000.0 2.12928e+17 45519400000000.0 440680000000000.0 78542400000000.0 10036100000000.0 93912300000000.0 4170780000000.0 270466000000.0 642154000000000.0 662232000000.0 12949500000.0 107584000000.0 14513900000000.0 12749000000000.0 28579500000000.0 12732600000000.0 -3.9 [-3.9]
1023290000000000.0 2.01158e+17 45032000000000.0 418211000000000.0 71267000000000.0 10252800000000.0 89670400000000.0 3602010000000.0 298481000000.0 615413000000000.0 542344000000.0 10114900000.0 107694000000.0 14934600000000.0 12193000000000.0 26658800000000.0 11113500000000.0 -3.88 [-3.88]
1023290000000000.0 1.90086e+17 44543000000000.0 396808000000000.0 64615500000000.0 10464100000000.0 85540900000000.0 3109260000000.0 328823000000.0 588923000000000.0 443700000000.0 7894250000.0 107602000000.0 15313600000000.0 11624600000000.0 24811400000000.0 9676790000000.0 -3.86 [-3.86]
1023290000000000.0 1.79661e+17 44054400000000.0 376412000000000.0 58532300000000.0 10669800000000.0 81524600000000.0 2682330000000.0 361635000000.0 562739000000000.0 362569000000.0 6155060000.0 107320000000.0 15648300000000.0 11048100000000.0 23040400000000.0 8405170000000.0 -3.84 [-3.84]
1023290000000000.0 1.6985e+17 43567800000000.0 356998000000000.0 52975700000000.0 10869500000000.0 77626700000000.0 2312880000000.0 397029000000.0 536949000000000.0 295950000000.0 4795030000.0 106863000000.0 15936400000000.0 10468700000000.0 21350600000000.0 7283840000000.0 -3.82 [-3.82]
1023290000000000.0 1.60617e+17 43084800000000.0 338526000000000.0 47903800000000.0 11062700000000.0 73850100000000.0 1993410000000.0 435119000000.0 511624000000000.0 241317000000.0 3732670000.0 106244000000.0 16176300000000.0 9890950000000.0 19744700000000.0 6298280000000.0 -3.8 [-3.8]
1023290000000000.0 1.5193e+17 42607400000000.0 320963000000000.0 43278600000000.0 11249100000000.0 70197600000000.0 1717380000000.0 476013000000.0 486830000000000.0 196573000000.0 2903760000.0 105477000000.0 16367300000000.0 9319220000000.0 18224700000000.0 5434890000000.0 -3.78 [-3.78]
1023290000000000.0 1.4376e+17 42137600000000.0 304276000000000.0 39064700000000.0 11428400000000.0 66671700000000.0 1479080000000.0 519803000000.0 462633000000000.0 159981000000.0 2257760000.0 104579000000.0 16509200000000.0 8757590000000.0 16791900000000.0 4681040000000.0 -3.76 [-3.76]
1023290000000000.0 1.36074e+17 41674700000000.0 288424000000000.0 35229000000000.0 11600200000000.0 63272100000000.0 1273430000000.0 566595000000.0 439077000000000.0 130080000000.0 1754590000.0 103561000000.0 16602600000000.0 8209220000000.0 15445800000000.0 4024560000000.0 -3.74 [-3.74]
1023290000000000.0 1.28844e+17 41221200000000.0 273373000000000.0 31740900000000.0 11764200000000.0 59999500000000.0 1096080000000.0 616466000000.0 416210000000000.0 105682000000.0 1363080000.0 102437000000.0 16648800000000.0 7677230000000.0 14185700000000.0 3454610000000.0 -3.72 [-3.72]
1023290000000000.0 1.22045e+17 40777200000000.0 259090000000000.0 28572500000000.0 11920100000000.0 56853600000000.0 943213000000.0 669487000000.0 394072000000000.0 85793900000.0 1058660000.0 101220000000.0 16649400000000.0 7164090000000.0 13010100000000.0 2961110000000.0 -3.7 [-3.7]
1023290000000000.0 1.15652e+17 40343800000000.0 245541000000000.0 25697600000000.0 12067600000000.0 53834000000000.0 811523000000.0 725711000000.0 372694000000000.0 69601700000.0 822118000.0 99922000000.0 16606800000000.0 6671850000000.0 11916700000000.0 2534900000000.0 -3.68 [-3.68]
1023290000000000.0 1.09638e+17 39920300000000.0 232688000000000.0 23091500000000.0 12206500000000.0 50938100000000.0 698089000000.0 785207000000.0 352093000000000.0 56427100000.0 638365000.0 98553200000.0 16523600000000.0 6201810000000.0 10902500000000.0 2167560000000.0 -3.66 [-3.66]
1023290000000000.0 1.03985e+17 39508200000000.0 220507000000000.0 20732500000000.0 12336400000000.0 48166200000000.0 600473000000.0 847972000000.0 332302000000000.0 45724200000.0 495762000.0 97126100000.0 16402700000000.0 5755410000000.0 9964780000000.0 1851810000000.0 -3.64 [-3.64]
1023290000000000.0 9.86691e+16 39106600000000.0 208962000000000.0 18599300000000.0 12457000000000.0 45514700000000.0 516462000000.0 914047000000.0 313321000000000.0 37032900000.0 385078000.0 95648600000.0 16247500000000.0 5333040000000.0 9099640000000.0 1580820000000.0 -3.62 [-3.62]
1023290000000000.0 9.3669e+16 38715100000000.0 198020000000000.0 16672400000000.0 12568300000000.0 42980900000000.0 444174000000.0 983437000000.0 295154000000000.0 29980200000.0 299178000.0 94128700000.0 16061000000000.0 4934900000000.0 8303190000000.0 1348620000000.0 -3.6 [-3.6]
1023290000000000.0 8.89645e+16 38333100000000.0 187650000000000.0 14933500000000.0 12670000000000.0 40561200000000.0 381977000000.0 1056150000000.0 277797000000000.0 24260000000.0 232509000.0 92573200000.0 15846800000000.0 4560830000000.0 7571320000000.0 1149940000000.0 -3.58 [-3.58]
1023290000000000.0 8.45403e+16 37960400000000.0 177829000000000.0 13367000000000.0 12761900000000.0 38254200000000.0 328501000000.0 1132130000000.0 261253000000000.0 19626000000.0 180789000.0 90990500000.0 15608300000000.0 4210730000000.0 6900440000000.0 980254000000.0 -3.56 [-3.56]
1023290000000000.0 8.03728e+16 37595500000000.0 168517000000000.0 11955600000000.0 12843800000000.0 36053400000000.0 282472000000.0 1211420000000.0 245490000000000.0 15869700000.0 140616000.0 89383500000.0 15348300000000.0 3883520000000.0 6285620000000.0 835317000000.0 -3.54 [-3.54]
1023290000000000.0 7.64474e+16 37237900000000.0 159691000000000.0 10685700000000.0 12915600000000.0 33956200000000.0 242871000000.0 1293950000000.0 230499000000000.0 12827400000.0 109417000.0 87757700000.0 15070200000000.0 3578570000000.0 5723170000000.0 711677000000.0 -3.52 [-3.52]
1023290000000000.0 7.27483e+16 36886400000000.0 151325000000000.0 9544340000000.0 12977000000000.0 31958800000000.0 208799000000.0 1379680000000.0 216261000000000.0 10364300000.0 85178800.0 86117400000.0 14776700000000.0 3294940000000.0 5209200000000.0 606279000000.0 -3.5 [-3.5]
1023290000000000.0 6.9261e+16 36540100000000.0 143394000000000.0 8519410000000.0 13028000000000.0 30057800000000.0 179487000000.0 1468550000000.0 202755000000000.0 8371070000.0 66343000.0 84466500000.0 14470700000000.0 3031680000000.0 4740010000000.0 516484000000.0 -3.48 [-3.48]
1023290000000000.0 6.59713e+16 36198200000000.0 135874000000000.0 7599760000000.0 13068500000000.0 28249200000000.0 154266000000.0 1560480000000.0 189957000000000.0 6758440000.0 0.0 82808300000.0 14154600000000.0 2787680000000.0 4312010000000.0 440010000000.0 -3.46 [-3.46]
1023290000000000.0 6.28662e+16 35859600000000.0 128742000000000.0 6775250000000.0 13098100000000.0 26529500000000.0 132564000000.0 1655400000000.0 177842000000000.0 5454130000.0 0.0 81145600000.0 13830700000000.0 2561830000000.0 3921810000000.0 374897000000.0 -3.44 [-3.44]
1023290000000000.0 5.99333e+16 35523500000000.0 121978000000000.0 6036560000000.0 13117000000000.0 24894900000000.0 113889000000.0 1753210000000.0 166383000000000.0 4399510000.0 0.0 79481000000.0 13500900000000.0 2353030000000.0 3566270000000.0 319464000000.0 -3.42 [-3.42]
1023290000000000.0 5.71614e+16 35188900000000.0 115561000000000.0 5375250000000.0 13125000000000.0 23342000000000.0 97818900000.0 1853820000000.0 155553000000000.0 3547040000.0 0.0 77816600000.0 13167300000000.0 2160180000000.0 3242430000000.0 272276000000.0 -3.4 [-3.4]
1023290000000000.0 5.45396e+16 34855000000000.0 109471000000000.0 4783590000000.0 13121800000000.0 21867500000000.0 83989400000.0 1957100000000.0 145326000000000.0 2858190000.0 0.0 76154500000.0 12831200000000.0 1982200000000.0 2947540000000.0 232105000000.0 -3.38 [-3.38]
1023290000000000.0 5.2058e+16 34520700000000.0 103691000000000.0 4254590000000.0 13107600000000.0 20468000000000.0 72088600000.0 2062950000000.0 135675000000000.0 2301740000.0 0.0 74496400000.0 12494300000000.0 1818060000000.0 2679080000000.0 197905000000.0 -3.36 [-3.36]
1023290000000000.0 4.97076e+16 34185400000000.0 98203800000000.0 3781910000000.0 13082100000000.0 19140400000000.0 61848200000.0 2171210000000.0 126573000000000.0 1852440000.0 0.0 72844100000.0 12157800000000.0 1666780000000.0 2434730000000.0 168785000000.0 -3.34 [-3.34]
1023290000000000.0 4.74798e+16 33848200000000.0 92993600000000.0 3359810000000.0 13045400000000.0 17881900000000.0 53037500000.0 2281760000000.0 117994000000000.0 1489790000.0 0.0 71198900000.0 11822700000000.0 1527430000000.0 2212340000000.0 143985000000.0 -3.32 [-3.32]
1023290000000000.0 4.53665e+16 33508600000000.0 88045100000000.0 2983090000000.0 12997400000000.0 16689300000000.0 45457600000.0 2394440000000.0 109913000000000.0 1197220000.0 0.0 69562300000.0 11489900000000.0 1399100000000.0 2009940000000.0 122861000000.0 -3.3 [-3.3]
1023290000000000.0 4.33603e+16 33165600000000.0 83344500000000.0 2647050000000.0 12938000000000.0 15560200000000.0 38938200000.0 2509080000000.0 102305000000000.0 961306000.0 0.0 67935300000.0 11160300000000.0 1280980000000.0 1825750000000.0 104862000000.0 -3.28 [-3.28]
1023290000000000.0 4.14544e+16 32818700000000.0 78878500000000.0 2347470000000.0 12867300000000.0 14491800000000.0 33332100000.0 2625520000000.0 95146200000000.0 771186000.0 0.0 66319200000.0 10834500000000.0 1172280000000.0 1658120000000.0 89522000000.0 -3.26 [-3.26]
1023290000000000.0 3.96423e+16 32467200000000.0 74634600000000.0 2080530000000.0 12785200000000.0 13481500000000.0 28512800000.0 2743590000000.0 88413700000000.0 618066000.0 0.0 64714700000.0 10513100000000.0 1072270000000.0 1505560000000.0 76444600000.0 -3.24 [-3.24]
1023290000000000.0 3.79164e+16 32109600000000.0 70597300000000.0 1842640000000.0 12691600000000.0 12526200000000.0 24368200000.0 2863180000000.0 82079300000000.0 494745000.0 0.0 63120800000.0 10196000000000.0 980200000000.0 1366590000000.0 65284800000.0 -3.22 [-3.22]
1023290000000000.0 3.62747e+16 31747000000000.0 66763800000000.0 1631060000000.0 12587000000000.0 11625400000000.0 20811500000.0 2983930000000.0 76134900000000.0 395655000.0 0.0 61542400000.0 9884550000000.0 895627000000.0 1240230000000.0 55773400000.0 -3.2 [-3.2]
1023290000000000.0 3.47103e+16 31378000000000.0 63119400000000.0 1442840000000.0 12471200000000.0 10775800000000.0 17757900000.0 3105750000000.0 70553600000000.0 316030000.0 0.0 59978200000.0 9578520000000.0 817874000000.0 1125230000000.0 47657600000.0 -3.18 [-3.18]
1023290000000000.0 3.32134e+16 31000900000000.0 59643000000000.0 1275050000000.0 12343500000000.0 9973260000000.0 15130900000.0 3228610000000.0 65301100000000.0 251973000.0 0.0 58423600000.0 9277040000000.0 746212000000.0 1020260000000.0 40715200000.0 -3.16 [-3.16]
1023290000000000.0 3.17945e+16 30619000000000.0 56360800000000.0 1126780000000.0 12206900000000.0 9222270000000.0 12890900000.0 3351720000000.0 60405400000000.0 200841000.0 0.0 56895000000.0 8983640000000.0 680741000000.0 925280000000.0 34816900000.0 -3.14 [-3.14]
1023290000000000.0 3.04348e+16 30228100000000.0 53229400000000.0 994708000000.0 12058700000000.0 8514300000000.0 10965700000.0 3475480000000.0 55803200000000.0 159770000.0 0.0 55377400000.0 8695110000000.0 620424000000.0 838579000000.0 29767100000.0 -3.12 [-3.12]
1023290000000000.0 2.91353e+16 29829100000000.0 50252200000000.0 877480000000.0 11900100000000.0 7849580000000.0 9317360000.0 3599490000000.0 51493000000000.0 126903000.0 0.0 53876400000.0 8412620000000.0 565031000000.0 759672000000.0 25453500000.0 -3.1 [-3.1]
1023290000000000.0 2.78875e+16 29420000000000.0 47410600000000.0 773171000000.0 11730100000000.0 7224290000000.0 7902970000.0 3723760000000.0 47445800000000.0 100571000.0 0.0 52386500000.0 8135020000000.0 514017000000.0 687635000000.0 21758400000.0 -3.08 [-3.08]
1023290000000000.0 2.66982e+16 29003800000000.0 44720400000000.0 681008000000.0 11551600000000.0 6640760000000.0 6698280000.0 3847620000000.0 43675300000000.0 79618100.0 0.0 50920300000.0 7864740000000.0 467371000000.0 622322000000.0 18610300000.0 -3.06 [-3.06]
1023290000000000.0 2.55594e+16 28578900000000.0 42163800000000.0 599359000000.0 11363700000000.0 6095180000000.0 5669810000.0 3971080000000.0 40153200000000.0 62920100.0 0.0 49472500000.0 7600580000000.0 424595000000.0 562913000000.0 15919700000.0 -3.04 [-3.04]
1023290000000000.0 2.44731e+16 28147200000000.0 39744900000000.0 527304000000.0 11168200000000.0 5587570000000.0 4795460000.0 4093710000000.0 36878100000000.0 49667700.0 0.0 48049800000.0 7343750000000.0 385524000000.0 509070000000.0 13626300000.0 -3.02 [-3.02]
1023290000000000.0 2.34273e+16 27704600000000.0 37437400000000.0 463339000000.0 10963000000000.0 5112830000000.0 4048100000.0 4215740000000.0 33814000000000.0 39106900.0 0.0 46640600000.0 7091860000000.0 349608000000.0 459943000000.0 11659400000.0 -3.0 [-3.0]
1023290000000000.0 2.2424e+16 27253400000000.0 35245100000000.0 406769000000.0 10749700000000.0 4670950000000.0 3412110000.0 4336770000000.0 30960000000000.0 30730000.0 0.0 45251100000.0 6845960000000.0 316729000000.0 415284000000.0 9977380000.0 -2.98 [-2.98]
1023290000000000.0 2.14627e+16 26794200000000.0 33166500000000.0 356846000000.0 10529400000000.0 4260890000000.0 2872290000.0 4456510000000.0 28308400000000.0 24103900.0 0.0 43884000000.0 6606430000000.0 286688000000.0 374754000000.0 8540290000.0 -2.96 [-2.96]
1023290000000000.0 2.05352e+16 26324300000000.0 31183800000000.0 312605000000.0 10300700000000.0 3879170000000.0 2412580000.0 4575070000000.0 25835500000000.0 18852100.0 0.0 42531000000.0 6371620000000.0 259126000000.0 337800000000.0 7307150000.0 -2.94 [-2.94]
1023290000000000.0 1.96494e+16 25849000000000.0 29312700000000.0 273747000000.0 10067500000000.0 3527310000000.0 2024720000.0 4691760000000.0 23551900000000.0 14725800.0 0.0 41207000000.0 6144050000000.0 234071000000.0 304406000000.0 6256450000.0 -2.92 [-2.92]
1023290000000000.0 1.87991e+16 25366600000000.0 27539400000000.0 239512000000.0 9829040000000.0 3202370000000.0 1696700000.0 4806620000000.0 21437700000000.0 0.0 0.0 39906100000.0 5922520000000.0 211228000000.0 274125000000.0 5358030000.0 -2.9 [-2.9]
1023290000000000.0 1.79829e+16 24877800000000.0 25859800000000.0 209379000000.0 9586010000000.0 2902890000000.0 1419750000.0 4919450000000.0 19483800000000.0 0.0 0.0 38629100000.0 5707010000000.0 190426000000.0 246687000000.0 4589820000.0 -2.88 [-2.88]
1023290000000000.0 1.71994e+16 24383400000000.0 24270000000000.0 182881000000.0 9339220000000.0 2627430000000.0 1186290000.0 5030080000000.0 17681000000000.0 0.0 0.0 37376800000.0 5497500000000.0 171505000000.0 221842000000.0 3932930000.0 -2.86 [-2.86]
1023290000000000.0 1.64473e+16 23884100000000.0 22766200000000.0 159603000000.0 9089470000000.0 2374590000000.0 989817000.0 5138340000000.0 16020600000000.0 0.0 0.0 36150100000.0 5293990000000.0 154315000000.0 199365000000.0 3371220000.0 -2.84 [-2.84]
1023290000000000.0 1.57255e+16 23380800000000.0 21344900000000.0 139174000000.0 8837550000000.0 2143000000000.0 824752000.0 5244050000000.0 14494300000000.0 0.0 0.0 34949700000.0 5096460000000.0 138720000000.0 179046000000.0 2890900000.0 -2.82 [-2.82]
1023290000000000.0 1.50329e+16 22874600000000.0 20002400000000.0 121263000000.0 8584270000000.0 1931300000000.0 686304000.0 5347080000000.0 13093900000000.0 0.0 0.0 33776300000.0 4904890000000.0 124590000000.0 160694000000.0 2480140000.0 -2.8 [-2.8]
1023290000000000.0 1.43674e+16 22364700000000.0 18733900000000.0 105562000000.0 8329860000000.0 1737940000000.0 570252000.0 5447420000000.0 11809500000000.0 0.0 0.0 32628200000.0 4718930000000.0 111783000000.0 144113000000.0 2128430000.0 -2.78 [-2.78]
1023290000000000.0 1.3731e+16 21856300000000.0 17540300000000.0 91846200000.0 8076560000000.0 1562290000000.0 473418000.0 5544580000000.0 10638600000000.0 0.0 0.0 31512300000.0 4539440000000.0 100239000000.0 129196000000.0 1828190000.0 -2.76 [-2.76]
1023290000000000.0 1.31203e+16 21347000000000.0 16414600000000.0 79849300000.0 7823870000000.0 1402560000000.0 392529000.0 5638750000000.0 9569450000000.0 0.0 0.0 30423800000.0 4365610000000.0 89810300000.0 115748000000.0 1571110000.0 -2.74 [-2.74]
1023290000000000.0 1.2535e+16 20838700000000.0 15354900000000.0 69374900000.0 7572870000000.0 1257730000000.0 325122000.0 5729770000000.0 8596160000000.0 0.0 0.0 29364700000.0 4197640000000.0 80409600000.0 103646000000.0 1351120000.0 -2.72 [-2.72]
1023290000000000.0 1.19739e+16 20331800000000.0 14357400000000.0 60232900000.0 7323940000000.0 1126560000000.0 269000000.0 5817590000000.0 7711150000000.0 0.0 0.0 28334400000.0 4035310000000.0 71940400000.0 92757300000.0 1162710000.0 -2.7 [-2.7]
1023290000000000.0 1.14365e+16 19828300000000.0 13418900000000.0 52261100000.0 7077920000000.0 1008020000000.0 222354000.0 5902010000000.0 6908540000000.0 0.0 0.0 27334000000.0 3878670000000.0 64325300000.0 82973800000.0 1001350000.0 -2.68 [-2.68]
1023290000000000.0 1.09226e+16 19329100000000.0 12538200000000.0 45325500000.0 6835660000000.0 901179000000.0 183672000.0 5983100000000.0 6182370000000.0 0.0 0.0 26364700000.0 3727840000000.0 57489500000.0 74198600000.0 863203000.0 -2.66 [-2.66]
1023290000000000.0 1.0431e+16 18834700000000.0 11711700000000.0 39292700000.0 6597510000000.0 804991000000.0 151615000.0 6060750000000.0 5526370000000.0 0.0 0.0 25425800000.0 3582600000000.0 51357500000.0 66329500000.0 744812000.0 -2.64 [-2.64]
1023290000000000.0 9961670000000000.0 18346300000000.0 10938300000000.0 34057000000.0 6364290000000.0 718627000000.0 125108000.0 6134980000000.0 4935430000000.0 0.0 0.0 24518600000.0 3443100000000.0 45868100000.0 59286400000.0 643391000.0 -2.62 [-2.62]
1023290000000000.0 9512130000000000.0 17863400000000.0 10211900000000.0 29501800000.0 6135470000000.0 640978000000.0 103154000.0 6205780000000.0 4402460000000.0 0.0 0.0 23639700000.0 3308690000000.0 40945200000.0 52969000000.0 556235000.0 -2.6 [-2.6]
1023290000000000.0 9081910000000000.0 17386500000000.0 9530710000000.0 25544700000.0 5911520000000.0 571297000000.0 84998700.0 6273220000000.0 3922750000000.0 0.0 0.0 22789400000.0 3179360000000.0 36536000000.0 47309500000.0 481325000.0 -2.58 [-2.58]
1023290000000000.0 8672080000000000.0 16918600000000.0 8894880000000.0 22119700000.0 5693770000000.0 509029000000.0 70039900.0 6337210000000.0 3493030000000.0 0.0 0.0 21971000000.0 3055540000000.0 32602500000.0 42258200000.0 417064000.0 -2.56 [-2.56]
1023290000000000.0 8280010000000000.0 16458200000000.0 8298700000000.0 19146000000.0 5481360000000.0 453267000000.0 57684400.0 6397740000000.0 3107360000000.0 0.0 0.0 21180500000.0 2936510000000.0 29084300000.0 37736800000.0 361728000.0 -2.54 [-2.54]
1023290000000000.0 7905590000000000.0 16006100000000.0 7741240000000.0 16569800000.0 5274820000000.0 403441000000.0 47498400.0 6454980000000.0 2762030000000.0 0.0 0.0 20418500000.0 2822340000000.0 25942600000.0 33696500000.0 314084000.0 -2.52 [-2.52]
1023290000000000.0 7548190000000000.0 15562900000000.0 7220210000000.0 14338900000.0 5074310000000.0 358966000000.0 39106200.0 6508900000000.0 2453280000000.0 0.0 0.0 19684600000.0 2712900000000.0 23139300000.0 30088100000.0 273031000.0 -2.5 [-2.5]
1023290000000000.0 7207110000000000.0 15129100000000.0 6733440000000.0 12407800000.0 4879930000000.0 319303000000.0 32195100.0 6559580000000.0 2177580000000.0 0.0 0.0 18978200000.0 2608040000000.0 20639100000.0 26866800000.0 237621000.0 -2.48 [-2.48]
1023290000000000.0 6881680000000000.0 14704700000000.0 6278870000000.0 10737000000.0 4691710000000.0 283959000000.0 26506000.0 6607060000000.0 1931650000000.0 0.0 0.0 18298800000.0 2507640000000.0 18410200000.0 23992000000.0 207050000.0 -2.46 [-2.46]
1023290000000000.0 6571240000000000.0 14290200000000.0 5854540000000.0 9291730000.0 4509680000000.0 252485000000.0 21824200.0 6651410000000.0 1712530000000.0 0.0 0.0 17645600000.0 2411530000000.0 16423900000.0 21427200000.0 180628000.0 -2.44 [-2.44]
1023290000000000.0 6275280000000000.0 13885700000000.0 5458760000000.0 8042330000.0 4333890000000.0 224484000000.0 17973200.0 6692720000000.0 1517540000000.0 0.0 0.0 17018300000.0 2319610000000.0 14654800000.0 19140300000.0 157774000.0 -2.42 [-2.42]
1023290000000000.0 5992920000000000.0 13491200000000.0 5089370000000.0 6961740000.0 4164140000000.0 199569000000.0 14804200.0 6731030000000.0 1344070000000.0 0.0 0.0 16415600000.0 2231650000000.0 13078600000.0 17100200000.0 137975000.0 -2.4 [-2.4]
1023290000000000.0 5723850000000000.0 13107200000000.0 4745030000000.0 6027920000.0 4000540000000.0 177428000000.0 12198300.0 6766390000000.0 1190010000000.0 0.0 0.0 15837500000.0 2147590000000.0 11675500000.0 15281900000.0 120813000.0 -2.38 [-2.38]
1023290000000000.0 5467290000000000.0 12733400000000.0 4423960000000.0 5220660000.0 3842860000000.0 157747000000.0 10054200.0 6798950000000.0 1053190000000.0 0.0 0.0 15282700000.0 2067230000000.0 10425900000.0 13660500000.0 105915000.0 -2.36 [-2.36]
1023290000000000.0 5223640000000000.0 12371100000000.0 4125860000000.0 4524760000.0 3691630000000.0 140306000000.0 8294340.0 6828800000000.0 932121000000.0 0.0 0.0 14752600000.0 1990730000000.0 9316180000.0 12218800000.0 92997300.0 -2.34 [-2.34]
1023290000000000.0 4990480000000000.0 12017700000000.0 3846890000000.0 3921420000.0 3545510000000.0 124772000000.0 6842320.0 6855940000000.0 824461000000.0 0.0 0.0 14242300000.0 1917350000000.0 8325260000.0 10929800000.0 81729800.0 -2.32 [-2.32]
1023290000000000.0 4768300000000000.0 11674500000000.0 3586990000000.0 3399930000.0 3405000000000.0 110978000000.0 5647410.0 6880480000000.0 729075000000.0 0.0 0.0 13753400000.0 1847270000000.0 7443040000.0 9780790000.0 71917000.0 -2.3 [-2.3]
1023290000000000.0 4556630000000000.0 11341600000000.0 3344940000000.0 2949200000.0 3270010000000.0 98733700000.0 4663950.0 6902480000000.0 644626000000.0 0.0 0.0 13285100000.0 1780370000000.0 6657310000.0 8756580000.0 63362300.0 -2.28 [-2.28]
1023290000000000.0 4355490000000000.0 11019900000000.0 3119930000000.0 2560070000.0 3140720000000.0 87881100000.0 3855250.0 6921830000000.0 570044000000.0 0.0 0.0 12837900000.0 1716680000000.0 5955330000.0 7844960000.0 55905700.0 -2.26 [-2.26]
1023290000000000.0 4163030000000000.0 10706700000000.0 2909520000000.0 2222580000.0 3016040000000.0 78219800000.0 3187330.0 6938780000000.0 503859000000.0 0.0 0.0 12407900000.0 1655630000000.0 5328310000.0 7029670000.0 49372200.0 -2.24 [-2.24]
1023290000000000.0 3980570000000000.0 10404800000000.0 2714520000000.0 1931620000.0 2896960000000.0 69669800000.0 2638430.0 6953420000000.0 445532000000.0 0.0 0.0 11998400000.0 1597650000000.0 4771830000.0 6304830000.0 43672900.0 -2.22 [-2.22]
1023290000000000.0 3806720000000000.0 10112500000000.0 2532960000000.0 1679830000.0 2782710000000.0 62077500000.0 2185700.0 6965850000000.0 393956000000.0 0.0 0.0 11606500000.0 1542320000000.0 4276080000.0 5658040000.0 38680000.0 -2.2 [-2.2]
1023290000000000.0 3641840000000000.0 9830940000000.0 2364660000000.0 1462500000.0 2673600000000.0 55353600000.0 1812990.0 6976200000000.0 348501000000.0 0.0 0.0 11233200000.0 1489760000000.0 3835590000.0 5082390000.0 34312000.0 -2.18 [-2.18]
1023290000000000.0 3484030000000000.0 9557300000000.0 2207260000000.0 1273650000.0 2568480000000.0 49362600000.0 1504310.0 6984430000000.0 308193000000.0 0.0 0.0 10874500000.0 1439370000000.0 3441670000.0 4566790000.0 30465300.0 -2.16 [-2.16]
1023290000000000.0 3333690000000000.0 9292710000000.0 2060730000000.0 1110030000.0 2467680000000.0 44040200000.0 1249260.0 6990680000000.0 272578000000.0 0.0 0.0 10531400000.0 1391310000000.0 3090400000.0 4106290000.0 27083800.0 -2.14 [-2.14]
1023290000000000.0 3190450000000000.0 9036930000000.0 1924320000000.0 968198000.0 2371040000000.0 39310400000.0 1038360.0 6995010000000.0 241112000000.0 0.0 0.0 10203300000.0 1345450000000.0 2777030000.0 3694810000.0 24107500.0 -2.12 [-2.12]
1023290000000000.0 3053990000000000.0 8789800000000.0 1797340000000.0 845193000.0 2278410000000.0 35106100000.0 863856.0 6997510000000.0 213318000000.0 0.0 0.0 9889550000.0 1301700000000.0 2497340000.0 3327010000.0 21485100.0 -2.1 [-2.1]
1023290000000000.0 2923970000000000.0 8551040000000.0 1679120000000.0 738449000.0 2189620000000.0 31367700000.0 719345.0 6998230000000.0 188765000000.0 0.0 0.0 9589610000.0 1259970000000.0 2247590000.0 2998060000.0 19171700.0 -2.08 [-2.08]
1023290000000000.0 2800080000000000.0 8320440000000.0 1569060000000.0 645765000.0 2104510000000.0 28042400000.0 599581.0 6997240000000.0 167078000000.0 0.0 0.0 9302860000.0 1220150000000.0 2024460000.0 2703730000.0 17128600.0 -2.06 [-2.06]
1023290000000000.0 2682020000000000.0 8097760000000.0 1466580000000.0 565234000.0 2022940000000.0 25083200000.0 500241.0 6994630000000.0 147922000000.0 0.0 0.0 9028740000.0 1182170000000.0 1824990000.0 2440230000.0 15322100.0 -2.04 [-2.04]
1023290000000000.0 2569510000000000.0 7882770000000.0 1371160000000.0 495216000.0 1944750000000.0 22448900000.0 417771.0 6990450000000.0 130999000000.0 0.0 0.0 8766710000.0 1145920000000.0 1646570000.0 2204200000.0 13722900.0 -2.02 [-2.02]
1023290000000000.0 2462280000000000.0 7675230000000.0 1282300000000.0 434295000.0 1869800000000.0 20102700000.0 349246.0 6984790000000.0 116049000000.0 0.0 0.0 8516230000.0 1111340000000.0 1486880000.0 1992640000.0 12305600.0 -2.0 [-2.0]
1023290000000000.0 2360080000000000.0 7474910000000.0 1199550000000.0 381250000.0 1797960000000.0 18012200000.0 0.0 6977700000000.0 102839000000.0 0.0 0.0 8276810000.0 1078330000000.0 1343860000.0 1802910000.0 11048100.0 -1.98 [-1.98]
1023290000000000.0 2262640000000000.0 7281560000000.0 1122460000000.0 335027000.0 1729090000000.0 16148500000.0 0.0 6969250000000.0 91166000000.0 0.0 0.0 8047960000.0 1046840000000.0 1215690000.0 1632650000.0 9931140.0 -1.96 [-1.96]
1023290000000000.0 2169760000000000.0 7094950000000.0 1050660000000.0 294717000.0 1663060000000.0 14486300000.0 0.0 6959500000000.0 80849000000.0 0.0 0.0 7829200000.0 1016780000000.0 1100740000.0 1479740000.0 8937820.0 -1.94 [-1.94]
1023290000000000.0 2081190000000000.0 6914850000000.0 983761000000.0 259531000.0 1599750000000.0 13002900000.0 0.0 6948520000000.0 71728000000.0 0.0 0.0 7620090000.0 988078000000.0 997576000.0 1342340000.0 8053440.0 -1.92 [-1.92]
1023290000000000.0 1996720000000000.0 6741030000000.0 921420000000.0 228794000.0 1539040000000.0 11678400000.0 0.0 6936380000000.0 63662800000.0 0.0 0.0 7420170000.0 960679000000.0 904917000.0 1218770000.0 7265170.0 -1.9 [-1.9]
1023290000000000.0 1915870000000000.0 6572650000000.0 863111000000.0 201859000.0 1480600000000.0 10492600000.0 0.0 6923030000000.0 56512900000.0 0.0 0.0 7228340000.0 934421000000.0 821455000.0 1107330000.0 6560420.0 -1.88 [-1.88]
1023290000000000.0 1839050000000000.0 6410760000000.0 808971000000.0 178348000.0 1424770000000.0 9435310000.0 0.0 6908730000000.0 50204200000.0 0.0 0.0 7045670000.0 909441000000.0 746560000.0 1007210000.0 5932230.0 -1.86 [-1.86]
1023290000000000.0 1765740000000000.0 6254450000000.0 758484000000.0 157751000.0 1371190000000.0 8489560000.0 0.0 6893460000000.0 44620000000.0 0.0 0.0 6870970000.0 885576000000.0 679125000.0 916958000.0 5370340.0 -1.84 [-1.84]
1023290000000000.0 1696030000000000.0 6104060000000.0 711558000000.0 139729000.0 1319950000000.0 7644850000.0 0.0 6877400000000.0 39686400000.0 0.0 0.0 6704480000.0 862852000000.0 618480000.0 835701000.0 4868110.0 -1.82 [-1.82]
1023290000000000.0 1629250000000000.0 5958310000000.0 667627000000.0 123873000.0 1270610000000.0 6886780000.0 0.0 6860350000000.0 35306500000.0 0.0 0.0 6544670000.0 841057000000.0 563674000.0 762190000.0 4417020.0 -1.8 [-1.8]
1023290000000000.0 1565500000000000.0 5817550000000.0 626637000000.0 109941000.0 1223240000000.0 6207550000.0 0.0 6842500000000.0 31425900000.0 0.0 0.0 6391800000.0 820223000000.0 514208000.0 695771000.0 4012200.0 -1.78 [-1.78]
1023290000000000.0 1504640000000000.0 5681560000000.0 588380000000.0 97689100.0 1177770000000.0 5598610000.0 0.0 6823900000000.0 27986400000.0 0.0 0.0 6245550000.0 800304000000.0 469524000.0 635712000.0 3648510.0 -1.76 [-1.76]
1023290000000000.0 1446260000000000.0 5549600000000.0 552517000000.0 86875200.0 1133930000000.0 5051040000.0 0.0 6804510000000.0 24928200000.0 0.0 0.0 6105000000.0 781172000000.0 429030000.0 581235000.0 3320710.0 -1.74 [-1.74]
1023290000000000.0 1390750000000000.0 5422650000000.0 519177000000.0 77372200.0 1092010000000.0 4560850000.0 0.0 6784580000000.0 22223600000.0 0.0 0.0 5971120000.0 762953000000.0 392483000.0 532017000.0 3026270.0 -1.72 [-1.72]
1023290000000000.0 1337940000000000.0 5300450000000.0 488163000000.0 69009100.0 1051920000000.0 4121630000.0 0.0 6764170000000.0 19829700000.0 0.0 0.0 5843550000.0 745596000000.0 359458000.0 487499000.0 2761410.0 -1.7 [-1.7]
1023290000000000.0 1287250000000000.0 5181740000000.0 459053000000.0 61601400.0 1013240000000.0 3725850000.0 0.0 6743120000000.0 17697600000.0 0.0 0.0 5720860000.0 728906000000.0 329443000.0 447005000.0 2521850.0 -1.68 [-1.68]
1023290000000000.0 1238800000000000.0 5066910000000.0 431843000000.0 55051800.0 976069000000.0 3369950000.0 0.0 6721590000000.0 15803600000.0 0.0 0.0 5603390000.0 712927000000.0 302208000.0 410232000.0 2305440.0 -1.66 [-1.66]
1023290000000000.0 1192480000000000.0 4955800000000.0 406400000000.0 49254400.0 940352000000.0 3049710000.0 0.0 6699630000000.0 14120200000.0 0.0 0.0 5490890000.0 697623000000.0 277475000.0 376810000.0 2109730.0 -1.64 [-1.64]
1023290000000000.0 1148180000000000.0 4848240000000.0 382601000000.0 44117200.0 906023000000.0 2761400000.0 0.0 6677270000000.0 12623300000.0 0.0 0.0 5383120000.0 682961000000.0 254993000.0 346405000.0 1932560.0 -1.62 [-1.62]
1023290000000000.0 1105810000000000.0 4744080000000.0 360332000000.0 39560000.0 873025000000.0 2501660000.0 0.0 6654570000000.0 11291400000.0 0.0 0.0 5279880000.0 668910000000.0 234539000.0 318723000.0 1772000.0 -1.6 [-1.6]
1023290000000000.0 1065260000000000.0 4643180000000.0 339486000000.0 35512800.0 841303000000.0 2267550000.0 0.0 6631570000000.0 10105900000.0 0.0 0.0 5180940000.0 655439000000.0 215913000.0 293497000.0 1626330.0 -1.58 [-1.58]
1023290000000000.0 1026470000000000.0 4545380000000.0 319964000000.0 31914500.0 810792000000.0 2056380000.0 0.0 6608310000000.0 9050140000.0 0.0 0.0 5086120000.0 642521000000.0 198937000.0 270490000.0 1494050.0 -1.56 [-1.56]
1023290000000000.0 989329000000000.0 4450580000000.0 301676000000.0 28711900.0 781460000000.0 1865830000.0 0.0 6584830000000.0 8109320000.0 0.0 0.0 4995220000.0 630128000000.0 183450000.0 249488000.0 1373800.0 -1.54 [-1.54]
1023290000000000.0 953730000000000.0 4358520000000.0 284519000000.0 25856500.0 753216000000.0 1693680000.0 0.0 6561160000000.0 7269880000.0 0.0 0.0 4907950000.0 618221000000.0 169301000.0 230291000.0 1264320.0 -1.52 [-1.52]
1023290000000000.0 919708000000000.0 4269380000000.0 268466000000.0 23312500.0 726113000000.0 1538340000.0 0.0 6537360000000.0 6522160000.0 0.0 0.0 4824430000.0 606815000000.0 156385000.0 212754000.0 1164680.0 -1.5 [-1.5]
1023290000000000.0 887078000000000.0 4182750000000.0 253391000000.0 21039100.0 700007000000.0 1397820000.0 0.0 6513450000000.0 5854230000.0 0.0 0.0 4744210000.0 595847000000.0 144564000.0 196695000.0 1073790.0 -1.48 [-1.48]
1023290000000000.0 855818000000000.0 4098630000000.0 239249000000.0 19007000.0 674898000000.0 1270760000.0 0.0 6489470000000.0 5257820000.0 0.0 0.0 4667250000.0 585313000000.0 133743000.0 181988000.0 990835.0 -1.46 [-1.46]
1023290000000000.0 825732000000000.0 4016540000000.0 225920000000.0 17184300.0 650643000000.0 1155530000.0 0.0 6465330000000.0 4723600000.0 0.0 0.0 4593060000.0 575145000000.0 123808000.0 168480000.0 914922.0 -1.44 [-1.44]
1023290000000000.0 797005000000000.0 3937060000000.0 213452000000.0 15555000.0 627395000000.0 1051440000.0 0.0 6441290000000.0 4247200000.0 0.0 0.0 4522140000.0 565408000000.0 114716000.0 156111000.0 845628.0 -1.42 [-1.42]
1023290000000000.0 769572000000000.0 3860090000000.0 201785000000.0 14097000.0 605118000000.0 957354000.0 0.0 6417360000000.0 3822100000.0 0.0 0.0 4454340000.0 556083000000.0 106385000.0 144773000.0 782311.0 -1.4 [-1.4]
1023290000000000.0 743104000000000.0 3784750000000.0 190756000000.0 12783700.0 583551000000.0 871819000.0 0.0 6393370000000.0 3440180000.0 0.0 0.0 4388820000.0 547056000000.0 98712000.0 134327000.0 724162.0 -1.38 [-1.38]
1023290000000000.0 717738000000000.0 3711490000000.0 180397000000.0 11604100.0 562821000000.0 794311000.0 0.0 6369460000000.0 3098440000.0 0.0 0.0 4325940000.0 538377000000.0 91661000.0 124725000.0 670868.0 -1.36 [-1.36]
1023290000000000.0 693394000000000.0 3640130000000.0 170651000000.0 10542900.0 542871000000.0 724000000.0 0.0 6345630000000.0 2792240000.0 0.0 0.0 4265520000.0 530018000000.0 85173200.0 115886000.0 621957.0 -1.34 [-1.34]
1023290000000000.0 670050000000000.0 3570690000000.0 161490000000.0 9587690.0 523696000000.0 660221000.0 0.0 6321890000000.0 2517970000.0 0.0 0.0 4207510000.0 521974000000.0 79201500.0 107748000.0 577046.0 -1.32 [-1.32]
1023290000000000.0 647773000000000.0 3503480000000.0 152919000000.0 8729330.0 505395000000.0 602497000.0 0.0 6298180000000.0 2273180000.0 0.0 0.0 4152130000.0 514272000000.0 73713000.0 100264000.0 535853.0 -1.3 [-1.3]
1023290000000000.0 626348000000000.0 3437850000000.0 144834000000.0 7953970.0 487751000000.0 550008000.0 0.0 6274620000000.0 2053170000.0 0.0 0.0 4098790000.0 506835000000.0 68646500.0 93354700.0 497923.0 -1.28 [-1.28]
1023290000000000.0 605754000000000.0 3373770000000.0 137210000000.0 7253250.0 470756000000.0 502281000.0 0.0 6251250000000.0 1855440000.0 0.0 0.0 4047460000.0 499658000000.0 63967600.0 86972900.0 462980.0 -1.26 [-1.26]
1023290000000000.0 585954000000000.0 3311180000000.0 130020000000.0 6619360.0 454385000000.0 458864000.0 0.0 6228080000000.0 1677630000.0 0.0 0.0 3998050000.0 492727000000.0 59643500.0 81074400.0 430763.0 -1.24 [-1.24]
1023290000000000.0 566903000000000.0 3249990000000.0 123231000000.0 6045280.0 438604000000.0 419342000.0 0.0 6205120000000.0 1517590000.0 0.0 0.0 3950440000.0 486029000000.0 55643600.0 75617600.0 401031.0 -1.22 [-1.22]
1023290000000000.0 548577000000000.0 3190170000000.0 116822000000.0 5525020.0 423404000000.0 383360000.0 0.0 6182370000000.0 1373550000.0 0.0 0.0 3904590000.0 479556000000.0 51941600.0 70567100.0 373577.0 -1.2 [-1.2]
1023290000000000.0 530955000000000.0 3131700000000.0 110773000000.0 5053250.0 408766000000.0 350596000.0 0.0 6159870000000.0 1243840000.0 0.0 0.0 3860450000.0 473301000000.0 48513700.0 65890200.0 348212.0 -1.18 [-1.18]
1023290000000000.0 513989000000000.0 3074470000000.0 105057000000.0 4624880.0 394658000000.0 320736000.0 0.0 6137620000000.0 1126930000.0 0.0 0.0 3817890000.0 467249000000.0 45336300.0 61555100.0 324751.0 -1.16 [-1.16]
1023290000000000.0 497671000000000.0 3018490000000.0 99659700000.0 4235820.0 381076000000.0 293530000.0 0.0 6115650000000.0 1021580000.0 0.0 0.0 3776920000.0 461398000000.0 42390300.0 57535800.0 303047.0 -1.14 [-1.14]
1023290000000000.0 481888000000000.0 2963420000000.0 94535000000.0 3881260.0 367931000000.0 268667000.0 0.0 6093850000000.0 926286000.0 0.0 0.0 3737220000.0 455707000000.0 39651700.0 53799600.0 282915.0 -1.12 [-1.12]
1023290000000000.0 466741000000000.0 2909650000000.0 89705300000.0 3559150.0 355308000000.0 246026000.0 0.0 6072390000000.0 840464000.0 0.0 0.0 3699090000.0 450215000000.0 37111900.0 50334800.0 264281.0 -1.1 [-1.1]
1023290000000000.0 452152000000000.0 2856970000000.0 85136700000.0 3265770.0 343146000000.0 225366000.0 0.0 6051230000000.0 762970000.0 0.0 0.0 3662310000.0 444893000000.0 34751800.0 47115500.0 247002.0 -1.08 [-1.08]
1023290000000000.0 438091000000000.0 2805300000000.0 80812200000.0 2998300.0 331421000000.0 206502000.0 0.0 6030350000000.0 692940000.0 0.0 0.0 3626820000.0 439734000000.0 32557000.0 44121900.0 230966.0 -1.06 [-1.06]
1023290000000000.0 424542000000000.0 2754630000000.0 76719200000.0 2754330.0 320124000000.0 189277000.0 0.0 6009760000000.0 629645000.0 0.0 0.0 3592580000.0 434730000000.0 30515100.0 41337200.0 216076.0 -1.04 [-1.04]
1023290000000000.0 411476000000000.0 2704890000000.0 72842400000.0 2531580.0 309232000000.0 173538000.0 0.0 5989480000000.0 572389000.0 0.0 0.0 3559520000.0 429873000000.0 28613800.0 38744700.0 202239.0 -1.02 [-1.02]
1023290000000000.0 398908000000000.0 2656190000000.0 69178100000.0 2328280.0 298755000000.0 159169000.0 0.0 5969550000000.0 520638000.0 0.0 0.0 3527690000.0 425170000000.0 26844100.0 36331900.0 189383.0 -1.0 [-1.0]
1023290000000000.0 386764000000000.0 2608280000000.0 65700400000.0 2142270.0 288642000000.0 146022000.0 0.0 5949870000000.0 473746000.0 0.0 0.0 3496890000.0 420593000000.0 25193400.0 34082000.0 177416.0 -0.98 [-0.98]
1023290000000000.0 375046000000000.0 2561210000000.0 62402000000.0 1972050.0 278886000000.0 133996000.0 0.0 5934870000000.0 429250000.0 0.0 0.0 3467130000.0 416144000000.0 23653800.0 31983800.0 166276.0 -0.96 [-0.96]
1023290000000000.0 363753000000000.0 2514990000000.0 59276100000.0 1816260.0 269484000000.0 122997000.0 0.0 5926770000000.0 386098000.0 0.0 0.0 3438410000.0 411822000000.0 22217500.0 30026900.0 155902.0 -0.94 [-0.94]
1023290000000000.0 352818000000000.0 2469410000000.0 56303400000.0 1673360.0 260394000000.0 112917000.0 0.0 5918140000000.0 347293000.0 0.0 0.0 3410550000.0 407604000000.0 20875100.0 28198400.0 146226.0 -0.92 [-0.92]
1023290000000000.0 342291000000000.0 2424740000000.0 53491500000.0 1542540.0 251652000000.0 103703000.0 0.0 5909090000000.0 312508000.0 0.0 0.0 3383710000.0 403512000000.0 19622300.0 26492400.0 137211.0 -0.9 [-0.9]
1023290000000000.0 332140000000000.0 2380850000000.0 50826600000.0 1422610.0 243230000000.0 95268500.0 0.0 5899700000000.0 281271000.0 0.0 0.0 3357800000.0 399533000000.0 18451800.0 24898800.0 128803.0 -0.88 [-0.88]
1023290000000000.0 322319000000000.0 2337640000000.0 48295400000.0 1312480.0 235102000000.0 87538600.0 0.0 5884790000000.0 254992000.0 0.0 0.0 3332690000.0 395650000000.0 17356600.0 23408300.0 120950.0 -0.86 [-0.86]
1023290000000000.0 312781000000000.0 2294910000000.0 45881800000.0 1211140.0 227227000000.0 80440800.0 0.0 5868540000000.0 231626000.0 0.0 0.0 3308250000.0 391845000000.0 16330400.0 22012100.0 113606.0 -0.84 [-0.84]
1023290000000000.0 303606000000000.0 2253040000000.0 43599800000.0 1118200.0 219661000000.0 73948100.0 0.0 5852550000000.0 210516000.0 0.0 0.0 3284730000.0 388152000000.0 15371200.0 20707500.0 106753.0 -0.82 [-0.82]
1023290000000000.0 294741000000000.0 2211840000000.0 41433300000.0 1032780.0 212363000000.0 67995900.0 0.0 5836750000000.0 191396000.0 0.0 0.0 3261970000.0 384549000000.0 14473000.0 19486300.0 100347.0 -0.8 [-0.8]
1023290000000000.0 286169000000000.0 2171270000000.0 39375300000.0 954201.0 205323000000.0 62536900.0 0.0 5821140000000.0 174068000.0 0.0 0.0 3239930000.0 381032000000.0 13631400.0 18342500.0 94354.8 -0.78 [-0.78]
1023290000000000.0 277883000000000.0 2131330000000.0 37420600000.0 881896.0 198530000000.0 57529300.0 0.0 5805730000000.0 158361000.0 0.0 0.0 3218600000.0 377598000000.0 12842600.0 17270800.0 88748.2 -0.76 [-0.76]
1023290000000000.0 269900000000000.0 2092140000000.0 35569900000.0 815426.0 191998000000.0 52941500.0 0.0 5790580000000.0 144144000.0 0.0 0.0 3198030000.0 374257000000.0 12103700.0 16267400.0 83505.1 -0.74 [-0.74]
1023290000000000.0 262118000000000.0 2053240000000.0 33798500000.0 754004.0 185650000000.0 48716700.0 0.0 5775500000000.0 131196000.0 0.0 0.0 3177920000.0 370962000000.0 11409000.0 15324300.0 78584.4 -0.72 [-0.72]
1023290000000000.0 254621000000000.0 2015090000000.0 32121900000.0 697504.0 179549000000.0 44845200.0 0.0 5760680000000.0 119477000.0 0.0 0.0 3158540000.0 367755000000.0 10757900.0 14440700.0 73979.4 -0.7 [-0.7]
1023290000000000.0 247369000000000.0 1977510000000.0 30528800000.0 645421.0 173662000000.0 41290300.0 0.0 5746070000000.0 108841000.0 0.0 0.0 3139760000.0 364618000000.0 10146600.0 13611600.0 69663.4 -0.68 [-0.68]
1023290000000000.0 240372000000000.0 1940600000000.0 29018400000.0 597441.0 167994000000.0 38028900.0 0.0 5731720000000.0 99194900.0 0.0 0.0 3121630000.0 361557000000.0 9572880.0 12833800.0 65619.6 -0.66 [-0.66]
1023290000000000.0 233551000000000.0 1903970000000.0 27573100000.0 553042.0 162488000000.0 35023400.0 0.0 5717460000000.0 90402100.0 0.0 0.0 3103900000.0 358534000000.0 9032800.0 12101900.0 61819.2 -0.64 [-0.64]
1023290000000000.0 226996000000000.0 1868140000000.0 26208200000.0 512182.0 157207000000.0 32269700.0 0.0 5703520000000.0 82444000.0 0.0 0.0 3086860000.0 355597000000.0 8526200.0 11415700.0 58259.8 -0.62 [-0.62]
1023290000000000.0 220606000000000.0 1832590000000.0 24902600000.0 474352.0 152079000000.0 29731600.0 0.0 5689690000000.0 75187500.0 0.0 0.0 3070200000.0 352695000000.0 8048990.0 10769700.0 54912.6 -0.6 [-0.6]
1023290000000000.0 214437000000000.0 1797680000000.0 23664700000.0 439454.0 147141000000.0 27401100.0 0.0 5676120000000.0 68599900.0 0.0 0.0 3054110000.0 349858000000.0 7600550.0 10162800.0 51772.0 -0.58 [-0.58]
1023290000000000.0 208459000000000.0 1763250000000.0 22486900000.0 0.0 142370000000.0 25257400.0 0.0 5662760000000.0 62605900.0 0.0 0.0 3038480000.0 347073000000.0 7178560.0 9592100.0 0.0 -0.56 [-0.56]
1023290000000000.0 202672000000000.0 1729340000000.0 21367400000.0 0.0 137766000000.0 23286000.0 0.0 5649620000000.0 57155100.0 0.0 0.0 3023330000.0 344340000000.0 6781440.0 9055280.0 0.0 -0.54 [-0.54]
1023290000000000.0 197064000000000.0 1695910000000.0 20302700000.0 0.0 133318000000.0 21472100.0 0.0 5636670000000.0 52195800.0 0.0 0.0 3008630000.0 341656000000.0 6407550.0 8550110.0 0.0 -0.52 [-0.52]
1023290000000000.0 191629000000000.0 1662970000000.0 19289900000.0 0.0 129022000000.0 19803000.0 0.0 5623950000000.0 47680700.0 0.0 0.0 2994360000.0 339016000000.0 6055450.0 8074620.0 0.0 -0.5 [-0.5]
1023290000000000.0 186361000000000.0 1630510000000.0 18326600000.0 0.0 124872000000.0 18266500.0 0.0 5611430000000.0 43569200.0 0.0 0.0 2980500000.0 336422000000.0 5723730.0 7626910.0 0.0 -0.48 [-0.48]
1023290000000000.0 181255000000000.0 1598510000000.0 17410300000.0 0.0 120862000000.0 16852000.0 0.0 5599120000000.0 39824000.0 0.0 0.0 2967050000.0 333868000000.0 5411150.0 7205240.0 0.0 -0.46 [-0.46]
1023290000000000.0 176304000000000.0 1566980000000.0 16538600000.0 0.0 116988000000.0 15549400.0 0.0 5587020000000.0 36411300.0 0.0 0.0 2953980000.0 331355000000.0 5116500.0 6808000.0 0.0 -0.44 [-0.44]
1023290000000000.0 171503000000000.0 1535910000000.0 15709500000.0 0.0 113244000000.0 14349800.0 0.0 5575130000000.0 33301400.0 0.0 0.0 2941290000.0 328880000000.0 4838700.0 6433670.0 0.0 -0.42 [-0.42]
1023290000000000.0 166847000000000.0 1505280000000.0 14920800000.0 0.0 109626000000.0 13244600.0 0.0 5563440000000.0 30465800.0 0.0 0.0 2928960000.0 326441000000.0 4576700.0 6080840.0 0.0 -0.4 [-0.4]
1023290000000000.0 162331000000000.0 1475100000000.0 14170400000.0 0.0 106128000000.0 12226300.0 0.0 5551960000000.0 27878900.0 0.0 0.0 2916970000.0 324036000000.0 4329530.0 5748160.0 0.0 -0.38 [-0.38]
1023290000000000.0 157952000000000.0 1445240000000.0 13455900000.0 0.0 102743000000.0 11287300.0 0.0 5540680000000.0 25521700.0 0.0 0.0 2905330000.0 321665000000.0 4096330.0 5434480.0 0.0 -0.36 [-0.36]
1023290000000000.0 153701000000000.0 1415930000000.0 12776900000.0 0.0 99473900000.0 10422400.0 0.0 5529600000000.0 23368300.0 0.0 0.0 2894010000.0 319325000000.0 3876220.0 5138580.0 0.0 -0.34 [-0.34]
1023290000000000.0 149576000000000.0 1387050000000.0 12131100000.0 0.0 96314000000.0 9625010.0 0.0 5518730000000.0 21402900.0 0.0 0.0 2883010000.0 317015000000.0 3668440.0 4859410.0 0.0 -0.32 [-0.32]
1023290000000000.0 145572000000000.0 1358600000000.0 11516700000.0 0.0 93258200000.0 8889800.0 0.0 5508050000000.0 19608100.0 0.0 0.0 2872310000.0 314733000000.0 3472230.0 4595960.0 0.0 -0.3 [-0.3]
1023290000000000.0 141706000000000.0 1330700000000.0 10934700000.0 0.0 90314300000.0 8212960.0 0.0 5497650000000.0 17971500.0 0.0 0.0 2861980000.0 312493000000.0 3287140.0 4347590.0 0.0 -0.28 [-0.28]
1023290000000000.0 137933000000000.0 1303080000000.0 10378700000.0 0.0 87455700000.0 7587450.0 0.0 5487360000000.0 16473400.0 0.0 0.0 2851850000.0 310264000000.0 3112070.0 4112800.0 0.0 -0.26 [-0.26]
1023290000000000.0 134270000000000.0 1275880000000.0 9849820000.0 0.0 84690700000.0 7010420.0 0.0 5477270000000.0 15104400.0 0.0 0.0 2842000000.0 308058000000.0 2946660.0 3891110.0 0.0 -0.24 [-0.24]
1023290000000000.0 130714000000000.0 1249100000000.0 9347090000.0 0.0 82017300000.0 6478140.0 0.0 5467380000000.0 13853200.0 0.0 0.0 2832420000.0 305878000000.0 2790360.0 3681770.0 0.0 -0.22 [-0.22]
1023290000000000.0 127241000000000.0 1222590000000.0 8866730000.0 0.0 79419700000.0 5986020.0 0.0 5457600000000.0 12706600.0 0.0 0.0 2823020000.0 303702000000.0 2642450.0 3483760.0 0.0 -0.2 [-0.2]
1023290000000000.0 123901000000000.0 1196710000000.0 8413510000.0 0.0 76924300000.0 5533320.0 0.0 5448140000000.0 11661300.0 0.0 0.0 2814000000.0 301574000000.0 2502910.0 3297100.0 0.0 -0.18 [-0.18]
1023290000000000.0 120641000000000.0 1171120000000.0 7980890000.0 0.0 74501500000.0 5114770.0 0.0 5438790000000.0 10703500.0 0.0 0.0 2805160000.0 299452000000.0 2370830.0 3120530.0 0.0 -0.16 [-0.16]
1023290000000000.0 117459000000000.0 1145800000000.0 7567990000.0 0.0 72148200000.0 4727760.0 0.0 5429590000000.0 9825120.0 0.0 0.0 2796480000.0 297334000000.0 2245790.0 2953470.0 0.0 -0.14 [-0.14]
1023290000000000.0 114381000000000.0 1121000000000.0 7176860000.0 0.0 69878900000.0 4371020.0 0.0 5420610000000.0 9022570.0 0.0 0.0 2788100000.0 295246000000.0 2127650.0 2795730.0 0.0 -0.12 [-0.12]
1023290000000000.0 111391000000000.0 1096570000000.0 6805000000.0 0.0 67682500000.0 4041580.0 0.0 5411810000000.0 8287690.0 0.0 0.0 2779930000.0 293174000000.0 2015870.0 2646590.0 0.0 -0.1 [-0.1]
1023290000000000.0 108485000000000.0 1072530000000.0 6451450000.0 0.0 65556100000.0 3737320.0 0.0 5403190000000.0 7614520.0 0.0 0.0 2771970000.0 291116000000.0 1910110.0 2505570.0 0.0 -0.08 [-0.08]
1023290000000000.0 105661000000000.0 1048880000000.0 6115390000.0 0.0 63497700000.0 3456280.0 0.0 5394730000000.0 6997770.0 0.0 0.0 2764220000.0 289072000000.0 1810030.0 2372210.0 0.0 -0.06 [-0.06]
1023290000000000.0 102915000000000.0 1025590000000.0 5795930000.0 0.0 61504700000.0 3196640.0 0.0 5386450000000.0 6432510.0 0.0 0.0 2756660000.0 287040000000.0 1715300.0 2246060.0 0.0 -0.04 [-0.04]
1023290000000000.0 100246000000000.0 1002680000000.0 5492300000.0 0.0 59574900000.0 2956760.0 0.0 5378340000000.0 5914330.0 0.0 0.0 2749300000.0 285019000000.0 1625630.0 2126740.0 0.0 -0.02 [-0.02]
1023290000000000.0 97663200000000.0 980230000000.0 5204820000.0 0.0 57712700000.0 2735410.0 0.0 5370420000000.0 5440180.0 0.0 0.0 2742180000.0 283021000000.0 1540800.0 2013950.0 0.0 -0.0 [-0.0]
1023290000000000.0 95126700000000.0 957952000000.0 4929530000.0 0.0 55896300000.0 2530260.0 0.0 5362600000000.0 5003380.0 0.0 0.0 2735120000.0 281006000000.0 1460340.0 1907010.0 0.0 0.02 [0.02]
1023290000000000.0 92671900000000.0 936132000000.0 4668960000.0 0.0 54143300000.0 2340930.0 0.0 5354970000000.0 4603530.0 0.0 0.0 2728290000.0 279012000000.0 1384210.0 1805910.0 0.0 0.04 [0.04]
1023290000000000.0 90284400000000.0 914669000000.0 4421400000.0 0.0 52445300000.0 2165930.0 0.0 5347490000000.0 4236590.0 0.0 0.0 2721620000.0 277026000000.0 1312110.0 1710230.0 0.0 0.06 [0.06]
1023290000000000.0 87962300000000.0 893559000000.0 4186220000.0 0.0 50800400000.0 2004140.0 0.0 5340170000000.0 3899750.0 0.0 0.0 2715120000.0 275046000000.0 1243810.0 1619660.0 0.0 0.08 [0.08]
1023290000000000.0 85703000000000.0 872802000000.0 3962840000.0 0.0 49207100000.0 1854580.0 0.0 5333000000000.0 3590520.0 0.0 0.0 2708780000.0 273071000000.0 1179110.0 1533920.0 0.0 0.1 [0.1]
1023290000000000.0 83513100000000.0 852460000000.0 3751290000.0 0.0 47667300000.0 1716440.0 0.0 5326010000000.0 3306920.0 0.0 0.0 2702630000.0 271111000000.0 1117860.0 1452810.0 0.0 0.12 [0.12]
1023290000000000.0 81374000000000.0 832391000000.0 3549780000.0 0.0 46171400000.0 1588550.0 0.0 5319140000000.0 3046010.0 0.0 0.0 2696580000.0 269145000000.0 1059780.0 1375950.0 0.0 0.14 [0.14]
1023290000000000.0 79293800000000.0 812670000000.0 3358520000.0 0.0 44722700000.0 1470290.0 0.0 5312410000000.0 2806420.0 0.0 0.0 2690680000.0 267183000000.0 1004740.0 1303170.0 0.0 0.16 [0.16]
1023290000000000.0 77268300000000.0 793278000000.0 3176870000.0 0.0 43318100000.0 1360900.0 0.0 5305820000000.0 2586090.0 0.0 0.0 2684920000.0 265222000000.0 952578.0 1234240.0 0.0 0.18 [0.18]
1023290000000000.0 75296900000000.0 774223000000.0 3004460000.0 0.0 41957100000.0 1259730.0 0.0 5299360000000.0 2383570.0 0.0 0.0 2679290000.0 263262000000.0 903140.0 1168960.0 0.0 0.2 [0.2]
1023290000000000.0 73377500000000.0 755490000000.0 2840780000.0 0.0 40637900000.0 1166140.0 0.0 5293050000000.0 2197310.0 0.0 0.0 2673780000.0 261302000000.0 856276.0 1107120.0 0.0 0.22 [0.22]
1023290000000000.0 71509200000000.0 737086000000.0 2685460000.0 0.0 39359300000.0 1079570.0 0.0 5286870000000.0 2026020.0 0.0 0.0 2668390000.0 259342000000.0 811852.0 1048550.0 0.0 0.24 [0.24]
1023290000000000.0 69690000000000.0 719000000000.0 2538060000.0 0.0 38119900000.0 999468.0 0.0 5280810000000.0 1868430.0 0.0 0.0 2663130000.0 257381000000.0 769737.0 993066.0 0.0 0.26 [0.26]
1023290000000000.0 67919000000000.0 701237000000.0 2398250000.0 0.0 36918700000.0 925362.0 0.0 5274890000000.0 1723460.0 0.0 0.0 2657980000.0 255419000000.0 729809.0 940502.0 0.0 0.28 [0.28]
1023290000000000.0 66194400000000.0 683793000000.0 2265640000.0 0.0 35754400000.0 856796.0 0.0 5269090000000.0 1590020.0 0.0 0.0 2652950000.0 253455000000.0 691952.0 890702.0 0.0 0.3 [0.3]
1023290000000000.0 64514400000000.0 666656000000.0 2139840000.0 0.0 34625500000.0 793342.0 0.0 5263420000000.0 1467160.0 0.0 0.0 2648020000.0 251486000000.0 656053.0 843516.0 0.0 0.32 [0.32]
1023290000000000.0 62879200000000.0 649827000000.0 2020570000.0 0.0 33531400000.0 734625.0 0.0 5257860000000.0 1354080.0 0.0 0.0 2643200000.0 249516000000.0 622013.0 798808.0 0.0 0.34 [0.34]
1023290000000000.0 61286400000000.0 633303000000.0 1907500000.0 0.0 32470600000.0 680287.0 0.0 5252430000000.0 1249940.0 0.0 0.0 2638480000.0 247541000000.0 589734.0 756447.0 0.0 0.36 [0.36]
1023290000000000.0 59735000000000.0 617080000000.0 1800310000.0 0.0 31442200000.0 629995.0 0.0 5247120000000.0 1154010.0 0.0 0.0 2633860000.0 245562000000.0 559121.0 716305.0 0.0 0.38 [0.38]
1023290000000000.0 58224500000000.0 601157000000.0 1698750000.0 0.0 30445400000.0 583450.0 0.0 5241910000000.0 1065640.0 0.0 0.0 2629330000.0 243579000000.0 530090.0 678268.0 0.0 0.4 [0.4]
1023290000000000.0 56752000000000.0 585524000000.0 1602480000.0 0.0 29478700000.0 540365.0 0.0 5236820000000.0 984193.0 0.0 0.0 2624900000.0 241589000000.0 502554.0 642221.0 0.0 0.42 [0.42]
1023290000000000.0 55317500000000.0 570183000000.0 1511290000.0 0.0 28541400000.0 500482.0 0.0 5231840000000.0 909124.0 0.0 0.0 2620550000.0 239594000000.0 476437.0 608060.0 0.0 0.44 [0.44]
1023290000000000.0 53919800000000.0 555130000000.0 1424910000.0 0.0 27632600000.0 463563.0 0.0 5226970000000.0 839925.0 0.0 0.0 2616290000.0 237592000000.0 451666.0 575687.0 0.0 0.46 [0.46]
1023290000000000.0 52557800000000.0 540359000000.0 1343100000.0 0.0 26751400000.0 429385.0 0.0 5222200000000.0 776110.0 0.0 0.0 2612100000.0 235582000000.0 428170.0 545007.0 0.0 0.48 [0.48]
1023290000000000.0 51230300000000.0 525869000000.0 1265640000.0 0.0 25896900000.0 397744.0 0.0 5217540000000.0 717257.0 0.0 0.0 2608000000.0 233566000000.0 405884.0 515931.0 0.0 0.5 [0.5]
1023290000000000.0 49933200000000.0 511627000000.0 1192190000.0 0.0 25067200000.0 368430.0 0.0 5212960000000.0 662933.0 0.0 0.0 2603950000.0 231535000000.0 384733.0 488360.0 0.0 0.52 [0.52]
1023290000000000.0 48676300000000.0 497718000000.0 1122930000.0 0.0 24265200000.0 341326.0 0.0 5208510000000.0 612890.0 0.0 0.0 2600020000.0 229512000000.0 364691.0 462262.0 0.0 0.54 [0.54]
1023290000000000.0 47447400000000.0 484050000000.0 1057270000.0 0.0 23486300000.0 316213.0 0.0 5204140000000.0 566674.0 0.0 0.0 2596130000.0 227473000000.0 345670.0 437515.0 0.0 0.56 [0.56]
1023290000000000.0 46246000000000.0 470624000000.0 995057000.0 0.0 22729800000.0 292947.0 0.0 5199850000000.0 523989.0 0.0 0.0 2592290000.0 225418000000.0 327619.0 414050.0 0.0 0.58 [0.58]
1023290000000000.0 45078400000000.0 457488000000.0 936319000.0 0.0 21997500000.0 271417.0 0.0 5195670000000.0 484616.0 0.0 0.0 2588530000.0 223363000000.0 310504.0 391825.0 0.0 0.6 [0.6]
1023290000000000.0 43942900000000.0 444637000000.0 880883000.0 0.0 21288500000.0 251491.0 0.0 5191590000000.0 448289.0 0.0 0.0 2584860000.0 221307000000.0 294278.0 370777.0 0.0 0.62 [0.62]
1023290000000000.0 42832800000000.0 432020000000.0 828376000.0 0.0 20599900000.0 233028.0 0.0 5187590000000.0 414718.0 0.0 0.0 2581230000.0 219234000000.0 278878.0 350820.0 0.0 0.64 [0.64]
1023290000000000.0 41750200000000.0 419656000000.0 778750000.0 0.0 19932200000.0 215930.0 0.0 5183680000000.0 383708.0 0.0 0.0 2577640000.0 217153000000.0 264272.0 331909.0 0.0 0.66 [0.66]
1023290000000000.0 40694600000000.0 407546000000.0 731868000.0 0.0 19284900000.0 200096.0 0.0 5179850000000.0 355068.0 0.0 0.0 2574110000.0 215064000000.0 250417.0 313990.0 0.0 0.68 [0.68]
1023290000000000.0 39665100000000.0 395685000000.0 687582000.0 0.0 18657300000.0 185433.0 0.0 5176100000000.0 328605.0 0.0 0.0 2570630000.0 212967000000.0 237276.0 297012.0 0.0 0.7 [0.7]
1023290000000000.0 38661100000000.0 384069000000.0 645764000.0 0.0 18048700000.0 171852.0 0.0 5172440000000.0 304152.0 0.0 0.0 2567200000.0 210861000000.0 224812.0 280926.0 0.0 0.72 [0.72]
1023290000000000.0 37681900000000.0 372697000000.0 606285000.0 0.0 17458800000.0 159274.0 0.0 5168850000000.0 281552.0 0.0 0.0 2563810000.0 208746000000.0 212990.0 265687.0 0.0 0.74 [0.74]
1023290000000000.0 36726700000000.0 361566000000.0 569028000.0 0.0 16886800000.0 147624.0 0.0 5165350000000.0 260663.0 0.0 0.0 2560460000.0 206624000000.0 201779.0 251249.0 0.0 0.76 [0.76]
1023290000000000.0 35795000000000.0 350672000000.0 533877000.0 0.0 16332300000.0 136834.0 0.0 5161920000000.0 241351.0 0.0 0.0 2557150000.0 204494000000.0 191146.0 237574.0 0.0 0.78 [0.78]
1023290000000000.0 34886000000000.0 340014000000.0 500721000.0 0.0 15794700000.0 126840.0 0.0 5158560000000.0 223495.0 0.0 0.0 2553870000.0 202356000000.0 181062.0 224619.0 0.0 0.8 [0.8]
1023290000000000.0 33999200000000.0 329588000000.0 469461000.0 0.0 15273600000.0 117584.0 0.0 5155280000000.0 206983.0 0.0 0.0 2550630000.0 200211000000.0 171500.0 212350.0 0.0 0.82 [0.82]
1023290000000000.0 33133900000000.0 319393000000.0 439996000.0 0.0 14768600000.0 109009.0 0.0 5152070000000.0 191711.0 0.0 0.0 2547420000.0 198059000000.0 162433.0 200730.0 0.0 0.84 [0.84]
1023290000000000.0 32289700000000.0 309426000000.0 412232000.0 0.0 14279000000.0 101067.0 0.0 5148930000000.0 177585.0 0.0 0.0 2544240000.0 195900000000.0 153835.0 189726.0 0.0 0.86 [0.86]
1023290000000000.0 31465800000000.0 299685000000.0 386081000.0 0.0 13804500000.0 93709.9 0.0 5145850000000.0 164517.0 0.0 0.0 2541080000.0 193735000000.0 145684.0 179306.0 0.0 0.88 [0.88]
1023290000000000.0 30661600000000.0 290195000000.0 361830000.0 0.0 13345000000.0 86897.5 0.0 5142850000000.0 152418.0 0.0 0.0 2537940000.0 191566000000.0 137956.0 169445.0 0.0 0.9 [0.9]
1023290000000000.0 29876500000000.0 280947000000.0 339269000.0 0.0 12900000000.0 80588.8 0.0 5139910000000.0 141218.0 0.0 0.0 2534820000.0 189393000000.0 130630.0 160113.0 0.0 0.92 [0.92]
1023290000000000.0 29110200000000.0 271913000000.0 318005000.0 0.0 12468700000.0 74744.0 0.0 5137030000000.0 130855.0 0.0 0.0 2531710000.0 187215000000.0 123686.0 151278.0 0.0 0.94 [0.94]
1023290000000000.0 28362400000000.0 263090000000.0 297970000.0 0.0 12050700000.0 69329.0 0.0 5134210000000.0 121264.0 0.0 0.0 2528620000.0 185032000000.0 117104.0 142915.0 0.0 0.96 [0.96]
1023290000000000.0 27632400000000.0 254478000000.0 279101000.0 0.0 11645800000.0 64311.9 0.0 5131460000000.0 112388.0 0.0 0.0 2525530000.0 182846000000.0 110864.0 134999.0 0.0 0.98 [0.98]
1023290000000000.0 26919800000000.0 246072000000.0 261337000.0 0.0 11253400000.0 59663.4 0.0 5128760000000.0 104173.0 0.0 0.0 2522460000.0 180657000000.0 104951.0 127507.0 0.0 1.0 [1.0]
