      1.00000   5.4145344e-06
      2.00000   5.5396840e-06
      3.00000   5.6252334e-06
      4.00000   5.6716272e-06
      5.00000   5.6631065e-06
      6.00000   5.6323879e-06
      7.00000   5.6189515e-06
      8.00000   5.6403810e-06
      9.00000   5.6843328e-06
      10.0000   5.7295247e-06
      11.0000   5.7680450e-06
      12.0000   5.8100209e-06
      13.0000   5.8713531e-06
      14.0000   5.9622212e-06
      15.0000   6.0915386e-06
      16.0000   6.2740942e-06
      17.0000   6.5179192e-06
      18.0000   6.8060767e-06
      19.0000   7.1047975e-06
      20.0000   7.3857227e-06
      21.0000   7.6336437e-06
      22.0000   7.8359571e-06
      23.0000   7.9800702e-06
      24.0000   8.0603595e-06
      25.0000   8.0772461e-06
      26.0000   8.0374584e-06
      27.0000   7.9609999e-06
      28.0000   7.8748171e-06
      29.0000   7.7967106e-06
      30.0000   7.7358964e-06
      31.0000   7.7078093e-06
      32.0000   7.7368677e-06
      33.0000   7.8383773e-06
      34.0000   8.0096743e-06
      35.0000   8.2405695e-06
      36.0000   8.5259280e-06
      37.0000   8.8659190e-06
      38.0000   9.2546597e-06
      39.0000   9.6650756e-06
      40.0000   1.0059578e-05
      41.0000   1.0418962e-05
      42.0000   1.0746357e-05
      43.0000   1.1044250e-05
      44.0000   1.1302359e-05
      45.0000   1.1505022e-05
      46.0000   1.1639381e-05
      47.0000   1.1701023e-05
      48.0000   1.1702133e-05
      49.0000   1.1665957e-05
      50.0000   1.1614326e-05
      51.0000   1.1580366e-05
      52.0000   1.1609212e-05
      53.0000   1.1728986e-05
      54.0000   1.1938907e-05
      55.0000   1.2232827e-05
      56.0000   1.2615604e-05
      57.0000   1.3095663e-05
      58.0000   1.3679753e-05
      59.0000   1.4358655e-05
      60.0000   1.5098129e-05
      61.0000   1.5852978e-05
      62.0000   1.6575925e-05
      63.0000   1.7213479e-05
      64.0000   1.7725366e-05
      65.0000   1.8131235e-05
      66.0000   1.8510807e-05
      67.0000   1.8929373e-05
      68.0000   1.9388559e-05
      69.0000   1.9844065e-05
      70.0000   2.0262145e-05
      71.0000   2.0664307e-05
      72.0000   2.1130036e-05
      73.0000   2.1738784e-05
      74.0000   2.2487267e-05
      75.0000   2.3291053e-05
      76.0000   2.4094932e-05
      77.0000   2.4930087e-05
      78.0000   2.5851925e-05
      79.0000   2.6878399e-05
      80.0000   2.7999766e-05
      81.0000   2.9211626e-05
      82.0000   3.0493711e-05
      83.0000   3.1755189e-05
      84.0000   3.2879321e-05
      85.0000   3.3809691e-05
      86.0000   3.4586104e-05
      87.0000   3.5303892e-05
      88.0000   3.6013178e-05
      89.0000   3.6733971e-05
      90.0000   3.7521575e-05
      91.0000   3.8489186e-05
      92.0000   3.9794832e-05
      93.0000   4.1577594e-05
      94.0000   4.3877251e-05
      95.0000   4.6640405e-05
      96.0000   4.9787130e-05
      97.0000   5.3235803e-05
      98.0000   5.6892390e-05
      99.0000   6.0747934e-05
      100.000   6.5022970e-05
      101.000   7.0063645e-05
      102.000   7.6069977e-05
      103.000   8.3121689e-05
      104.000   9.1303220e-05
      105.000   0.00010058243
      106.000   0.00011075770
      107.000   0.00012167067
      108.000   0.00013323949
      109.000   0.00014536553
      110.000   0.00015802291
      111.000   0.00017153601
      112.000   0.00018645270
      113.000   0.00020294900
      114.000   0.00022074205
      115.000   0.00023980536
      116.000   0.00026093458
      117.000   0.00028538870
      118.000   0.00031381834
      119.000   0.00034593575
      120.000   0.00038154086
      121.000   0.00042141485
      122.000   0.00046696197
      123.000   0.00051877031
      124.000   0.00057524425
      125.000   0.00063244841
      126.000   0.00068486948
      127.000   0.00072777347
      128.000   0.00076104555
      129.000   0.00078988244
      130.000   0.00082098233
      131.000   0.00085808424
      132.000   0.00090273842
      133.000   0.00095859193
      134.000    0.0010339832
      135.000    0.0011400600
      136.000    0.0012852469
      137.000    0.0014700716
      138.000    0.0016880042
      139.000    0.0019324775
      140.000    0.0022049719
      141.000    0.0025180271
      142.000    0.0028783521
      143.000    0.0032703902
      144.000    0.0036658505
      145.000    0.0040523773
      146.000    0.0044590123
      147.000    0.0049424409
      148.000    0.0055717421
      149.000    0.0064434339
      150.000    0.0076521048
      151.000    0.0092509557
      152.000     0.011328652
      153.000     0.014186990
      154.000     0.018426798
      155.000     0.024769604
      156.000     0.033656992
      157.000     0.044935741
      158.000     0.057851825
      159.000     0.070999339
      160.000     0.081974976
      161.000     0.087664500
      162.000     0.085848391
      163.000     0.077043399
      164.000     0.064218856
      165.000     0.050679844
      166.000     0.038696699
      167.000     0.029173117
      168.000     0.022002114
      169.000     0.016692046
      170.000     0.012780176
      171.000    0.0099278213
      172.000    0.0079001673
      173.000    0.0065173963
      174.000    0.0056002103
      175.000    0.0049801222
      176.000    0.0045161066
      177.000    0.0041048247
      178.000    0.0036975152
      179.000    0.0032966898
      180.000    0.0029205107
      181.000    0.0025738575
      182.000    0.0022553413
      183.000    0.0019729419
      184.000    0.0017358931
      185.000    0.0015401207
      186.000    0.0013697702
      187.000    0.0012098424
      188.000    0.0010544694
      189.000   0.00090735499
      190.000   0.00077649736
      191.000   0.00066755724
      192.000   0.00058106380
      193.000   0.00051385770
      194.000   0.00046115994
      195.000   0.00041776197
      196.000   0.00037925498
      197.000   0.00034271137
      198.000   0.00030674704
      199.000   0.00027168187
      200.000   0.00023941020
      201.000   0.00021215851
      202.000   0.00019095466
      203.000   0.00017518160
      204.000   0.00016334387
      205.000   0.00015393870
      206.000   0.00014578892
      207.000   0.00013797120
      208.000   0.00012998351
      209.000   0.00012178914
      210.000   0.00011363192
      211.000   0.00010582330
      212.000   9.8620367e-05
      213.000   9.2041628e-05
      214.000   8.5908825e-05
      215.000   8.0084814e-05
      216.000   7.4642994e-05
      217.000   6.9755471e-05
      218.000   6.5463653e-05
      219.000   6.1646402e-05
      220.000   5.8140762e-05
      221.000   5.4834934e-05
      222.000   5.1690164e-05
      223.000   4.8730115e-05
      224.000   4.6013338e-05
      225.000   4.3577882e-05
      226.000   4.1419818e-05
      227.000   3.9547023e-05
      228.000   3.7971055e-05
      229.000   3.6674555e-05
      230.000   3.5613673e-05
      231.000   3.4759989e-05
      232.000   3.4098150e-05
      233.000   3.3558448e-05
      234.000   3.2999014e-05
      235.000   3.2273099e-05
      236.000   3.1311250e-05
      237.000   3.0145724e-05
      238.000   2.8882338e-05
      239.000   2.7637829e-05
      240.000   2.6463174e-05
      241.000   2.5338293e-05
      242.000   2.4261852e-05
      243.000   2.3295715e-05
      244.000   2.2518510e-05
      245.000   2.1951146e-05
      246.000   2.1496189e-05
      247.000   2.0997872e-05
      248.000   2.0398871e-05
      249.000   1.9778490e-05
      250.000   1.9240941e-05
      251.000   1.8827694e-05
      252.000   1.8497685e-05
      253.000   1.8172268e-05
      254.000   1.7816050e-05
      255.000   1.7450702e-05
      256.000   1.7085345e-05
      257.000   1.6680726e-05
      258.000   1.6193377e-05
      259.000   1.5624491e-05
      260.000   1.4996304e-05
      261.000   1.4325101e-05
      262.000   1.3628737e-05
      263.000   1.2932398e-05
      264.000   1.2263738e-05
      265.000   1.1649189e-05
      266.000   1.1116558e-05
      267.000   1.0700177e-05
      268.000   1.0424224e-05
      269.000   1.0285073e-05
      270.000   1.0249855e-05
      271.000   1.0278288e-05
      272.000   1.0346468e-05
      273.000   1.0446889e-05
      274.000   1.0566451e-05
      275.000   1.0672466e-05
      276.000   1.0725779e-05
      277.000   1.0704714e-05
      278.000   1.0602296e-05
      279.000   1.0418326e-05
      280.000   1.0159324e-05
      281.000   9.8360852e-06
      282.000   9.4537409e-06
      283.000   9.0222939e-06
      284.000   8.5769825e-06
      285.000   8.1646458e-06
      286.000   7.8207104e-06
      287.000   7.5624785e-06
      288.000   7.3950596e-06
      289.000   7.3123888e-06
      290.000   7.2992771e-06
      291.000   7.3398737e-06
      292.000   7.4144577e-06
      293.000   7.4959812e-06
      294.000   7.5648991e-06
      295.000   7.6147171e-06
      296.000   7.6408396e-06
      297.000   7.6336491e-06
      298.000   7.5875691e-06
      299.000   7.5017347e-06
      300.000   7.3733722e-06
      301.000   7.1991590e-06
      302.000   6.9830348e-06
      303.000   6.7383321e-06
      304.000   6.4831956e-06
      305.000   6.2355698e-06
      306.000   6.0127718e-06
      307.000   5.8299606e-06
      308.000   5.6953304e-06
      309.000   5.6088384e-06
      310.000   5.5568858e-06
      311.000   5.5193113e-06
      312.000   5.4914512e-06
      313.000   5.4857392e-06
      314.000   5.5054657e-06
      315.000   5.5326759e-06
      316.000   5.5402688e-06
      317.000   5.5127230e-06
      318.000   5.4499860e-06
      319.000   5.3709819e-06
      320.000   5.2916098e-06
      321.000       0.0000000
