! -------------------------
   1261.7111816406250        1.0183339118957520        5.5665954947471619E-002   1.0000000000000000     
   1261.7410888671875        1.0263810157775879        5.5867392569780350E-002   1.0000000000000000     
   1261.7709960937500        1.0498445034027100        5.6514400988817215E-002   1.0000000000000000     
   1261.8009033203125       0.95728558301925659        5.4260823875665665E-002   1.0000000000000000     
   1261.8308105468750        1.0362582206726074        5.6180890649557114E-002   1.0000000000000000     
   1261.8607177734375        1.1244938373565674        5.8321263641119003E-002   1.0000000000000000     
   1261.8906250000000        1.0781303644180298        5.7527266442775726E-002   1.0000000000000000     
   1261.9205322265625        1.0205615758895874        5.5930510163307190E-002   1.0000000000000000     
   1261.9504394531250       0.97575426101684570        5.4565154016017914E-002   1.0000000000000000     
   1261.9803466796875       0.92825096845626831        5.3123738616704941E-002   1.0000000000000000     
   1262.0102539062500        1.0897604227066040        5.7784341275691986E-002   1.0000000000000000     
   1262.0401611328125        1.1535477638244629        5.9076759964227676E-002   1.0000000000000000     
   1262.0700683593750        1.0504873991012573        5.6930828839540482E-002   1.0000000000000000     
   1262.0999755859375       0.99493241310119629        5.5262714624404907E-002   1.0000000000000000     
   1262.1298828125000        1.0571128129959106        5.6784167885780334E-002   1.0000000000000000     
   1262.1597900390625        1.0766081809997559        5.7318806648254395E-002   1.0000000000000000     
   1262.1896972656250        1.0070239305496216        5.5978167802095413E-002   1.0000000000000000     
   1262.2196044921875        1.0209703445434570        5.5733855813741684E-002   1.0000000000000000     
   1262.2495117187500        1.0359315872192383        5.6155554950237274E-002   1.0000000000000000     
   1262.2794189453125       0.97347199916839600        5.4544243961572647E-002   1.0000000000000000     
   1262.3093261718750        1.0110228061676025        5.5861543864011765E-002   1.0000000000000000     
   1262.3392333984375        1.0717823505401611        5.6859083473682404E-002   1.0000000000000000     
   1262.3691406250000        1.0455747842788696        5.6522667407989502E-002   1.0000000000000000     
   1262.3990478515625        1.0396832227706909        5.6138128042221069E-002   1.0000000000000000     
   1262.4289550781250       0.96051001548767090        5.4280526936054230E-002   1.0000000000000000     
   1262.4588623046875       0.97992312908172607        5.4570503532886505E-002   1.0000000000000000     
   1262.4887695312500        1.0371884107589722        5.6230224668979645E-002   1.0000000000000000     
   1262.5186767578125       0.98309832811355591        5.4684221744537354E-002   1.0000000000000000     
   1262.5485839843750        1.0608711242675781        5.6703325361013412E-002   1.0000000000000000     
   1262.5784912109375       0.99578446149826050        5.4901801049709320E-002   1.0000000000000000     
   1262.6083984375000        1.0589299201965332        5.6635752320289612E-002   1.0000000000000000     
   1262.6383056640625       0.97845071554183960        5.4668385535478592E-002   1.0000000000000000     
   1262.6682128906250       0.98955821990966797        5.4826240986585617E-002   1.0000000000000000     
   1262.6981201171875        1.0754933357238770        5.7108696550130844E-002   1.0000000000000000     
   1262.7280273437500        1.0878508090972900        5.7786200195550919E-002   1.0000000000000000     
   1262.7579345703125        1.1529172658920288        5.9553664177656174E-002   1.0000000000000000     
   1262.7878417968750        1.1910208463668823        5.9992916882038116E-002   1.0000000000000000     
   1262.8178710937500       0.98232233524322510        5.4823573678731918E-002   1.0000000000000000     
   1262.8477783203125        1.0191295146942139        5.6143824011087418E-002   1.0000000000000000     
   1262.8776855468750       0.92759412527084351        5.3700249642133713E-002   1.0000000000000000     
   1262.9075927734375       0.96280419826507568        5.4329100996255875E-002   1.0000000000000000     
   1262.9375000000000        1.1166319847106934        5.8267515152692795E-002   1.0000000000000000     
   1262.9674072265625        1.0141794681549072        5.5849276483058929E-002   1.0000000000000000     
   1262.9973144531250        1.0053318738937378        5.5259082466363907E-002   1.0000000000000000     
   1263.0272216796875       0.97271037101745605        5.4828364402055740E-002   1.0000000000000000     
   1263.0571289062500       0.89888578653335571        5.2893787622451782E-002   1.0000000000000000     
   1263.0870361328125       0.95715135335922241        5.3930174559354782E-002   1.0000000000000000     
   1263.1169433593750        1.0141206979751587        5.5592730641365051E-002   1.0000000000000000     
   1263.1468505859375       0.99866789579391479        5.4976280778646469E-002   1.0000000000000000     
   1263.1767578125000        1.0163112878799438        5.5560111999511719E-002   1.0000000000000000     
   1263.2066650390625       0.99450325965881348        5.4855521768331528E-002  0.99937113026666413     
   1263.2365722656250       0.87785267829895020        5.1614221185445786E-002  0.99911797662386981     
   1263.2664794921875       0.99309474229812622        5.5205568671226501E-002  0.99876997361764852     
   1263.2963867187500       0.99183452129364014        5.4860126227140427E-002  0.99830027972790314     
   1263.3262939453125       0.91379761695861816        5.3557880222797394E-002  0.99767908378606640     
   1263.3562011718750        1.0291664600372314        5.6145053356885910E-002  0.99687553753838287     
   1263.3861083984375        1.0307048559188843        5.6019414216279984E-002  0.99586059497408341     
   1263.4160156250000        1.0620454549789429        5.7088319212198257E-002  0.99461087393451830     
   1263.4459228515625        1.0314731597900391        5.6578524410724640E-002  0.99311324790193078     
   1263.4758300781250       0.93640160560607910        5.3544662892818451E-002  0.99136969006233178     
   1263.5057373046875       0.97084254026412964        5.4404411464929581E-002  0.98940167392322398     
   1263.5356445312500       0.99169766902923584        5.4857600480318069E-002  0.98725329165295717     
   1263.5655517578125       0.99844408035278320        5.5237103253602982E-002  0.98499225224885123     
   1263.5954589843750       0.90136510133743286        5.2215471863746643E-002  0.98270810221072769     
   1263.6253662109375       0.90517163276672363        5.2619915455579758E-002  0.98050737020620404     
   1263.6552734375000        1.0453840494155884        5.6398406624794006E-002  0.97850582412301834     
   1263.6851806640625       0.89953404664993286        5.2133534103631973E-002  0.97681855214529101     
   1263.7150878906250       0.98987138271331787        5.4690651595592499E-002  0.97554902813086708     
   1263.7449951171875       0.95545190572738647        5.3907215595245361E-002  0.97477859487223029     
   1263.7749023437500       0.99369102716445923        5.4950613528490067E-002  0.97455783299436416     
   1263.8048095703125       0.94547635316848755        5.3563721477985382E-002  0.97490106291244982     
   1263.8347167968750       0.86766403913497925        5.1356613636016846E-002  0.97578478679787162     
   1263.8646240234375       0.95930492877960205        5.3986851125955582E-002  0.97715029967665457     
   1263.8945312500000       0.83713072538375854        5.0536602735519409E-002  0.97891008517838995     
   1263.9244384765625       0.84092134237289429        5.0450749695301056E-002  0.98095705439462266     
   1263.9543457031250       0.63674855232238770        4.5298658311367035E-002  0.98317529598471387     
   1263.9842529296875       0.39439588785171509        3.6455787718296051E-002  0.98545086261951809     
   1264.0141601562500       0.27665385603904724        3.1152907758951187E-002  0.98768122971779004     
   1264.0440673828125       0.22226896882057190        2.7035433799028397E-002  0.98978236618690740     
   1264.0739746093750       0.13637043535709381        2.1998371928930283E-002  0.99169282953299831     
   1264.1038818359375       0.23015023767948151        2.7792060747742653E-002  0.99337462909140506     
   1264.1339111328125       0.27824702858924866        3.0579179525375366E-002  0.99481113569550994     
   1264.1638183593750       0.39940577745437622        3.6112476140260696E-002  0.99600387494746434     
   1264.1937255859375       0.60408121347427368        4.3446447700262070E-002  0.99696875273283003     
   1264.2236328125000       0.79824197292327881        4.9033336341381073E-002  0.99773099271686216     
   1264.2535400390625       0.87001633644104004        5.1368258893489838E-002  0.99832021397549664     
   1264.2834472656250       0.90130108594894409        5.2607018500566483E-002  0.99876683094835561     
   1264.3133544921875       0.96217286586761475        5.4065428674221039E-002  0.99909955167575859     
   1264.3432617187500        1.0247261524200439        5.5813513696193695E-002  0.99934381613114054     
   1264.3731689453125       0.83791977167129517        5.1182389259338379E-002  0.99952105581895301     
   1264.4030761718750        1.0240638256072998        5.5477328598499298E-002  0.99964857746207947     
   1264.4329833984375       0.98369181156158447        5.4734367877244949E-002  0.99973986499527723     
   1264.4628906250000       0.98352497816085815        5.4615452885627747E-002  0.99980510943471224     
   1264.4927978515625        1.1146957874298096        5.7850152254104614E-002  0.99985182050453691     
   1264.5227050781250        1.0561743974685669        5.7190157473087311E-002  0.99988542208380549     
   1264.5526123046875        1.0856239795684814        5.7184714823961258E-002  0.99990977599621511     
   1264.5825195312500        1.0572388172149658        5.6495688855648041E-002  0.99992760801732306     
   1264.6124267578125       0.95914477109909058        5.4547600448131561E-002  0.99994083899107034     
   1264.6423339843750       0.97156065702438354        5.4519068449735641E-002  0.99995078644214830     
   1264.6722412109375        1.0579128265380859        5.6499384343624115E-002  0.99995829576815509     
   1264.7021484375000        1.0192354917526245        5.6225057691335678E-002  0.99996402491479630     
   1264.7320556640625        1.1111792325973511        5.7939734309911728E-002  0.99996850245457558     
   1264.7619628906250       0.95916122198104858        5.3910966962575912E-002  0.99997207890380990     
   1264.7918701171875       0.93234193325042725        5.3248826414346695E-002  0.99997498764656978     
   1264.8217773437500       0.89558267593383789        5.2055276930332184E-002  0.99997739251126949     
   1264.8516845703125        1.0081549882888794        5.5177390575408936E-002  0.99997941200339746     
   1264.8815917968750       0.98117893934249878        5.4810121655464172E-002  0.99998113363442498     
   1264.9114990234375       0.93366253376007080        5.3492579609155655E-002   1.0000000000000000     
   1264.9414062500000        1.0628379583358765        5.6550391018390656E-002   1.0000000000000000     
   1264.9713134765625        1.0223963260650635        5.5660713464021683E-002   1.0000000000000000     
   1265.0012207031250        1.1718738079071045        5.9254828840494156E-002   1.0000000000000000     
   1265.0311279296875        1.0708187818527222        5.6685298681259155E-002   1.0000000000000000     
   1265.0610351562500       0.93747448921203613        5.3647056221961975E-002   1.0000000000000000     
   1265.0909423828125       0.96816438436508179        5.4133675992488861E-002   1.0000000000000000     
   1265.1208496093750       0.98639106750488281        5.4468087852001190E-002   1.0000000000000000     
   1265.1507568359375       0.95292246341705322        5.3881019353866577E-002   1.0000000000000000     
   1265.1806640625000        1.0049006938934326        5.4953735321760178E-002   1.0000000000000000     
   1265.2105712890625       0.98600941896438599        5.4555155336856842E-002   1.0000000000000000     
   1265.2404785156250        1.0510349273681641        5.6584298610687256E-002   1.0000000000000000     
   1265.2703857421875        1.0203081369400024        5.5554687976837158E-002   1.0000000000000000     
   1265.3002929687500       0.86191099882125854        5.1061253994703293E-002   1.0000000000000000     
   1265.3302001953125       0.90583491325378418        5.2495617419481277E-002   1.0000000000000000     
   1265.3601074218750       0.88692986965179443        5.2003405988216400E-002   1.0000000000000000     
   1265.3900146484375       0.79219937324523926        4.9460303038358688E-002   1.0000000000000000     
   1265.4199218750000       0.82566016912460327        5.0128642469644547E-002   1.0000000000000000     
   1265.4499511718750       0.83417469263076782        5.0457701086997986E-002   1.0000000000000000     
   1265.4798583984375       0.85610729455947876        5.0877455621957779E-002   1.0000000000000000     
   1265.5097656250000       0.89815372228622437        5.2037507295608521E-002   1.0000000000000000     
   1265.5396728515625       0.94690406322479248        5.3406566381454468E-002   1.0000000000000000     
   1265.5695800781250        1.0099612474441528        5.5262535810470581E-002   1.0000000000000000     
   1265.5994873046875       0.98477369546890259        5.4325412958860397E-002   1.0000000000000000     
   1265.6293945312500        1.0231838226318359        5.5574811995029449E-002   1.0000000000000000     
   1265.6593017578125        1.0277632474899292        5.5581957101821899E-002   1.0000000000000000     
   1265.6892089843750        1.0471634864807129        5.6173954159021378E-002   1.0000000000000000     
   1265.7191162109375       0.99275690317153931        5.4682347923517227E-002   1.0000000000000000     
   1265.7490234375000       0.97041851282119751        5.4266452789306641E-002   1.0000000000000000     
   1265.7789306640625       0.97505652904510498        5.4512221366167068E-002   1.0000000000000000     
   1265.8088378906250        1.0732212066650391        5.7008784264326096E-002   1.0000000000000000     
   1265.8387451171875       0.97902202606201172        5.4487582296133041E-002   1.0000000000000000     
   1265.8686523437500        1.0094778537750244        5.5144596844911575E-002   1.0000000000000000     
   1265.8985595703125        1.0742654800415039        5.7070221751928329E-002   1.0000000000000000     
   1265.9284667968750       0.95020693540573120        5.3466074168682098E-002   1.0000000000000000     
   1265.9583740234375       0.94753205776214600        5.3647905588150024E-002   1.0000000000000000     
   1265.9882812500000        1.0990567207336426        5.7561513036489487E-002   1.0000000000000000     
   1266.0181884765625        1.0967828035354614        5.7583197951316833E-002   1.0000000000000000     
   1266.0480957031250        1.0283540487289429        5.5617045611143112E-002   1.0000000000000000     
   1266.0780029296875        1.0698064565658569        5.6733030825853348E-002   1.0000000000000000     
   1266.1079101562500        1.0171649456024170        5.5396225303411484E-002   1.0000000000000000     
   1266.1378173828125        1.0587081909179688        5.6509140878915787E-002   1.0000000000000000     
   1266.1677246093750       0.98439472913742065        5.4426021873950958E-002   1.0000000000000000     
   1266.1976318359375        1.0388436317443848        5.6020554155111313E-002   1.0000000000000000     
   1266.2275390625000        1.0553189516067505        5.6443687528371811E-002   1.0000000000000000     
   1266.2574462890625        1.0975339412689209        5.7945691049098969E-002   1.0000000000000000     
   1266.2873535156250        1.0421415567398071        5.6062832474708557E-002   1.0000000000000000     
   1266.3172607421875        1.0607939958572388        5.6379113346338272E-002   1.0000000000000000     
   1266.3471679687500        1.0801913738250732        5.7009469717741013E-002   1.0000000000000000     
   1266.3770751953125       0.86752641201019287        5.1708538085222244E-002   1.0000000000000000     
!  ---- tick mark positions for above ----
!      1263.77318     5     1
