! -------------------------
   1623.4017333984375        1.0799448490142822        9.4576291739940643E-002   1.0000000000000000     
   1623.4384765625000       0.98659414052963257        9.1681271791458130E-002   1.0000000000000000     
   1623.4752197265625       0.96532142162322998        8.9700877666473389E-002   1.0000000000000000     
   1623.5118408203125        1.2433136701583862       0.10212677717208862        1.0000000000000000     
   1623.5485839843750        1.0351701974868774        9.3883864581584930E-002   1.0000000000000000     
   1623.5852050781250       0.94029104709625244        9.0166881680488586E-002   1.0000000000000000     
   1623.6219482421875        1.0417472124099731        9.4106920063495636E-002   1.0000000000000000     
   1623.6585693359375       0.91633021831512451        8.7397746741771698E-002   1.0000000000000000     
   1623.6953125000000       0.96717441082000732        9.0449541807174683E-002   1.0000000000000000     
   1623.7320556640625       0.84391856193542480        8.5152797400951385E-002   1.0000000000000000     
   1623.7686767578125       0.92030030488967896        8.7755240499973297E-002   1.0000000000000000     
   1623.8054199218750       0.95811158418655396        8.9603751897811890E-002   1.0000000000000000     
   1623.8420410156250       0.93654191493988037        8.9153625071048737E-002   1.0000000000000000     
   1623.8787841796875       0.98327529430389404        9.1750472784042358E-002   1.0000000000000000     
   1623.9154052734375        1.0114456415176392        9.2052303254604340E-002   1.0000000000000000     
   1623.9521484375000        1.1311951875686646        9.7251504659652710E-002   1.0000000000000000     
   1623.9888916015625       0.95803523063659668        9.0716458857059479E-002   1.0000000000000000     
   1624.0255126953125        1.0356837511062622        9.4651788473129272E-002   1.0000000000000000     
   1624.0622558593750        1.0903015136718750        9.6386097371578217E-002   1.0000000000000000     
   1624.0988769531250       0.97844511270523071        9.2329882085323334E-002   1.0000000000000000     
   1624.1356201171875        1.0817743539810181        9.5896333456039429E-002   1.0000000000000000     
   1624.1722412109375        1.0522260665893555        9.6049465239048004E-002   1.0000000000000000     
   1624.2089843750000        1.2049460411071777       0.10053499042987823        1.0000000000000000     
   1624.2456054687500        1.0568119287490845        9.4744257628917694E-002   1.0000000000000000     
   1624.2823486328125        1.0738521814346313        9.4865590333938599E-002   1.0000000000000000     
   1624.3190917968750        1.1245206594467163        9.7433164715766907E-002   1.0000000000000000     
   1624.3557128906250        1.0932021141052246        9.6149295568466187E-002   1.0000000000000000     
   1624.3924560546875       0.86340475082397461        8.6482957005500793E-002   1.0000000000000000     
   1624.4290771484375       0.93825811147689819        8.9022144675254822E-002   1.0000000000000000     
   1624.4658203125000        1.0072126388549805        9.2994689941406250E-002   1.0000000000000000     
   1624.5024414062500        1.0937669277191162        9.7421377897262573E-002   1.0000000000000000     
   1624.5391845703125        1.1283829212188721        9.8440900444984436E-002   1.0000000000000000     
   1624.5759277343750        1.0111764669418335        9.4580799341201782E-002   1.0000000000000000     
   1624.6125488281250        1.0071731805801392        9.3024380505084991E-002   1.0000000000000000     
   1624.6492919921875       0.97494292259216309        9.2295818030834198E-002   1.0000000000000000     
   1624.6859130859375       0.91571378707885742        8.8613599538803101E-002   1.0000000000000000     
   1624.7226562500000        1.0351276397705078        9.3846738338470459E-002   1.0000000000000000     
   1624.7592773437500        1.0535603761672974        9.4593688845634460E-002   1.0000000000000000     
   1624.7960205078125        1.1784341335296631       0.10008867830038071        1.0000000000000000     
   1624.8326416015625       0.86979585886001587        8.9685320854187012E-002   1.0000000000000000     
   1624.8693847656250        1.0682569742202759        9.5218174159526825E-002   1.0000000000000000     
   1624.9061279296875        1.0237346887588501        9.3237638473510742E-002   1.0000000000000000     
   1624.9427490234375       0.86956977844238281        9.2155076563358307E-002   1.0000000000000000     
   1624.9794921875000       0.97950631380081177        9.1399431228637695E-002   1.0000000000000000     
   1625.0161132812500        1.0812233686447144        9.6587114036083221E-002   1.0000000000000000     
   1625.0528564453125       0.86735898256301880        8.8609457015991211E-002   1.0000000000000000     
   1625.0894775390625       0.82817924022674561        8.5622742772102356E-002   1.0000000000000000     
   1625.1262207031250        1.0118528604507446        9.3964733183383942E-002   1.0000000000000000     
   1625.1629638671875       0.94717967510223389        9.0622536838054657E-002   1.0000000000000000     
   1625.1995849609375        1.0445709228515625        9.4308212399482727E-002   1.0000000000000000     
   1625.2363281250000       0.95876002311706543        9.0374864637851715E-002  0.99977098182829349     
   1625.2729492187500       0.96621686220169067        9.0954333543777466E-002  0.99975180145939413     
   1625.3096923828125        1.1789815425872803       0.10001470893621445       0.99972182973948243     
   1625.3463134765625       0.95725339651107788        9.1258682310581207E-002  0.99968350334235956     
   1625.3830566406250       0.93692845106124878        9.0346544981002808E-002  0.99963900849523979     
   1625.4197998046875       0.98299264907836914        9.1918267309665680E-002  0.99959016422699909     
   1625.4564208984375       0.97684925794601440        9.3032389879226685E-002  0.99953909852854306     
   1625.4931640625000        1.0150458812713623        9.3408770859241486E-002  0.99948652711235386     
   1625.5297851562500       0.96439421176910400        9.0636283159255981E-002  0.99943413584443574     
   1625.5665283203125        1.2209383249282837       0.10187493264675140       0.99937918986026164     
   1625.6031494140625        1.0256344079971313        9.4153322279453278E-002  0.99930625277061613     
   1625.6398925781250        1.1281666755676270        9.8377518355846405E-002  0.99919051869484854     
   1625.6765136718750        1.1029784679412842        9.8476551473140717E-002  0.99900300843423961     
   1625.7132568359375       0.96772640943527222        9.2220701277256012E-002  0.99872373254850044     
   1625.7500000000000        1.0006947517395020        9.2791289091110229E-002  0.99834547719129973     
   1625.7866210937500       0.86571443080902100        8.6723349988460541E-002  0.99785322992588343     
   1625.8233642578125       0.94296169281005859        8.9812025427818298E-002  0.99717286947957229     
   1625.8599853515625       0.92297399044036865        8.8844634592533112E-002  0.99615829508549292     
   1625.8967285156250       0.90549391508102417        8.9151017367839813E-002  0.99465647394812295     
   1625.9333496093750        1.0331529378890991        9.3589909374713898E-002  0.99248274139391812     
   1625.9700927734375       0.92907518148422241        8.9339897036552429E-002  0.98956731934946796     
   1626.0068359375000       0.87564253807067871        8.8177837431430817E-002  0.98600853953825507     
   1626.0434570312500       0.80814695358276367        8.4296680986881256E-002  0.98152039263914748     
   1626.0802001953125       0.81839585304260254        8.4566041827201843E-002  0.97475743637522561     
   1626.1168212890625        1.0536775588989258        9.4895869493484497E-002  0.96165222418201635     
   1626.1535644531250       0.90156149864196777        8.8136337697505951E-002  0.93047413684606217     
   1626.1901855468750       0.93223839998245239        9.0364806354045868E-002  0.85380148512460419     
   1626.2269287109375       0.81199443340301514        8.7823048233985901E-002  0.70270601488789630     
   1626.2635498046875       0.40860006213188171        6.6545903682708740E-002  0.51823394138793932     
   1626.3002929687500       0.49067252874374390        6.7207001149654388E-002  0.41511461203024003     
   1626.3370361328125       0.46920391917228699        6.6235817968845367E-002  0.46235621916855080     
   1626.3736572265625       0.62250745296478271        7.4638135731220245E-002  0.62847990257485142     
   1626.4104003906250       0.85662615299224854        8.7859421968460083E-002  0.80111260021181652     
   1626.4470214843750       0.90605330467224121        8.8190652430057526E-002  0.90437132112823715     
   1626.4837646484375       0.87748432159423828        8.7030254304409027E-002  0.94951103426692673     
   1626.5203857421875       0.62850570678710938        8.6776964366436005E-002  0.96835639702100107     
   1626.5571289062500       0.83300274610519409        8.6045868694782257E-002  0.97734056481466924     
   1626.5938720703125       0.82837498188018799        8.5469365119934082E-002  0.98225127167953208     
   1626.6304931640625       0.72136139869689941        8.0616369843482971E-002  0.98557741039291846     
   1626.6672363281250       0.83059191703796387        8.6506389081478119E-002  0.98837164439785319     
   1626.7038574218750        1.0763818025588989        9.7827516496181488E-002  0.99094071841627773     
   1626.7406005859375       0.88044321537017822        8.8003084063529968E-002  0.99310041204037880     
   1626.7772216796875       0.88359254598617554        8.8448151946067810E-002  0.99468460201455600     
   1626.8139648437500       0.91897362470626831        9.0045280754566193E-002  0.99573248196671449     
   1626.8507080078125       0.89269226789474487        8.7821990251541138E-002  0.99641959966066540     
   1626.8873291015625       0.81821048259735107        8.4647700190544128E-002  0.99696668632604857     
   1626.9240722656250       0.99996352195739746        9.4346240162849426E-002  0.99750403321125358     
   1626.9606933593750       0.97105163335800171        9.1853521764278412E-002  0.99803527500386091     
   1626.9974365234375       0.98503458499908447        9.3541465699672699E-002  0.99850097302165663     
   1627.0340576171875        1.0002038478851318        9.2905111610889435E-002  0.99885031863097995     
   1627.0708007812500        1.2390770912170410       0.10341282188892365       0.99908667954892094     
   1627.1074218750000        1.0760452747344971        9.4974979758262634E-002  0.99924511588949239     
   1627.1441650390625        1.0236232280731201        9.4961129128932953E-002  0.99936050161383816     
   1627.1809082031250       0.92509132623672485        8.9874103665351868E-002  0.99945597916562123     
   1627.2175292968750       0.97518461942672729        9.3936488032341003E-002   1.0000000000000000     
   1627.2542724609375        1.0995811223983765        9.7405090928077698E-002   1.0000000000000000     
   1627.2908935546875       0.98440569639205933        9.3449898064136505E-002   1.0000000000000000     
   1627.3276367187500        1.0353517532348633        9.4609081745147705E-002   1.0000000000000000     
   1627.3642578125000       0.99617975950241089        9.3845590949058533E-002   1.0000000000000000     
   1627.4010009765625        1.1197757720947266        9.9001206457614899E-002   1.0000000000000000     
   1627.4377441406250        1.1392372846603394        9.9064700305461884E-002   1.0000000000000000     
   1627.4743652343750       0.99277216196060181        9.3237131834030151E-002   1.0000000000000000     
   1627.5111083984375        1.0890996456146240        9.6904084086418152E-002   1.0000000000000000     
   1627.5477294921875        1.0354326963424683        9.5193676650524139E-002   1.0000000000000000     
   1627.5844726562500        1.1879789829254150       0.10143850743770599        1.0000000000000000     
   1627.6210937500000        1.0016230344772339        9.3398682773113251E-002   1.0000000000000000     
   1627.6578369140625       0.93423467874526978        9.0251505374908447E-002   1.0000000000000000     
   1627.6945800781250       0.97165518999099731        9.2039592564105988E-002   1.0000000000000000     
   1627.7312011718750       0.94452923536300659        9.2663347721099854E-002   1.0000000000000000     
   1627.7679443359375        1.1233643293380737        9.8342880606651306E-002   1.0000000000000000     
   1627.8045654296875        1.0316300392150879        9.4472162425518036E-002   1.0000000000000000     
   1627.8413085937500        1.0380314588546753        9.4961717724800110E-002   1.0000000000000000     
   1627.8779296875000        1.0501694679260254        9.5652058720588684E-002   1.0000000000000000     
   1627.9146728515625        1.0051168203353882        9.4443991780281067E-002   1.0000000000000000     
   1627.9512939453125        1.0158735513687134        9.5033667981624603E-002   1.0000000000000000     
   1627.9880371093750       0.96462875604629517        9.2982366681098938E-002   1.0000000000000000     
   1628.0247802734375       0.92450249195098877        9.0309120714664459E-002   1.0000000000000000     
   1628.0614013671875       0.93691909313201904        9.2174522578716278E-002   1.0000000000000000     
   1628.0981445312500       0.97311311960220337        9.2858552932739258E-002   1.0000000000000000     
   1628.1347656250000        1.1479132175445557       0.10026440024375916        1.0000000000000000     
   1628.1715087890625       0.95518493652343750        9.1197438538074493E-002   1.0000000000000000     
   1628.2081298828125        1.2049264907836914       0.10205411911010742        1.0000000000000000     
   1628.2448730468750       0.97311532497406006        9.3551792204380035E-002   1.0000000000000000     
   1628.2816162109375        1.0445514917373657        9.6395835280418396E-002   1.0000000000000000     
   1628.3182373046875        1.0000613927841187        9.4018824398517609E-002   1.0000000000000000     
   1628.3549804687500       0.87718504667282104        8.7974160909652710E-002   1.0000000000000000     
   1628.3916015625000       0.88811355829238892        9.3426816165447235E-002   1.0000000000000000     
   1628.4283447265625        1.0617847442626953        9.6115030348300934E-002   1.0000000000000000     
   1628.4649658203125        1.0321717262268066        9.4688512384891510E-002   1.0000000000000000     
   1628.5017089843750       0.92119014263153076        9.1268271207809448E-002   1.0000000000000000     
   1628.5383300781250       0.89713913202285767        8.9980445802211761E-002   1.0000000000000000     
   1628.5750732421875       0.88348472118377686        8.7905190885066986E-002   1.0000000000000000     
   1628.6118164062500       0.77203071117401123        8.3958722651004791E-002   1.0000000000000000     
   1628.6484375000000       0.88493829965591431        8.8404782116413116E-002   1.0000000000000000     
   1628.6851806640625       0.72342747449874878        8.0284222960472107E-002   1.0000000000000000     
   1628.7218017578125       0.84425270557403564        8.6377389729022980E-002   1.0000000000000000     
   1628.7585449218750       0.91853559017181396        8.9615382254123688E-002   1.0000000000000000     
   1628.7951660156250        1.0277318954467773        9.4940207898616791E-002   1.0000000000000000     
   1628.8319091796875       0.96177285909652710        9.1760963201522827E-002   1.0000000000000000     
   1628.8686523437500       0.97314661741256714        9.3077681958675385E-002   1.0000000000000000     
   1628.9052734375000        1.1028914451599121        9.8822087049484253E-002   1.0000000000000000     
   1628.9420166015625       0.85882395505905151        8.7018609046936035E-002   1.0000000000000000     
   1628.9786376953125       0.85978806018829346        8.9140176773071289E-002   1.0000000000000000     
   1629.0153808593750        1.0067971944808960        9.5412872731685638E-002   1.0000000000000000     
!  ---- tick mark positions for above ----
!      1626.31222     1     1
