      1.00000   5.5272621e-06
      2.00000   5.6139706e-06
      3.00000   5.6945605e-06
      4.00000   5.7717516e-06
      5.00000   5.8475589e-06
      6.00000   5.9493977e-06
      7.00000   6.0981451e-06
      8.00000   6.2898334e-06
      9.00000   6.5006334e-06
      10.0000   6.7042884e-06
      11.0000   6.8887680e-06
      12.0000   7.0595984e-06
      13.0000   7.2232419e-06
      14.0000   7.3689439e-06
      15.0000   7.4734476e-06
      16.0000   7.5230978e-06
      17.0000   7.5220687e-06
      18.0000   7.4820564e-06
      19.0000   7.4191125e-06
      20.0000   7.3561955e-06
      21.0000   7.3166120e-06
      22.0000   7.3187562e-06
      23.0000   7.3766405e-06
      24.0000   7.4996433e-06
      25.0000   7.6908354e-06
      26.0000   7.9495221e-06
      27.0000   8.2662837e-06
      28.0000   8.6139471e-06
      29.0000   8.9644382e-06
      30.0000   9.3073431e-06
      31.0000   9.6407866e-06
      32.0000   9.9581966e-06
      33.0000   1.0249541e-05
      34.0000   1.0502505e-05
      35.0000   1.0702595e-05
      36.0000   1.0839059e-05
      37.0000   1.0908814e-05
      38.0000   1.0919687e-05
      39.0000   1.0887294e-05
      40.0000   1.0824883e-05
      41.0000   1.0744370e-05
      42.0000   1.0670676e-05
      43.0000   1.0648756e-05
      44.0000   1.0719727e-05
      45.0000   1.0892200e-05
      46.0000   1.1145997e-05
      47.0000   1.1464645e-05
      48.0000   1.1858988e-05
      49.0000   1.2352539e-05
      50.0000   1.2944778e-05
      51.0000   1.3587154e-05
      52.0000   1.4211312e-05
      53.0000   1.4779303e-05
      54.0000   1.5286676e-05
      55.0000   1.5737700e-05
      56.0000   1.6136049e-05
      57.0000   1.6494641e-05
      58.0000   1.6829305e-05
      59.0000   1.7138264e-05
      60.0000   1.7408034e-05
      61.0000   1.7639140e-05
      62.0000   1.7848562e-05
      63.0000   1.8066039e-05
      64.0000   1.8341612e-05
      65.0000   1.8725015e-05
      66.0000   1.9224686e-05
      67.0000   1.9794583e-05
      68.0000   2.0375377e-05
      69.0000   2.0961368e-05
      70.0000   2.1607557e-05
      71.0000   2.2368418e-05
      72.0000   2.3252422e-05
      73.0000   2.4248391e-05
      74.0000   2.5349693e-05
      75.0000   2.6515951e-05
      76.0000   2.7645188e-05
      77.0000   2.8651430e-05
      78.0000   2.9507968e-05
      79.0000   3.0207008e-05
      80.0000   3.0763436e-05
      81.0000   3.1230618e-05
      82.0000   3.1664524e-05
      83.0000   3.2082142e-05
      84.0000   3.2493692e-05
      85.0000   3.2926586e-05
      86.0000   3.3431494e-05
      87.0000   3.4111228e-05
      88.0000   3.5095207e-05
      89.0000   3.6469744e-05
      90.0000   3.8260278e-05
      91.0000   4.0413273e-05
      92.0000   4.2757634e-05
      93.0000   4.5124736e-05
      94.0000   4.7532547e-05
      95.0000   5.0201124e-05
      96.0000   5.3373791e-05
      97.0000   5.7153575e-05
      98.0000   6.1549523e-05
      99.0000   6.6606146e-05
      100.000   7.2387462e-05
      101.000   7.8867211e-05
      102.000   8.5960033e-05
      103.000   9.3583774e-05
      104.000   0.00010157116
      105.000   0.00010972228
      106.000   0.00011808846
      107.000   0.00012705183
      108.000   0.00013703686
      109.000   0.00014815763
      110.000   0.00016025700
      111.000   0.00017333266
      112.000   0.00018784938
      113.000   0.00020463532
      114.000   0.00022435794
      115.000   0.00024705750
      116.000   0.00027239273
      117.000   0.00030056195
      118.000   0.00033267500
      119.000   0.00036983952
      120.000   0.00041199537
      121.000   0.00045762313
      122.000   0.00050419633
      123.000   0.00054841727
      124.000   0.00058719009
      125.000   0.00061956880
      126.000   0.00064730260
      127.000   0.00067356060
      128.000   0.00070102105
      129.000   0.00073099590
      130.000   0.00076545338
      131.000   0.00081024354
      132.000   0.00087365898
      133.000   0.00096180011
      134.000    0.0010778814
      135.000    0.0012230641
      136.000    0.0013949367
      137.000    0.0015867264
      138.000    0.0017939296
      139.000    0.0020253479
      140.000    0.0022955663
      141.000    0.0026018873
      142.000    0.0029157002
      143.000    0.0032027136
      144.000    0.0034606252
      145.000    0.0037309919
      146.000    0.0040621324
      147.000    0.0044914866
      148.000    0.0050836466
      149.000    0.0059341053
      150.000    0.0071039102
      151.000    0.0086086039
      152.000     0.010547541
      153.000     0.013272829
      154.000     0.017434774
      155.000     0.023793167
      156.000     0.032833524
      157.000     0.044485155
      158.000     0.058197521
      159.000     0.072744787
      160.000     0.085444100
      161.000     0.092212699
      162.000     0.089964628
      163.000     0.079497032
      164.000     0.064795166
      165.000     0.049914371
      166.000     0.037275489
      167.000     0.027604397
      168.000     0.020570517
      169.000     0.015522408
      170.000     0.011899223
      171.000    0.0092946617
      172.000    0.0074190013
      173.000    0.0060906615
      174.000    0.0051868721
      175.000    0.0045859818
      176.000    0.0041679246
      177.000    0.0038373275
      178.000    0.0035293880
      179.000    0.0032122629
      180.000    0.0028902418
      181.000    0.0025797745
      182.000    0.0022859895
      183.000    0.0020079704
      184.000    0.0017534777
      185.000    0.0015358662
      186.000    0.0013592060
      187.000    0.0012154545
      188.000    0.0010934956
      189.000   0.00098268955
      190.000   0.00087353215
      191.000   0.00076368515
      192.000   0.00065911340
      193.000   0.00056789711
      194.000   0.00049378362
      195.000   0.00043541548
      196.000   0.00038963044
      197.000   0.00035333363
      198.000   0.00032334038
      199.000   0.00029641620
      200.000   0.00027014047
      201.000   0.00024375124
      202.000   0.00021781612
      203.000   0.00019343532
      204.000   0.00017198453
      205.000   0.00015461406
      206.000   0.00014145860
      207.000   0.00013163000
      208.000   0.00012406590
      209.000   0.00011808723
      210.000   0.00011315907
      211.000   0.00010864268
      212.000   0.00010399019
      213.000   9.8932236e-05
      214.000   9.3541166e-05
      215.000   8.8171277e-05
      216.000   8.3117200e-05
      217.000   7.8329380e-05
      218.000   7.3640251e-05
      219.000   6.9072936e-05
      220.000   6.4763815e-05
      221.000   6.0806640e-05
      222.000   5.7284920e-05
      223.000   5.4184471e-05
      224.000   5.1318442e-05
      225.000   4.8553149e-05
      226.000   4.5932091e-05
      227.000   4.3547647e-05
      228.000   4.1453150e-05
      229.000   3.9627135e-05
      230.000   3.7983933e-05
      231.000   3.6447607e-05
      232.000   3.4986027e-05
      233.000   3.3621960e-05
      234.000   3.2419681e-05
      235.000   3.1421529e-05
      236.000   3.0638817e-05
      237.000   3.0069019e-05
      238.000   2.9656845e-05
      239.000   2.9310331e-05
      240.000   2.8935727e-05
      241.000   2.8446513e-05
      242.000   2.7769820e-05
      243.000   2.6890835e-05
      244.000   2.5879439e-05
      245.000   2.4833147e-05
      246.000   2.3821713e-05
      247.000   2.2864084e-05
      248.000   2.1949360e-05
      249.000   2.1075557e-05
      250.000   2.0277641e-05
      251.000   1.9612067e-05
      252.000   1.9108393e-05
      253.000   1.8739000e-05
      254.000   1.8432193e-05
      255.000   1.8125511e-05
      256.000   1.7809341e-05
      257.000   1.7512206e-05
      258.000   1.7265163e-05
      259.000   1.7064949e-05
      260.000   1.6858019e-05
      261.000   1.6584794e-05
      262.000   1.6233265e-05
      263.000   1.5837761e-05
      264.000   1.5425845e-05
      265.000   1.4988717e-05
      266.000   1.4502005e-05
      267.000   1.3963255e-05
      268.000   1.3397403e-05
      269.000   1.2828697e-05
      270.000   1.2270343e-05
      271.000   1.1735259e-05
      272.000   1.1242103e-05
      273.000   1.0812280e-05
      274.000   1.0455737e-05
      275.000   1.0177079e-05
      276.000   9.9812778e-06
      277.000   9.8675137e-06
      278.000   9.8279115e-06
      279.000   9.8461442e-06
      280.000   9.9048939e-06
      281.000   9.9914296e-06
      282.000   1.0087050e-05
      283.000   1.0164034e-05
      284.000   1.0192446e-05
      285.000   1.0152552e-05
      286.000   1.0051935e-05
      287.000   9.9187228e-06
      288.000   9.7637776e-06
      289.000   9.5704072e-06
      290.000   9.3194531e-06
      291.000   9.0078292e-06
      292.000   8.6489790e-06
      293.000   8.2677079e-06
      294.000   7.8987869e-06
      295.000   7.5850676e-06
      296.000   7.3597680e-06
      297.000   7.2283333e-06
      298.000   7.1720433e-06
      299.000   7.1650529e-06
      300.000   7.1850259e-06
      301.000   7.2176908e-06
      302.000   7.2569137e-06
      303.000   7.2995444e-06
      304.000   7.3378515e-06
      305.000   7.3574015e-06
      306.000   7.3441361e-06
      307.000   7.2862463e-06
      308.000   7.1743284e-06
      309.000   7.0121632e-06
      310.000   6.8174381e-06
      311.000   6.6117955e-06
      312.000   6.4144720e-06
      313.000   6.2363079e-06
      314.000   6.0768357e-06
      315.000   5.9281178e-06
      316.000   5.7847228e-06
      317.000   5.6557683e-06
      318.000   5.5552709e-06
      319.000   5.4886268e-06
      320.000   5.4363049e-06
      321.000       0.0000000
