      1.00000       0.0000000
      2.00000   7.1004583e-06
      3.00000   7.1801205e-06
      4.00000   7.2200373e-06
      5.00000   7.2428693e-06
      6.00000   7.2555790e-06
      7.00000   7.2743237e-06
      8.00000   7.3065157e-06
      9.00000   7.3500028e-06
      10.0000   7.3926308e-06
      11.0000   7.4263917e-06
      12.0000   7.4610321e-06
      13.0000   7.5091948e-06
      14.0000   7.5742664e-06
      15.0000   7.6615106e-06
      16.0000   7.7796103e-06
      17.0000   7.9233505e-06
      18.0000   8.0765049e-06
      19.0000   8.2275255e-06
      20.0000   8.3736040e-06
      21.0000   8.5309275e-06
      22.0000   8.7311219e-06
      23.0000   8.9979994e-06
      24.0000   9.3269482e-06
      25.0000   9.6939748e-06
      26.0000   1.0079106e-05
      27.0000   1.0478955e-05
      28.0000   1.0905619e-05
      29.0000   1.1356427e-05
      30.0000   1.1798763e-05
      31.0000   1.2200541e-05
      32.0000   1.2565025e-05
      33.0000   1.2904511e-05
      34.0000   1.3199357e-05
      35.0000   1.3423507e-05
      36.0000   1.3576621e-05
      37.0000   1.3670545e-05
      38.0000   1.3720637e-05
      39.0000   1.3745419e-05
      40.0000   1.3752590e-05
      41.0000   1.3751911e-05
      42.0000   1.3769181e-05
      43.0000   1.3829914e-05
      44.0000   1.3943918e-05
      45.0000   1.4110972e-05
      46.0000   1.4327830e-05
      47.0000   1.4597539e-05
      48.0000   1.4947034e-05
      49.0000   1.5399861e-05
      50.0000   1.5934847e-05
      51.0000   1.6493152e-05
      52.0000   1.7010892e-05
      53.0000   1.7447859e-05
      54.0000   1.7824706e-05
      55.0000   1.8226654e-05
      56.0000   1.8744311e-05
      57.0000   1.9430108e-05
      58.0000   2.0281148e-05
      59.0000   2.1215372e-05
      60.0000   2.2087434e-05
      61.0000   2.2774553e-05
      62.0000   2.3260145e-05
      63.0000   2.3620401e-05
      64.0000   2.3936391e-05
      65.0000   2.4228688e-05
      66.0000   2.4460298e-05
      67.0000   2.4606057e-05
      68.0000   2.4694875e-05
      69.0000   2.4789944e-05
      70.0000   2.4951929e-05
      71.0000   2.5226836e-05
      72.0000   2.5625166e-05
      73.0000   2.6074185e-05
      74.0000   2.6489284e-05
      75.0000   2.6857242e-05
      76.0000   2.7213493e-05
      77.0000   2.7609451e-05
      78.0000   2.8101622e-05
      79.0000   2.8761304e-05
      80.0000   2.9674173e-05
      81.0000   3.0892155e-05
      82.0000   3.2415061e-05
      83.0000   3.4242941e-05
      84.0000   3.6391211e-05
      85.0000   3.8847469e-05
      86.0000   4.1545180e-05
      87.0000   4.4399774e-05
      88.0000   4.7390902e-05
      89.0000   5.0548857e-05
      90.0000   5.3856034e-05
      91.0000   5.7254729e-05
      92.0000   6.0734241e-05
      93.0000   6.4315529e-05
      94.0000   6.8052708e-05
      95.0000   7.2042967e-05
      96.0000   7.6350676e-05
      97.0000   8.0946957e-05
      98.0000   8.5729131e-05
      99.0000   9.0661662e-05
      100.000   9.5955431e-05
      101.000   0.00010208072
      102.000   0.00010950509
      103.000   0.00011842255
      104.000   0.00012884334
      105.000   0.00014085216
      106.000   0.00015480263
      107.000   0.00017121305
      108.000   0.00019027582
      109.000   0.00021156383
      110.000   0.00023454154
      111.000   0.00025891402
      112.000   0.00028402096
      113.000   0.00030839923
      114.000   0.00033037295
      115.000   0.00034883805
      116.000   0.00036408522
      117.000   0.00037819249
      118.000   0.00039374136
      119.000   0.00041169528
      120.000   0.00043101542
      121.000   0.00045105198
      122.000   0.00047402110
      123.000   0.00050439860
      124.000   0.00054539304
      125.000   0.00059678062
      126.000   0.00065694697
      127.000   0.00072668772
      128.000   0.00080867991
      129.000   0.00090228854
      130.000    0.0010012565
      131.000    0.0010995349
      132.000    0.0012001726
      133.000    0.0013134542
      134.000    0.0014418695
      135.000    0.0015712008
      136.000    0.0016813033
      137.000    0.0017649262
      138.000    0.0018338179
      139.000    0.0019100358
      140.000    0.0020146749
      141.000    0.0021649254
      142.000    0.0023691067
      143.000    0.0026154749
      144.000    0.0028850534
      145.000    0.0031894241
      146.000    0.0035853407
      147.000    0.0041401181
      148.000    0.0048786271
      149.000    0.0057769208
      150.000    0.0068263095
      151.000    0.0081142569
      152.000    0.0098730028
      153.000     0.012512941
      154.000     0.016611718
      155.000     0.022716239
      156.000     0.031107849
      157.000     0.041931082
      158.000     0.055269446
      159.000     0.070370115
      160.000     0.084615469
      161.000     0.093646251
      162.000     0.093623407
      163.000     0.084156491
      164.000     0.068797849
      165.000     0.052429225
      166.000     0.038466625
      167.000     0.028025437
      168.000     0.020661389
      169.000     0.015491866
      170.000     0.011809359
      171.000    0.0091751702
      172.000    0.0072955391
      173.000    0.0059439405
      174.000    0.0049554035
      175.000    0.0042222328
      176.000    0.0036639443
      177.000    0.0032146999
      178.000    0.0028404042
      179.000    0.0025411148
      180.000    0.0023258124
      181.000    0.0021781346
      182.000    0.0020560867
      183.000    0.0019279306
      184.000    0.0017887132
      185.000    0.0016402969
      186.000    0.0014781721
      187.000    0.0013047260
      188.000    0.0011385620
      189.000    0.0010002588
      190.000   0.00089335156
      191.000   0.00080523413
      192.000   0.00072221900
      193.000   0.00063951663
      194.000   0.00055991765
      195.000   0.00048827630
      196.000   0.00042855766
      197.000   0.00038212555
      198.000   0.00034675587
      199.000   0.00031820900
      200.000   0.00029319210
      201.000   0.00027033009
      202.000   0.00024887591
      203.000   0.00022820052
      204.000   0.00020840748
      205.000   0.00019005887
      206.000   0.00017322137
      207.000   0.00015755644
      208.000   0.00014310202
      209.000   0.00013026550
      210.000   0.00011917688
      211.000   0.00010953936
      212.000   0.00010095531
      213.000   9.3258204e-05
      214.000   8.6631364e-05
      215.000   8.1271457e-05
      216.000   7.7123354e-05
      217.000   7.4044881e-05
      218.000   7.1863586e-05
      219.000   7.0201226e-05
      220.000   6.8540881e-05
      221.000   6.6543689e-05
      222.000   6.4219348e-05
      223.000   6.1754799e-05
      224.000   5.9326096e-05
      225.000   5.7126410e-05
      226.000   5.5284847e-05
      227.000   5.3697455e-05
      228.000   5.2092939e-05
      229.000   5.0253260e-05
      230.000   4.8150894e-05
      231.000   4.5928358e-05
      232.000   4.3763248e-05
      233.000   4.1774711e-05
      234.000   4.0013492e-05
      235.000   3.8441507e-05
      236.000   3.6951951e-05
      237.000   3.5467747e-05
      238.000   3.3990313e-05
      239.000   3.2539294e-05
      240.000   3.1119220e-05
      241.000   2.9765766e-05
      242.000   2.8509870e-05
      243.000   2.7341146e-05
      244.000   2.6262691e-05
      245.000   2.5297270e-05
      246.000   2.4464727e-05
      247.000   2.3794846e-05
      248.000   2.3306278e-05
      249.000   2.2984603e-05
      250.000   2.2809714e-05
      251.000   2.2761329e-05
      252.000   2.2790864e-05
      253.000   2.2820670e-05
      254.000   2.2788105e-05
      255.000   2.2681808e-05
      256.000   2.2509103e-05
      257.000   2.2255435e-05
      258.000   2.1893715e-05
      259.000   2.1420714e-05
      260.000   2.0865404e-05
      261.000   2.0262854e-05
      262.000   1.9646719e-05
      263.000   1.9030489e-05
      264.000   1.8404160e-05
      265.000   1.7756642e-05
      266.000   1.7090460e-05
      267.000   1.6442678e-05
      268.000   1.5874355e-05
      269.000   1.5435280e-05
      270.000   1.5133684e-05
      271.000   1.4915779e-05
      272.000   1.4696674e-05
      273.000   1.4427839e-05
      274.000   1.4122901e-05
      275.000   1.3821608e-05
      276.000   1.3554250e-05
      277.000   1.3336416e-05
      278.000   1.3177245e-05
      279.000   1.3073928e-05
      280.000   1.3011563e-05
      281.000   1.2968938e-05
      282.000   1.2921636e-05
      283.000   1.2861284e-05
      284.000   1.2787824e-05
      285.000   1.2681878e-05
      286.000   1.2514231e-05
      287.000   1.2273262e-05
      288.000   1.1970624e-05
      289.000   1.1634647e-05
      290.000   1.1293510e-05
      291.000   1.0955984e-05
      292.000   1.0617841e-05
      293.000   1.0284294e-05
      294.000   9.9706022e-06
      295.000   9.6853018e-06
      296.000   9.4287407e-06
      297.000   9.1976135e-06
      298.000   8.9870700e-06
      299.000   8.7954122e-06
      300.000   8.6193404e-06
      301.000   8.4536359e-06
      302.000   8.3004297e-06
      303.000   8.1612725e-06
      304.000   8.0204072e-06
      305.000   7.8565872e-06
      306.000   7.6719525e-06
      307.000   7.4889208e-06
      308.000   7.3292877e-06
      309.000   7.2070502e-06
      310.000   7.1242989e-06
      311.000   7.0693391e-06
      312.000   7.0280921e-06
      313.000   6.9989733e-06
      314.000   6.9934690e-06
      315.000   7.0201158e-06
      316.000   7.0663405e-06
      317.000   7.0989918e-06
      318.000   7.0909223e-06
      319.000   7.0460478e-06
      320.000   6.9950447e-06
      321.000   6.9298590e-06
