      1.00000   5.3036833e-06
      2.00000   5.3656722e-06
      3.00000   5.4040324e-06
      4.00000   5.4398110e-06
      5.00000   5.4731790e-06
      6.00000   5.5103378e-06
      7.00000   5.5515070e-06
      8.00000   5.5950904e-06
      9.00000   5.6435833e-06
      10.0000   5.7037869e-06
      11.0000   5.7790380e-06
      12.0000   5.8666728e-06
      13.0000   5.9625377e-06
      14.0000   6.0650905e-06
      15.0000   6.1753790e-06
      16.0000   6.2930308e-06
      17.0000   6.4185870e-06
      18.0000   6.5551717e-06
      19.0000   6.7004894e-06
      20.0000   6.8427489e-06
      21.0000   6.9717835e-06
      22.0000   7.0910364e-06
      23.0000   7.2128032e-06
      24.0000   7.3435995e-06
      25.0000   7.4762143e-06
      26.0000   7.5925905e-06
      27.0000   7.6796405e-06
      28.0000   7.7399563e-06
      29.0000   7.7820350e-06
      30.0000   7.8096673e-06
      31.0000   7.8300873e-06
      32.0000   7.8561925e-06
      33.0000   7.9003330e-06
      34.0000   7.9749980e-06
      35.0000   8.0976588e-06
      36.0000   8.2803735e-06
      37.0000   8.5131833e-06
      38.0000   8.7727431e-06
      39.0000   9.0500407e-06
      40.0000   9.3538101e-06
      41.0000   9.6829581e-06
      42.0000   1.0013030e-05
      43.0000   1.0321889e-05
      44.0000   1.0604485e-05
      45.0000   1.0862038e-05
      46.0000   1.1098491e-05
      47.0000   1.1314509e-05
      48.0000   1.1493857e-05
      49.0000   1.1615757e-05
      50.0000   1.1687570e-05
      51.0000   1.1741497e-05
      52.0000   1.1798784e-05
      53.0000   1.1858617e-05
      54.0000   1.1932024e-05
      55.0000   1.2063517e-05
      56.0000   1.2297524e-05
      57.0000   1.2630368e-05
      58.0000   1.3033946e-05
      59.0000   1.3492279e-05
      60.0000   1.4002838e-05
      61.0000   1.4567096e-05
      62.0000   1.5190553e-05
      63.0000   1.5866253e-05
      64.0000   1.6546988e-05
      65.0000   1.7163306e-05
      66.0000   1.7689912e-05
      67.0000   1.8158502e-05
      68.0000   1.8621533e-05
      69.0000   1.9132976e-05
      70.0000   1.9729552e-05
      71.0000   2.0393783e-05
      72.0000   2.1058353e-05
      73.0000   2.1674179e-05
      74.0000   2.2270702e-05
      75.0000   2.2935008e-05
      76.0000   2.3707616e-05
      77.0000   2.4541216e-05
      78.0000   2.5366593e-05
      79.0000   2.6183861e-05
      80.0000   2.7049331e-05
      81.0000   2.8019582e-05
      82.0000   2.9144327e-05
      83.0000   3.0457675e-05
      84.0000   3.1893156e-05
      85.0000   3.3251883e-05
      86.0000   3.4345350e-05
      87.0000   3.5162517e-05
      88.0000   3.5833509e-05
      89.0000   3.6494603e-05
      90.0000   3.7216432e-05
      91.0000   3.8048147e-05
      92.0000   3.9052862e-05
      93.0000   4.0293598e-05
      94.0000   4.1829484e-05
      95.0000   4.3755139e-05
      96.0000   4.6190547e-05
      97.0000   4.9242746e-05
      98.0000   5.2919226e-05
      99.0000   5.7102490e-05
      100.000   6.1608836e-05
      101.000   6.6338936e-05
      102.000   7.1436443e-05
      103.000   7.7255594e-05
      104.000   8.4131178e-05
      105.000   9.2235910e-05
      106.000   0.00010160604
      107.000   0.00011219036
      108.000   0.00012385064
      109.000   0.00013635805
      110.000   0.00014945137
      111.000   0.00016300111
      112.000   0.00017722481
      113.000   0.00019259308
      114.000   0.00020962500
      115.000   0.00022866456
      116.000   0.00024972443
      117.000   0.00027283255
      118.000   0.00029845510
      119.000   0.00032734984
      120.000   0.00035993583
      121.000   0.00039622068
      122.000   0.00043683668
      123.000   0.00048338645
      124.000   0.00053661992
      125.000   0.00059509149
      126.000   0.00065570173
      127.000   0.00071438536
      128.000   0.00076746690
      129.000   0.00081347110
      130.000   0.00085367914
      131.000   0.00089181424
      132.000   0.00093240896
      133.000   0.00097954390
      134.000    0.0010396952
      135.000    0.0011228742
      136.000    0.0012385166
      137.000    0.0013921061
      138.000    0.0015865132
      139.000    0.0018208972
      140.000    0.0020908874
      141.000    0.0023986066
      142.000    0.0027579262
      143.000    0.0031750482
      144.000    0.0036279131
      145.000    0.0040773107
      146.000    0.0045113256
      147.000    0.0049755275
      148.000    0.0055477172
      149.000    0.0063263704
      150.000    0.0074427696
      151.000    0.0090136295
      152.000     0.011108801
      153.000     0.013899281
      154.000     0.017906006
      155.000     0.023968186
      156.000     0.032797392
      157.000     0.044469804
      158.000     0.058301840
      159.000     0.072801381
      160.000     0.085081533
      161.000     0.091076493
      162.000     0.088171072
      163.000     0.077773638
      164.000     0.063817360
      165.000     0.049745966
      166.000     0.037569944
      167.000     0.028030923
      168.000     0.020974966
      169.000     0.015856164
      170.000     0.012143807
      171.000    0.0094639491
      172.000    0.0075920667
      173.000    0.0063684098
      174.000    0.0056153825
      175.000    0.0051224525
      176.000    0.0047021136
      177.000    0.0042564124
      178.000    0.0037828842
      179.000    0.0033183559
      180.000    0.0028907557
      181.000    0.0025095141
      182.000    0.0021769314
      183.000    0.0018961772
      184.000    0.0016678283
      185.000    0.0014855067
      186.000    0.0013333613
      187.000    0.0011902077
      188.000    0.0010432237
      189.000   0.00089628168
      190.000   0.00076282653
      191.000   0.00065237237
      192.000   0.00056622893
      193.000   0.00050116115
      194.000   0.00045175463
      195.000   0.00041151064
      196.000   0.00037467029
      197.000   0.00033825822
      198.000   0.00030179901
      199.000   0.00026654231
      200.000   0.00023517531
      201.000   0.00020996471
      202.000   0.00019102533
      203.000   0.00017680642
      204.000   0.00016557251
      205.000   0.00015606271
      206.000   0.00014732104
      207.000   0.00013865270
      208.000   0.00012982250
      209.000   0.00012096560
      210.000   0.00011243346
      211.000   0.00010451932
      212.000   9.7212760e-05
      213.000   9.0355017e-05
      214.000   8.3939784e-05
      215.000   7.8138080e-05
      216.000   7.3075717e-05
      217.000   6.8653761e-05
      218.000   6.4616790e-05
      219.000   6.0769195e-05
      220.000   5.7076111e-05
      221.000   5.3585816e-05
      222.000   5.0367067e-05
      223.000   4.7466412e-05
      224.000   4.4906614e-05
      225.000   4.2686217e-05
      226.000   4.0805626e-05
      227.000   3.9235230e-05
      228.000   3.7919250e-05
      229.000   3.6802849e-05
      230.000   3.5855264e-05
      231.000   3.5050976e-05
      232.000   3.4300097e-05
      233.000   3.3459244e-05
      234.000   3.2433803e-05
      235.000   3.1210970e-05
      236.000   2.9853412e-05
      237.000   2.8486716e-05
      238.000   2.7218633e-05
      239.000   2.6079675e-05
      240.000   2.5077370e-05
      241.000   2.4250039e-05
      242.000   2.3614793e-05
      243.000   2.3109184e-05
      244.000   2.2605649e-05
      245.000   2.1988391e-05
      246.000   2.1255641e-05
      247.000   2.0514732e-05
      248.000   1.9865620e-05
      249.000   1.9329520e-05
      250.000   1.8865940e-05
      251.000   1.8427658e-05
      252.000   1.7996750e-05
      253.000   1.7575814e-05
      254.000   1.7156088e-05
      255.000   1.6715618e-05
      256.000   1.6227030e-05
      257.000   1.5657492e-05
      258.000   1.4997654e-05
      259.000   1.4279111e-05
      260.000   1.3560132e-05
      261.000   1.2887865e-05
      262.000   1.2284689e-05
      263.000   1.1761092e-05
      264.000   1.1326904e-05
      265.000   1.0994449e-05
      266.000   1.0773158e-05
      267.000   1.0661004e-05
      268.000   1.0634786e-05
      269.000   1.0653127e-05
      270.000   1.0682320e-05
      271.000   1.0705172e-05
      272.000   1.0702835e-05
      273.000   1.0653128e-05
      274.000   1.0561595e-05
      275.000   1.0454085e-05
      276.000   1.0330507e-05
      277.000   1.0157263e-05
      278.000   9.9094095e-06
      279.000   9.5950581e-06
      280.000   9.2430491e-06
      281.000   8.8903298e-06
      282.000   8.5737947e-06
      283.000   8.3107197e-06
      284.000   8.0950558e-06
      285.000   7.9193305e-06
      286.000   7.7846935e-06
      287.000   7.6858787e-06
      288.000   7.6090655e-06
      289.000   7.5436501e-06
      290.000   7.4841237e-06
      291.000   7.4240556e-06
      292.000   7.3591045e-06
      293.000   7.2896746e-06
      294.000   7.2188773e-06
      295.000   7.1459663e-06
      296.000   7.0677056e-06
      297.000   6.9834850e-06
      298.000   6.8922550e-06
      299.000   6.7910892e-06
      300.000   6.6789980e-06
      301.000   6.5563095e-06
      302.000   6.4210458e-06
      303.000   6.2758736e-06
      304.000   6.1311689e-06
      305.000   5.9975932e-06
      306.000   5.8802752e-06
      307.000   5.7865086e-06
      308.000   5.7265811e-06
      309.000   5.6992467e-06
      310.000   5.6867066e-06
      311.000   5.6669364e-06
      312.000   5.6284794e-06
      313.000   5.5749997e-06
      314.000   5.5163700e-06
      315.000   5.4591787e-06
      316.000   5.3994659e-06
      317.000   5.3306508e-06
      318.000   5.2560640e-06
      319.000   5.1935131e-06
      320.000   5.1467418e-06
      321.000       0.0000000
