      1.00000   6.1641877e-06
      2.00000   6.3493117e-06
      3.00000   6.4967498e-06
      4.00000   6.6289294e-06
      5.00000   6.7198357e-06
      6.00000   6.7773281e-06
      7.00000   6.8154909e-06
      8.00000   6.8386248e-06
      9.00000   6.8335335e-06
      10.0000   6.7918158e-06
      11.0000   6.7239457e-06
      12.0000   6.6472717e-06
      13.0000   6.5841723e-06
      14.0000   6.5623831e-06
      15.0000   6.5992745e-06
      16.0000   6.6974476e-06
      17.0000   6.8574368e-06
      18.0000   7.0833084e-06
      19.0000   7.3799961e-06
      20.0000   7.7425193e-06
      21.0000   8.1457911e-06
      22.0000   8.5554611e-06
      23.0000   8.9426840e-06
      24.0000   9.2963874e-06
      25.0000   9.6265139e-06
      26.0000   9.9424205e-06
      27.0000   1.0224477e-05
      28.0000   1.0427249e-05
      29.0000   1.0516362e-05
      30.0000   1.0489906e-05
      31.0000   1.0375255e-05
      32.0000   1.0217786e-05
      33.0000   1.0059760e-05
      34.0000   9.9268273e-06
      35.0000   9.8343025e-06
      36.0000   9.7970751e-06
      37.0000   9.8287974e-06
      38.0000   9.9340577e-06
      39.0000   1.0112632e-05
      40.0000   1.0373391e-05
      41.0000   1.0729367e-05
      42.0000   1.1186907e-05
      43.0000   1.1745928e-05
      44.0000   1.2389132e-05
      45.0000   1.3066078e-05
      46.0000   1.3708621e-05
      47.0000   1.4271656e-05
      48.0000   1.4750137e-05
      49.0000   1.5159407e-05
      50.0000   1.5516995e-05
      51.0000   1.5832444e-05
      52.0000   1.6094586e-05
      53.0000   1.6281170e-05
      54.0000   1.6382633e-05
      55.0000   1.6409458e-05
      56.0000   1.6398884e-05
      57.0000   1.6404145e-05
      58.0000   1.6480928e-05
      59.0000   1.6687962e-05
      60.0000   1.7062717e-05
      61.0000   1.7583114e-05
      62.0000   1.8167404e-05
      63.0000   1.8729759e-05
      64.0000   1.9241399e-05
      65.0000   1.9755438e-05
      66.0000   2.0385656e-05
      67.0000   2.1230198e-05
      68.0000   2.2298207e-05
      69.0000   2.3505294e-05
      70.0000   2.4729177e-05
      71.0000   2.5873527e-05
      72.0000   2.6888565e-05
      73.0000   2.7736205e-05
      74.0000   2.8396707e-05
      75.0000   2.8903418e-05
      76.0000   2.9321553e-05
      77.0000   2.9703138e-05
      78.0000   3.0054982e-05
      79.0000   3.0347896e-05
      80.0000   3.0561820e-05
      81.0000   3.0728261e-05
      82.0000   3.0906926e-05
      83.0000   3.1165222e-05
      84.0000   3.1629017e-05
      85.0000   3.2450404e-05
      86.0000   3.3693163e-05
      87.0000   3.5335881e-05
      88.0000   3.7308837e-05
      89.0000   3.9471539e-05
      90.0000   4.1660725e-05
      91.0000   4.3798427e-05
      92.0000   4.6006713e-05
      93.0000   4.8529913e-05
      94.0000   5.1505569e-05
      95.0000   5.4939061e-05
      96.0000   5.8806047e-05
      97.0000   6.3074200e-05
      98.0000   6.7703273e-05
      99.0000   7.2708499e-05
      100.000   7.8111349e-05
      101.000   8.3780651e-05
      102.000   8.9457637e-05
      103.000   9.5121366e-05
      104.000   0.00010112315
      105.000   0.00010784334
      106.000   0.00011550401
      107.000   0.00012419467
      108.000   0.00013388280
      109.000   0.00014450625
      110.000   0.00015630230
      111.000   0.00016998382
      112.000   0.00018628503
      113.000   0.00020527483
      114.000   0.00022635315
      115.000   0.00024930536
      116.000   0.00027511432
      117.000   0.00030511720
      118.000   0.00033971036
      119.000   0.00037806312
      120.000   0.00041852755
      121.000   0.00045947553
      122.000   0.00049931812
      123.000   0.00053615432
      124.000   0.00056871492
      125.000   0.00059741590
      126.000   0.00062403228
      127.000   0.00065021339
      128.000   0.00067703787
      129.000   0.00070707564
      130.000   0.00074592966
      131.000   0.00080019014
      132.000   0.00087380357
      133.000   0.00096842478
      134.000    0.0010871832
      135.000    0.0012331459
      136.000    0.0014039497
      137.000    0.0015933159
      138.000    0.0018002284
      139.000    0.0020335484
      140.000    0.0022989316
      141.000    0.0025801593
      142.000    0.0028430289
      143.000    0.0030703247
      144.000    0.0032872660
      145.000    0.0035382994
      146.000    0.0038438975
      147.000    0.0042158989
      148.000    0.0047223503
      149.000    0.0054801796
      150.000    0.0065560807
      151.000    0.0079424279
      152.000    0.0097054485
      153.000     0.012169329
      154.000     0.015978651
      155.000     0.021967348
      156.000     0.030892726
      157.000     0.043196324
      158.000     0.058802731
      159.000     0.076351203
      160.000     0.091850199
      161.000     0.099327832
      162.000     0.095191918
      163.000     0.081668459
      164.000     0.064473622
      165.000     0.048354544
      166.000     0.035342742
      167.000     0.025571575
      168.000     0.018554689
      169.000     0.013715927
      170.000     0.010472435
      171.000    0.0082903290
      172.000    0.0067689843
      173.000    0.0056659258
      174.000    0.0048608044
      175.000    0.0043008560
      176.000    0.0039399331
      177.000    0.0037001730
      178.000    0.0034839755
      179.000    0.0032248828
      180.000    0.0029212350
      181.000    0.0026055172
      182.000    0.0022979300
      183.000    0.0020041228
      184.000    0.0017365240
      185.000    0.0015115875
      186.000    0.0013318174
      187.000    0.0011868069
      188.000    0.0010663614
      189.000   0.00096524548
      190.000   0.00087954511
      191.000   0.00080307981
      192.000   0.00072848093
      193.000   0.00065077830
      194.000   0.00057101541
      195.000   0.00049557799
      196.000   0.00043058404
      197.000   0.00037779324
      198.000   0.00033567686
      199.000   0.00030221831
      200.000   0.00027571610
      201.000   0.00025407659
      202.000   0.00023477862
      203.000   0.00021595220
      204.000   0.00019682293
      205.000   0.00017744015
      206.000   0.00015864959
      207.000   0.00014173712
      208.000   0.00012783027
      209.000   0.00011726651
      210.000   0.00010956563
      211.000   0.00010395737
      212.000   9.9634613e-05
      213.000   9.5971307e-05
      214.000   9.2631228e-05
      215.000   8.9403868e-05
      216.000   8.6121952e-05
      217.000   8.2713974e-05
      218.000   7.9223413e-05
      219.000   7.5681477e-05
      220.000   7.2026924e-05
      221.000   6.8219219e-05
      222.000   6.4327593e-05
      223.000   6.0506798e-05
      224.000   5.6916371e-05
      225.000   5.3662105e-05
      226.000   5.0755771e-05
      227.000   4.8038048e-05
      228.000   4.5312328e-05
      229.000   4.2576870e-05
      230.000   3.9979106e-05
      231.000   3.7644350e-05
      232.000   3.5637135e-05
      233.000   3.3972701e-05
      234.000   3.2616321e-05
      235.000   3.1503881e-05
      236.000   3.0561736e-05
      237.000   2.9731202e-05
      238.000   2.8985491e-05
      239.000   2.8333927e-05
      240.000   2.7818685e-05
      241.000   2.7479196e-05
      242.000   2.7304908e-05
      243.000   2.7240863e-05
      244.000   2.7211614e-05
      245.000   2.7102886e-05
      246.000   2.6786798e-05
      247.000   2.6186604e-05
      248.000   2.5320720e-05
      249.000   2.4297527e-05
      250.000   2.3258430e-05
      251.000   2.2306764e-05
      252.000   2.1451830e-05
      253.000   2.0610671e-05
      254.000   1.9706193e-05
      255.000   1.8773431e-05
      256.000   1.7922635e-05
      257.000   1.7232076e-05
      258.000   1.6713842e-05
      259.000   1.6337339e-05
      260.000   1.6057857e-05
      261.000   1.5842645e-05
      262.000   1.5680471e-05
      263.000   1.5572745e-05
      264.000   1.5521735e-05
      265.000   1.5513991e-05
      266.000   1.5520001e-05
      267.000   1.5513446e-05
      268.000   1.5479165e-05
      269.000   1.5398862e-05
      270.000   1.5238957e-05
      271.000   1.4967688e-05
      272.000   1.4576015e-05
      273.000   1.4079958e-05
      274.000   1.3510607e-05
      275.000   1.2904068e-05
      276.000   1.2289605e-05
      277.000   1.1680375e-05
      278.000   1.1079346e-05
      279.000   1.0494111e-05
      280.000   9.9493200e-06
      281.000   9.4834513e-06
      282.000   9.1332276e-06
      283.000   8.9180630e-06
      284.000   8.8337592e-06
      285.000   8.8611096e-06
      286.000   8.9698242e-06
      287.000   9.1247412e-06
      288.000   9.2958808e-06
      289.000   9.4565021e-06
      290.000   9.5897467e-06
      291.000   9.7021957e-06
      292.000   9.8063338e-06
      293.000   9.8849487e-06
      294.000   9.8929340e-06
      295.000   9.8002165e-06
      296.000   9.6175991e-06
      297.000   9.3739454e-06
      298.000   9.0869626e-06
      299.000   8.7593935e-06
      300.000   8.3909481e-06
      301.000   7.9867687e-06
      302.000   7.5717635e-06
      303.000   7.1938061e-06
      304.000   6.8956774e-06
      305.000   6.6921452e-06
      306.000   6.5680379e-06
      307.000   6.4887081e-06
      308.000   6.4213914e-06
      309.000   6.3601460e-06
      310.000   6.3241991e-06
      311.000   6.3262714e-06
      312.000   6.3542111e-06
      313.000   6.3860625e-06
      314.000   6.4064006e-06
      315.000   6.4034034e-06
      316.000   6.3713810e-06
      317.000   6.3163297e-06
      318.000   6.2441445e-06
      319.000   6.1685878e-06
      320.000   6.0620996e-06
      321.000       0.0000000
