      1.00000       0.0000000
      2.00000   7.3964920e-06
      3.00000   7.5374487e-06
      4.00000   7.6648439e-06
      5.00000   7.8065686e-06
      6.00000   7.9396241e-06
      7.00000   8.0504979e-06
      8.00000   8.1195794e-06
      9.00000   8.1366970e-06
      10.0000   8.1072203e-06
      11.0000   8.0476975e-06
      12.0000   7.9848896e-06
      13.0000   7.9449301e-06
      14.0000   7.9381825e-06
      15.0000   7.9550628e-06
      16.0000   7.9796691e-06
      17.0000   8.0174823e-06
      18.0000   8.0976397e-06
      19.0000   8.2461875e-06
      20.0000   8.4723752e-06
      21.0000   8.7678909e-06
      22.0000   9.1137581e-06
      23.0000   9.5006517e-06
      24.0000   9.9317494e-06
      25.0000   1.0409262e-05
      26.0000   1.0926594e-05
      27.0000   1.1459702e-05
      28.0000   1.1975844e-05
      29.0000   1.2452594e-05
      30.0000   1.2873283e-05
      31.0000   1.3225559e-05
      32.0000   1.3510767e-05
      33.0000   1.3739152e-05
      34.0000   1.3917862e-05
      35.0000   1.4042532e-05
      36.0000   1.4096519e-05
      37.0000   1.4075028e-05
      38.0000   1.4001285e-05
      39.0000   1.3908922e-05
      40.0000   1.3826508e-05
      41.0000   1.3770143e-05
      42.0000   1.3761071e-05
      43.0000   1.3832519e-05
      44.0000   1.4000088e-05
      45.0000   1.4261603e-05
      46.0000   1.4611488e-05
      47.0000   1.5035416e-05
      48.0000   1.5501457e-05
      49.0000   1.5955662e-05
      50.0000   1.6364096e-05
      51.0000   1.6762908e-05
      52.0000   1.7228022e-05
      53.0000   1.7833083e-05
      54.0000   1.8614443e-05
      55.0000   1.9525392e-05
      56.0000   2.0458752e-05
      57.0000   2.1315100e-05
      58.0000   2.2053951e-05
      59.0000   2.2694268e-05
      60.0000   2.3261679e-05
      61.0000   2.3755774e-05
      62.0000   2.4155057e-05
      63.0000   2.4425050e-05
      64.0000   2.4564126e-05
      65.0000   2.4613777e-05
      66.0000   2.4623534e-05
      67.0000   2.4634759e-05
      68.0000   2.4682913e-05
      69.0000   2.4790277e-05
      70.0000   2.4949153e-05
      71.0000   2.5144802e-05
      72.0000   2.5386256e-05
      73.0000   2.5690331e-05
      74.0000   2.6039916e-05
      75.0000   2.6402724e-05
      76.0000   2.6794865e-05
      77.0000   2.7321883e-05
      78.0000   2.8151873e-05
      79.0000   2.9385790e-05
      80.0000   3.0979700e-05
      81.0000   3.2836033e-05
      82.0000   3.4886554e-05
      83.0000   3.7086047e-05
      84.0000   3.9405979e-05
      85.0000   4.1848922e-05
      86.0000   4.4469940e-05
      87.0000   4.7319572e-05
      88.0000   5.0363924e-05
      89.0000   5.3515258e-05
      90.0000   5.6688943e-05
      91.0000   5.9811107e-05
      92.0000   6.2909989e-05
      93.0000   6.6146378e-05
      94.0000   6.9661961e-05
      95.0000   7.3458861e-05
      96.0000   7.7389908e-05
      97.0000   8.1306673e-05
      98.0000   8.5341358e-05
      99.0000   8.9963600e-05
      100.000   9.5719210e-05
      101.000   0.00010292094
      102.000   0.00011161780
      103.000   0.00012176812
      104.000   0.00013339329
      105.000   0.00014671762
      106.000   0.00016212549
      107.000   0.00017981572
      108.000   0.00019973493
      109.000   0.00022176208
      110.000   0.00024519133
      111.000   0.00026838563
      112.000   0.00028968160
      113.000   0.00030823390
      114.000   0.00032408591
      115.000   0.00033826375
      116.000   0.00035239491
      117.000   0.00036764305
      118.000   0.00038389827
      119.000   0.00040038797
      120.000   0.00041755123
      121.000   0.00043821475
      122.000   0.00046657337
      123.000   0.00050535239
      124.000   0.00055404817
      125.000   0.00061057054
      126.000   0.00067487976
      127.000   0.00074946083
      128.000   0.00083500607
      129.000   0.00092677691
      130.000    0.0010182938
      131.000    0.0011099202
      132.000    0.0012104805
      133.000    0.0013259691
      134.000    0.0014484231
      135.000    0.0015596718
      136.000    0.0016463103
      137.000    0.0017115768
      138.000    0.0017728418
      139.000    0.0018506140
      140.000    0.0019628545
      141.000    0.0021233035
      142.000    0.0023301474
      143.000    0.0025617401
      144.000    0.0028044116
      145.000    0.0030870875
      146.000    0.0034808801
      147.000    0.0040487475
      148.000    0.0047905133
      149.000    0.0056558060
      150.000    0.0066316584
      151.000    0.0078367507
      152.000    0.0095390864
      153.000     0.012147232
      154.000     0.016202027
      155.000     0.022206953
      156.000     0.030453470
      157.000     0.041220516
      158.000     0.054874677
      159.000     0.070946127
      160.000     0.086636439
      161.000     0.096699588
      162.000     0.096411549
      163.000     0.085600235
      164.000     0.068859309
      165.000     0.051754974
      166.000     0.037642673
      167.000     0.027261131
      168.000     0.019956961
      169.000     0.014845129
      170.000     0.011258800
      171.000    0.0087515572
      172.000    0.0069952691
      173.000    0.0057450156
      174.000    0.0048334855
      175.000    0.0041543222
      176.000    0.0036323271
      177.000    0.0032061287
      178.000    0.0028384351
      179.000    0.0025251338
      180.000    0.0022809543
      181.000    0.0021075199
      182.000    0.0019783468
      183.000    0.0018607979
      184.000    0.0017391318
      185.000    0.0016108328
      186.000    0.0014728964
      187.000    0.0013208633
      188.000    0.0011607268
      189.000    0.0010128501
      190.000   0.00089487829
      191.000   0.00080588314
      192.000   0.00073194481
      193.000   0.00066071557
      194.000   0.00058832474
      195.000   0.00051730615
      196.000   0.00045237725
      197.000   0.00039793737
      198.000   0.00035578359
      199.000   0.00032380872
      200.000   0.00029775288
      201.000   0.00027455456
      202.000   0.00025344561
      203.000   0.00023430587
      204.000   0.00021653250
      205.000   0.00019951053
      206.000   0.00018317552
      207.000   0.00016767539
      208.000   0.00015295578
      209.000   0.00013896325
      210.000   0.00012601964
      211.000   0.00011456270
      212.000   0.00010469182
      213.000   9.6255950e-05
      214.000   8.9010915e-05
      215.000   8.2764134e-05
      216.000   7.7438250e-05
      217.000   7.2970790e-05
      218.000   6.9386588e-05
      219.000   6.6787376e-05
      220.000   6.5109707e-05
      221.000   6.4009837e-05
      222.000   6.3012601e-05
      223.000   6.1782324e-05
      224.000   6.0276005e-05
      225.000   5.8585396e-05
      226.000   5.6792993e-05
      227.000   5.5024440e-05
      228.000   5.3404718e-05
      229.000   5.1912171e-05
      230.000   5.0382452e-05
      231.000   4.8692182e-05
      232.000   4.6824727e-05
      233.000   4.4831428e-05
      234.000   4.2829928e-05
      235.000   4.0944135e-05
      236.000   3.9222388e-05
      237.000   3.7616035e-05
      238.000   3.6014335e-05
      239.000   3.4355387e-05
      240.000   3.2699336e-05
      241.000   3.1140691e-05
      242.000   2.9702169e-05
      243.000   2.8376111e-05
      244.000   2.7166430e-05
      245.000   2.6042413e-05
      246.000   2.4979714e-05
      247.000   2.4012605e-05
      248.000   2.3199929e-05
      249.000   2.2584631e-05
      250.000   2.2188404e-05
      251.000   2.1995189e-05
      252.000   2.1964588e-05
      253.000   2.2062561e-05
      254.000   2.2262881e-05
      255.000   2.2515987e-05
      256.000   2.2738563e-05
      257.000   2.2864435e-05
      258.000   2.2874374e-05
      259.000   2.2766060e-05
      260.000   2.2533861e-05
      261.000   2.2182187e-05
      262.000   2.1726873e-05
      263.000   2.1164333e-05
      264.000   2.0484717e-05
      265.000   1.9719411e-05
      266.000   1.8911089e-05
      267.000   1.8076389e-05
      268.000   1.7216815e-05
      269.000   1.6347249e-05
      270.000   1.5516960e-05
      271.000   1.4793255e-05
      272.000   1.4221558e-05
      273.000   1.3809075e-05
      274.000   1.3529570e-05
      275.000   1.3329486e-05
      276.000   1.3160996e-05
      277.000   1.3010203e-05
      278.000   1.2892588e-05
      279.000   1.2827890e-05
      280.000   1.2817000e-05
      281.000   1.2853915e-05
      282.000   1.2935745e-05
      283.000   1.3048786e-05
      284.000   1.3175209e-05
      285.000   1.3296378e-05
      286.000   1.3383495e-05
      287.000   1.3405494e-05
      288.000   1.3343633e-05
      289.000   1.3189018e-05
      290.000   1.2936039e-05
      291.000   1.2588263e-05
      292.000   1.2160011e-05
      293.000   1.1677478e-05
      294.000   1.1169418e-05
      295.000   1.0658608e-05
      296.000   1.0154285e-05
      297.000   9.6473004e-06
      298.000   9.1356769e-06
      299.000   8.6420578e-06
      300.000   8.1998487e-06
      301.000   7.8367502e-06
      302.000   7.5671128e-06
      303.000   7.3917049e-06
      304.000   7.2982102e-06
      305.000   7.2669973e-06
      306.000   7.2772104e-06
      307.000   7.3116889e-06
      308.000   7.3639026e-06
      309.000   7.4333661e-06
      310.000   7.5115295e-06
      311.000   7.5780567e-06
      312.000   7.6170095e-06
      313.000   7.6254155e-06
      314.000   7.6066303e-06
      315.000   7.5659559e-06
      316.000   7.5081966e-06
      317.000   7.4349855e-06
      318.000   7.3474434e-06
      319.000   7.2418238e-06
      320.000   7.1285676e-06
      321.000   6.9759180e-06
