      1.00000       0.0000000
      2.00000   6.3489051e-06
      3.00000   6.4609681e-06
      4.00000   6.5535946e-06
      5.00000   6.6618504e-06
      6.00000   6.7968444e-06
      7.00000   6.9679027e-06
      8.00000   7.1582126e-06
      9.00000   7.3392107e-06
      10.0000   7.4864593e-06
      11.0000   7.5863368e-06
      12.0000   7.6369606e-06
      13.0000   7.6538317e-06
      14.0000   7.6714114e-06
      15.0000   7.7322256e-06
      16.0000   7.8607854e-06
      17.0000   8.0444697e-06
      18.0000   8.2512797e-06
      19.0000   8.4565154e-06
      20.0000   8.6479204e-06
      21.0000   8.8213219e-06
      22.0000   8.9736986e-06
      23.0000   9.1021557e-06
      24.0000   9.2076461e-06
      25.0000   9.2981463e-06
      26.0000   9.3849821e-06
      27.0000   9.4700490e-06
      28.0000   9.5450905e-06
      29.0000   9.6013591e-06
      30.0000   9.6361291e-06
      31.0000   9.6616395e-06
      32.0000   9.7094799e-06
      33.0000   9.8140381e-06
      34.0000   9.9901863e-06
      35.0000   1.0238835e-05
      36.0000   1.0563060e-05
      37.0000   1.0958661e-05
      38.0000   1.1407466e-05
      39.0000   1.1884436e-05
      40.0000   1.2362528e-05
      41.0000   1.2812829e-05
      42.0000   1.3208307e-05
      43.0000   1.3540884e-05
      44.0000   1.3826866e-05
      45.0000   1.4087299e-05
      46.0000   1.4330863e-05
      47.0000   1.4559010e-05
      48.0000   1.4773959e-05
      49.0000   1.4967204e-05
      50.0000   1.5120590e-05
      51.0000   1.5220186e-05
      52.0000   1.5265743e-05
      53.0000   1.5301082e-05
      54.0000   1.5418113e-05
      55.0000   1.5696582e-05
      56.0000   1.6144875e-05
      57.0000   1.6702508e-05
      58.0000   1.7280881e-05
      59.0000   1.7806164e-05
      60.0000   1.8260969e-05
      61.0000   1.8688981e-05
      62.0000   1.9163039e-05
      63.0000   1.9749103e-05
      64.0000   2.0481632e-05
      65.0000   2.1365042e-05
      66.0000   2.2362643e-05
      67.0000   2.3388506e-05
      68.0000   2.4344879e-05
      69.0000   2.5164220e-05
      70.0000   2.5825966e-05
      71.0000   2.6357679e-05
      72.0000   2.6830101e-05
      73.0000   2.7297181e-05
      74.0000   2.7732061e-05
      75.0000   2.8057158e-05
      76.0000   2.8237633e-05
      77.0000   2.8335813e-05
      78.0000   2.8466380e-05
      79.0000   2.8717412e-05
      80.0000   2.9113544e-05
      81.0000   2.9640223e-05
      82.0000   3.0301251e-05
      83.0000   3.1131658e-05
      84.0000   3.2137785e-05
      85.0000   3.3280285e-05
      86.0000   3.4516917e-05
      87.0000   3.5890429e-05
      88.0000   3.7553506e-05
      89.0000   3.9667408e-05
      90.0000   4.2350803e-05
      91.0000   4.5646029e-05
      92.0000   4.9457747e-05
      93.0000   5.3585012e-05
      94.0000   5.7864167e-05
      95.0000   6.2270832e-05
      96.0000   6.6867855e-05
      97.0000   7.1729221e-05
      98.0000   7.6868935e-05
      99.0000   8.2166400e-05
      100.000   8.7567074e-05
      101.000   9.3306444e-05
      102.000   9.9716730e-05
      103.000   0.00010682267
      104.000   0.00011430631
      105.000   0.00012199556
      106.000   0.00013021562
      107.000   0.00013976266
      108.000   0.00015158548
      109.000   0.00016624718
      110.000   0.00018362937
      111.000   0.00020332038
      112.000   0.00022532554
      113.000   0.00025005674
      114.000   0.00027785992
      115.000   0.00030888707
      116.000   0.00034245892
      117.000   0.00037633002
      118.000   0.00040743628
      119.000   0.00043365275
      120.000   0.00045504922
      121.000   0.00047393324
      122.000   0.00049348391
      123.000   0.00051555230
      124.000   0.00053999154
      125.000   0.00056663714
      126.000   0.00059775333
      127.000   0.00063822459
      128.000   0.00069252466
      129.000   0.00076115166
      130.000   0.00084262638
      131.000   0.00093777868
      132.000    0.0010484910
      133.000    0.0011728971
      134.000    0.0013054053
      135.000    0.0014435245
      136.000    0.0015928956
      137.000    0.0017595924
      138.000    0.0019364136
      139.000    0.0021037210
      140.000    0.0022474029
      141.000    0.0023726732
      142.000    0.0025046105
      143.000    0.0026823096
      144.000    0.0029398086
      145.000    0.0032758638
      146.000    0.0036642111
      147.000    0.0041199005
      148.000    0.0047267005
      149.000    0.0055612926
      150.000    0.0066204150
      151.000    0.0078956084
      152.000    0.0095374789
      153.000     0.011925003
      154.000     0.015593006
      155.000     0.021127317
      156.000     0.029068582
      157.000     0.039961349
      158.000     0.054449160
      159.000     0.072265692
      160.000     0.090090059
      161.000      0.10129921
      162.000      0.10010511
      163.000     0.087022275
      164.000     0.068259604
      165.000     0.050132006
      166.000     0.035786338
      167.000     0.025562964
      168.000     0.018581789
      169.000     0.013854594
      170.000     0.010637785
      171.000    0.0084055895
      172.000    0.0068182517
      173.000    0.0056761652
      174.000    0.0048489231
      175.000    0.0042435699
      176.000    0.0037905537
      177.000    0.0034320916
      178.000    0.0031280674
      179.000    0.0028594260
      180.000    0.0026188879
      181.000    0.0024003275
      182.000    0.0021905277
      183.000    0.0019742055
      184.000    0.0017482280
      185.000    0.0015250564
      186.000    0.0013250203
      187.000    0.0011622796
      188.000    0.0010350416
      189.000   0.00093090360
      190.000   0.00083702756
      191.000   0.00074559276
      192.000   0.00065571739
      193.000   0.00057196093
      194.000   0.00049969199
      195.000   0.00044125045
      196.000   0.00039509108
      197.000   0.00035759775
      198.000   0.00032561962
      199.000   0.00029739967
      200.000   0.00027207274
      201.000   0.00024896668
      202.000   0.00022744761
      203.000   0.00020695185
      204.000   0.00018717366
      205.000   0.00016839182
      206.000   0.00015120530
      207.000   0.00013624210
      208.000   0.00012390768
      209.000   0.00011408494
      210.000   0.00010625650
      211.000   9.9915356e-05
      212.000   9.4901166e-05
      213.000   9.1163085e-05
      214.000   8.8372122e-05
      215.000   8.5955078e-05
      216.000   8.3346429e-05
      217.000   8.0269216e-05
      218.000   7.6792086e-05
      219.000   7.3118914e-05
      220.000   6.9473645e-05
      221.000   6.6046356e-05
      222.000   6.2862899e-05
      223.000   5.9829352e-05
      224.000   5.6894653e-05
      225.000   5.4041117e-05
      226.000   5.1292598e-05
      227.000   4.8783615e-05
      228.000   4.6637109e-05
      229.000   4.4749500e-05
      230.000   4.2835793e-05
      231.000   4.0764637e-05
      232.000   3.8690607e-05
      233.000   3.6821006e-05
      234.000   3.5213510e-05
      235.000   3.3792938e-05
      236.000   3.2452757e-05
      237.000   3.1149611e-05
      238.000   2.9898829e-05
      239.000   2.8720373e-05
      240.000   2.7672626e-05
      241.000   2.6841917e-05
      242.000   2.6247450e-05
      243.000   2.5833740e-05
      244.000   2.5544030e-05
      245.000   2.5350681e-05
      246.000   2.5221309e-05
      247.000   2.5094008e-05
      248.000   2.4891302e-05
      249.000   2.4543277e-05
      250.000   2.4015500e-05
      251.000   2.3325454e-05
      252.000   2.2547480e-05
      253.000   2.1780019e-05
      254.000   2.1082042e-05
      255.000   2.0434933e-05
      256.000   1.9782265e-05
      257.000   1.9106496e-05
      258.000   1.8440684e-05
      259.000   1.7835115e-05
      260.000   1.7318271e-05
      261.000   1.6900758e-05
      262.000   1.6586420e-05
      263.000   1.6341202e-05
      264.000   1.6099968e-05
      265.000   1.5820813e-05
      266.000   1.5520549e-05
      267.000   1.5245089e-05
      268.000   1.5010013e-05
      269.000   1.4789012e-05
      270.000   1.4543361e-05
      271.000   1.4267213e-05
      272.000   1.3996717e-05
      273.000   1.3768962e-05
      274.000   1.3580533e-05
      275.000   1.3388381e-05
      276.000   1.3145536e-05
      277.000   1.2829124e-05
      278.000   1.2452349e-05
      279.000   1.2042467e-05
      280.000   1.1616534e-05
      281.000   1.1193937e-05
      282.000   1.0803835e-05
      283.000   1.0465003e-05
      284.000   1.0170531e-05
      285.000   9.9022545e-06
      286.000   9.6568738e-06
      287.000   9.4488987e-06
      288.000   9.2908149e-06
      289.000   9.1757192e-06
      290.000   9.0856856e-06
      291.000   9.0083886e-06
      292.000   8.9326340e-06
      293.000   8.8452753e-06
      294.000   8.7337166e-06
      295.000   8.5942274e-06
      296.000   8.4443482e-06
      297.000   8.3192381e-06
      298.000   8.2455163e-06
      299.000   8.2133311e-06
      300.000   8.1932212e-06
      301.000   8.1715043e-06
      302.000   8.1480757e-06
      303.000   8.1177686e-06
      304.000   8.0687623e-06
      305.000   7.9959991e-06
      306.000   7.9063320e-06
      307.000   7.8091243e-06
      308.000   7.7123113e-06
      309.000   7.6172296e-06
      310.000   7.5158600e-06
      311.000   7.4030668e-06
      312.000   7.2818420e-06
      313.000   7.1589930e-06
      314.000   7.0395367e-06
      315.000   6.9199191e-06
      316.000   6.7881115e-06
      317.000   6.6335465e-06
      318.000   6.4634723e-06
      319.000   6.3033149e-06
      320.000   6.1825504e-06
      321.000   6.0951957e-06
