      1.00000       0.0000000
      2.00000   7.1842655e-06
      3.00000   7.4046038e-06
      4.00000   7.5869880e-06
      5.00000   7.7451759e-06
      6.00000   7.8632647e-06
      7.00000   7.9545180e-06
      8.00000   8.0296077e-06
      9.00000   8.1030785e-06
      10.0000   8.1900953e-06
      11.0000   8.2962952e-06
      12.0000   8.4161311e-06
      13.0000   8.5357296e-06
      14.0000   8.6403907e-06
      15.0000   8.7248955e-06
      16.0000   8.8049728e-06
      17.0000   8.9212135e-06
      18.0000   9.1167094e-06
      19.0000   9.4073694e-06
      20.0000   9.7696975e-06
      21.0000   1.0163185e-05
      22.0000   1.0561308e-05
      23.0000   1.0950183e-05
      24.0000   1.1312160e-05
      25.0000   1.1629435e-05
      26.0000   1.1892287e-05
      27.0000   1.2111095e-05
      28.0000   1.2318361e-05
      29.0000   1.2544235e-05
      30.0000   1.2792587e-05
      31.0000   1.3033179e-05
      32.0000   1.3226433e-05
      33.0000   1.3353720e-05
      34.0000   1.3419232e-05
      35.0000   1.3443351e-05
      36.0000   1.3469898e-05
      37.0000   1.3545573e-05
      38.0000   1.3694434e-05
      39.0000   1.3923594e-05
      40.0000   1.4222121e-05
      41.0000   1.4569382e-05
      42.0000   1.4942666e-05
      43.0000   1.5317824e-05
      44.0000   1.5682193e-05
      45.0000   1.6019789e-05
      46.0000   1.6305215e-05
      47.0000   1.6540771e-05
      48.0000   1.6781220e-05
      49.0000   1.7107521e-05
      50.0000   1.7585129e-05
      51.0000   1.8228182e-05
      52.0000   1.8990017e-05
      53.0000   1.9793504e-05
      54.0000   2.0562631e-05
      55.0000   2.1241307e-05
      56.0000   2.1802518e-05
      57.0000   2.2257491e-05
      58.0000   2.2649661e-05
      59.0000   2.3012284e-05
      60.0000   2.3339633e-05
      61.0000   2.3616791e-05
      62.0000   2.3834536e-05
      63.0000   2.3994180e-05
      64.0000   2.4114988e-05
      65.0000   2.4234132e-05
      66.0000   2.4390920e-05
      67.0000   2.4582932e-05
      68.0000   2.4778048e-05
      69.0000   2.4967901e-05
      70.0000   2.5177920e-05
      71.0000   2.5445954e-05
      72.0000   2.5776617e-05
      73.0000   2.6155782e-05
      74.0000   2.6581249e-05
      75.0000   2.7103120e-05
      76.0000   2.7811586e-05
      77.0000   2.8758968e-05
      78.0000   2.9948338e-05
      79.0000   3.1396190e-05
      80.0000   3.3126464e-05
      81.0000   3.5104564e-05
      82.0000   3.7245343e-05
      83.0000   3.9483330e-05
      84.0000   4.1814263e-05
      85.0000   4.4266570e-05
      86.0000   4.6832527e-05
      87.0000   4.9462244e-05
      88.0000   5.2088220e-05
      89.0000   5.4607903e-05
      90.0000   5.7009813e-05
      91.0000   5.9472874e-05
      92.0000   6.2287108e-05
      93.0000   6.5635882e-05
      94.0000   6.9378584e-05
      95.0000   7.3150652e-05
      96.0000   7.6751254e-05
      97.0000   8.0367943e-05
      98.0000   8.4523926e-05
      99.0000   8.9817266e-05
      100.000   9.6612734e-05
      101.000   0.00010495751
      102.000   0.00011469721
      103.000   0.00012576045
      104.000   0.00013838262
      105.000   0.00015288184
      106.000   0.00016933186
      107.000   0.00018770028
      108.000   0.00020804802
      109.000   0.00022994570
      110.000   0.00025203466
      111.000   0.00027278115
      112.000   0.00029117431
      113.000   0.00030690251
      114.000   0.00032065145
      115.000   0.00033397402
      116.000   0.00034836444
      117.000   0.00036398292
      118.000   0.00037974608
      119.000   0.00039547481
      120.000   0.00041353455
      121.000   0.00043794655
      122.000   0.00047199885
      123.000   0.00051621307
      124.000   0.00056832295
      125.000   0.00062652159
      126.000   0.00069218915
      127.000   0.00076774659
      128.000   0.00085190189
      129.000   0.00093945506
      130.000    0.0010271837
      131.000    0.0011190722
      132.000    0.0012227943
      133.000    0.0013387060
      134.000    0.0014540646
      135.000    0.0015514642
      136.000    0.0016231418
      137.000    0.0016772323
      138.000    0.0017319253
      139.000    0.0018045161
      140.000    0.0019117624
      141.000    0.0020689894
      142.000    0.0022727635
      143.000    0.0024966314
      144.000    0.0027231986
      145.000    0.0029827838
      146.000    0.0033529946
      147.000    0.0038988907
      148.000    0.0046145422
      149.000    0.0054457113
      150.000    0.0063824318
      151.000    0.0075461986
      152.000    0.0092035579
      153.000     0.011749856
      154.000     0.015687859
      155.000     0.021481236
      156.000     0.029441258
      157.000     0.040023778
      158.000     0.054036815
      159.000     0.071468785
      160.000     0.089260153
      161.000      0.10088368
      162.000      0.10031231
      163.000     0.087661549
      164.000     0.069000326
      165.000     0.050844505
      166.000     0.036477979
      167.000     0.026174976
      168.000     0.019008035
      169.000     0.014042355
      170.000     0.010625033
      171.000    0.0082979016
      172.000    0.0066897240
      173.000    0.0055335383
      174.000    0.0046785232
      175.000    0.0040391325
      176.000    0.0035500531
      177.000    0.0031553053
      178.000    0.0028158023
      179.000    0.0025184299
      180.000    0.0022723135
      181.000    0.0020847199
      182.000    0.0019425665
      183.000    0.0018225354
      184.000    0.0017086290
      185.000    0.0015923907
      186.000    0.0014655205
      187.000    0.0013238660
      188.000    0.0011713755
      189.000    0.0010213460
      190.000   0.00089273643
      191.000   0.00079543877
      192.000   0.00072276406
      193.000   0.00066097925
      194.000   0.00060040585
      195.000   0.00053778832
      196.000   0.00047467987
      197.000   0.00041565442
      198.000   0.00036565308
      199.000   0.00032693698
      200.000   0.00029801182
      201.000   0.00027514636
      202.000   0.00025515506
      203.000   0.00023674635
      204.000   0.00021960096
      205.000   0.00020344069
      206.000   0.00018796202
      207.000   0.00017314863
      208.000   0.00015923895
      209.000   0.00014621986
      210.000   0.00013383669
      211.000   0.00012207781
      212.000   0.00011121205
      213.000   0.00010143549
      214.000   9.2886738e-05
      215.000   8.5647582e-05
      216.000   7.9604331e-05
      217.000   7.4523807e-05
      218.000   7.0204725e-05
      219.000   6.6600580e-05
      220.000   6.3844287e-05
      221.000   6.2041814e-05
      222.000   6.1002032e-05
      223.000   6.0269114e-05
      224.000   5.9376882e-05
      225.000   5.8101617e-05
      226.000   5.6543468e-05
      227.000   5.4911005e-05
      228.000   5.3301912e-05
      229.000   5.1742987e-05
      230.000   5.0274844e-05
      231.000   4.8881677e-05
      232.000   4.7440131e-05
      233.000   4.5859630e-05
      234.000   4.4127159e-05
      235.000   4.2257438e-05
      236.000   4.0353716e-05
      237.000   3.8581391e-05
      238.000   3.7041133e-05
      239.000   3.5679674e-05
      240.000   3.4319513e-05
      241.000   3.2851043e-05
      242.000   3.1345804e-05
      243.000   2.9928335e-05
      244.000   2.8651823e-05
      245.000   2.7529162e-05
      246.000   2.6561724e-05
      247.000   2.5703714e-05
      248.000   2.4886172e-05
      249.000   2.4091350e-05
      250.000   2.3342329e-05
      251.000   2.2685466e-05
      252.000   2.2177312e-05
      253.000   2.1845510e-05
      254.000   2.1665322e-05
      255.000   2.1593494e-05
      256.000   2.1602013e-05
      257.000   2.1651935e-05
      258.000   2.1692891e-05
      259.000   2.1693664e-05
      260.000   2.1646792e-05
      261.000   2.1553060e-05
      262.000   2.1396041e-05
      263.000   2.1151325e-05
      264.000   2.0805321e-05
      265.000   2.0354468e-05
      266.000   1.9804820e-05
      267.000   1.9178156e-05
      268.000   1.8520870e-05
      269.000   1.7871089e-05
      270.000   1.7233442e-05
      271.000   1.6593780e-05
      272.000   1.5946835e-05
      273.000   1.5321439e-05
      274.000   1.4774311e-05
      275.000   1.4352899e-05
      276.000   1.4072184e-05
      277.000   1.3915718e-05
      278.000   1.3848407e-05
      279.000   1.3818850e-05
      280.000   1.3770843e-05
      281.000   1.3675883e-05
      282.000   1.3548857e-05
      283.000   1.3440334e-05
      284.000   1.3392741e-05
      285.000   1.3403722e-05
      286.000   1.3425593e-05
      287.000   1.3399340e-05
      288.000   1.3300216e-05
      289.000   1.3138284e-05
      290.000   1.2932584e-05
      291.000   1.2686080e-05
      292.000   1.2389472e-05
      293.000   1.2050024e-05
      294.000   1.1683515e-05
      295.000   1.1302312e-05
      296.000   1.0915825e-05
      297.000   1.0532176e-05
      298.000   1.0160780e-05
      299.000   9.8095898e-06
      300.000   9.4827656e-06
      301.000   9.1804013e-06
      302.000   8.9025643e-06
      303.000   8.6616001e-06
      304.000   8.4746835e-06
      305.000   8.3492805e-06
      306.000   8.2759125e-06
      307.000   8.2277375e-06
      308.000   8.1782182e-06
      309.000   8.1183016e-06
      310.000   8.0579703e-06
      311.000   8.0055752e-06
      312.000   7.9538750e-06
      313.000   7.8860476e-06
      314.000   7.7930208e-06
      315.000   7.6836322e-06
      316.000   7.5694611e-06
      317.000   7.4501531e-06
      318.000   7.3226620e-06
      319.000   7.1810578e-06
      320.000   7.0415581e-06
      321.000   6.8707041e-06
