H	H+	C+	C+2	C+3	N+	N+2	N+4	O	O+2	O+5	O+6	P+	Si+	Si+2	Si+3	Si+4	Fe+	Al+
1.04713e+14	2.78595e+18	1.14143e+10	1.38251e+12	4.13079e+12	8.75026e+08	2.29305e+11	3.31192e+12	7.49814e+04	6.06172e+11	3.17953e+13	4.00578e+13	8.01561e+05	1.25946e+07	5.49572e+08	2.16498e+09	1.73304e+11	3.22335e+03	3.90708e+05
1.04713e+14	2.63958e+18	1.23055e+10	1.45021e+12	4.17025e+12	9.50757e+08	2.42697e+11	3.24243e+12	8.38081e+04	6.43622e+11	2.99053e+13	3.59015e+13	9.35276e+05	1.48017e+07	6.33152e+08	2.41360e+09	1.83015e+11	3.90025e+03	4.63455e+05
1.04713e+14	2.50117e+18	1.32519e+10	1.51942e+12	4.20529e+12	1.03187e+09	2.56526e+11	3.16884e+12	9.36462e+04	6.82385e+11	2.80661e+13	3.21131e+13	1.08940e+06	1.73620e+07	7.28293e+08	2.68673e+09	1.92985e+11	4.71486e+03	5.48524e+05
1.04713e+14	2.37026e+18	1.42556e+10	1.59004e+12	4.23578e+12	1.11856e+09	2.70767e+11	3.09140e+12	1.04607e+05	7.22406e+11	2.62824e+13	2.86681e+13	1.26672e+06	2.03259e+07	8.36414e+08	2.98632e+09	2.03196e+11	5.69405e+03	6.47798e+05
1.04713e+14	2.24641e+18	1.53185e+10	1.66196e+12	4.26165e+12	1.21104e+09	2.85393e+11	3.01037e+12	1.16812e+05	7.63627e+11	2.45585e+13	2.55423e+13	1.47031e+06	2.37500e+07	9.59080e+08	3.31442e+09	2.13629e+11	6.86979e+03	7.63428e+05
1.04713e+14	2.12920e+18	1.64424e+10	1.73507e+12	4.28278e+12	1.30947e+09	3.00367e+11	2.92606e+12	1.30400e+05	8.05983e+11	2.28981e+13	2.27128e+13	1.70363e+06	2.76975e+07	1.09801e+09	3.67315e+09	2.24264e+11	8.27989e+03	8.97853e+05
1.04713e+14	2.01827e+18	1.76292e+10	1.80923e+12	4.29910e+12	1.41402e+09	3.15654e+11	2.83878e+12	1.45524e+05	8.49400e+11	2.13040e+13	2.01574e+13	1.97048e+06	3.22388e+07	1.25511e+09	4.06473e+09	2.35076e+11	9.96908e+03	1.05383e+06
1.04713e+14	1.91323e+18	1.88808e+10	1.88431e+12	4.31053e+12	1.52485e+09	3.31212e+11	2.74886e+12	1.62359e+05	8.93812e+11	1.97784e+13	1.78546e+13	2.27517e+06	3.74536e+07	1.43246e+09	4.49155e+09	2.46039e+11	1.19906e+04	1.23452e+06
1.04713e+14	1.81377e+18	2.01975e+10	1.96010e+12	4.31700e+12	1.64198e+09	3.46985e+11	2.65665e+12	1.81084e+05	9.39106e+11	1.83235e+13	1.57846e+13	2.62217e+06	4.34264e+07	1.63227e+09	4.95592e+09	2.57122e+11	1.44060e+04	1.44340e+06
1.04713e+14	1.71957e+18	2.15808e+10	2.03643e+12	4.31843e+12	1.76553e+09	3.62926e+11	2.56253e+12	2.01916e+05	9.85205e+11	1.69400e+13	1.39279e+13	3.01663e+06	5.02541e+07	1.85702e+09	5.46038e+09	2.68295e+11	1.72889e+04	1.68448e+06
1.04713e+14	1.63035e+18	2.30321e+10	2.11313e+12	4.31477e+12	1.89560e+09	3.78984e+11	2.46687e+12	2.25099e+05	1.03202e+12	1.56286e+13	1.22664e+13	3.46420e+06	5.80426e+07	2.10940e+09	6.00743e+09	2.79523e+11	2.07257e+04	1.96220e+06
1.04713e+14	1.54583e+18	2.45521e+10	2.19000e+12	4.30599e+12	2.03222e+09	3.95102e+11	2.37005e+12	2.50906e+05	1.07947e+12	1.43893e+13	1.07829e+13	3.97105e+06	6.69081e+07	2.39229e+09	6.59966e+09	2.90770e+11	2.48176e+04	2.28160e+06
1.04713e+14	1.46576e+18	2.61413e+10	2.26680e+12	4.29206e+12	2.17543e+09	4.11220e+11	2.27245e+12	2.79642e+05	1.12745e+12	1.32215e+13	9.46145e+12	4.54386e+06	7.69775e+07	2.70880e+09	7.23967e+09	3.01996e+11	2.96834e+04	2.64827e+06
1.04713e+14	1.38989e+18	2.78001e+10	2.34332e+12	4.27294e+12	2.32521e+09	4.27280e+11	2.17447e+12	3.11653e+05	1.17586e+12	1.21243e+13	8.28678e+12	5.18995e+06	8.83902e+07	3.06231e+09	7.93012e+09	3.13162e+11	3.54620e+04	3.06851e+06
1.04713e+14	1.31801e+18	2.95284e+10	2.41929e+12	4.24864e+12	2.48155e+09	4.43219e+11	2.07648e+12	3.47329e+05	1.22461e+12	1.10963e+13	7.24499e+12	5.91707e+06	1.01296e+08	3.45639e+09	8.67358e+09	3.24223e+11	4.23096e+04	3.54868e+06
1.04713e+14	1.24990e+18	3.13252e+10	2.49444e+12	4.21916e+12	2.64433e+09	4.58968e+11	1.97888e+12	3.87094e+05	1.27357e+12	1.01360e+13	6.32319e+12	6.73357e+06	1.15856e+08	3.89480e+09	9.47253e+09	3.35131e+11	5.04150e+04	4.09667e+06
1.04713e+14	1.18535e+18	3.31912e+10	2.56855e+12	4.18452e+12	2.81362e+09	4.74477e+11	1.88199e+12	4.31476e+05	1.32268e+12	9.24104e+12	5.50893e+12	7.64922e+06	1.32253e+08	4.38182e+09	1.03298e+10	3.45844e+11	6.00023e+04	4.72136e+06
1.04713e+14	1.12417e+18	3.51247e+10	2.64132e+12	4.14475e+12	2.98928e+09	4.89677e+11	1.78617e+12	4.81028e+05	1.37182e+12	8.40926e+12	4.79133e+12	8.67373e+06	1.50675e+08	4.92170e+09	1.12476e+10	3.56312e+11	7.13242e+04	5.43210e+06
1.04713e+14	1.06619e+18	3.71245e+10	2.71246e+12	4.09991e+12	3.17121e+09	5.04510e+11	1.69177e+12	5.36389e+05	1.42089e+12	7.63823e+12	4.16022e+12	9.81776e+06	1.71325e+08	5.51903e+09	1.22284e+10	3.66484e+11	8.46762e+04	6.23931e+06
1.04713e+14	1.01124e+18	3.91888e+10	2.78168e+12	4.05008e+12	3.35933e+09	5.18916e+11	1.59907e+12	5.98284e+05	1.46980e+12	6.92530e+12	3.60630e+12	1.10927e+07	1.94423e+08	6.17861e+09	1.32743e+10	3.76308e+11	1.00400e+05	7.15447e+06
1.04713e+14	9.59152e+17	4.13168e+10	2.84871e+12	3.99533e+12	3.55361e+09	5.32845e+11	1.50835e+12	6.67565e+05	1.51847e+12	6.26750e+12	3.12094e+12	1.25111e+07	2.20210e+08	6.90571e+09	1.43874e+10	3.85737e+11	1.18897e+05	8.19052e+06
1.04713e+14	9.09792e+17	4.35036e+10	2.91320e+12	3.93581e+12	3.75373e+09	5.46230e+11	1.41991e+12	7.45103e+05	1.56675e+12	5.66239e+12	2.69672e+12	1.40848e+07	2.48913e+08	7.70517e+09	1.55692e+10	3.94712e+11	1.40610e+05	9.36062e+06
1.04713e+14	8.63008e+17	4.57474e+10	2.97488e+12	3.87164e+12	3.95966e+09	5.59026e+11	1.33397e+12	8.31977e+05	1.61457e+12	5.10688e+12	2.32654e+12	1.58277e+07	2.80801e+08	8.58258e+09	1.68211e+10	4.03185e+11	1.66069e+05	1.06801e+07
1.04713e+14	8.18668e+17	4.80452e+10	3.03345e+12	3.80297e+12	4.17132e+09	5.71189e+11	1.25071e+12	9.29385e+05	1.66184e+12	4.59806e+12	2.00412e+12	1.77541e+07	3.16148e+08	9.54357e+09	1.81444e+10	4.11103e+11	1.95877e+05	1.21653e+07
1.04713e+14	7.76642e+17	5.03934e+10	3.08863e+12	3.72999e+12	4.38856e+09	5.82673e+11	1.17032e+12	1.03867e+06	1.70846e+12	4.13303e+12	1.72380e+12	1.98787e+07	3.55238e+08	1.05938e+10	1.95396e+10	4.18416e+11	2.30723e+05	1.38341e+07
1.04713e+14	7.36809e+17	5.27876e+10	3.14013e+12	3.65289e+12	4.61125e+09	5.93439e+11	1.09293e+12	1.16136e+06	1.75434e+12	3.70896e+12	1.48050e+12	2.22167e+07	3.98367e+08	1.17391e+10	2.10071e+10	4.25073e+11	2.71396e+05	1.57055e+07
1.04713e+14	6.99053e+17	5.52233e+10	3.18767e+12	3.57189e+12	4.83928e+09	6.03450e+11	1.01867e+12	1.29918e+06	1.79938e+12	3.32304e+12	1.26971e+12	2.47836e+07	4.45842e+08	1.29851e+10	2.25465e+10	4.31027e+11	3.18800e+05	1.78004e+07
1.04713e+14	6.63266e+17	5.76957e+10	3.23101e+12	3.48725e+12	5.07251e+09	6.12674e+11	9.47622e+11	1.45407e+06	1.84350e+12	2.97256e+12	1.08739e+12	2.75956e+07	4.97974e+08	1.43377e+10	2.41570e+10	4.36230e+11	3.73960e+05	2.01409e+07
1.04713e+14	6.29342e+17	6.01991e+10	3.26989e+12	3.39920e+12	5.31081e+09	6.21081e+11	8.79836e+11	1.62823e+06	1.88660e+12	2.65491e+12	9.29948e+11	3.06687e+07	5.55082e+08	1.58025e+10	2.58372e+10	4.40638e+11	4.38045e+05	2.27508e+07
1.04713e+14	5.97185e+17	6.27279e+10	3.30409e+12	3.30806e+12	5.55408e+09	6.28652e+11	8.15355e+11	1.82412e+06	1.92860e+12	2.36757e+12	7.94217e+11	3.40184e+07	6.17486e+08	1.73848e+10	2.75849e+10	4.44212e+11	5.12382e+05	2.56555e+07
1.04713e+14	5.66704e+17	6.52762e+10	3.33342e+12	3.21412e+12	5.80222e+09	6.35365e+11	7.54188e+11	2.04455e+06	1.96942e+12	2.10816e+12	6.77384e+11	3.76600e+07	6.85509e+08	1.90897e+10	2.93972e+10	4.46914e+11	5.98472e+05	2.88820e+07
1.04713e+14	5.37810e+17	6.78375e+10	3.35771e+12	3.11771e+12	6.05511e+09	6.41207e+11	6.96321e+11	2.29265e+06	2.00897e+12	1.87440e+12	5.76973e+11	4.16083e+07	7.59463e+08	2.09221e+10	3.12704e+10	4.48711e+11	6.98011e+05	3.24589e+07
1.04713e+14	5.10418e+17	7.04052e+10	3.37680e+12	3.01915e+12	6.31264e+09	6.46164e+11	6.41721e+11	2.57196e+06	2.04717e+12	1.66413e+12	4.90803e+11	4.58769e+07	8.39654e+08	2.28860e+10	3.32000e+10	4.49572e+11	8.12917e+05	3.64161e+07
1.04713e+14	4.84456e+17	7.29667e+10	3.39051e+12	2.91885e+12	6.57425e+09	6.50218e+11	5.90363e+11	2.88621e+06	2.08391e+12	1.47541e+12	4.16989e+11	5.04721e+07	9.26290e+08	2.49836e+10	3.51805e+10	4.49474e+11	9.45258e+05	4.07827e+07
1.04713e+14	4.59827e+17	7.55312e+10	3.39897e+12	2.81699e+12	6.84120e+09	6.53400e+11	5.42099e+11	3.24057e+06	2.11922e+12	1.30608e+12	3.53778e+11	5.54219e+07	1.01989e+09	2.72215e+10	3.72054e+10	4.48395e+11	1.09771e+06	4.55991e+07
1.04713e+14	4.36481e+17	7.80741e+10	3.40188e+12	2.71409e+12	7.11196e+09	6.55674e+11	4.96928e+11	3.63936e+06	2.15291e+12	1.15464e+12	2.99784e+11	6.07165e+07	1.12045e+09	2.95975e+10	3.92675e+10	4.46322e+11	1.27273e+06	5.08921e+07
1.04713e+14	4.14336e+17	8.05809e+10	3.39911e+12	2.61052e+12	7.38588e+09	6.57026e+11	4.54745e+11	4.08801e+06	2.18488e+12	1.01938e+12	2.53713e+11	6.63535e+07	1.22808e+09	3.21108e+10	4.13599e+10	4.43242e+11	1.47333e+06	5.66958e+07
1.04713e+14	3.93352e+17	8.30784e+10	3.39122e+12	2.50653e+12	7.66556e+09	6.57539e+11	4.15416e+11	4.59377e+06	2.21522e+12	8.98714e+11	2.14460e+11	7.23703e+07	1.34336e+09	3.47666e+10	4.34682e+10	4.39165e+11	1.70312e+06	6.30532e+07
1.04713e+14	3.73449e+17	8.55358e+10	3.37787e+12	2.40254e+12	7.94908e+09	6.57169e+11	3.78844e+11	5.16313e+06	2.24376e+12	7.91249e+11	1.81049e+11	7.87431e+07	1.46616e+09	3.75591e+10	4.55855e+10	4.34086e+11	1.96577e+06	6.99977e+07
1.04713e+14	3.54557e+17	8.79463e+10	3.35912e+12	2.29883e+12	8.23641e+09	6.55926e+11	3.44894e+11	5.80426e+06	2.27043e+12	6.95648e+11	1.52636e+11	8.54689e+07	1.59660e+09	4.04852e+10	4.77010e+10	4.28011e+11	2.26564e+06	7.75706e+07
1.04713e+14	3.36644e+17	9.03019e+10	3.33515e+12	2.19585e+12	8.52732e+09	6.53833e+11	3.13480e+11	6.52549e+06	2.29515e+12	6.10815e+11	1.28530e+11	9.25332e+07	1.73455e+09	4.35372e+10	4.98007e+10	4.20968e+11	2.60710e+06	8.58019e+07
1.04713e+14	3.19663e+17	9.25948e+10	3.30611e+12	2.09397e+12	8.82161e+09	6.50911e+11	2.84481e+11	7.33634e+06	2.31787e+12	5.35665e+11	1.08107e+11	9.99184e+07	1.87984e+09	4.67065e+10	5.18714e+10	4.12986e+11	2.99514e+06	9.47251e+07
1.04713e+14	3.03539e+17	9.48244e+10	3.27217e+12	1.99332e+12	9.11980e+09	6.47176e+11	2.57726e+11	8.24896e+06	2.33854e+12	4.69089e+11	9.08010e+10	1.07619e+08	2.03261e+09	4.99870e+10	5.38996e+10	4.04084e+11	3.43609e+06	1.04391e+08
1.04713e+14	2.88239e+17	9.69787e+10	3.23350e+12	1.89428e+12	9.42128e+09	6.42649e+11	2.33111e+11	9.27498e+06	2.35708e+12	4.10238e+11	7.61664e+10	1.15600e+08	2.19240e+09	5.33640e+10	5.58706e+10	3.94307e+11	3.93596e+06	1.14828e+08
1.04713e+14	2.73712e+17	9.90648e+10	3.19044e+12	1.79704e+12	9.72703e+09	6.37367e+11	2.10492e+11	1.04292e+07	2.37349e+12	3.58252e+11	6.37998e+10	1.23854e+08	2.35922e+09	5.68275e+10	5.77671e+10	3.83701e+11	4.50228e+06	1.26083e+08
1.04713e+14	2.59934e+17	1.01061e+11	3.14316e+12	1.70201e+12	1.00355e+10	6.31347e+11	1.89782e+11	1.17249e+07	2.38764e+12	3.12466e+11	5.33763e+10	1.32316e+08	2.53208e+09	6.03540e+10	5.95754e+10	3.72332e+11	5.14174e+06	1.38167e+08
1.04713e+14	2.46858e+17	1.02969e+11	3.09198e+12	1.60933e+12	1.03474e+10	6.24623e+11	1.70842e+11	1.31799e+07	2.39951e+12	2.72165e+11	4.45959e+10	1.40962e+08	2.71068e+09	6.39275e+10	6.12786e+10	3.60257e+11	5.86320e+06	1.51120e+08
1.04713e+14	2.34445e+17	1.04786e+11	3.03716e+12	1.51921e+12	1.06626e+10	6.17224e+11	1.53553e+11	1.48129e+07	2.40904e+12	2.36740e+11	3.72087e+10	1.49747e+08	2.89435e+09	6.75265e+10	6.28612e+10	3.47545e+11	6.67591e+06	1.64970e+08
1.04713e+14	2.22660e+17	1.06506e+11	2.97902e+12	1.43182e+12	1.09810e+10	6.09181e+11	1.37800e+11	1.66446e+07	2.41619e+12	2.05643e+11	3.10016e+10	1.58624e+08	3.08233e+09	7.11275e+10	6.43079e+10	3.34271e+11	7.59000e+06	1.79742e+08
1.04713e+14	2.11472e+17	1.08128e+11	2.91786e+12	1.34730e+12	1.13025e+10	6.00530e+11	1.23474e+11	1.86981e+07	2.42091e+12	1.78383e+11	2.57931e+10	1.67545e+08	3.27378e+09	7.47055e+10	6.56038e+10	3.20516e+11	8.61654e+06	1.95455e+08
1.04713e+14	2.00849e+17	1.09650e+11	2.85402e+12	1.26577e+12	1.16273e+10	5.91304e+11	1.10468e+11	2.09988e+07	2.42317e+12	1.54519e+11	2.14284e+10	1.76459e+08	3.46776e+09	7.82339e+10	6.67350e+10	3.06365e+11	9.76758e+06	2.12126e+08
1.04713e+14	1.90761e+17	1.11069e+11	2.78783e+12	1.18733e+12	1.19555e+10	5.81542e+11	9.86832e+10	2.35747e+07	2.42291e+12	1.33657e+11	1.77758e+10	1.85312e+08	3.66327e+09	8.16851e+10	6.76889e+10	2.91908e+11	1.10563e+07	2.29765e+08
1.04713e+14	1.81195e+17	1.12385e+11	2.71968e+12	1.11215e+12	1.22866e+10	5.71296e+11	8.80357e+10	2.64537e+07	2.42014e+12	1.15465e+11	1.47266e+10	1.94043e+08	3.85896e+09	8.50288e+10	6.84559e+10	2.77254e+11	1.24952e+07	2.48356e+08
1.04713e+14	1.72086e+17	1.13603e+11	2.64964e+12	1.03998e+12	1.26220e+10	5.60556e+11	7.83977e+10	2.96789e+07	2.41476e+12	9.95679e+10	1.21762e+10	2.02633e+08	4.05464e+09	8.82425e+10	6.90221e+10	2.62443e+11	1.41053e+07	2.67969e+08
1.04713e+14	1.63448e+17	1.14717e+11	2.57830e+12	9.71135e+11	1.29606e+10	5.49409e+11	6.97215e+10	3.32785e+07	2.40681e+12	8.57464e+10	1.00537e+10	2.10999e+08	4.24828e+09	9.12923e+10	6.93846e+10	2.47621e+11	1.58980e+07	2.88529e+08
1.04713e+14	1.55243e+17	1.15731e+11	2.50585e+12	9.05528e+11	1.33030e+10	5.37877e+11	6.19144e+10	3.72966e+07	2.39625e+12	7.37311e+10	8.28770e+09	2.19102e+08	4.43905e+09	9.41528e+10	6.95373e+10	2.32861e+11	1.78933e+07	3.10045e+08
1.04713e+14	1.47462e+17	1.16645e+11	2.43272e+12	8.43233e+11	1.36491e+10	5.26021e+11	5.49108e+10	4.17724e+07	2.38312e+12	6.33150e+10	6.82235e+09	2.26892e+08	4.62555e+09	9.67985e+10	6.94800e+10	2.18271e+11	2.01078e+07	3.32468e+08
1.04713e+14	1.40062e+17	1.17464e+11	2.35896e+12	7.84033e+11	1.39997e+10	5.13839e+11	4.86212e+10	4.67646e+07	2.36733e+12	5.42738e+10	5.60521e+09	2.34348e+08	4.80742e+09	9.92079e+10	6.92074e+10	2.03896e+11	2.25686e+07	3.55834e+08
1.04713e+14	1.33022e+17	1.18192e+11	2.28482e+12	7.27890e+11	1.43552e+10	5.01368e+11	4.29826e+10	5.23286e+07	2.34886e+12	4.64387e+10	4.59602e+09	2.41432e+08	4.98371e+09	1.01359e+11	6.87210e+10	1.89815e+11	2.53000e+07	3.80116e+08
1.04713e+14	1.26347e+17	1.18828e+11	2.21080e+12	6.74915e+11	1.47151e+10	4.88691e+11	3.79509e+10	5.85094e+07	2.32785e+12	3.96786e+10	3.76291e+09	2.48095e+08	5.15283e+09	1.03235e+11	6.80323e+10	1.76139e+11	2.83185e+07	4.05205e+08
1.04713e+14	1.20017e+17	1.19377e+11	2.13713e+12	6.25028e+11	1.50799e+10	4.75847e+11	3.34679e+10	6.53669e+07	2.30434e+12	3.38544e+10	3.07622e+09	2.54311e+08	5.31400e+09	1.04821e+11	6.71496e+10	1.62929e+11	3.16489e+07	4.31047e+08
1.04713e+14	1.13996e+17	1.19842e+11	2.06378e+12	5.77982e+11	1.54504e+10	4.62825e+11	2.94678e+10	7.29853e+07	2.27821e+12	2.88294e+10	2.50954e+09	2.60076e+08	5.46729e+09	1.06107e+11	6.60749e+10	1.50205e+11	3.53293e+07	4.57668e+08
1.04713e+14	1.08277e+17	1.20227e+11	1.99106e+12	5.33771e+11	1.58267e+10	4.49686e+11	2.59103e+10	8.14300e+07	2.24957e+12	2.45080e+10	2.04345e+09	2.65363e+08	5.61180e+09	1.07086e+11	6.48236e+10	1.38030e+11	3.93847e+07	4.84967e+08
1.04713e+14	1.02835e+17	1.20535e+11	1.91901e+12	4.92224e+11	1.62086e+10	4.36436e+11	2.27464e+10	9.07928e+07	2.21839e+12	2.07920e+10	1.66023e+09	2.70164e+08	5.74749e+09	1.07751e+11	6.34047e+10	1.26426e+11	4.38547e+07	5.12924e+08
1.04713e+14	9.76773e+16	1.20770e+11	1.84808e+12	4.53385e+11	1.65954e+10	4.23167e+11	1.99466e+10	1.01134e+08	2.18491e+12	1.76127e+10	1.34675e+09	2.74466e+08	5.87348e+09	1.08112e+11	6.18416e+10	1.15457e+11	4.87584e+07	5.41377e+08
1.04713e+14	9.27790e+16	1.20938e+11	1.77827e+12	4.17071e+11	1.69887e+10	4.09883e+11	1.74683e+10	1.12555e+08	2.14912e+12	1.48925e+10	1.09034e+09	2.78270e+08	5.99001e+09	1.08169e+11	6.01459e+10	1.05123e+11	5.41384e+07	5.70294e+08
1.04713e+14	8.81275e+16	1.21037e+11	1.70970e+12	3.83181e+11	1.73887e+10	3.96614e+11	1.52785e+10	1.25153e+08	2.11109e+12	1.25694e+10	8.81038e+08	2.81568e+08	6.09695e+09	1.07930e+11	5.83359e+10	9.54340e+10	6.00314e+07	5.99576e+08
1.04713e+14	8.37091e+16	1.21073e+11	1.64246e+12	3.51591e+11	1.77958e+10	3.83387e+11	1.33458e+10	1.39032e+08	2.07091e+12	1.05884e+10	7.10471e+08	2.84370e+08	6.19461e+09	1.07405e+11	5.64271e+10	8.63910e+10	6.64787e+07	6.29149e+08
1.04713e+14	7.95133e+16	1.21050e+11	1.57666e+12	3.22196e+11	1.82103e+10	3.70232e+11	1.16430e+10	1.54302e+08	2.02870e+12	8.90271e+09	5.71775e+08	2.86682e+08	6.28320e+09	1.06610e+11	5.44375e+10	7.79901e+10	7.35205e+07	6.58913e+08
1.04713e+14	7.55285e+16	1.20970e+11	1.51238e+12	2.94886e+11	1.86325e+10	3.57173e+11	1.01449e+10	1.71079e+08	1.98456e+12	7.47082e+09	4.59216e+08	2.88512e+08	6.36306e+09	1.05559e+11	5.23842e+10	7.02192e+10	8.12002e+07	6.88770e+08
1.04713e+14	7.17438e+16	1.20834e+11	1.44966e+12	2.69549e+11	1.90625e+10	3.44235e+11	8.82873e+09	1.89486e+08	1.93861e+12	6.25684e+09	3.68053e+08	2.89869e+08	6.43464e+09	1.04270e+11	5.02840e+10	6.30606e+10	8.95631e+07	7.18617e+08
1.04713e+14	6.81499e+16	1.20648e+11	1.38859e+12	2.46079e+11	1.95007e+10	3.31441e+11	7.67427e+09	2.09651e+08	1.89100e+12	5.22973e+09	2.94382e+08	2.90772e+08	6.49847e+09	1.02763e+11	4.81525e+10	5.64933e+10	9.86541e+07	7.48355e+08
1.04713e+14	6.47370e+16	1.20413e+11	1.32920e+12	2.24369e+11	1.99471e+10	3.18813e+11	6.66297e+09	2.31711e+08	1.84186e+12	4.36239e+09	2.34967e+08	2.91233e+08	6.55511e+09	1.01058e+11	4.60049e+10	5.04910e+10	1.08521e+08	7.77878e+08
1.04713e+14	6.14960e+16	1.20130e+11	1.27150e+12	2.04316e+11	2.04020e+10	3.06367e+11	5.77833e+09	2.55808e+08	1.79134e+12	3.63146e+09	1.87152e+08	2.91268e+08	6.60517e+09	9.91748e+10	4.38550e+10	4.50250e+10	1.19214e+08	8.07080e+08
1.04713e+14	5.84251e+16	1.19806e+11	1.21567e+12	1.85856e+11	2.08654e+10	2.94151e+11	5.00694e+09	2.82048e+08	1.73972e+12	3.01780e+09	1.48818e+08	2.90903e+08	6.64901e+09	9.71426e+10	4.17207e+10	4.00729e+10	1.30757e+08	8.35809e+08
1.04713e+14	5.54953e+16	1.19433e+11	1.16131e+12	1.68784e+11	2.13373e+10	2.82092e+11	4.33131e+09	3.10708e+08	1.68675e+12	2.50083e+09	1.17986e+08	2.90136e+08	6.68805e+09	9.49582e+10	3.95980e+10	3.55779e+10	1.43270e+08	8.64102e+08
1.04713e+14	5.27197e+16	1.19022e+11	1.10882e+12	1.53116e+11	2.18176e+10	2.70291e+11	3.74388e+09	3.41823e+08	1.63300e+12	2.06877e+09	9.33846e+07	2.89003e+08	6.72215e+09	9.26649e+10	3.75127e+10	3.15322e+10	1.56733e+08	8.91714e+08
1.04713e+14	5.00838e+16	1.18570e+11	1.05808e+12	1.38724e+11	2.23061e+10	2.58732e+11	3.23271e+09	3.75598e+08	1.57851e+12	1.70770e+09	7.37573e+07	2.87519e+08	6.75218e+09	9.02739e+10	3.54686e+10	2.78950e+10	1.71220e+08	9.18590e+08
1.04713e+14	4.75807e+16	1.18080e+11	1.00906e+12	1.25524e+11	2.28026e+10	2.47423e+11	2.78844e+09	4.12199e+08	1.52342e+12	1.40660e+09	5.81330e+07	2.85701e+08	6.77873e+09	8.78037e+10	3.34731e+10	2.46340e+10	1.86777e+08	9.44634e+08
1.04713e+14	4.52094e+16	1.17555e+11	9.61881e+11	1.13460e+11	2.33068e+10	2.36402e+11	2.40353e+09	4.51732e+08	1.46806e+12	1.15652e+09	4.57440e+07	2.83580e+08	6.80213e+09	8.52802e+10	3.15376e+10	2.17231e+10	2.03418e+08	9.69711e+08
1.04713e+14	4.29522e+16	1.16992e+11	9.16283e+11	1.02401e+11	2.38180e+10	2.25623e+11	2.06909e+09	4.94486e+08	1.41230e+12	9.48466e+08	3.59044e+07	2.81159e+08	6.82341e+09	8.27029e+10	2.96577e+10	1.91219e+10	2.21250e+08	9.93822e+08
1.04713e+14	4.08036e+16	1.16391e+11	8.72253e+11	9.22803e+10	2.43356e+10	2.15092e+11	1.77891e+09	5.40647e+08	1.35630e+12	7.75823e+08	2.81099e+07	2.78452e+08	6.84304e+09	8.00866e+10	2.78382e+10	1.68031e+10	2.40322e+08	1.01687e+09
1.04713e+14	3.87734e+16	1.15760e+11	8.30093e+11	8.30902e+10	2.48592e+10	2.04891e+11	1.52891e+09	5.90165e+08	1.30066e+12	6.33690e+08	2.19833e+07	2.75508e+08	6.86071e+09	7.74688e+10	2.60959e+10	1.47517e+10	2.60557e+08	1.03867e+09
1.04713e+14	3.68406e+16	1.15093e+11	7.89444e+11	7.47011e+10	2.53874e+10	1.94948e+11	1.31240e+09	6.43426e+08	1.24508e+12	5.16233e+08	1.71489e+07	2.72319e+08	6.87756e+09	7.48381e+10	2.44193e+10	1.29303e+10	2.82101e+08	1.05926e+09
1.04713e+14	3.50007e+16	1.14389e+11	7.50284e+11	6.70565e+10	2.59189e+10	1.85266e+11	1.12514e+09	7.00606e+08	1.18972e+12	4.19430e+08	1.33443e+07	2.68897e+08	6.89392e+09	7.22047e+10	2.28110e+10	1.13167e+10	3.04991e+08	1.07856e+09
1.04713e+14	3.32581e+16	1.13655e+11	7.12782e+11	6.01301e+10	2.64530e+10	1.75896e+11	9.64030e+08	7.61684e+08	1.13502e+12	3.40141e+08	1.03681e+07	2.65283e+08	6.90959e+09	6.95949e+10	2.12799e+10	9.89509e+09	3.29157e+08	1.09645e+09
1.04713e+14	3.16033e+16	1.12888e+11	6.76799e+11	5.38492e+10	2.69879e+10	1.66814e+11	8.25234e+08	8.26886e+08	1.08095e+12	2.75210e+08	8.03998e+06	2.61484e+08	6.92506e+09	6.70090e+10	1.98220e+10	8.64222e+09	3.54658e+08	1.11291e+09
1.04713e+14	3.00319e+16	1.12088e+11	6.42297e+11	4.81618e+10	2.75220e+10	1.58020e+11	7.05781e+08	8.96340e+08	1.02766e+12	2.22162e+08	6.22257e+06	2.57515e+08	6.94051e+09	6.44545e+10	1.84370e+10	7.53984e+09	3.81500e+08	1.12790e+09
1.04713e+14	2.85434e+16	1.11259e+11	6.09322e+11	4.30301e+10	2.80537e+10	1.49535e+11	6.03270e+08	9.70046e+08	9.75383e+11	1.78998e+08	4.80926e+06	2.53405e+08	6.95585e+09	6.19454e+10	1.71274e+10	6.57306e+09	4.09622e+08	1.14136e+09
1.04713e+14	2.71226e+16	1.10392e+11	5.77582e+11	3.83764e+10	2.85798e+10	1.41295e+11	5.14844e+08	1.04844e+09	9.23853e+11	1.43764e+08	3.70627e+06	2.49132e+08	6.97190e+09	5.94648e+10	1.58824e+10	5.72168e+09	4.39183e+08	1.15330e+09
1.04713e+14	2.57803e+16	1.09499e+11	5.47368e+11	3.41992e+10	2.90997e+10	1.33381e+11	4.39266e+08	1.13113e+09	8.73687e+11	1.15292e+08	2.85392e+06	2.44761e+08	6.98776e+09	5.70468e+10	1.47130e+10	4.97858e+09	4.69931e+08	1.16366e+09
1.04713e+14	2.45023e+16	1.08572e+11	5.18397e+11	3.04299e+10	2.96095e+10	1.25729e+11	3.74314e+08	1.21852e+09	8.24599e+11	9.22012e+07	2.19253e+06	2.40268e+08	7.00415e+09	5.46733e+10	1.36083e+10	4.32700e+09	5.02010e+08	1.17244e+09
1.04713e+14	2.32886e+16	1.07613e+11	4.90709e+11	2.70416e+10	3.01070e+10	1.18360e+11	3.18670e+08	1.31050e+09	7.76807e+11	7.35604e+07	1.68148e+06	2.35680e+08	7.02080e+09	5.23551e+10	1.25694e+10	3.75752e+09	5.35317e+08	1.17964e+09
1.04713e+14	2.21362e+16	1.06624e+11	4.64268e+11	2.40005e+10	3.05892e+10	1.11270e+11	2.71043e+08	1.40705e+09	7.30395e+11	5.85494e+07	1.28738e+06	2.31010e+08	7.03763e+09	5.00947e+10	1.15941e+10	3.26039e+09	5.69795e+08	1.18524e+09
1.04713e+14	2.10414e+16	1.05603e+11	4.39020e+11	2.12738e+10	3.10529e+10	1.04453e+11	2.30300e+08	1.50815e+09	6.85412e+11	4.64869e+07	9.83941e+05	2.26268e+08	7.05461e+09	4.78927e+10	1.06799e+10	2.82670e+09	6.05398e+08	1.18926e+09
1.04713e+14	2.00021e+16	1.04552e+11	4.14943e+11	1.88340e+10	3.14953e+10	9.79124e+10	1.95495e+08	1.61368e+09	6.41950e+11	3.68226e+07	7.50864e+05	2.21471e+08	7.07150e+09	4.57526e+10	9.82487e+09	2.44895e+09	6.42027e+08	1.19172e+09
1.04713e+14	1.90149e+16	1.03470e+11	3.91986e+11	1.66532e+10	3.19126e+10	9.16407e+10	1.65778e+08	1.72351e+09	6.00045e+11	2.90963e+07	5.72094e+05	2.16627e+08	7.08824e+09	4.36741e+10	9.02622e+09	2.12011e+09	6.79615e+08	1.19261e+09
1.04713e+14	1.80774e+16	1.02359e+11	3.70113e+11	1.47070e+10	3.23017e+10	8.56363e+10	1.40431e+08	1.83748e+09	5.59748e+11	2.29357e+07	4.35238e+05	2.11747e+08	7.10459e+09	4.16584e+10	8.28151e+09	1.83415e+09	7.18062e+08	1.19199e+09
1.04713e+14	1.71870e+16	1.01219e+11	3.49282e+11	1.29724e+10	3.26590e+10	7.98950e+10	1.18828e+08	1.95538e+09	5.21091e+11	1.80352e+07	3.30637e+05	2.06842e+08	7.12038e+09	3.97053e+10	7.58821e+09	1.58565e+09	7.57277e+08	1.18986e+09
1.04713e+14	1.63392e+16	1.00046e+11	3.29409e+11	1.14257e+10	3.29798e+10	7.44020e+10	1.00404e+08	2.07712e+09	4.84026e+11	1.41411e+07	2.50700e+05	2.01908e+08	7.13553e+09	3.78100e+10	6.94232e+09	1.36954e+09	7.97217e+08	1.18626e+09
1.04713e+14	1.55382e+16	9.88521e+10	3.10606e+11	1.00570e+10	3.32645e+10	6.91904e+10	8.47940e+07	2.20185e+09	4.48816e+11	1.10707e+07	1.90040e+05	1.96996e+08	7.14925e+09	3.59881e+10	6.34585e+09	1.18278e+09	8.37541e+08	1.18129e+09
1.04713e+14	1.47753e+16	9.76272e+10	2.92684e+11	8.83949e+09	3.35061e+10	6.42194e+10	7.15016e+07	2.32979e+09	4.15226e+11	8.64214e+06	1.43802e+05	1.92073e+08	7.16185e+09	3.42232e+10	5.79181e+09	1.02054e+09	8.78367e+08	1.17493e+09
1.04713e+14	1.40508e+16	9.63753e+10	2.75657e+11	7.76046e+09	3.37027e+10	5.94974e+10	6.02181e+07	2.46036e+09	3.83342e+11	6.72999e+06	0	1.87162e+08	7.17288e+09	3.25201e+10	5.27928e+09	8.80013e+08	9.19496e+08	1.16724e+09
1.04713e+14	1.33625e+16	9.50973e+10	2.59490e+11	6.80547e+09	3.38515e+10	5.50203e+10	5.06509e+07	2.59315e+09	3.53159e+11	5.22836e+06	0	1.82269e+08	7.18207e+09	3.08780e+10	4.80589e+09	7.58368e+08	9.60804e+08	1.15829e+09
1.04713e+14	1.27088e+16	9.37939e+10	2.44147e+11	5.96134e+09	3.39499e+10	5.07837e+10	4.25475e+07	2.72772e+09	3.24664e+11	4.05208e+06	0	1.77403e+08	7.18914e+09	2.92960e+10	4.36932e+09	6.53139e+08	1.00218e+09	1.14813e+09
1.04713e+14	1.20861e+16	9.24623e+10	2.29558e+11	5.21467e+09	3.39938e+10	4.67742e+10	3.56798e+07	2.86379e+09	2.97780e+11	3.13156e+06	0	1.72557e+08	7.19395e+09	2.77690e+10	3.96638e+09	5.62007e+08	1.04357e+09	1.13678e+09
1.04713e+14	1.14978e+16	9.11151e+10	2.15804e+11	4.55929e+09	3.39871e+10	4.30132e+10	2.99003e+07	3.00026e+09	2.72652e+11	2.41681e+06	0	1.67777e+08	7.19584e+09	2.63089e+10	3.59775e+09	4.83588e+08	1.08462e+09	1.12443e+09
1.04713e+14	1.09372e+16	8.97417e+10	2.02737e+11	3.98087e+09	3.39229e+10	3.94687e+10	2.50125e+07	3.13726e+09	2.49072e+11	1.86002e+06	0	1.63030e+08	7.19490e+09	2.49017e+10	3.25847e+09	4.15739e+08	1.12547e+09	1.11101e+09
1.04713e+14	1.04033e+16	8.83431e+10	1.90333e+11	3.47120e+09	3.38002e+10	3.61371e+10	2.08863e+07	3.27426e+09	2.27015e+11	1.42762e+06	0	1.58322e+08	7.19083e+09	2.35468e+10	2.94677e+09	3.57094e+08	1.16600e+09	1.09658e+09
1.04713e+14	9.89748e+15	8.69286e+10	1.78629e+11	3.02461e+09	3.36228e+10	3.30268e+10	1.74214e+07	3.41035e+09	2.06527e+11	1.09385e+06	0	1.53683e+08	7.18321e+09	2.22510e+10	2.66225e+09	3.06633e+08	1.20594e+09	1.08131e+09
1.04713e+14	9.41686e+15	8.54955e+10	1.67561e+11	2.63286e+09	3.33890e+10	3.01237e+10	1.45099e+07	3.54525e+09	1.87509e+11	8.36324e+05	0	1.49107e+08	7.17186e+09	2.10089e+10	2.40226e+09	2.63151e+08	1.24528e+09	1.06522e+09
1.04713e+14	8.96017e+15	8.40450e+10	1.57099e+11	2.28960e+09	3.30997e+10	2.74208e+10	1.20670e+07	3.67848e+09	1.69904e+11	6.38096e+05	0	1.44597e+08	7.15659e+09	1.98195e+10	2.16503e+09	2.25703e+08	1.28393e+09	1.04837e+09
1.04713e+14	8.52746e+15	8.25831e+10	1.47245e+11	1.98985e+09	3.27589e+10	2.49163e+10	1.00242e+07	3.80938e+09	1.53687e+11	4.86127e+05	0	1.40170e+08	7.13715e+09	1.86849e+10	1.94943e+09	1.93535e+08	1.32172e+09	1.03090e+09
1.04713e+14	8.11506e+15	8.11025e+10	1.37915e+11	1.72718e+09	3.23633e+10	2.25912e+10	8.31170e+06	3.93792e+09	1.38724e+11	3.69448e+05	0	1.35804e+08	7.11341e+09	1.75970e+10	1.75279e+09	1.65805e+08	1.35874e+09	1.01274e+09
1.04713e+14	7.72316e+15	7.96089e+10	1.29112e+11	1.49784e+09	3.19178e+10	2.04434e+10	6.88157e+06	4.06352e+09	1.24987e+11	2.80253e+05	0	1.31515e+08	7.08519e+09	1.65581e+10	1.57417e+09	1.41967e+08	1.39484e+09	9.94040e+08
1.04713e+14	7.35071e+15	7.81040e+10	1.20811e+11	1.29780e+09	3.14253e+10	1.84646e+10	5.68914e+06	4.18582e+09	1.12409e+11	2.12216e+05	0	1.27306e+08	7.05232e+09	1.55668e+10	1.41216e+09	1.21487e+08	1.42995e+09	9.74848e+08
1.04713e+14	6.99674e+15	7.65894e+10	1.12989e+11	1.12351e+09	3.08891e+10	1.66463e+10	4.69653e+06	4.30451e+09	1.00922e+11	1.60426e+05	0	1.23181e+08	7.01470e+09	1.46220e+10	1.26542e+09	1.03903e+08	1.46403e+09	9.55233e+08
1.04713e+14	6.66031e+15	7.50667e+10	1.05621e+11	9.71816e+08	3.03126e+10	1.49798e+10	3.87160e+06	4.41932e+09	9.04580e+10	1.21083e+05	0	1.19141e+08	6.97223e+09	1.37222e+10	1.13271e+09	8.88149e+07	1.49701e+09	9.35257e+08
1.04713e+14	6.33953e+15	7.35324e+10	9.86649e+10	8.39618e+08	2.96964e+10	1.34529e+10	3.18576e+06	4.53020e+09	8.09279e+10	9.11986e+04	0	1.15175e+08	6.92476e+09	1.28635e+10	1.01254e+09	7.58479e+07	1.52894e+09	9.14913e+08
1.04713e+14	6.03560e+15	7.19984e+10	9.21422e+10	7.25093e+08	2.90509e+10	1.20642e+10	2.61898e+06	4.63662e+09	7.23096e+10	6.86333e+04	0	1.11311e+08	6.87244e+09	1.20503e+10	9.04467e+08	6.47620e+07	1.55961e+09	8.94396e+08
1.04713e+14	5.74669e+15	7.04613e+10	8.60098e+10	6.25715e+08	2.83771e+10	1.08012e+10	2.15022e+06	4.73861e+09	6.45149e+10	5.15848e+04	0	1.07537e+08	6.81518e+09	1.12783e+10	8.07131e+08	5.52670e+07	1.58908e+09	8.73694e+08
1.04713e+14	5.47205e+15	6.89230e+10	8.02481e+10	5.39565e+08	2.76791e+10	9.65522e+09	1.76315e+06	4.83608e+09	5.74808e+10	3.87252e+04	0	1.03855e+08	6.75302e+09	1.05462e+10	7.19583e+08	4.71394e+07	1.61731e+09	8.52865e+08
1.04713e+14	5.21096e+15	6.73850e+10	7.48376e+10	4.64949e+08	2.69611e+10	8.61792e+09	1.44400e+06	4.92897e+09	5.11463e+10	0	0	1.00265e+08	6.68601e+09	9.85287e+09	6.40940e+08	4.01864e+07	1.64427e+09	8.31958e+08
1.04713e+14	4.96273e+15	6.58492e+10	6.97602e+10	4.00382e+08	2.62271e+10	7.68114e+09	1.18126e+06	5.01727e+09	4.54535e+10	0	0	9.67686e+07	6.61425e+09	9.19684e+09	5.70388e+08	3.42419e+07	1.66993e+09	8.11026e+08
1.04713e+14	4.72673e+15	6.43173e+10	6.49982e+10	3.44558e+08	2.54811e+10	6.83697e+09	9.65272e+05	5.10099e+09	4.03473e+10	0	0	9.33650e+07	6.53784e+09	8.57685e+09	5.07173e+08	2.91627e+07	1.69429e+09	7.90113e+08
1.04713e+14	4.50233e+15	6.27909e+10	6.05346e+10	2.96334e+08	2.47269e+10	6.07785e+09	7.87957e+05	5.18018e+09	3.57755e+10	0	0	9.00547e+07	6.45693e+09	7.99157e+09	4.50600e+08	2.48253e+07	1.71732e+09	7.69264e+08
1.04713e+14	4.28895e+15	6.12718e+10	5.63531e+10	2.54711e+08	2.39680e+10	5.39658e+09	6.42586e+05	5.25491e+09	3.16894e+10	0	0	8.68377e+07	6.37169e+09	7.43971e+09	4.00030e+08	2.11236e+07	1.73900e+09	7.48521e+08
1.04713e+14	4.08606e+15	5.97615e+10	5.24385e+10	2.18812e+08	2.32078e+10	4.78636e+09	5.23559e+05	5.32526e+09	2.80433e+10	0	0	8.37136e+07	6.28230e+09	6.91996e+09	3.54880e+08	1.79663e+07	1.75932e+09	7.27922e+08
1.04713e+14	3.89311e+15	5.82616e+10	4.87757e+10	1.87875e+08	2.24495e+10	4.24074e+09	4.26218e+05	5.39135e+09	2.47949e+10	0	0	8.06819e+07	6.18901e+09	6.43103e+09	3.14611e+08	1.52748e+07	1.77826e+09	7.07504e+08
1.04713e+14	3.70962e+15	5.67737e+10	4.53506e+10	1.61233e+08	2.16957e+10	3.75372e+09	3.46703e+05	5.45332e+09	2.19049e+10	0	0	7.77420e+07	6.09201e+09	5.97162e+09	2.78734e+08	1.29816e+07	1.79580e+09	6.87300e+08
1.04713e+14	3.53511e+15	5.52993e+10	4.21497e+10	1.38306e+08	2.09492e+10	3.31971e+09	2.81820e+05	5.51131e+09	1.93374e+10	0	0	7.48930e+07	5.99160e+09	5.54047e+09	2.46802e+08	1.10289e+07	1.81195e+09	6.67340e+08
1.04713e+14	3.36990e+15	5.38468e+10	3.91734e+10	1.18653e+08	2.02160e+10	2.93471e+09	2.29073e+05	5.56535e+09	1.70661e+10	0	0	7.21466e+07	5.88847e+09	5.13820e+09	2.18509e+08	9.37226e+06	1.82662e+09	6.47745e+08
1.04713e+14	3.21202e+15	5.24038e+10	3.63821e+10	1.01699e+08	1.94905e+10	2.59143e+09	1.85975e+05	5.61583e+09	1.50462e+10	0	0	6.94761e+07	5.78205e+09	4.75969e+09	1.93276e+08	7.95789e+06	1.83994e+09	6.28355e+08
1.04713e+14	3.06185e+15	5.09784e+10	3.37778e+10	8.71378e+07	1.87781e+10	2.28679e+09	1.50907e+05	5.66280e+09	1.32581e+10	0	0	6.68930e+07	5.67304e+09	4.40569e+09	1.70881e+08	6.75531e+06	1.85182e+09	6.09285e+08
1.04713e+14	2.91900e+15	4.95720e+10	3.13495e+10	7.46373e+07	1.80805e+10	2.01675e+09	1.22394e+05	5.70643e+09	1.16765e+10	0	0	6.43960e+07	5.56175e+09	4.07499e+09	1.51018e+08	5.73327e+06	1.86227e+09	5.90554e+08
1.04713e+14	2.78311e+15	4.81856e+10	2.90866e+10	6.39123e+07	1.73988e+10	1.77767e+09	9.92289e+04	5.74688e+09	1.02790e+10	0	0	6.19837e+07	5.44847e+09	3.76642e+09	1.33417e+08	4.86505e+06	1.87126e+09	5.72182e+08
1.04713e+14	2.65385e+15	4.68205e+10	2.69788e+10	5.47152e+07	1.67342e+10	1.56621e+09	8.04207e+04	5.78431e+09	9.04524e+09	0	0	5.96544e+07	5.33352e+09	3.47882e+09	1.17831e+08	4.12781e+06	1.87880e+09	5.54183e+08
1.04713e+14	2.53016e+15	4.54695e+10	2.50055e+10	4.68000e+07	1.60834e+10	1.37863e+09	6.51083e+04	5.81898e+09	7.95273e+09	0	0	5.73933e+07	5.21659e+09	3.20943e+09	1.03979e+08	3.49948e+06	1.88495e+09	5.36465e+08
1.04713e+14	2.41384e+15	4.41573e+10	2.31906e+10	4.00768e+07	1.54591e+10	1.21434e+09	5.27804e+04	5.85078e+09	6.99719e+09	0	0	5.52377e+07	5.09987e+09	2.96190e+09	9.18375e+07	2.97083e+06	1.88956e+09	5.19350e+08
1.04713e+14	2.30250e+15	4.28612e+10	2.14926e+10	3.42921e+07	1.48498e+10	1.06878e+09	4.27467e+04	5.88013e+09	6.15182e+09	0	0	5.31471e+07	4.98175e+09	2.73048e+09	8.10548e+07	2.52031e+06	1.89275e+09	5.02539e+08
1.04713e+14	2.19590e+15	4.15818e+10	1.99045e+10	2.93178e+07	1.42557e+10	9.39909e+08	3.45870e+04	5.90717e+09	5.40443e+09	0	0	5.11196e+07	4.86243e+09	2.51432e+09	7.14852e+07	2.13658e+06	1.89449e+09	4.86038e+08
1.04713e+14	2.09508e+15	4.03355e+10	1.84381e+10	2.50810e+07	1.36850e+10	8.26868e+08	2.80053e+04	5.93188e+09	4.74957e+09	0	0	4.91787e+07	4.74362e+09	2.31518e+09	6.30762e+07	1.81276e+06	1.89479e+09	4.70056e+08
1.04713e+14	1.99916e+15	3.91154e+10	1.70767e+10	2.14568e+07	1.31339e+10	7.27339e+08	2.26762e+04	5.95448e+09	4.17361e+09	0	0	4.73104e+07	4.62491e+09	2.13076e+09	5.56552e+07	1.53829e+06	1.89364e+09	4.54501e+08
1.04713e+14	1.90789e+15	3.79221e+10	1.58130e+10	1.83569e+07	1.26023e+10	6.39743e+08	1.83621e+04	5.97509e+09	3.66721e+09	0	0	4.55126e+07	4.50654e+09	1.96015e+09	4.91080e+07	1.30568e+06	1.89103e+09	4.39375e+08
1.04713e+14	1.82106e+15	3.67563e+10	1.46410e+10	1.57065e+07	1.20902e+10	5.62696e+08	1.48706e+04	5.99385e+09	3.22218e+09	0	0	4.37840e+07	4.38875e+09	1.80257e+09	4.33346e+07	1.10862e+06	1.88693e+09	4.24684e+08
1.04713e+14	1.73842e+15	3.56177e+10	1.35539e+10	1.34403e+07	1.15972e+10	4.94930e+08	1.20446e+04	6.01086e+09	2.83112e+09	0	0	4.21216e+07	4.27180e+09	1.65698e+09	3.82433e+07	9.41599e+05	1.88144e+09	4.10419e+08
1.04713e+14	1.65976e+15	3.45067e+10	1.25460e+10	1.15027e+07	1.11229e+10	4.35344e+08	9.75732e+03	6.02624e+09	2.48758e+09	0	0	4.05236e+07	4.15593e+09	1.52258e+09	3.37544e+07	8.00028e+05	1.87459e+09	3.96578e+08
1.04713e+14	1.58487e+15	3.34234e+10	1.16119e+10	9.84627e+06	1.06670e+10	3.82963e+08	7.90617e+03	6.04009e+09	2.18584e+09	0	0	3.89879e+07	4.04133e+09	1.39862e+09	2.97974e+07	6.80026e+05	1.86641e+09	3.83158e+08
1.04713e+14	1.51359e+15	3.23680e+10	1.07465e+10	8.43032e+06	1.02291e+10	3.36927e+08	6.40794e+03	6.05252e+09	1.92086e+09	0	0	3.75127e+07	3.92818e+09	1.28437e+09	2.63096e+07	5.78300e+05	1.85692e+09	3.70156e+08
1.04713e+14	1.44622e+15	3.13482e+10	9.95079e+09	7.22598e+06	9.81189e+09	2.96661e+08	5.20012e+03	6.06358e+09	1.68928e+09	0	0	3.61064e+07	3.81748e+09	1.17992e+09	2.32513e+07	4.92479e+05	1.84623e+09	3.57661e+08
1.04713e+14	1.38160e+15	3.03487e+10	9.20850e+09	6.19056e+06	9.40861e+09	2.61095e+08	4.21757e+03	6.07341e+09	1.48491e+09	0	0	3.47463e+07	3.70776e+09	1.08304e+09	2.05407e+07	4.19283e+05	1.83425e+09	3.45480e+08
1.04713e+14	1.32008e+15	2.93771e+10	8.52145e+09	5.30537e+06	9.02194e+09	2.29844e+08	3.42201e+03	6.08206e+09	1.30549e+09	0	0	3.34408e+07	3.59997e+09	9.93922e+08	1.81519e+07	3.57193e+05	1.82107e+09	3.33702e+08
1.04713e+14	1.26149e+15	2.84331e+10	7.88568e+09	4.54851e+06	8.65135e+09	2.02384e+08	2.77770e+03	6.08960e+09	1.14797e+09	0	0	3.21882e+07	3.49421e+09	9.12000e+08	1.60463e+07	3.04507e+05	1.80675e+09	3.22319e+08
1.04713e+14	1.20570e+15	2.75167e+10	7.29753e+09	3.90130e+06	8.29634e+09	1.78256e+08	2.25575e+03	6.09611e+09	1.00969e+09	0	0	3.09866e+07	3.39061e+09	8.36734e+08	1.41904e+07	2.59784e+05	1.79133e+09	3.11325e+08
1.04713e+14	1.15201e+15	2.66180e+10	6.74790e+09	3.34375e+06	7.95269e+09	1.56909e+08	1.83035e+03	6.10165e+09	8.87466e+08	0	0	2.98218e+07	3.28815e+09	7.66885e+08	1.25425e+07	2.21534e+05	1.77468e+09	3.00597e+08
1.04713e+14	1.10197e+15	2.57655e+10	6.25055e+09	2.87419e+06	7.63093e+09	1.38419e+08	1.48996e+03	6.10628e+09	7.81677e+08	0	0	2.87292e+07	3.19019e+09	7.04178e+08	1.11116e+07	1.89537e+05	1.75742e+09	2.90470e+08
1.04713e+14	1.05377e+15	2.49301e+10	5.78550e+09	2.46896e+06	7.31947e+09	1.22040e+08	1.21193e+03	6.11005e+09	6.88068e+08	0	0	2.76700e+07	3.09352e+09	6.45975e+08	9.83939e+06	1.62108e+05	1.73903e+09	2.80593e+08
1.04713e+14	1.00786e+15	2.41210e+10	5.35562e+09	2.12210e+06	7.02148e+09	1.07641e+08	0	6.11301e+09	6.05859e+08	0	0	2.66548e+07	2.99928e+09	5.92597e+08	8.71713e+06	1.38778e+05	1.71978e+09	2.71072e+08
1.04713e+14	9.63763e+14	2.33312e+10	4.95515e+09	1.82347e+06	6.73406e+09	9.49144e+07	0	6.11519e+09	5.33284e+08	0	0	2.56739e+07	2.90677e+09	5.43249e+08	7.72154e+06	1.18813e+05	1.69956e+09	2.61821e+08
1.04713e+14	9.22449e+14	2.25800e+10	4.59114e+09	1.57069e+06	6.46380e+09	8.38445e+07	0	6.11668e+09	4.70211e+08	0	0	2.47497e+07	2.81823e+09	4.98809e+08	6.85289e+06	1.02012e+05	1.67890e+09	2.53059e+08
1.04713e+14	8.82745e+14	2.18472e+10	4.25187e+09	1.35268e+06	6.20311e+09	7.40480e+07	0	6.11748e+09	4.14468e+08	0	0	2.38568e+07	2.73147e+09	4.57714e+08	6.08122e+06	8.75995e+04	1.65740e+09	2.44550e+08
1.04713e+14	8.44572e+14	2.11325e+10	3.93566e+09	1.16466e+06	5.95161e+09	6.53785e+07	0	6.11762e+09	3.65207e+08	0	0	2.29938e+07	2.64648e+09	4.19721e+08	5.39570e+06	7.52335e+04	1.63511e+09	2.36286e+08
1.04713e+14	8.08523e+14	2.04482e+10	3.64617e+09	1.00447e+06	5.71335e+09	5.77944e+07	0	6.11717e+09	3.22163e+08	0	0	2.21748e+07	2.56474e+09	3.85261e+08	4.79385e+06	6.47492e+04	1.61244e+09	2.28405e+08
1.04713e+14	7.74163e+14	1.97873e+10	3.37871e+09	8.66999e+05	5.48559e+09	5.11159e+07	0	6.11614e+09	2.84312e+08	0	0	2.13905e+07	2.48552e+09	3.53704e+08	4.26185e+06	5.57918e+04	1.58929e+09	2.20825e+08
1.04713e+14	7.41412e+14	1.91494e+10	3.13160e+09	7.48953e+05	5.26786e+09	4.52329e+07	0	6.11458e+09	2.51017e+08	0	0	2.06394e+07	2.40878e+09	3.24808e+08	3.79136e+06	4.81319e+04	1.56572e+09	2.13535e+08
1.04713e+14	7.10190e+14	1.85337e+10	2.90332e+09	6.47534e+05	5.05974e+09	4.00487e+07	0	6.11250e+09	2.21723e+08	0	0	1.99204e+07	2.33450e+09	2.98354e+08	3.37511e+06	4.15757e+04	1.54179e+09	2.06527e+08
1.04713e+14	6.80423e+14	1.79398e+10	2.69240e+09	5.60340e+05	4.86081e+09	3.54784e+07	0	6.10993e+09	1.95939e+08	0	0	1.92321e+07	2.26265e+09	2.74136e+08	3.00664e+06	3.59585e+04	1.51756e+09	1.99791e+08
1.04713e+14	6.52040e+14	1.73671e+10	2.49752e+09	4.85330e+05	4.67064e+09	3.14475e+07	0	6.10689e+09	1.73237e+08	0	0	1.85731e+07	2.19319e+09	2.51962e+08	2.68030e+06	3.11408e+04	1.49311e+09	1.93318e+08
1.04713e+14	6.24972e+14	1.68149e+10	2.31745e+09	4.20754e+05	4.48885e+09	2.78909e+07	0	6.10342e+09	1.53242e+08	0	0	1.79423e+07	2.12609e+09	2.31661e+08	2.39112e+06	2.70044e+04	1.46850e+09	1.87100e+08
1.04713e+14	5.99156e+14	1.62827e+10	2.15104e+09	3.65121e+05	4.31507e+09	2.47512e+07	0	6.09952e+09	1.35623e+08	0	0	1.73384e+07	2.06130e+09	2.13074e+08	2.13472e+06	2.34491e+04	1.44376e+09	1.81126e+08
1.04713e+14	5.74530e+14	1.57699e+10	1.99724e+09	3.17156e+05	4.14891e+09	2.19782e+07	0	6.09523e+09	1.20093e+08	0	0	1.67604e+07	1.99876e+09	1.96053e+08	1.90725e+06	2.03898e+04	1.41898e+09	1.75389e+08
1.04713e+14	5.51037e+14	1.52759e+10	1.85507e+09	2.75770e+05	3.99004e+09	1.95278e+07	0	6.09054e+09	1.06397e+08	0	0	1.62072e+07	1.93844e+09	1.80465e+08	1.70533e+06	1.77543e+04	1.39418e+09	1.69879e+08
1.04713e+14	5.28726e+14	1.48024e+10	1.72424e+09	2.40140e+05	3.83883e+09	1.73676e+07	0	6.08554e+09	9.43495e+07	0	0	1.56801e+07	1.88056e+09	1.66250e+08	1.52649e+06	1.54878e+04	1.36956e+09	1.64614e+08
1.04713e+14	5.07228e+14	1.43419e+10	1.60211e+09	2.09144e+05	3.69282e+09	1.54452e+07	0	6.08012e+09	8.36509e+07	0	0	1.51707e+07	1.82421e+09	1.53108e+08	1.36657e+06	1.35182e+04	1.34478e+09	1.59511e+08
1.04713e+14	4.86790e+14	1.39003e+10	1.48961e+09	1.82408e+05	3.55371e+09	1.37482e+07	0	6.07439e+09	7.42285e+07	0	0	1.46850e+07	1.77014e+09	1.41112e+08	1.22471e+06	1.18200e+04	1.32023e+09	1.54631e+08
1.04713e+14	4.67420e+14	1.34783e+10	1.38626e+09	1.59368e+05	3.42157e+09	1.22520e+07	0	6.06840e+09	6.59408e+07	0	0	1.42234e+07	1.71843e+09	1.30193e+08	1.09901e+06	1.03564e+04	1.29604e+09	1.49980e+08
1.04713e+14	4.48806e+14	1.30695e+10	1.29002e+09	1.39311e+05	3.29432e+09	1.09206e+07	0	6.06207e+09	5.85850e+07	0	0	1.37787e+07	1.66832e+09	1.20115e+08	9.86588e+05	9.08212e+03	1.27192e+09	1.45488e+08
1.04713e+14	4.31035e+14	1.26760e+10	1.20097e+09	1.21916e+05	3.17257e+09	9.74050e+06	0	6.05545e+09	5.20808e+07	0	0	1.33530e+07	1.62009e+09	1.10877e+08	8.86413e+05	7.97636e+03	1.24804e+09	1.41177e+08
1.04713e+14	4.14061e+14	1.22974e+10	1.11853e+09	1.06813e+05	3.05602e+09	8.69356e+06	0	6.04857e+09	4.63260e+07	0	0	1.29454e+07	1.57367e+09	1.02403e+08	7.97070e+05	7.01534e+03	1.22444e+09	1.37039e+08
1.04713e+14	3.97847e+14	1.19330e+10	1.04218e+09	9.36867e+04	2.94443e+09	7.76423e+06	0	6.04142e+09	4.12317e+07	0	0	1.25551e+07	1.52899e+09	9.46256e+07	7.17331e+05	6.17902e+03	1.20116e+09	1.33068e+08
1.04713e+14	3.82356e+14	1.15824e+10	9.71475e+08	8.22685e+04	2.83758e+09	6.93889e+06	0	6.03403e+09	3.67200e+07	0	0	1.21814e+07	1.48602e+09	8.74874e+07	6.46117e+05	5.45034e+03	1.17820e+09	1.29258e+08
1.04713e+14	3.67554e+14	1.12450e+10	9.05959e+08	7.23254e+04	2.73525e+09	6.20539e+06	0	6.02641e+09	3.27220e+07	0	0	1.18236e+07	1.44469e+09	8.09325e+07	5.82467e+05	4.81455e+03	1.15556e+09	1.25601e+08
1.04713e+14	3.53404e+14	1.09204e+10	8.45231e+08	6.36575e+04	2.63719e+09	5.55307e+06	0	6.01856e+09	2.91770e+07	0	0	1.14808e+07	1.40493e+09	7.49092e+07	5.25531e+05	4.25901e+03	1.13328e+09	1.22091e+08
1.04713e+14	3.39880e+14	1.06081e+10	7.88932e+08	5.60945e+04	2.54324e+09	4.97265e+06	0	6.01051e+09	2.60324e+07	0	0	1.11525e+07	1.36670e+09	6.93749e+07	4.74569e+05	3.77303e+03	1.11141e+09	1.18723e+08
1.04713e+14	3.26947e+14	1.03075e+10	7.36711e+08	4.94876e+04	2.45318e+09	4.45583e+06	0	6.00226e+09	2.32410e+07	0	0	1.08380e+07	1.32994e+09	6.42856e+07	4.28913e+05	3.34725e+03	1.08995e+09	1.15490e+08
1.04713e+14	3.14579e+14	1.00183e+10	6.88260e+08	4.37103e+04	2.36684e+09	3.99535e+06	0	5.99382e+09	2.07620e+07	0	0	1.05367e+07	1.29460e+09	5.96044e+07	3.87982e+05	2.97374e+03	1.06893e+09	1.12387e+08
1.04713e+14	3.02750e+14	9.74002e+09	6.43293e+08	3.86531e+04	2.28404e+09	3.58484e+06	0	5.98521e+09	1.85591e+07	0	0	1.02481e+07	1.26062e+09	5.52969e+07	3.51259e+05	2.64565e+03	1.04834e+09	1.09409e+08
1.04713e+14	2.91433e+14	9.47220e+09	6.01540e+08	3.42213e+04	2.20461e+09	3.21861e+06	0	5.97644e+09	1.66003e+07	0	0	9.97142e+06	1.22796e+09	5.13310e+07	3.18285e+05	2.35705e+03	1.02820e+09	1.06550e+08
1.04713e+14	2.80603e+14	9.21444e+09	5.62755e+08	3.03333e+04	2.12839e+09	2.89167e+06	0	5.96751e+09	1.48577e+07	0	0	9.70627e+06	1.19656e+09	4.76778e+07	2.88653e+05	2.10284e+03	1.00851e+09	1.03806e+08
1.04713e+14	2.70238e+14	8.96633e+09	5.26714e+08	2.69186e+04	2.05523e+09	2.59962e+06	0	5.95845e+09	1.33064e+07	0	0	9.45211e+06	1.16637e+09	4.43110e+07	2.62003e+05	1.87863e+03	9.89279e+08	1.01171e+08
1.04713e+14	2.60314e+14	8.72749e+09	4.93209e+08	2.39163e+04	1.98499e+09	2.33857e+06	0	5.94925e+09	1.19246e+07	0	0	9.20844e+06	1.13735e+09	4.12065e+07	2.38016e+05	1.68060e+03	9.70506e+08	9.86410e+07
1.04713e+14	2.50812e+14	8.49755e+09	4.62049e+08	2.12738e+04	1.91754e+09	2.10507e+06	0	5.93992e+09	1.06931e+07	0	0	8.97479e+06	1.10945e+09	3.83427e+07	2.16409e+05	1.50547e+03	9.52194e+08	9.62117e+07
1.04713e+14	2.41712e+14	8.27613e+09	4.33056e+08	1.89452e+04	1.85274e+09	1.89608e+06	0	5.93049e+09	9.59480e+06	0	0	8.75072e+06	1.08264e+09	3.56993e+07	1.96930e+05	1.35039e+03	9.34341e+08	9.38787e+07
1.04713e+14	2.32994e+14	8.06290e+09	4.06068e+08	1.68911e+04	1.79047e+09	1.70891e+06	0	5.92096e+09	8.61475e+06	0	0	8.53578e+06	1.05685e+09	3.32580e+07	1.79356e+05	1.21287e+03	9.16946e+08	9.16379e+07
1.04713e+14	2.24641e+14	7.85753e+09	3.80937e+08	1.50770e+04	1.73061e+09	1.54116e+06	0	5.91133e+09	7.73969e+06	0	0	8.32959e+06	1.03206e+09	3.10023e+07	1.63486e+05	1.09077e+03	9.00006e+08	8.94854e+07
1.04713e+14	2.16635e+14	7.65967e+09	3.57523e+08	1.34732e+04	1.67305e+09	1.39073e+06	0	5.90162e+09	6.95787e+06	0	0	8.13173e+06	1.00823e+09	2.89168e+07	1.49145e+05	9.82211e+02	8.83516e+08	8.74175e+07
1.04713e+14	2.08960e+14	7.46902e+09	3.35699e+08	1.20536e+04	1.61769e+09	1.25574e+06	0	5.89184e+09	6.25894e+06	0	0	7.94185e+06	9.85303e+08	2.69877e+07	1.36175e+05	8.85575e+02	8.67472e+08	8.54306e+07
1.04713e+14	2.01602e+14	7.28529e+09	3.15348e+08	1.07957e+04	1.56443e+09	1.13452e+06	0	5.88199e+09	5.63373e+06	0	0	7.75959e+06	9.63260e+08	2.52021e+07	1.24434e+05	7.99439e+02	8.51869e+08	8.35212e+07
1.04713e+14	1.94544e+14	7.10818e+09	2.96361e+08	9.67980e+03	1.51316e+09	1.02560e+06	0	5.87209e+09	5.07411e+06	0	0	7.58460e+06	9.42059e+08	2.35484e+07	1.13799e+05	7.22563e+02	8.36700e+08	8.16860e+07
1.04713e+14	1.87773e+14	6.93741e+09	2.78639e+08	8.68885e+03	1.46381e+09	9.27676e+05	0	5.86214e+09	4.57289e+06	0	0	7.41657e+06	9.21665e+08	2.20161e+07	1.04156e+05	6.53866e+02	8.21958e+08	7.99218e+07
1.04713e+14	1.81277e+14	6.77272e+09	2.62090e+08	7.80785e+03	1.41628e+09	8.39576e+05	0	5.85216e+09	4.12370e+06	0	0	7.25518e+06	9.02046e+08	2.05953e+07	9.54071e+04	5.92403e+02	8.07636e+08	7.82257e+07
1.04713e+14	1.75042e+14	6.61386e+09	2.46630e+08	7.02375e+03	1.37049e+09	7.60267e+05	0	5.84214e+09	3.72091e+06	0	0	7.10014e+06	8.83171e+08	1.92772e+07	8.74622e+04	5.37343e+02	7.93726e+08	7.65948e+07
1.04713e+14	1.69056e+14	6.46057e+09	2.32178e+08	6.32509e+03	1.32636e+09	6.88824e+05	0	5.83210e+09	3.35947e+06	0	0	6.95116e+06	8.65006e+08	1.80537e+07	8.02415e+04	4.87957e+02	7.80218e+08	7.50261e+07
1.04713e+14	1.63309e+14	6.31265e+09	2.18665e+08	5.70196e+03	1.28384e+09	6.24435e+05	0	5.82204e+09	3.03497e+06	0	0	6.80801e+06	8.47527e+08	1.69174e+07	7.36745e+04	4.43613e+02	7.67108e+08	7.35173e+07
1.04713e+14	1.57765e+14	6.16921e+09	2.05971e+08	5.14428e+03	1.24267e+09	5.66230e+05	0	5.81194e+09	2.74278e+06	0	0	6.66980e+06	8.30629e+08	1.58572e+07	6.76849e+04	4.03660e+02	7.54326e+08	7.20595e+07
1.04713e+14	1.52485e+14	6.03190e+09	1.94186e+08	4.64814e+03	1.20328e+09	5.13953e+05	0	5.80192e+09	2.48137e+06	0	0	6.53807e+06	8.14504e+08	1.48792e+07	6.22512e+04	3.67855e+02	7.42034e+08	7.06688e+07
1.04713e+14	1.47368e+14	5.89811e+09	1.83059e+08	4.20209e+03	1.16497e+09	4.66526e+05	0	5.79182e+09	2.24511e+06	0	0	6.41028e+06	7.98841e+08	1.39619e+07	5.72770e+04	3.35450e+02	7.30002e+08	6.93186e+07
1.04713e+14	1.42491e+14	5.76995e+09	1.72718e+08	3.80438e+03	1.12830e+09	4.23877e+05	0	5.78182e+09	2.03348e+06	0	0	6.28844e+06	7.83890e+08	1.31146e+07	5.27569e+04	3.06339e+02	7.18434e+08	6.80301e+07
1.04713e+14	1.37782e+14	5.64554e+09	1.62985e+08	3.44688e+03	1.09276e+09	3.85228e+05	0	5.77180e+09	1.84243e+06	0	0	6.17070e+06	7.69427e+08	1.23221e+07	4.86211e+04	2.79988e+02	7.07164e+08	6.67842e+07
1.04713e+14	1.33254e+14	5.52524e+09	1.53857e+08	3.12597e+03	1.05843e+09	3.50268e+05	0	5.76180e+09	1.67026e+06	0	0	6.05739e+06	7.55493e+08	1.15833e+07	4.48418e+04	2.56161e+02	6.96234e+08	6.55843e+07
1.04713e+14	1.28898e+14	5.40889e+09	1.45292e+08	2.83762e+03	1.02529e+09	3.18629e+05	0	5.75184e+09	1.51503e+06	0	0	5.94834e+06	7.42068e+08	1.08943e+07	4.13856e+04	2.34594e+02	6.85636e+08	6.44286e+07
1.04713e+14	1.24707e+14	5.29633e+09	1.37252e+08	2.57825e+03	9.93263e+08	2.89979e+05	0	5.74192e+09	1.37498e+06	0	0	5.84335e+06	7.29132e+08	1.02513e+07	3.82226e+04	2.15050e+02	6.75359e+08	6.33153e+07
1.04713e+14	1.20675e+14	5.18739e+09	1.29702e+08	2.34473e+03	9.62317e+08	2.64021e+05	0	5.73204e+09	1.24856e+06	0	0	5.74225e+06	7.16663e+08	9.65089e+06	3.53258e+04	1.97322e+02	6.65397e+08	6.22425e+07
1.04713e+14	1.16792e+14	5.08191e+09	1.22608e+08	2.13426e+03	9.32404e+08	2.40490e+05	0	5.72220e+09	1.13438e+06	0	0	5.64488e+06	7.04642e+08	9.08982e+06	3.26707e+04	1.81223e+02	6.55737e+08	6.12086e+07
1.04713e+14	1.13055e+14	4.97977e+09	1.15940e+08	1.94440e+03	9.03487e+08	2.19149e+05	0	5.71242e+09	1.03118e+06	0	0	5.55108e+06	6.93053e+08	8.56542e+06	3.02355e+04	1.66590e+02	6.46374e+08	6.02120e+07
1.04713e+14	1.09456e+14	4.88081e+09	1.09669e+08	1.77295e+03	8.75523e+08	1.99784e+05	0	5.70271e+09	9.37874e+05	0	0	5.46071e+06	6.81878e+08	8.07486e+06	2.80003e+04	1.53276e+02	6.37298e+08	5.92513e+07
1.04713e+14	1.05989e+14	4.78490e+09	1.03770e+08	1.61799e+03	8.48477e+08	1.82203e+05	0	5.69305e+09	8.53449e+05	0	0	5.37361e+06	6.71099e+08	7.61578e+06	2.59473e+04	1.41149e+02	6.28499e+08	5.83248e+07
1.04713e+14	1.02649e+14	4.69192e+09	9.82170e+07	1.47778e+03	8.22309e+08	1.66233e+05	0	5.68347e+09	7.77020e+05	0	0	5.28964e+06	6.60700e+08	7.18580e+06	2.40601e+04	1.30093e+02	6.19970e+08	5.74312e+07
1.04713e+14	9.94294e+13	4.60173e+09	9.29880e+07	1.35083e+03	7.96988e+08	1.51720e+05	0	5.67395e+09	7.07792e+05	0	0	5.20869e+06	6.50666e+08	6.78289e+06	2.23242e+04	1.20003e+02	6.11703e+08	5.65692e+07
1.04713e+14	9.63263e+13	4.51422e+09	8.80620e+07	1.23575e+03	7.72480e+08	1.38524e+05	0	5.66451e+09	6.45053e+05	0	0	5.13061e+06	6.40983e+08	6.40514e+06	2.07265e+04	1.10787e+02	6.03689e+08	5.57374e+07
1.04713e+14	9.33344e+13	4.42929e+09	8.34195e+07	1.13136e+03	7.48755e+08	1.26521e+05	0	5.65516e+09	5.88163e+05	0	0	5.05530e+06	6.31636e+08	6.05079e+06	1.92548e+04	1.02361e+02	5.95920e+08	5.49347e+07
1.04713e+14	9.04490e+13	4.34682e+09	7.90422e+07	1.03658e+03	7.25783e+08	1.15598e+05	0	5.64588e+09	5.36549e+05	0	0	4.98264e+06	6.22611e+08	5.71817e+06	1.78982e+04	9.46495e+01	5.88389e+08	5.41598e+07
1.04713e+14	8.76659e+13	4.26672e+09	7.49136e+07	9.50438e+02	7.03538e+08	1.05653e+05	0	5.63669e+09	4.89698e+05	0	0	4.91252e+06	6.13897e+08	5.40586e+06	1.66471e+04	8.75868e+01	5.81088e+08	5.34118e+07
1.04713e+14	8.49694e+13	4.18855e+09	7.10036e+07	8.71947e+02	6.81910e+08	9.65765e+04	0	5.62754e+09	4.47061e+05	0	0	4.84456e+06	6.05445e+08	5.11118e+06	1.54906e+04	8.11017e+01	5.73980e+08	5.26864e+07
1.04713e+14	8.23782e+13	4.11289e+09	6.73266e+07	8.00639e+02	6.61037e+08	8.83239e+04	0	5.61853e+09	4.08404e+05	0	0	4.77923e+06	5.97316e+08	4.83527e+06	1.44243e+04	0	5.67119e+08	5.19888e+07
1.04713e+14	7.98771e+13	4.03930e+09	6.38541e+07	7.35672e+02	6.40813e+08	8.08008e+04	0	5.60961e+09	3.73258e+05	0	0	4.71614e+06	5.89461e+08	4.57571e+06	1.34389e+04	0	5.60467e+08	5.13149e+07
1.04713e+14	7.74622e+13	3.96772e+09	6.05736e+07	6.76434e+02	6.21215e+08	7.39399e+04	0	5.60079e+09	3.41289e+05	0	0	4.65521e+06	5.81870e+08	4.33141e+06	1.25276e+04	0	5.54016e+08	5.06637e+07
1.04713e+14	7.51302e+13	3.89804e+09	5.74732e+07	6.22376e+02	6.02219e+08	6.76804e+04	0	5.59207e+09	3.12195e+05	0	0	4.59634e+06	5.74533e+08	4.10134e+06	1.16844e+04	0	5.47761e+08	5.00344e+07
1.04713e+14	7.28861e+13	3.83047e+09	5.45513e+07	0	5.83865e+08	6.19774e+04	0	5.58348e+09	2.85752e+05	0	0	4.53968e+06	5.67466e+08	3.88525e+06	1.09048e+04	0	5.41719e+08	4.94284e+07
1.04713e+14	7.07093e+13	3.76438e+09	5.17783e+07	0	5.66007e+08	5.67601e+04	0	5.57496e+09	2.61615e+05	0	0	4.48470e+06	5.60606e+08	3.68083e+06	1.01814e+04	0	5.35835e+08	4.88402e+07
1.04713e+14	6.86062e+13	3.69999e+09	4.91551e+07	0	5.48694e+08	5.19952e+04	0	5.56654e+09	2.39618e+05	0	0	4.43156e+06	5.53971e+08	3.48805e+06	9.51087e+03	0	5.30129e+08	4.82715e+07
1.04713e+14	6.65731e+13	3.63721e+09	4.66722e+07	0	5.31901e+08	4.76411e+04	0	5.55822e+09	2.19560e+05	0	0	4.38017e+06	5.47552e+08	3.30607e+06	8.88891e+03	0	5.24594e+08	4.77214e+07
1.04713e+14	6.46077e+13	3.57599e+09	4.43216e+07	0	5.15614e+08	4.36615e+04	0	5.55001e+09	2.01262e+05	0	0	4.33048e+06	5.41342e+08	3.13426e+06	8.31168e+03	0	5.19224e+08	4.71893e+07
1.04713e+14	6.27074e+13	3.51628e+09	4.20956e+07	0	4.99816e+08	4.00230e+04	0	5.54191e+09	1.84562e+05	0	0	4.28242e+06	5.35333e+08	2.97195e+06	7.77568e+03	0	5.14015e+08	4.66744e+07
1.04713e+14	6.08693e+13	3.45799e+09	3.99867e+07	0	4.84486e+08	3.66950e+04	0	5.53392e+09	1.69314e+05	0	0	4.23592e+06	5.29516e+08	2.81852e+06	7.27765e+03	0	5.08961e+08	4.61762e+07
1.04713e+14	5.90912e+13	3.40108e+09	3.79883e+07	0	4.69612e+08	3.36500e+04	0	5.52603e+09	1.55385e+05	0	0	4.19093e+06	5.23884e+08	2.67341e+06	6.81466e+03	0	5.04057e+08	4.56939e+07
1.04713e+14	5.73707e+13	3.34549e+09	3.60940e+07	0	4.55178e+08	3.08633e+04	0	5.51826e+09	1.42655e+05	0	0	4.14738e+06	5.18432e+08	2.53613e+06	6.38400e+03	0	4.99297e+08	4.52270e+07
1.04713e+14	5.57057e+13	3.29118e+09	3.42978e+07	0	4.41168e+08	2.83120e+04	0	5.51059e+09	1.31016e+05	0	0	4.10522e+06	5.13150e+08	2.40615e+06	5.98321e+03	0	4.94678e+08	4.47749e+07
1.04713e+14	5.40940e+13	3.23808e+09	3.25943e+07	0	4.27568e+08	2.59756e+04	0	5.50303e+09	1.20371e+05	0	0	4.06440e+06	5.08035e+08	2.28302e+06	5.61001e+03	0	4.90195e+08	4.43370e+07
1.04713e+14	5.25336e+13	3.18617e+09	3.09782e+07	0	4.14366e+08	2.38354e+04	0	5.49558e+09	1.10629e+05	0	0	4.02488e+06	5.03078e+08	2.16637e+06	5.26234e+03	0	4.85842e+08	4.39129e+07
1.04713e+14	5.10228e+13	3.13538e+09	2.94448e+07	0	4.01550e+08	2.18746e+04	0	5.48825e+09	1.01713e+05	0	0	3.98660e+06	4.98276e+08	2.05580e+06	4.93828e+03	0	4.81617e+08	4.35021e+07
1.04713e+14	4.95593e+13	3.08568e+09	2.79892e+07	0	3.89103e+08	2.00772e+04	0	5.48102e+09	9.35463e+04	0	0	3.94951e+06	4.93620e+08	1.95088e+06	4.63606e+03	0	4.77514e+08	4.31039e+07
1.04713e+14	4.81410e+13	3.03702e+09	2.66070e+07	0	3.77007e+08	1.84289e+04	0	5.47390e+09	8.60641e+04	0	0	3.91355e+06	4.89106e+08	1.85117e+06	4.35407e+03	0	4.73529e+08	4.27179e+07
1.04713e+14	4.67628e+13	2.98921e+09	2.52914e+07	0	3.65233e+08	1.69157e+04	0	5.46687e+09	7.91971e+04	0	0	3.87860e+06	4.84715e+08	1.75634e+06	4.09062e+03	0	4.69647e+08	4.23426e+07
1.04713e+14	4.54353e+13	2.94267e+09	2.40479e+07	0	3.53853e+08	1.55316e+04	0	5.45999e+09	7.29189e+04	0	0	3.84494e+06	4.80484e+08	1.66672e+06	3.84501e+03	0	4.65900e+08	4.19810e+07
1.04713e+14	4.41448e+13	2.89693e+09	2.28639e+07	0	3.42767e+08	1.42597e+04	0	5.45320e+09	6.71533e+04	0	0	3.81220e+06	4.76368e+08	1.58123e+06	3.61534e+03	0	4.62250e+08	4.16293e+07
1.04713e+14	4.28931e+13	2.85207e+09	2.17385e+07	0	3.31992e+08	1.30925e+04	0	5.44652e+09	6.18616e+04	0	0	3.78044e+06	4.72372e+08	1.49995e+06	3.40062e+03	0	4.58702e+08	4.12880e+07
1.04713e+14	4.16794e+13	2.80808e+09	2.06691e+07	0	3.21519e+08	1.20210e+04	0	5.43994e+09	5.70050e+04	0	0	3.74964e+06	4.68495e+08	1.42258e+06	3.19982e+03	0	4.55255e+08	4.09570e+07
1.04713e+14	4.05021e+13	2.76492e+09	1.96526e+07	0	3.11337e+08	1.10373e+04	0	5.43347e+09	5.25455e+04	0	0	3.71975e+06	4.64731e+08	1.34890e+06	3.01195e+03	0	4.51905e+08	4.06357e+07
1.04713e+14	3.93599e+13	2.72257e+09	1.86862e+07	0	3.01437e+08	1.01339e+04	0	5.42711e+09	4.84492e+04	0	0	3.69075e+06	4.61078e+08	1.27870e+06	2.83610e+03	0	4.48649e+08	4.03239e+07
1.04713e+14	3.82514e+13	2.68099e+09	1.77672e+07	0	2.91807e+08	9.30398e+03	0	5.42085e+09	4.46854e+04	0	0	3.66261e+06	4.57529e+08	1.21178e+06	2.67144e+03	0	4.45484e+08	4.00213e+07
1.04713e+14	3.71772e+13	2.64019e+09	1.68939e+07	0	2.82468e+08	8.54297e+03	0	5.41470e+09	4.12259e+04	0	0	3.63532e+06	4.54087e+08	1.14849e+06	2.51718e+03	0	4.42409e+08	3.97279e+07
1.04713e+14	3.61326e+13	2.60009e+09	1.60627e+07	0	2.73353e+08	7.84227e+03	0	5.40865e+09	3.80448e+04	0	0	3.60878e+06	4.50739e+08	1.08756e+06	2.37261e+03	0	4.39416e+08	3.94424e+07
1.04713e+14	3.51182e+13	2.56068e+09	1.52719e+07	0	2.64480e+08	7.19816e+03	0	5.40270e+09	3.51190e+04	0	0	3.58301e+06	4.47484e+08	1.02934e+06	2.23706e+03	0	4.36505e+08	3.91652e+07
1.04713e+14	3.41328e+13	2.52194e+09	1.45196e+07	0	2.55839e+08	6.60595e+03	0	5.39686e+09	3.24270e+04	0	0	3.55796e+06	4.44320e+08	9.73689e+05	2.10992e+03	0	4.33673e+08	3.88958e+07
1.04713e+14	3.31752e+13	2.48384e+09	1.38036e+07	0	2.47421e+08	6.06136e+03	0	5.39110e+09	2.99493e+04	0	0	3.53362e+06	4.41242e+08	9.20460e+05	1.99063e+03	0	4.30917e+08	3.86338e+07
1.04713e+14	3.22425e+13	2.44630e+09	1.31213e+07	0	2.39199e+08	5.55985e+03	0	5.38544e+09	2.76663e+04	0	0	3.50990e+06	4.38241e+08	8.69345e+05	1.87861e+03	0	4.28229e+08	3.83787e+07
1.04713e+14	3.13377e+13	2.40946e+09	1.24731e+07	0	2.31198e+08	5.09894e+03	0	5.37988e+09	2.55661e+04	0	0	3.48689e+06	4.35328e+08	8.20464e+05	1.77348e+03	0	4.25619e+08	3.81310e+07
1.04713e+14	3.04576e+13	2.37320e+09	1.18561e+07	0	2.23391e+08	4.67475e+03	0	5.37442e+09	2.36314e+04	0	0	3.46451e+06	4.32492e+08	7.73565e+05	1.67473e+03	0	4.23077e+08	3.78901e+07
1.04713e+14	2.96013e+13	2.33752e+09	1.12689e+07	0	2.15767e+08	4.28423e+03	0	5.36905e+09	2.18487e+04	0	0	3.44272e+06	4.29730e+08	7.28515e+05	1.58194e+03	0	4.20600e+08	3.76557e+07
1.04713e+14	2.87696e+13	2.30247e+09	1.07107e+07	0	2.08328e+08	3.92490e+03	0	5.36379e+09	2.02072e+04	0	0	3.42155e+06	4.27044e+08	6.85247e+05	1.49476e+03	0	4.18193e+08	3.74279e+07
1.04713e+14	2.79545e+13	2.26772e+09	1.01769e+07	0	2.01020e+08	3.59310e+03	0	5.35857e+09	1.86895e+04	0	0	3.40081e+06	4.24409e+08	6.43454e+05	1.41268e+03	0	4.15831e+08	3.72046e+07
1.04713e+14	2.71637e+13	2.23365e+09	9.67033e+06	0	1.93886e+08	3.28787e+03	0	5.35348e+09	1.72928e+04	0	0	3.38067e+06	4.21849e+08	6.03261e+05	1.33556e+03	0	4.13538e+08	3.69878e+07
1.04713e+14	2.63957e+13	2.20023e+09	9.18939e+06	0	1.86914e+08	3.00696e+03	0	5.34848e+09	1.60065e+04	0	0	3.36112e+06	4.19360e+08	5.64562e+05	1.26305e+03	0	4.11310e+08	3.67773e+07
1.04713e+14	2.56402e+13	2.16701e+09	8.72883e+06	0	1.80023e+08	2.74691e+03	0	5.34352e+09	1.48156e+04	0	0	3.34187e+06	4.16907e+08	5.26898e+05	1.19470e+03	0	4.09116e+08	3.65702e+07
1.04713e+14	2.49050e+13	2.13440e+09	8.29149e+06	0	1.73258e+08	2.50716e+03	0	5.33866e+09	1.37185e+04	0	0	3.32313e+06	4.14516e+08	4.90405e+05	1.13042e+03	0	4.06980e+08	3.63686e+07
1.04713e+14	2.41862e+13	2.10225e+09	7.87512e+06	0	1.66588e+08	2.28571e+03	0	5.33388e+09	1.27059e+04	0	0	3.30481e+06	4.12174e+08	4.54940e+05	1.06989e+03	0	4.04892e+08	3.61714e+07
1.04713e+14	2.34824e+13	2.07056e+09	7.47865e+06	0	1.59987e+08	2.08087e+03	0	5.32917e+09	1.17711e+04	0	0	3.28687e+06	4.09876e+08	4.20336e+05	1.01288e+03	0	4.02847e+08	3.59783e+07
1.04713e+14	2.27916e+13	2.03929e+09	7.10104e+06	0	1.53419e+08	1.89095e+03	0	5.32452e+09	1.09079e+04	0	0	3.26925e+06	4.07615e+08	3.86334e+05	9.59185e+02	0	4.00840e+08	3.57887e+07
1.04713e+14	2.21129e+13	2.00855e+09	6.74206e+06	0	1.46845e+08	1.71438e+03	0	5.31993e+09	1.01120e+04	0	0	3.25193e+06	4.05387e+08	3.52620e+05	9.08636e+02	0	3.98870e+08	3.56025e+07
1.04713e+14	2.14403e+13	1.97809e+09	6.39932e+06	0	1.40202e+08	1.54957e+03	0	5.31538e+09	9.37584e+03	0	0	3.23475e+06	4.03169e+08	3.19043e+05	8.60983e+02	0	3.96919e+08	3.54178e+07
1.04713e+14	2.07703e+13	1.94791e+09	6.07216e+06	0	1.33417e+08	1.39501e+03	0	5.31084e+09	8.69513e+03	0	0	3.21764e+06	4.00950e+08	2.85274e+05	8.16072e+02	0	3.94978e+08	3.52338e+07
1.04713e+14	2.01071e+13	1.91850e+09	5.76320e+06	0	1.26442e+08	1.24974e+03	0	5.30637e+09	8.07017e+03	0	0	3.20068e+06	3.98741e+08	2.51073e+05	7.73875e+02	0	3.93062e+08	3.50517e+07
1.04713e+14	1.94201e+13	1.88879e+09	5.46485e+06	0	1.18905e+08	1.10930e+03	0	5.30178e+09	7.48871e+03	0	0	3.18309e+06	3.96429e+08	2.14951e+05	7.34047e+02	0	3.91082e+08	3.48630e+07
1.04713e+14	1.41118e+13	1.76504e+09	4.20944e+06	0	3.47816e+07	2.97045e+02	0	5.28367e+09	6.80158e+03	0	0	3.04670e+06	3.74503e+08	8.72695e+02	7.01117e+02	0	3.75727e+08	3.34209e+07
1.04713e+14	1.35116e+13	1.72694e+09	3.94548e+06	0	3.14941e+07	2.57821e+02	0	5.28006e+09	6.26513e+03	0	0	3.03137e+06	3.72084e+08	6.61212e+02	6.64847e+02	0	3.73857e+08	3.32574e+07
1.04713e+14	1.29819e+13	1.69113e+09	3.71167e+06	0	2.89073e+07	2.26777e+02	0	5.27665e+09	5.77616e+03	0	0	3.01782e+06	3.69952e+08	5.48537e+02	6.30668e+02	0	3.72203e+08	3.31128e+07
1.04713e+14	1.24977e+13	1.65675e+09	3.49907e+06	0	2.67369e+07	2.01002e+02	0	5.27339e+09	5.32825e+03	0	0	3.00542e+06	3.67998e+08	4.78259e+02	5.98408e+02	0	3.70691e+08	3.29806e+07
1.04713e+14	1.20429e+13	1.62303e+09	3.30152e+06	0	2.48460e+07	1.79013e+02	0	5.27021e+09	4.91465e+03	0	0	2.99376e+06	3.66149e+08	4.29707e+02	5.67871e+02	0	3.69268e+08	3.28563e+07
1.04713e+14	1.16157e+13	1.59015e+09	3.11820e+06	0	2.31731e+07	1.60039e+02	0	5.26715e+09	4.53424e+03	0	0	2.98280e+06	3.64400e+08	3.93561e+02	5.39000e+02	0	3.67932e+08	3.27396e+07
1.04713e+14	1.12104e+13	1.55785e+09	2.94678e+06	0	2.16712e+07	1.43492e+02	0	5.26418e+09	4.18336e+03	0	0	2.97239e+06	3.62726e+08	3.64985e+02	5.11674e+02	0	3.66664e+08	3.26287e+07
1.04713e+14	1.08256e+13	1.52616e+09	2.78638e+06	0	2.03121e+07	1.28974e+02	0	5.26131e+09	3.86001e+03	0	0	2.96250e+06	3.61121e+08	3.41317e+02	4.85811e+02	0	3.65460e+08	3.25235e+07
1.04713e+14	1.04567e+13	1.49480e+09	2.63514e+06	0	1.90700e+07	1.16148e+02	0	5.25851e+09	3.56097e+03	0	0	2.95300e+06	3.59564e+08	3.20962e+02	4.61300e+02	0	3.64306e+08	3.24225e+07
1.04713e+14	1.01023e+13	1.46375e+09	2.49235e+06	0	1.79286e+07	1.04770e+02	0	5.25579e+09	3.28440e+03	0	0	2.94386e+06	3.58048e+08	3.02961e+02	4.38063e+02	0	3.63197e+08	3.23256e+07
1.04713e+14	9.76366e+12	1.43322e+09	2.35808e+06	0	1.68788e+07	9.46626e+01	0	5.25315e+09	3.02939e+03	0	0	2.93513e+06	3.56581e+08	2.86725e+02	4.16052e+02	0	3.62138e+08	3.22329e+07
1.04713e+14	9.43893e+12	1.40310e+09	2.23140e+06	0	1.59078e+07	8.56492e+01	0	5.25059e+09	2.79397e+03	0	0	2.92674e+06	3.55157e+08	2.71850e+02	3.95189e+02	0	3.61122e+08	3.21441e+07
1.04713e+14	9.12671e+12	1.37335e+09	2.11170e+06	0	1.50069e+07	7.75906e+01	0	5.24811e+09	2.57649e+03	0	0	2.91867e+06	3.53767e+08	2.58061e+02	3.75405e+02	0	3.60146e+08	3.20587e+07
1.04713e+14	8.82624e+12	1.34395e+09	1.99853e+06	0	1.41688e+07	7.03712e+01	0	5.24570e+09	2.37557e+03	0	0	2.91089e+06	3.52408e+08	2.45182e+02	3.56641e+02	0	3.59207e+08	3.19765e+07
1.04713e+14	8.53695e+12	1.31492e+09	1.89147e+06	0	1.33874e+07	6.38913e+01	0	5.24336e+09	2.19000e+03	0	0	2.90339e+06	3.51078e+08	2.33088e+02	3.38842e+02	0	3.58303e+08	3.18974e+07
1.04713e+14	8.25885e+12	1.28630e+09	1.79033e+06	0	1.26581e+07	5.80686e+01	0	5.24108e+09	2.01875e+03	0	0	2.89617e+06	3.49778e+08	2.21694e+02	3.21958e+02	0	3.57434e+08	3.18214e+07
1.04713e+14	7.99018e+12	1.25798e+09	1.69438e+06	0	1.19748e+07	5.28224e+01	0	5.23887e+09	1.86045e+03	0	0	2.88918e+06	3.48499e+08	2.10922e+02	3.05932e+02	0	3.56595e+08	3.17480e+07
1.04713e+14	7.73111e+12	1.23001e+09	1.60349e+06	0	1.13342e+07	4.80922e+01	0	5.23672e+09	1.71427e+03	0	0	2.88243e+06	3.47241e+08	2.00724e+02	2.90720e+02	0	3.55787e+08	3.16772e+07
1.04713e+14	7.48134e+12	1.20241e+09	1.51741e+06	0	1.07331e+07	4.38225e+01	0	5.23464e+09	1.57934e+03	0	0	2.87592e+06	3.46004e+08	1.91056e+02	2.76281e+02	0	3.55007e+08	3.16091e+07
1.04713e+14	7.23977e+12	1.17511e+09	1.43565e+06	0	1.01670e+07	3.99598e+01	0	5.23261e+09	1.45469e+03	0	0	2.86961e+06	3.44782e+08	1.81880e+02	2.62568e+02	0	3.54254e+08	3.15432e+07
1.04713e+14	7.00726e+12	1.14823e+09	1.35829e+06	0	9.63497e+06	3.64673e+01	0	5.23064e+09	1.33979e+03	0	0	2.86352e+06	3.43581e+08	1.73170e+02	2.49551e+02	0	3.53530e+08	3.14798e+07
1.04713e+14	6.78269e+12	1.12171e+09	1.28492e+06	0	9.13383e+06	3.33577e+01	0	5.22872e+09	1.23243e+03	0	0	2.85763e+06	3.42394e+08	1.64896e+02	2.37189e+02	0	3.52830e+08	3.14186e+07
1.04713e+14	6.56578e+12	1.09554e+09	1.21533e+06	0	8.66136e+06	3.05740e+01	0	5.22687e+09	1.13288e+03	0	0	2.85193e+06	3.41220e+08	1.57033e+02	2.25448e+02	0	3.52155e+08	3.13595e+07
1.04713e+14	6.35643e+12	1.06975e+09	1.14931e+06	0	8.21529e+06	2.80407e+01	0	5.22506e+09	1.04157e+03	0	0	2.84641e+06	3.40061e+08	1.49558e+02	2.14296e+02	0	3.51504e+08	3.13026e+07
1.04713e+14	6.15460e+12	1.04438e+09	1.08675e+06	0	7.79415e+06	2.57344e+01	0	5.22331e+09	9.57824e+02	0	0	2.84108e+06	3.38916e+08	1.42452e+02	2.03704e+02	0	3.50877e+08	3.12477e+07
1.04713e+14	5.95945e+12	1.01935e+09	1.02730e+06	0	7.39562e+06	2.36312e+01	0	5.22161e+09	8.80930e+02	0	0	2.83592e+06	3.37780e+08	1.35692e+02	1.93640e+02	0	3.50270e+08	3.11947e+07
1.04713e+14	5.77058e+12	9.94656e+08	9.70816e+05	0	7.01847e+06	2.17128e+01	0	5.21996e+09	8.10279e+02	0	0	2.83091e+06	3.36650e+08	1.29260e+02	1.84076e+02	0	3.49684e+08	3.11435e+07
