# %ECSV 1.0
# ---
# datatype:
# - {name: H, datatype: float64}
# - {name: H+, datatype: float64}
# - {name: C+, datatype: float64}
# - {name: C+2, datatype: float64}
# - {name: C+3, datatype: float64}
# - {name: N+, datatype: float64}
# - {name: N+2, datatype: float64}
# - {name: N+4, datatype: float64}
# - {name: O, datatype: float64}
# - {name: O+2, datatype: float64}
# - {name: O+5, datatype: float64}
# - {name: O+6, datatype: float64}
# - {name: P+, datatype: float64}
# - {name: Si+, datatype: float64}
# - {name: Si+2, datatype: float64}
# - {name: Si+3, datatype: float64}
# - {name: Si+4, datatype: float64}
# - {name: Fe+, datatype: float64}
# - {name: Al+, datatype: float64}
# - {name: log_nH, datatype: float64}
# - {name: parameters, datatype: string, subtype: 'float64[1]'}
# schema: astropy-2.0
H H+ C+ C+2 C+3 N+ N+2 N+4 O O+2 O+5 O+6 P+ Si+ Si+2 Si+3 Si+4 Fe+ Al+ log_nH parameters
104713000000000.0 2.78595e+18 11414300000.0 1382510000000.0 4130790000000.0 875026000.0 229305000000.0 3311920000000.0 74981.4 606172000000.0 31795300000000.0 40057800000000.0 801561.0 12594600.0 549572000.0 2164980000.0 173304000000.0 3223.35 390708.0 -5.0 [-5.0]
104713000000000.0 2.63958e+18 12305500000.0 1450210000000.0 4170250000000.0 950757000.0 242697000000.0 3242430000000.0 83808.1 643622000000.0 29905300000000.0 35901500000000.0 935276.0 14801700.0 633152000.0 2413600000.0 183015000000.0 3900.25 463455.0 -4.98 [-4.98]
104713000000000.0 2.50117e+18 13251900000.0 1519420000000.0 4205290000000.0 1031870000.0 256526000000.0 3168840000000.0 93646.2 682385000000.0 28066100000000.0 32113100000000.0 1089400.0 17362000.0 728293000.0 2686730000.0 192985000000.0 4714.86 548524.0 -4.96 [-4.96]
104713000000000.0 2.37026e+18 14255600000.0 1590040000000.0 4235780000000.0 1118560000.0 270767000000.0 3091400000000.0 104607.0 722406000000.0 26282400000000.0 28668100000000.0 1266720.0 20325900.0 836414000.0 2986320000.0 203196000000.0 5694.05 647798.0 -4.94 [-4.94]
104713000000000.0 2.24641e+18 15318500000.0 1661960000000.0 4261650000000.0 1211040000.0 285393000000.0 3010370000000.0 116812.0 763627000000.0 24558500000000.0 25542300000000.0 1470310.0 23750000.0 959080000.0 3314420000.0 213629000000.0 6869.79 763428.0 -4.92 [-4.92]
104713000000000.0 2.1292e+18 16442400000.0 1735070000000.0 4282780000000.0 1309470000.0 300367000000.0 2926060000000.0 130400.0 805983000000.0 22898100000000.0 22712800000000.0 1703630.0 27697500.0 1098010000.0 3673150000.0 224264000000.0 8279.89 897853.0 -4.9 [-4.9]
104713000000000.0 2.01827e+18 17629200000.0 1809230000000.0 4299100000000.0 1414020000.0 315654000000.0 2838780000000.0 145524.0 849400000000.0 21304000000000.0 20157400000000.0 1970480.0 32238800.0 1255110000.0 4064730000.0 235076000000.0 9969.08 1053830.0 -4.88 [-4.88]
104713000000000.0 1.91323e+18 18880800000.0 1884310000000.0 4310530000000.0 1524850000.0 331212000000.0 2748860000000.0 162359.0 893812000000.0 19778400000000.0 17854600000000.0 2275170.0 37453600.0 1432460000.0 4491550000.0 246039000000.0 11990.6 1234520.0 -4.86 [-4.86]
104713000000000.0 1.81377e+18 20197500000.0 1960100000000.0 4317000000000.0 1641980000.0 346985000000.0 2656650000000.0 181084.0 939106000000.0 18323500000000.0 15784600000000.0 2622170.0 43426400.0 1632270000.0 4955920000.0 257122000000.0 14406.0 1443400.0 -4.84 [-4.84]
104713000000000.0 1.71957e+18 21580800000.0 2036430000000.0 4318430000000.0 1765530000.0 362926000000.0 2562530000000.0 201916.0 985205000000.0 16940000000000.0 13927900000000.0 3016630.0 50254100.0 1857020000.0 5460380000.0 268295000000.0 17288.9 1684480.0 -4.82 [-4.82]
104713000000000.0 1.63035e+18 23032100000.0 2113130000000.0 4314770000000.0 1895600000.0 378984000000.0 2466870000000.0 225099.0 1032020000000.0 15628600000000.0 12266400000000.0 3464200.0 58042600.0 2109400000.0 6007430000.0 279523000000.0 20725.7 1962200.0 -4.8 [-4.8]
104713000000000.0 1.54583e+18 24552100000.0 2190000000000.0 4305990000000.0 2032220000.0 395102000000.0 2370050000000.0 250906.0 1079470000000.0 14389300000000.0 10782900000000.0 3971050.0 66908100.0 2392290000.0 6599660000.0 290770000000.0 24817.6 2281600.0 -4.78 [-4.78]
104713000000000.0 1.46576e+18 26141300000.0 2266800000000.0 4292060000000.0 2175430000.0 411220000000.0 2272450000000.0 279642.0 1127450000000.0 13221500000000.0 9461450000000.0 4543860.0 76977500.0 2708800000.0 7239670000.0 301996000000.0 29683.4 2648270.0 -4.76 [-4.76]
104713000000000.0 1.38989e+18 27800100000.0 2343320000000.0 4272940000000.0 2325210000.0 427280000000.0 2174470000000.0 311653.0 1175860000000.0 12124300000000.0 8286780000000.0 5189950.0 88390200.0 3062310000.0 7930120000.0 313162000000.0 35462.0 3068510.0 -4.74 [-4.74]
104713000000000.0 1.31801e+18 29528400000.0 2419290000000.0 4248640000000.0 2481550000.0 443219000000.0 2076480000000.0 347329.0 1224610000000.0 11096300000000.0 7244990000000.0 5917070.0 101296000.0 3456390000.0 8673580000.0 324223000000.0 42309.6 3548680.0 -4.72 [-4.72]
104713000000000.0 1.2499e+18 31325200000.0 2494440000000.0 4219160000000.0 2644330000.0 458968000000.0 1978880000000.0 387094.0 1273570000000.0 10136000000000.0 6323190000000.0 6733570.0 115856000.0 3894800000.0 9472530000.0 335131000000.0 50415.0 4096670.0 -4.7 [-4.7]
104713000000000.0 1.18535e+18 33191200000.0 2568550000000.0 4184520000000.0 2813620000.0 474477000000.0 1881990000000.0 431476.0 1322680000000.0 9241040000000.0 5508930000000.0 7649220.0 132253000.0 4381820000.0 10329800000.0 345844000000.0 60002.3 4721360.0 -4.68 [-4.68]
104713000000000.0 1.12417e+18 35124700000.0 2641320000000.0 4144750000000.0 2989280000.0 489677000000.0 1786170000000.0 481028.0 1371820000000.0 8409260000000.0 4791330000000.0 8673730.0 150675000.0 4921700000.0 11247600000.0 356312000000.0 71324.2 5432100.0 -4.66 [-4.66]
104713000000000.0 1.06619e+18 37124500000.0 2712460000000.0 4099910000000.0 3171210000.0 504510000000.0 1691770000000.0 536389.0 1420890000000.0 7638230000000.0 4160220000000.0 9817760.0 171325000.0 5519030000.0 12228400000.0 366484000000.0 84676.2 6239310.0 -4.64 [-4.64]
104713000000000.0 1.01124e+18 39188800000.0 2781680000000.0 4050080000000.0 3359330000.0 518916000000.0 1599070000000.0 598284.0 1469800000000.0 6925300000000.0 3606300000000.0 11092700.0 194423000.0 6178610000.0 13274300000.0 376308000000.0 100400.0 7154470.0 -4.62 [-4.62]
104713000000000.0 9.59152e+17 41316800000.0 2848710000000.0 3995330000000.0 3553610000.0 532845000000.0 1508350000000.0 667565.0 1518470000000.0 6267500000000.0 3120940000000.0 12511100.0 220210000.0 6905710000.0 14387400000.0 385737000000.0 118897.0 8190520.0 -4.6 [-4.6]
104713000000000.0 9.09792e+17 43503600000.0 2913200000000.0 3935810000000.0 3753730000.0 546230000000.0 1419910000000.0 745103.0 1566750000000.0 5662390000000.0 2696720000000.0 14084800.0 248913000.0 7705170000.0 15569200000.0 394712000000.0 140610.0 9360620.0 -4.58 [-4.58]
104713000000000.0 8.63008e+17 45747400000.0 2974880000000.0 3871640000000.0 3959660000.0 559026000000.0 1333970000000.0 831977.0 1614570000000.0 5106880000000.0 2326540000000.0 15827700.0 280801000.0 8582580000.0 16821100000.0 403185000000.0 166069.0 10680100.0 -4.56 [-4.56]
104713000000000.0 8.18668e+17 48045200000.0 3033450000000.0 3802970000000.0 4171320000.0 571189000000.0 1250710000000.0 929385.0 1661840000000.0 4598060000000.0 2004120000000.0 17754100.0 316148000.0 9543570000.0 18144400000.0 411103000000.0 195877.0 12165300.0 -4.54 [-4.54]
104713000000000.0 7.76642e+17 50393400000.0 3088630000000.0 3729990000000.0 4388560000.0 582673000000.0 1170320000000.0 1038670.0 1708460000000.0 4133030000000.0 1723800000000.0 19878700.0 355238000.0 10593800000.0 19539600000.0 418416000000.0 230723.0 13834100.0 -4.52 [-4.52]
104713000000000.0 7.36809e+17 52787600000.0 3140130000000.0 3652890000000.0 4611250000.0 593439000000.0 1092930000000.0 1161360.0 1754340000000.0 3708960000000.0 1480500000000.0 22216700.0 398367000.0 11739100000.0 21007100000.0 425073000000.0 271396.0 15705500.0 -4.5 [-4.5]
104713000000000.0 6.99053e+17 55223300000.0 3187670000000.0 3571890000000.0 4839280000.0 603450000000.0 1018670000000.0 1299180.0 1799380000000.0 3323040000000.0 1269710000000.0 24783600.0 445842000.0 12985100000.0 22546500000.0 431027000000.0 318800.0 17800400.0 -4.48 [-4.48]
104713000000000.0 6.63266e+17 57695700000.0 3231010000000.0 3487250000000.0 5072510000.0 612674000000.0 947622000000.0 1454070.0 1843500000000.0 2972560000000.0 1087390000000.0 27595600.0 497974000.0 14337700000.0 24157000000.0 436230000000.0 373960.0 20140900.0 -4.46 [-4.46]
104713000000000.0 6.29342e+17 60199100000.0 3269890000000.0 3399200000000.0 5310810000.0 621081000000.0 879836000000.0 1628230.0 1886600000000.0 2654910000000.0 929948000000.0 30668700.0 555082000.0 15802500000.0 25837200000.0 440638000000.0 438045.0 22750800.0 -4.44 [-4.44]
104713000000000.0 5.97185e+17 62727900000.0 3304090000000.0 3308060000000.0 5554080000.0 628652000000.0 815355000000.0 1824120.0 1928600000000.0 2367570000000.0 794217000000.0 34018400.0 617486000.0 17384800000.0 27584900000.0 444212000000.0 512382.0 25655500.0 -4.42 [-4.42]
104713000000000.0 5.66704e+17 65276200000.0 3333420000000.0 3214120000000.0 5802220000.0 635365000000.0 754188000000.0 2044550.0 1969420000000.0 2108160000000.0 677384000000.0 37660000.0 685509000.0 19089700000.0 29397200000.0 446914000000.0 598472.0 28882000.0 -4.4 [-4.4]
104713000000000.0 5.3781e+17 67837500000.0 3357710000000.0 3117710000000.0 6055110000.0 641207000000.0 696321000000.0 2292650.0 2008970000000.0 1874400000000.0 576973000000.0 41608300.0 759463000.0 20922100000.0 31270400000.0 448711000000.0 698011.0 32458900.0 -4.38 [-4.38]
104713000000000.0 5.10418e+17 70405200000.0 3376800000000.0 3019150000000.0 6312640000.0 646164000000.0 641721000000.0 2571960.0 2047170000000.0 1664130000000.0 490803000000.0 45876900.0 839654000.0 22886000000.0 33200000000.0 449572000000.0 812917.0 36416100.0 -4.36 [-4.36]
104713000000000.0 4.84456e+17 72966700000.0 3390510000000.0 2918850000000.0 6574250000.0 650218000000.0 590363000000.0 2886210.0 2083910000000.0 1475410000000.0 416989000000.0 50472100.0 926290000.0 24983600000.0 35180500000.0 449474000000.0 945258.0 40782700.0 -4.34 [-4.34]
104713000000000.0 4.59827e+17 75531200000.0 3398970000000.0 2816990000000.0 6841200000.0 653400000000.0 542099000000.0 3240570.0 2119220000000.0 1306080000000.0 353778000000.0 55421900.0 1019890000.0 27221500000.0 37205400000.0 448395000000.0 1097710.0 45599100.0 -4.32 [-4.32]
104713000000000.0 4.36481e+17 78074100000.0 3401880000000.0 2714090000000.0 7111960000.0 655674000000.0 496928000000.0 3639360.0 2152910000000.0 1154640000000.0 299784000000.0 60716500.0 1120450000.0 29597500000.0 39267500000.0 446322000000.0 1272730.0 50892100.0 -4.3 [-4.3]
104713000000000.0 4.14336e+17 80580900000.0 3399110000000.0 2610520000000.0 7385880000.0 657026000000.0 454745000000.0 4088010.0 2184880000000.0 1019380000000.0 253713000000.0 66353500.0 1228080000.0 32110800000.0 41359900000.0 443242000000.0 1473330.0 56695800.0 -4.28 [-4.28]
104713000000000.0 3.93352e+17 83078400000.0 3391220000000.0 2506530000000.0 7665560000.0 657539000000.0 415416000000.0 4593770.0 2215220000000.0 898714000000.0 214460000000.0 72370300.0 1343360000.0 34766600000.0 43468200000.0 439165000000.0 1703120.0 63053200.0 -4.26 [-4.26]
104713000000000.0 3.73449e+17 85535800000.0 3377870000000.0 2402540000000.0 7949080000.0 657169000000.0 378844000000.0 5163130.0 2243760000000.0 791249000000.0 181049000000.0 78743100.0 1466160000.0 37559100000.0 45585500000.0 434086000000.0 1965770.0 69997700.0 -4.24 [-4.24]
104713000000000.0 3.54557e+17 87946300000.0 3359120000000.0 2298830000000.0 8236410000.0 655926000000.0 344894000000.0 5804260.0 2270430000000.0 695648000000.0 152636000000.0 85468900.0 1596600000.0 40485200000.0 47701000000.0 428011000000.0 2265640.0 77570600.0 -4.22 [-4.22]
104713000000000.0 3.36644e+17 90301900000.0 3335150000000.0 2195850000000.0 8527320000.0 653833000000.0 313480000000.0 6525490.0 2295150000000.0 610815000000.0 128530000000.0 92533200.0 1734550000.0 43537200000.0 49800700000.0 420968000000.0 2607100.0 85801900.0 -4.2 [-4.2]
104713000000000.0 3.19663e+17 92594800000.0 3306110000000.0 2093970000000.0 8821610000.0 650911000000.0 284481000000.0 7336340.0 2317870000000.0 535665000000.0 108107000000.0 99918400.0 1879840000.0 46706500000.0 51871400000.0 412986000000.0 2995140.0 94725100.0 -4.18 [-4.18]
104713000000000.0 3.03539e+17 94824400000.0 3272170000000.0 1993320000000.0 9119800000.0 647176000000.0 257726000000.0 8248960.0 2338540000000.0 469089000000.0 90801000000.0 107619000.0 2032610000.0 49987000000.0 53899600000.0 404084000000.0 3436090.0 104391000.0 -4.16 [-4.16]
104713000000000.0 2.88239e+17 96978700000.0 3233500000000.0 1894280000000.0 9421280000.0 642649000000.0 233111000000.0 9274980.0 2357080000000.0 410238000000.0 76166400000.0 115600000.0 2192400000.0 53364000000.0 55870600000.0 394307000000.0 3935960.0 114828000.0 -4.14 [-4.14]
104713000000000.0 2.73712e+17 99064800000.0 3190440000000.0 1797040000000.0 9727030000.0 637367000000.0 210492000000.0 10429200.0 2373490000000.0 358252000000.0 63799800000.0 123854000.0 2359220000.0 56827500000.0 57767100000.0 383701000000.0 4502280.0 126083000.0 -4.12 [-4.12]
104713000000000.0 2.59934e+17 101061000000.0 3143160000000.0 1702010000000.0 10035500000.0 631347000000.0 189782000000.0 11724900.0 2387640000000.0 312466000000.0 53376300000.0 132316000.0 2532080000.0 60354000000.0 59575400000.0 372332000000.0 5141740.0 138167000.0 -4.1 [-4.1]
104713000000000.0 2.46858e+17 102969000000.0 3091980000000.0 1609330000000.0 10347400000.0 624623000000.0 170842000000.0 13179900.0 2399510000000.0 272165000000.0 44595900000.0 140962000.0 2710680000.0 63927500000.0 61278600000.0 360257000000.0 5863200.0 151120000.0 -4.08 [-4.08]
104713000000000.0 2.34445e+17 104786000000.0 3037160000000.0 1519210000000.0 10662600000.0 617224000000.0 153553000000.0 14812900.0 2409040000000.0 236740000000.0 37208700000.0 149747000.0 2894350000.0 67526500000.0 62861200000.0 347545000000.0 6675910.0 164970000.0 -4.06 [-4.06]
104713000000000.0 2.2266e+17 106506000000.0 2979020000000.0 1431820000000.0 10981000000.0 609181000000.0 137800000000.0 16644600.0 2416190000000.0 205643000000.0 31001600000.0 158624000.0 3082330000.0 71127500000.0 64307900000.0 334271000000.0 7590000.0 179742000.0 -4.04 [-4.04]
104713000000000.0 2.11472e+17 108128000000.0 2917860000000.0 1347300000000.0 11302500000.0 600530000000.0 123474000000.0 18698100.0 2420910000000.0 178383000000.0 25793100000.0 167545000.0 3273780000.0 74705500000.0 65603800000.0 320516000000.0 8616540.0 195455000.0 -4.02 [-4.02]
104713000000000.0 2.00849e+17 109650000000.0 2854020000000.0 1265770000000.0 11627300000.0 591304000000.0 110468000000.0 20998800.0 2423170000000.0 154519000000.0 21428400000.0 176459000.0 3467760000.0 78233900000.0 66735000000.0 306365000000.0 9767580.0 212126000.0 -4.0 [-4.0]
104713000000000.0 1.90761e+17 111069000000.0 2787830000000.0 1187330000000.0 11955500000.0 581542000000.0 98683200000.0 23574700.0 2422910000000.0 133657000000.0 17775800000.0 185312000.0 3663270000.0 81685100000.0 67688900000.0 291908000000.0 11056300.0 229765000.0 -3.98 [-3.98]
104713000000000.0 1.81195e+17 112385000000.0 2719680000000.0 1112150000000.0 12286600000.0 571296000000.0 88035700000.0 26453700.0 2420140000000.0 115465000000.0 14726600000.0 194043000.0 3858960000.0 85028800000.0 68455900000.0 277254000000.0 12495200.0 248356000.0 -3.96 [-3.96]
104713000000000.0 1.72086e+17 113603000000.0 2649640000000.0 1039980000000.0 12622000000.0 560556000000.0 78397700000.0 29678900.0 2414760000000.0 99567900000.0 12176200000.0 202633000.0 4054640000.0 88242500000.0 69022100000.0 262443000000.0 14105300.0 267969000.0 -3.94 [-3.94]
104713000000000.0 1.63448e+17 114717000000.0 2578300000000.0 971135000000.0 12960600000.0 549409000000.0 69721500000.0 33278500.0 2406810000000.0 85746400000.0 10053700000.0 210999000.0 4248280000.0 91292300000.0 69384600000.0 247621000000.0 15898000.0 288529000.0 -3.92 [-3.92]
104713000000000.0 1.55243e+17 115731000000.0 2505850000000.0 905528000000.0 13303000000.0 537877000000.0 61914400000.0 37296600.0 2396250000000.0 73731100000.0 8287700000.0 219102000.0 4439050000.0 94152800000.0 69537300000.0 232861000000.0 17893300.0 310045000.0 -3.9 [-3.9]
104713000000000.0 1.47462e+17 116645000000.0 2432720000000.0 843233000000.0 13649100000.0 526021000000.0 54910800000.0 41772400.0 2383120000000.0 63315000000.0 6822350000.0 226892000.0 4625550000.0 96798500000.0 69480000000.0 218271000000.0 20107800.0 332468000.0 -3.88 [-3.88]
104713000000000.0 1.40062e+17 117464000000.0 2358960000000.0 784033000000.0 13999700000.0 513839000000.0 48621200000.0 46764600.0 2367330000000.0 54273800000.0 5605210000.0 234348000.0 4807420000.0 99207900000.0 69207400000.0 203896000000.0 22568600.0 355834000.0 -3.86 [-3.86]
104713000000000.0 1.33022e+17 118192000000.0 2284820000000.0 727890000000.0 14355200000.0 501368000000.0 42982600000.0 52328600.0 2348860000000.0 46438700000.0 4596020000.0 241432000.0 4983710000.0 101359000000.0 68721000000.0 189815000000.0 25300000.0 380116000.0 -3.84 [-3.84]
104713000000000.0 1.26347e+17 118828000000.0 2210800000000.0 674915000000.0 14715100000.0 488691000000.0 37950900000.0 58509400.0 2327850000000.0 39678600000.0 3762910000.0 248095000.0 5152830000.0 103235000000.0 68032300000.0 176139000000.0 28318500.0 405205000.0 -3.82 [-3.82]
104713000000000.0 1.20017e+17 119377000000.0 2137130000000.0 625028000000.0 15079900000.0 475847000000.0 33467900000.0 65366900.0 2304340000000.0 33854400000.0 3076220000.0 254311000.0 5314000000.0 104821000000.0 67149600000.0 162929000000.0 31648900.0 431047000.0 -3.8 [-3.8]
104713000000000.0 1.13996e+17 119842000000.0 2063780000000.0 577982000000.0 15450400000.0 462825000000.0 29467800000.0 72985300.0 2278210000000.0 28829400000.0 2509540000.0 260076000.0 5467290000.0 106107000000.0 66074900000.0 150205000000.0 35329300.0 457668000.0 -3.78 [-3.78]
104713000000000.0 1.08277e+17 120227000000.0 1991060000000.0 533771000000.0 15826700000.0 449686000000.0 25910300000.0 81430000.0 2249570000000.0 24508000000.0 2043450000.0 265363000.0 5611800000.0 107086000000.0 64823600000.0 138030000000.0 39384700.0 484967000.0 -3.76 [-3.76]
104713000000000.0 1.02835e+17 120535000000.0 1919010000000.0 492224000000.0 16208600000.0 436436000000.0 22746400000.0 90792800.0 2218390000000.0 20792000000.0 1660230000.0 270164000.0 5747490000.0 107751000000.0 63404700000.0 126426000000.0 43854700.0 512924000.0 -3.74 [-3.74]
104713000000000.0 9.76773e+16 120770000000.0 1848080000000.0 453385000000.0 16595400000.0 423167000000.0 19946600000.0 101134000.0 2184910000000.0 17612700000.0 1346750000.0 274466000.0 5873480000.0 108112000000.0 61841600000.0 115457000000.0 48758400.0 541377000.0 -3.72 [-3.72]
104713000000000.0 9.2779e+16 120938000000.0 1778270000000.0 417071000000.0 16988700000.0 409883000000.0 17468300000.0 112555000.0 2149120000000.0 14892500000.0 1090340000.0 278270000.0 5990010000.0 108169000000.0 60145900000.0 105123000000.0 54138400.0 570294000.0 -3.7 [-3.7]
104713000000000.0 8.81275e+16 121037000000.0 1709700000000.0 383181000000.0 17388700000.0 396614000000.0 15278500000.0 125153000.0 2111090000000.0 12569400000.0 881038000.0 281568000.0 6096950000.0 107930000000.0 58335900000.0 95434000000.0 60031400.0 599576000.0 -3.68 [-3.68]
104713000000000.0 8.37091e+16 121073000000.0 1642460000000.0 351591000000.0 17795800000.0 383387000000.0 13345800000.0 139032000.0 2070910000000.0 10588400000.0 710471000.0 284370000.0 6194610000.0 107405000000.0 56427100000.0 86391000000.0 66478700.0 629149000.0 -3.66 [-3.66]
104713000000000.0 7.95133e+16 121050000000.0 1576660000000.0 322196000000.0 18210300000.0 370232000000.0 11643000000.0 154302000.0 2028700000000.0 8902710000.0 571775000.0 286682000.0 6283200000.0 106610000000.0 54437500000.0 77990100000.0 73520500.0 658913000.0 -3.64 [-3.64]
104713000000000.0 7.55285e+16 120970000000.0 1512380000000.0 294886000000.0 18632500000.0 357173000000.0 10144900000.0 171079000.0 1984560000000.0 7470820000.0 459216000.0 288512000.0 6363060000.0 105559000000.0 52384200000.0 70219200000.0 81200200.0 688770000.0 -3.62 [-3.62]
104713000000000.0 7.17438e+16 120834000000.0 1449660000000.0 269549000000.0 19062500000.0 344235000000.0 8828730000.0 189486000.0 1938610000000.0 6256840000.0 368053000.0 289869000.0 6434640000.0 104270000000.0 50284000000.0 63060600000.0 89563100.0 718617000.0 -3.6 [-3.6]
104713000000000.0 6.81499e+16 120648000000.0 1388590000000.0 246079000000.0 19500700000.0 331441000000.0 7674270000.0 209651000.0 1891000000000.0 5229730000.0 294382000.0 290772000.0 6498470000.0 102763000000.0 48152500000.0 56493300000.0 98654100.0 748355000.0 -3.58 [-3.58]
104713000000000.0 6.4737e+16 120413000000.0 1329200000000.0 224369000000.0 19947100000.0 318813000000.0 6662970000.0 231711000.0 1841860000000.0 4362390000.0 234967000.0 291233000.0 6555110000.0 101058000000.0 46004900000.0 50491000000.0 108521000.0 777878000.0 -3.56 [-3.56]
104713000000000.0 6.1496e+16 120130000000.0 1271500000000.0 204316000000.0 20402000000.0 306367000000.0 5778330000.0 255808000.0 1791340000000.0 3631460000.0 187152000.0 291268000.0 6605170000.0 99174800000.0 43855000000.0 45025000000.0 119214000.0 807080000.0 -3.54 [-3.54]
104713000000000.0 5.84251e+16 119806000000.0 1215670000000.0 185856000000.0 20865400000.0 294151000000.0 5006940000.0 282048000.0 1739720000000.0 3017800000.0 148818000.0 290903000.0 6649010000.0 97142600000.0 41720700000.0 40072900000.0 130757000.0 835809000.0 -3.52 [-3.52]
104713000000000.0 5.54953e+16 119433000000.0 1161310000000.0 168784000000.0 21337300000.0 282092000000.0 4331310000.0 310708000.0 1686750000000.0 2500830000.0 117986000.0 290136000.0 6688050000.0 94958200000.0 39598000000.0 35577900000.0 143270000.0 864102000.0 -3.5 [-3.5]
104713000000000.0 5.27197e+16 119022000000.0 1108820000000.0 153116000000.0 21817600000.0 270291000000.0 3743880000.0 341823000.0 1633000000000.0 2068770000.0 93384600.0 289003000.0 6722150000.0 92664900000.0 37512700000.0 31532200000.0 156733000.0 891714000.0 -3.48 [-3.48]
104713000000000.0 5.00838e+16 118570000000.0 1058080000000.0 138724000000.0 22306100000.0 258732000000.0 3232710000.0 375598000.0 1578510000000.0 1707700000.0 73757300.0 287519000.0 6752180000.0 90273900000.0 35468600000.0 27895000000.0 171220000.0 918590000.0 -3.46 [-3.46]
104713000000000.0 4.75807e+16 118080000000.0 1009060000000.0 125524000000.0 22802600000.0 247423000000.0 2788440000.0 412199000.0 1523420000000.0 1406600000.0 58133000.0 285701000.0 6778730000.0 87803700000.0 33473100000.0 24634000000.0 186777000.0 944634000.0 -3.44 [-3.44]
104713000000000.0 4.52094e+16 117555000000.0 961881000000.0 113460000000.0 23306800000.0 236402000000.0 2403530000.0 451732000.0 1468060000000.0 1156520000.0 45744000.0 283580000.0 6802130000.0 85280200000.0 31537600000.0 21723100000.0 203418000.0 969711000.0 -3.42 [-3.42]
104713000000000.0 4.29522e+16 116992000000.0 916283000000.0 102401000000.0 23818000000.0 225623000000.0 2069090000.0 494486000.0 1412300000000.0 948466000.0 35904400.0 281159000.0 6823410000.0 82702900000.0 29657700000.0 19121900000.0 221250000.0 993822000.0 -3.4 [-3.4]
104713000000000.0 4.08036e+16 116391000000.0 872253000000.0 92280300000.0 24335600000.0 215092000000.0 1778910000.0 540647000.0 1356300000000.0 775823000.0 28109900.0 278452000.0 6843040000.0 80086600000.0 27838200000.0 16803100000.0 240322000.0 1016870000.0 -3.38 [-3.38]
104713000000000.0 3.87734e+16 115760000000.0 830093000000.0 83090200000.0 24859200000.0 204891000000.0 1528910000.0 590165000.0 1300660000000.0 633690000.0 21983300.0 275508000.0 6860710000.0 77468800000.0 26095900000.0 14751700000.0 260557000.0 1038670000.0 -3.36 [-3.36]
104713000000000.0 3.68406e+16 115093000000.0 789444000000.0 74701100000.0 25387400000.0 194948000000.0 1312400000.0 643426000.0 1245080000000.0 516233000.0 17148900.0 272319000.0 6877560000.0 74838100000.0 24419300000.0 12930300000.0 282101000.0 1059260000.0 -3.34 [-3.34]
104713000000000.0 3.50007e+16 114389000000.0 750284000000.0 67056500000.0 25918900000.0 185266000000.0 1125140000.0 700606000.0 1189720000000.0 419430000.0 13344300.0 268897000.0 6893920000.0 72204700000.0 22811000000.0 11316700000.0 304991000.0 1078560000.0 -3.32 [-3.32]
104713000000000.0 3.32581e+16 113655000000.0 712782000000.0 60130100000.0 26453000000.0 175896000000.0 964030000.0 761684000.0 1135020000000.0 340141000.0 10368100.0 265283000.0 6909590000.0 69594900000.0 21279900000.0 9895090000.0 329157000.0 1096450000.0 -3.3 [-3.3]
104713000000000.0 3.16033e+16 112888000000.0 676799000000.0 53849200000.0 26987900000.0 166814000000.0 825234000.0 826886000.0 1080950000000.0 275210000.0 8039980.0 261484000.0 6925060000.0 67009000000.0 19822000000.0 8642220000.0 354658000.0 1112910000.0 -3.28 [-3.28]
104713000000000.0 3.00319e+16 112088000000.0 642297000000.0 48161800000.0 27522000000.0 158020000000.0 705781000.0 896340000.0 1027660000000.0 222162000.0 6222570.0 257515000.0 6940510000.0 64454500000.0 18437000000.0 7539840000.0 381500000.0 1127900000.0 -3.26 [-3.26]
104713000000000.0 2.85434e+16 111259000000.0 609322000000.0 43030100000.0 28053700000.0 149535000000.0 603270000.0 970046000.0 975383000000.0 178998000.0 4809260.0 253405000.0 6955850000.0 61945400000.0 17127400000.0 6573060000.0 409622000.0 1141360000.0 -3.24 [-3.24]
104713000000000.0 2.71226e+16 110392000000.0 577582000000.0 38376400000.0 28579800000.0 141295000000.0 514844000.0 1048440000.0 923853000000.0 143764000.0 3706270.0 249132000.0 6971900000.0 59464800000.0 15882400000.0 5721680000.0 439183000.0 1153300000.0 -3.22 [-3.22]
104713000000000.0 2.57803e+16 109499000000.0 547368000000.0 34199200000.0 29099700000.0 133381000000.0 439266000.0 1131130000.0 873687000000.0 115292000.0 2853920.0 244761000.0 6987760000.0 57046800000.0 14713000000.0 4978580000.0 469931000.0 1163660000.0 -3.2 [-3.2]
104713000000000.0 2.45023e+16 108572000000.0 518397000000.0 30429900000.0 29609500000.0 125729000000.0 374314000.0 1218520000.0 824599000000.0 92201200.0 2192530.0 240268000.0 7004150000.0 54673300000.0 13608300000.0 4327000000.0 502010000.0 1172440000.0 -3.18 [-3.18]
104713000000000.0 2.32886e+16 107613000000.0 490709000000.0 27041600000.0 30107000000.0 118360000000.0 318670000.0 1310500000.0 776807000000.0 73560400.0 1681480.0 235680000.0 7020800000.0 52355100000.0 12569400000.0 3757520000.0 535317000.0 1179640000.0 -3.16 [-3.16]
104713000000000.0 2.21362e+16 106624000000.0 464268000000.0 24000500000.0 30589200000.0 111270000000.0 271043000.0 1407050000.0 730395000000.0 58549400.0 1287380.0 231010000.0 7037630000.0 50094700000.0 11594100000.0 3260390000.0 569795000.0 1185240000.0 -3.14 [-3.14]
104713000000000.0 2.10414e+16 105603000000.0 439020000000.0 21273800000.0 31052900000.0 104453000000.0 230300000.0 1508150000.0 685412000000.0 46486900.0 983941.0 226268000.0 7054610000.0 47892700000.0 10679900000.0 2826700000.0 605398000.0 1189260000.0 -3.12 [-3.12]
104713000000000.0 2.00021e+16 104552000000.0 414943000000.0 18834000000.0 31495300000.0 97912400000.0 195495000.0 1613680000.0 641950000000.0 36822600.0 750864.0 221471000.0 7071500000.0 45752600000.0 9824870000.0 2448950000.0 642027000.0 1191720000.0 -3.1 [-3.1]
104713000000000.0 1.90149e+16 103470000000.0 391986000000.0 16653200000.0 31912600000.0 91640700000.0 165778000.0 1723510000.0 600045000000.0 29096300.0 572094.0 216627000.0 7088240000.0 43674100000.0 9026220000.0 2120110000.0 679615000.0 1192610000.0 -3.08 [-3.08]
104713000000000.0 1.80774e+16 102359000000.0 370113000000.0 14707000000.0 32301700000.0 85636300000.0 140431000.0 1837480000.0 559748000000.0 22935700.0 435238.0 211747000.0 7104590000.0 41658400000.0 8281510000.0 1834150000.0 718062000.0 1191990000.0 -3.06 [-3.06]
104713000000000.0 1.7187e+16 101219000000.0 349282000000.0 12972400000.0 32659000000.0 79895000000.0 118828000.0 1955380000.0 521091000000.0 18035200.0 330637.0 206842000.0 7120380000.0 39705300000.0 7588210000.0 1585650000.0 757277000.0 1189860000.0 -3.04 [-3.04]
104713000000000.0 1.63392e+16 100046000000.0 329409000000.0 11425700000.0 32979800000.0 74402000000.0 100404000.0 2077120000.0 484026000000.0 14141100.0 250700.0 201908000.0 7135530000.0 37810000000.0 6942320000.0 1369540000.0 797217000.0 1186260000.0 -3.02 [-3.02]
104713000000000.0 1.55382e+16 98852100000.0 310606000000.0 10057000000.0 33264500000.0 69190400000.0 84794000.0 2201850000.0 448816000000.0 11070700.0 190040.0 196996000.0 7149250000.0 35988100000.0 6345850000.0 1182780000.0 837541000.0 1181290000.0 -3.0 [-3.0]
104713000000000.0 1.47753e+16 97627200000.0 292684000000.0 8839490000.0 33506100000.0 64219400000.0 71501600.0 2329790000.0 415226000000.0 8642140.0 143802.0 192073000.0 7161850000.0 34223200000.0 5791810000.0 1020540000.0 878367000.0 1174930000.0 -2.98 [-2.98]
104713000000000.0 1.40508e+16 96375300000.0 275657000000.0 7760460000.0 33702700000.0 59497400000.0 60218100.0 2460360000.0 383342000000.0 6729990.0 0.0 187162000.0 7172880000.0 32520100000.0 5279280000.0 880013000.0 919496000.0 1167240000.0 -2.96 [-2.96]
104713000000000.0 1.33625e+16 95097300000.0 259490000000.0 6805470000.0 33851500000.0 55020300000.0 50650900.0 2593150000.0 353159000000.0 5228360.0 0.0 182269000.0 7182070000.0 30878000000.0 4805890000.0 758368000.0 960804000.0 1158290000.0 -2.94 [-2.94]
104713000000000.0 1.27088e+16 93793900000.0 244147000000.0 5961340000.0 33949900000.0 50783700000.0 42547500.0 2727720000.0 324664000000.0 4052080.0 0.0 177403000.0 7189140000.0 29296000000.0 4369320000.0 653139000.0 1002180000.0 1148130000.0 -2.92 [-2.92]
104713000000000.0 1.20861e+16 92462300000.0 229558000000.0 5214670000.0 33993800000.0 46774200000.0 35679800.0 2863790000.0 297780000000.0 3131560.0 0.0 172557000.0 7193950000.0 27769000000.0 3966380000.0 562007000.0 1043570000.0 1136780000.0 -2.9 [-2.9]
104713000000000.0 1.14978e+16 91115100000.0 215804000000.0 4559290000.0 33987100000.0 43013200000.0 29900300.0 3000260000.0 272652000000.0 2416810.0 0.0 167777000.0 7195840000.0 26308900000.0 3597750000.0 483588000.0 1084620000.0 1124430000.0 -2.88 [-2.88]
104713000000000.0 1.09372e+16 89741700000.0 202737000000.0 3980870000.0 33922900000.0 39468700000.0 25012500.0 3137260000.0 249072000000.0 1860020.0 0.0 163030000.0 7194900000.0 24901700000.0 3258470000.0 415739000.0 1125470000.0 1111010000.0 -2.86 [-2.86]
104713000000000.0 1.04033e+16 88343100000.0 190333000000.0 3471200000.0 33800200000.0 36137100000.0 20886300.0 3274260000.0 227015000000.0 1427620.0 0.0 158322000.0 7190830000.0 23546800000.0 2946770000.0 357094000.0 1166000000.0 1096580000.0 -2.84 [-2.84]
104713000000000.0 9897480000000000.0 86928600000.0 178629000000.0 3024610000.0 33622800000.0 33026800000.0 17421400.0 3410350000.0 206527000000.0 1093850.0 0.0 153683000.0 7183210000.0 22251000000.0 2662250000.0 306633000.0 1205940000.0 1081310000.0 -2.82 [-2.82]
104713000000000.0 9416860000000000.0 85495500000.0 167561000000.0 2632860000.0 33389000000.0 30123700000.0 14509900.0 3545250000.0 187509000000.0 836324.0 0.0 149107000.0 7171860000.0 21008900000.0 2402260000.0 263151000.0 1245280000.0 1065220000.0 -2.8 [-2.8]
104713000000000.0 8960170000000000.0 84045000000.0 157099000000.0 2289600000.0 33099700000.0 27420800000.0 12067000.0 3678480000.0 169904000000.0 638096.0 0.0 144597000.0 7156590000.0 19819500000.0 2165030000.0 225703000.0 1283930000.0 1048370000.0 -2.78 [-2.78]
104713000000000.0 8527460000000000.0 82583100000.0 147245000000.0 1989850000.0 32758900000.0 24916300000.0 10024200.0 3809380000.0 153687000000.0 486127.0 0.0 140170000.0 7137150000.0 18684900000.0 1949430000.0 193535000.0 1321720000.0 1030900000.0 -2.76 [-2.76]
104713000000000.0 8115060000000000.0 81102500000.0 137915000000.0 1727180000.0 32363300000.0 22591200000.0 8311700.0 3937920000.0 138724000000.0 369448.0 0.0 135804000.0 7113410000.0 17597000000.0 1752790000.0 165805000.0 1358740000.0 1012740000.0 -2.74 [-2.74]
104713000000000.0 7723160000000000.0 79608900000.0 129112000000.0 1497840000.0 31917800000.0 20443400000.0 6881570.0 4063520000.0 124987000000.0 280253.0 0.0 131515000.0 7085190000.0 16558100000.0 1574170000.0 141967000.0 1394840000.0 994040000.0 -2.72 [-2.72]
104713000000000.0 7350710000000000.0 78104000000.0 120811000000.0 1297800000.0 31425300000.0 18464600000.0 5689140.0 4185820000.0 112409000000.0 212216.0 0.0 127306000.0 7052320000.0 15566800000.0 1412160000.0 121487000.0 1429950000.0 974848000.0 -2.7 [-2.7]
104713000000000.0 6996740000000000.0 76589400000.0 112989000000.0 1123510000.0 30889100000.0 16646300000.0 4696530.0 4304510000.0 100922000000.0 160426.0 0.0 123181000.0 7014700000.0 14622000000.0 1265420000.0 103903000.0 1464030000.0 955233000.0 -2.68 [-2.68]
104713000000000.0 6660310000000000.0 75066700000.0 105621000000.0 971816000.0 30312600000.0 14979800000.0 3871600.0 4419320000.0 90458000000.0 121083.0 0.0 119141000.0 6972230000.0 13722200000.0 1132710000.0 88814900.0 1497010000.0 935257000.0 -2.66 [-2.66]
104713000000000.0 6339530000000000.0 73532400000.0 98664900000.0 839618000.0 29696400000.0 13452900000.0 3185760.0 4530200000.0 80927900000.0 91198.6 0.0 115175000.0 6924760000.0 12863500000.0 1012540000.0 75847900.0 1528940000.0 914913000.0 -2.64 [-2.64]
104713000000000.0 6035600000000000.0 71998400000.0 92142200000.0 725093000.0 29050900000.0 12064200000.0 2618980.0 4636620000.0 72309600000.0 68633.3 0.0 111311000.0 6872440000.0 12050300000.0 904467000.0 64762000.0 1559610000.0 894396000.0 -2.62 [-2.62]
104713000000000.0 5746690000000000.0 70461300000.0 86009800000.0 625715000.0 28377100000.0 10801200000.0 2150220.0 4738610000.0 64514900000.0 51584.8 0.0 107537000.0 6815180000.0 11278300000.0 807131000.0 55267000.0 1589080000.0 873694000.0 -2.6 [-2.6]
104713000000000.0 5472050000000000.0 68923000000.0 80248100000.0 539565000.0 27679100000.0 9655220000.0 1763150.0 4836080000.0 57480800000.0 38725.2 0.0 103855000.0 6753020000.0 10546200000.0 719583000.0 47139400.0 1617310000.0 852865000.0 -2.58 [-2.58]
104713000000000.0 5210960000000000.0 67385000000.0 74837600000.0 464949000.0 26961100000.0 8617920000.0 1444000.0 4928970000.0 51146300000.0 0.0 0.0 100265000.0 6686010000.0 9852870000.0 640940000.0 40186400.0 1644270000.0 831958000.0 -2.56 [-2.56]
104713000000000.0 4962730000000000.0 65849200000.0 69760200000.0 400382000.0 26227100000.0 7681140000.0 1181260.0 5017270000.0 45453500000.0 0.0 0.0 96768600.0 6614250000.0 9196840000.0 570388000.0 34241900.0 1669930000.0 811026000.0 -2.54 [-2.54]
104713000000000.0 4726730000000000.0 64317300000.0 64998200000.0 344558000.0 25481100000.0 6836970000.0 965272.0 5100990000.0 40347300000.0 0.0 0.0 93365000.0 6537840000.0 8576850000.0 507173000.0 29162700.0 1694290000.0 790113000.0 -2.52 [-2.52]
104713000000000.0 4502330000000000.0 62790900000.0 60534600000.0 296334000.0 24726900000.0 6077850000.0 787957.0 5180180000.0 35775500000.0 0.0 0.0 90054700.0 6456930000.0 7991570000.0 450600000.0 24825300.0 1717320000.0 769264000.0 -2.5 [-2.5]
104713000000000.0 4288950000000000.0 61271800000.0 56353100000.0 254711000.0 23968000000.0 5396580000.0 642586.0 5254910000.0 31689400000.0 0.0 0.0 86837700.0 6371690000.0 7439710000.0 400030000.0 21123600.0 1739000000.0 748521000.0 -2.48 [-2.48]
104713000000000.0 4086060000000000.0 59761500000.0 52438500000.0 218812000.0 23207800000.0 4786360000.0 523559.0 5325260000.0 28043300000.0 0.0 0.0 83713600.0 6282300000.0 6919960000.0 354880000.0 17966300.0 1759320000.0 727922000.0 -2.46 [-2.46]
104713000000000.0 3893110000000000.0 58261600000.0 48775700000.0 187875000.0 22449500000.0 4240740000.0 426218.0 5391350000.0 24794900000.0 0.0 0.0 80681900.0 6189010000.0 6431030000.0 314611000.0 15274800.0 1778260000.0 707504000.0 -2.44 [-2.44]
104713000000000.0 3709620000000000.0 56773700000.0 45350600000.0 161233000.0 21695700000.0 3753720000.0 346703.0 5453320000.0 21904900000.0 0.0 0.0 77742000.0 6092010000.0 5971620000.0 278734000.0 12981600.0 1795800000.0 687300000.0 -2.42 [-2.42]
104713000000000.0 3535110000000000.0 55299300000.0 42149700000.0 138306000.0 20949200000.0 3319710000.0 281820.0 5511310000.0 19337400000.0 0.0 0.0 74893000.0 5991600000.0 5540470000.0 246802000.0 11028900.0 1811950000.0 667340000.0 -2.4 [-2.4]
104713000000000.0 3369900000000000.0 53846800000.0 39173400000.0 118653000.0 20216000000.0 2934710000.0 229073.0 5565350000.0 17066100000.0 0.0 0.0 72146600.0 5888470000.0 5138200000.0 218509000.0 9372260.0 1826620000.0 647745000.0 -2.38 [-2.38]
104713000000000.0 3212020000000000.0 52403800000.0 36382100000.0 101699000.0 19490500000.0 2591430000.0 185975.0 5615830000.0 15046200000.0 0.0 0.0 69476100.0 5782050000.0 4759690000.0 193276000.0 7957890.0 1839940000.0 628355000.0 -2.36 [-2.36]
104713000000000.0 3061850000000000.0 50978400000.0 33777800000.0 87137800.0 18778100000.0 2286790000.0 150907.0 5662800000.0 13258100000.0 0.0 0.0 66893000.0 5673040000.0 4405690000.0 170881000.0 6755310.0 1851820000.0 609285000.0 -2.34 [-2.34]
104713000000000.0 2919000000000000.0 49572000000.0 31349500000.0 74637300.0 18080500000.0 2016750000.0 122394.0 5706430000.0 11676500000.0 0.0 0.0 64396000.0 5561750000.0 4074990000.0 151018000.0 5733270.0 1862270000.0 590554000.0 -2.32 [-2.32]
104713000000000.0 2783110000000000.0 48185600000.0 29086600000.0 63912300.0 17398800000.0 1777670000.0 99228.9 5746880000.0 10279000000.0 0.0 0.0 61983700.0 5448470000.0 3766420000.0 133417000.0 4865050.0 1871260000.0 572182000.0 -2.3 [-2.3]
104713000000000.0 2653850000000000.0 46820500000.0 26978800000.0 54715200.0 16734200000.0 1566210000.0 80420.7 5784310000.0 9045240000.0 0.0 0.0 59654400.0 5333520000.0 3478820000.0 117831000.0 4127810.0 1878800000.0 554183000.0 -2.28 [-2.28]
104713000000000.0 2530160000000000.0 45469500000.0 25005500000.0 46800000.0 16083400000.0 1378630000.0 65108.3 5818980000.0 7952730000.0 0.0 0.0 57393300.0 5216590000.0 3209430000.0 103979000.0 3499480.0 1884950000.0 536465000.0 -2.26 [-2.26]
104713000000000.0 2413840000000000.0 44157300000.0 23190600000.0 40076800.0 15459100000.0 1214340000.0 52780.4 5850780000.0 6997190000.0 0.0 0.0 55237700.0 5099870000.0 2961900000.0 91837500.0 2970830.0 1889560000.0 519350000.0 -2.24 [-2.24]
104713000000000.0 2302500000000000.0 42861200000.0 21492600000.0 34292100.0 14849800000.0 1068780000.0 42746.7 5880130000.0 6151820000.0 0.0 0.0 53147100.0 4981750000.0 2730480000.0 81054800.0 2520310.0 1892750000.0 502539000.0 -2.22 [-2.22]
104713000000000.0 2195900000000000.0 41581800000.0 19904500000.0 29317800.0 14255700000.0 939909000.0 34587.0 5907170000.0 5404430000.0 0.0 0.0 51119600.0 4862430000.0 2514320000.0 71485200.0 2136580.0 1894490000.0 486038000.0 -2.2 [-2.2]
104713000000000.0 2095080000000000.0 40335500000.0 18438100000.0 25081000.0 13685000000.0 826868000.0 28005.3 5931880000.0 4749570000.0 0.0 0.0 49178700.0 4743620000.0 2315180000.0 63076200.0 1812760.0 1894790000.0 470056000.0 -2.18 [-2.18]
104713000000000.0 1999160000000000.0 39115400000.0 17076700000.0 21456800.0 13133900000.0 727339000.0 22676.2 5954480000.0 4173610000.0 0.0 0.0 47310400.0 4624910000.0 2130760000.0 55655200.0 1538290.0 1893640000.0 454501000.0 -2.16 [-2.16]
104713000000000.0 1907890000000000.0 37922100000.0 15813000000.0 18356900.0 12602300000.0 639743000.0 18362.1 5975090000.0 3667210000.0 0.0 0.0 45512600.0 4506540000.0 1960150000.0 49108000.0 1305680.0 1891030000.0 439375000.0 -2.14 [-2.14]
104713000000000.0 1821060000000000.0 36756300000.0 14641000000.0 15706500.0 12090200000.0 562696000.0 14870.6 5993850000.0 3222180000.0 0.0 0.0 43784000.0 4388750000.0 1802570000.0 43334600.0 1108620.0 1886930000.0 424684000.0 -2.12 [-2.12]
104713000000000.0 1738420000000000.0 35617700000.0 13553900000.0 13440300.0 11597200000.0 494930000.0 12044.6 6010860000.0 2831120000.0 0.0 0.0 42121600.0 4271800000.0 1656980000.0 38243300.0 941599.0 1881440000.0 410419000.0 -2.1 [-2.1]
104713000000000.0 1659760000000000.0 34506700000.0 12546000000.0 11502700.0 11122900000.0 435344000.0 9757.32 6026240000.0 2487580000.0 0.0 0.0 40523600.0 4155930000.0 1522580000.0 33754400.0 800028.0 1874590000.0 396578000.0 -2.08 [-2.08]
104713000000000.0 1584870000000000.0 33423400000.0 11611900000.0 9846270.0 10667000000.0 382963000.0 7906.17 6040090000.0 2185840000.0 0.0 0.0 38987900.0 4041330000.0 1398620000.0 29797400.0 680026.0 1866410000.0 383158000.0 -2.06 [-2.06]
104713000000000.0 1513590000000000.0 32368000000.0 10746500000.0 8430320.0 10229100000.0 336927000.0 6407.94 6052520000.0 1920860000.0 0.0 0.0 37512700.0 3928180000.0 1284370000.0 26309600.0 578300.0 1856920000.0 370156000.0 -2.04 [-2.04]
104713000000000.0 1446220000000000.0 31348200000.0 9950790000.0 7225980.0 9811890000.0 296661000.0 5200.12 6063580000.0 1689280000.0 0.0 0.0 36106400.0 3817480000.0 1179920000.0 23251300.0 492479.0 1846230000.0 357661000.0 -2.02 [-2.02]
104713000000000.0 1381600000000000.0 30348700000.0 9208500000.0 6190560.0 9408610000.0 261095000.0 4217.57 6073410000.0 1484910000.0 0.0 0.0 34746300.0 3707760000.0 1083040000.0 20540700.0 419283.0 1834250000.0 345480000.0 -2.0 [-2.0]
104713000000000.0 1320080000000000.0 29377100000.0 8521450000.0 5305370.0 9021940000.0 229844000.0 3422.01 6082060000.0 1305490000.0 0.0 0.0 33440800.0 3599970000.0 993922000.0 18151900.0 357193.0 1821070000.0 333702000.0 -1.98 [-1.98]
104713000000000.0 1261490000000000.0 28433100000.0 7885680000.0 4548510.0 8651350000.0 202384000.0 2777.7 6089600000.0 1147970000.0 0.0 0.0 32188200.0 3494210000.0 912000000.0 16046300.0 304507.0 1806750000.0 322319000.0 -1.96 [-1.96]
104713000000000.0 1205700000000000.0 27516700000.0 7297530000.0 3901300.0 8296340000.0 178256000.0 2255.75 6096110000.0 1009690000.0 0.0 0.0 30986600.0 3390610000.0 836734000.0 14190400.0 259784.0 1791330000.0 311325000.0 -1.94 [-1.94]
104713000000000.0 1152010000000000.0 26618000000.0 6747900000.0 3343750.0 7952690000.0 156909000.0 1830.35 6101650000.0 887466000.0 0.0 0.0 29821800.0 3288150000.0 766885000.0 12542500.0 221534.0 1774680000.0 300597000.0 -1.92 [-1.92]
104713000000000.0 1101970000000000.0 25765500000.0 6250550000.0 2874190.0 7630930000.0 138419000.0 1489.96 6106280000.0 781677000.0 0.0 0.0 28729200.0 3190190000.0 704178000.0 11111600.0 189537.0 1757420000.0 290470000.0 -1.9 [-1.9]
104713000000000.0 1053770000000000.0 24930100000.0 5785500000.0 2468960.0 7319470000.0 122040000.0 1211.93 6110050000.0 688068000.0 0.0 0.0 27670000.0 3093520000.0 645975000.0 9839390.0 162108.0 1739030000.0 280593000.0 -1.88 [-1.88]
104713000000000.0 1007860000000000.0 24121000000.0 5355620000.0 2122100.0 7021480000.0 107641000.0 0.0 6113010000.0 605859000.0 0.0 0.0 26654800.0 2999280000.0 592597000.0 8717130.0 138778.0 1719780000.0 271072000.0 -1.86 [-1.86]
104713000000000.0 963763000000000.0 23331200000.0 4955150000.0 1823470.0 6734060000.0 94914400.0 0.0 6115190000.0 533284000.0 0.0 0.0 25673900.0 2906770000.0 543249000.0 7721540.0 118813.0 1699560000.0 261821000.0 -1.84 [-1.84]
104713000000000.0 922449000000000.0 22580000000.0 4591140000.0 1570690.0 6463800000.0 83844500.0 0.0 6116680000.0 470211000.0 0.0 0.0 24749700.0 2818230000.0 498809000.0 6852890.0 102012.0 1678900000.0 253059000.0 -1.82 [-1.82]
104713000000000.0 882745000000000.0 21847200000.0 4251870000.0 1352680.0 6203110000.0 74048000.0 0.0 6117480000.0 414468000.0 0.0 0.0 23856800.0 2731470000.0 457714000.0 6081220.0 87599.5 1657400000.0 244550000.0 -1.8 [-1.8]
104713000000000.0 844572000000000.0 21132500000.0 3935660000.0 1164660.0 5951610000.0 65378500.0 0.0 6117620000.0 365207000.0 0.0 0.0 22993800.0 2646480000.0 419721000.0 5395700.0 75233.5 1635110000.0 236286000.0 -1.78 [-1.78]
104713000000000.0 808523000000000.0 20448200000.0 3646170000.0 1004470.0 5713350000.0 57794400.0 0.0 6117170000.0 322163000.0 0.0 0.0 22174800.0 2564740000.0 385261000.0 4793850.0 64749.2 1612440000.0 228405000.0 -1.76 [-1.76]
104713000000000.0 774163000000000.0 19787300000.0 3378710000.0 866999.0 5485590000.0 51115900.0 0.0 6116140000.0 284312000.0 0.0 0.0 21390500.0 2485520000.0 353704000.0 4261850.0 55791.8 1589290000.0 220825000.0 -1.74 [-1.74]
104713000000000.0 741412000000000.0 19149400000.0 3131600000.0 748953.0 5267860000.0 45232900.0 0.0 6114580000.0 251017000.0 0.0 0.0 20639400.0 2408780000.0 324808000.0 3791360.0 48131.9 1565720000.0 213535000.0 -1.72 [-1.72]
104713000000000.0 710190000000000.0 18533700000.0 2903320000.0 647534.0 5059740000.0 40048700.0 0.0 6112500000.0 221723000.0 0.0 0.0 19920400.0 2334500000.0 298354000.0 3375110.0 41575.7 1541790000.0 206527000.0 -1.7 [-1.7]
104713000000000.0 680423000000000.0 17939800000.0 2692400000.0 560340.0 4860810000.0 35478400.0 0.0 6109930000.0 195939000.0 0.0 0.0 19232100.0 2262650000.0 274136000.0 3006640.0 35958.5 1517560000.0 199791000.0 -1.68 [-1.68]
104713000000000.0 652040000000000.0 17367100000.0 2497520000.0 485330.0 4670640000.0 31447500.0 0.0 6106890000.0 173237000.0 0.0 0.0 18573100.0 2193190000.0 251962000.0 2680300.0 31140.8 1493110000.0 193318000.0 -1.66 [-1.66]
104713000000000.0 624972000000000.0 16814900000.0 2317450000.0 420754.0 4488850000.0 27890900.0 0.0 6103420000.0 153242000.0 0.0 0.0 17942300.0 2126090000.0 231661000.0 2391120.0 27004.4 1468500000.0 187100000.0 -1.64 [-1.64]
104713000000000.0 599156000000000.0 16282700000.0 2151040000.0 365121.0 4315070000.0 24751200.0 0.0 6099520000.0 135623000.0 0.0 0.0 17338400.0 2061300000.0 213074000.0 2134720.0 23449.1 1443760000.0 181126000.0 -1.62 [-1.62]
104713000000000.0 574530000000000.0 15769900000.0 1997240000.0 317156.0 4148910000.0 21978200.0 0.0 6095230000.0 120093000.0 0.0 0.0 16760400.0 1998760000.0 196053000.0 1907250.0 20389.8 1418980000.0 175389000.0 -1.6 [-1.6]
104713000000000.0 551037000000000.0 15275900000.0 1855070000.0 275770.0 3990040000.0 19527800.0 0.0 6090540000.0 106397000.0 0.0 0.0 16207200.0 1938440000.0 180465000.0 1705330.0 17754.3 1394180000.0 169879000.0 -1.58 [-1.58]
104713000000000.0 528726000000000.0 14802400000.0 1724240000.0 240140.0 3838830000.0 17367600.0 0.0 6085540000.0 94349500.0 0.0 0.0 15680100.0 1880560000.0 166250000.0 1526490.0 15487.8 1369560000.0 164614000.0 -1.56 [-1.56]
104713000000000.0 507228000000000.0 14341900000.0 1602110000.0 209144.0 3692820000.0 15445200.0 0.0 6080120000.0 83650900.0 0.0 0.0 15170700.0 1824210000.0 153108000.0 1366570.0 13518.2 1344780000.0 159511000.0 -1.54 [-1.54]
104713000000000.0 486790000000000.0 13900300000.0 1489610000.0 182408.0 3553710000.0 13748200.0 0.0 6074390000.0 74228500.0 0.0 0.0 14685000.0 1770140000.0 141112000.0 1224710.0 11820.0 1320230000.0 154631000.0 -1.52 [-1.52]
104713000000000.0 467420000000000.0 13478300000.0 1386260000.0 159368.0 3421570000.0 12252000.0 0.0 6068400000.0 65940800.0 0.0 0.0 14223400.0 1718430000.0 130193000.0 1099010.0 10356.4 1296040000.0 149980000.0 -1.5 [-1.5]
104713000000000.0 448806000000000.0 13069500000.0 1290020000.0 139311.0 3294320000.0 10920600.0 0.0 6062070000.0 58585000.0 0.0 0.0 13778700.0 1668320000.0 120115000.0 986588.0 9082.12 1271920000.0 145488000.0 -1.48 [-1.48]
104713000000000.0 431035000000000.0 12676000000.0 1200970000.0 121916.0 3172570000.0 9740500.0 0.0 6055450000.0 52080800.0 0.0 0.0 13353000.0 1620090000.0 110877000.0 886413.0 7976.36 1248040000.0 141177000.0 -1.46 [-1.46]
104713000000000.0 414061000000000.0 12297400000.0 1118530000.0 106813.0 3056020000.0 8693560.0 0.0 6048570000.0 46326000.0 0.0 0.0 12945400.0 1573670000.0 102403000.0 797070.0 7015.34 1224440000.0 137039000.0 -1.44 [-1.44]
104713000000000.0 397847000000000.0 11933000000.0 1042180000.0 93686.7 2944430000.0 7764230.0 0.0 6041420000.0 41231700.0 0.0 0.0 12555100.0 1528990000.0 94625600.0 717331.0 6179.02 1201160000.0 133068000.0 -1.42 [-1.42]
104713000000000.0 382356000000000.0 11582400000.0 971475000.0 82268.5 2837580000.0 6938890.0 0.0 6034030000.0 36720000.0 0.0 0.0 12181400.0 1486020000.0 87487400.0 646117.0 5450.34 1178200000.0 129258000.0 -1.4 [-1.4]
104713000000000.0 367554000000000.0 11245000000.0 905959000.0 72325.4 2735250000.0 6205390.0 0.0 6026410000.0 32722000.0 0.0 0.0 11823600.0 1444690000.0 80932500.0 582467.0 4814.55 1155560000.0 125601000.0 -1.38 [-1.38]
104713000000000.0 353404000000000.0 10920400000.0 845231000.0 63657.5 2637190000.0 5553070.0 0.0 6018560000.0 29177000.0 0.0 0.0 11480800.0 1404930000.0 74909200.0 525531.0 4259.01 1133280000.0 122091000.0 -1.36 [-1.36]
104713000000000.0 339880000000000.0 10608100000.0 788932000.0 56094.5 2543240000.0 4972650.0 0.0 6010510000.0 26032400.0 0.0 0.0 11152500.0 1366700000.0 69374900.0 474569.0 3773.03 1111410000.0 118723000.0 -1.34 [-1.34]
104713000000000.0 326947000000000.0 10307500000.0 736711000.0 49487.6 2453180000.0 4455830.0 0.0 6002260000.0 23241000.0 0.0 0.0 10838000.0 1329940000.0 64285600.0 428913.0 3347.25 1089950000.0 115490000.0 -1.32 [-1.32]
104713000000000.0 314579000000000.0 10018300000.0 688260000.0 43710.3 2366840000.0 3995350.0 0.0 5993820000.0 20762000.0 0.0 0.0 10536700.0 1294600000.0 59604400.0 387982.0 2973.74 1068930000.0 112387000.0 -1.3 [-1.3]
104713000000000.0 302750000000000.0 9740020000.0 643293000.0 38653.1 2284040000.0 3584840.0 0.0 5985210000.0 18559100.0 0.0 0.0 10248100.0 1260620000.0 55296900.0 351259.0 2645.65 1048340000.0 109409000.0 -1.28 [-1.28]
104713000000000.0 291433000000000.0 9472200000.0 601540000.0 34221.3 2204610000.0 3218610.0 0.0 5976440000.0 16600300.0 0.0 0.0 9971420.0 1227960000.0 51331000.0 318285.0 2357.05 1028200000.0 106550000.0 -1.26 [-1.26]
104713000000000.0 280603000000000.0 9214440000.0 562755000.0 30333.3 2128390000.0 2891670.0 0.0 5967510000.0 14857700.0 0.0 0.0 9706270.0 1196560000.0 47677800.0 288653.0 2102.84 1008510000.0 103806000.0 -1.24 [-1.24]
104713000000000.0 270238000000000.0 8966330000.0 526714000.0 26918.6 2055230000.0 2599620.0 0.0 5958450000.0 13306400.0 0.0 0.0 9452110.0 1166370000.0 44311000.0 262003.0 1878.63 989279000.0 101171000.0 -1.22 [-1.22]
104713000000000.0 260314000000000.0 8727490000.0 493209000.0 23916.3 1984990000.0 2338570.0 0.0 5949250000.0 11924600.0 0.0 0.0 9208440.0 1137350000.0 41206500.0 238016.0 1680.6 970506000.0 98641000.0 -1.2 [-1.2]
104713000000000.0 250812000000000.0 8497550000.0 462049000.0 21273.8 1917540000.0 2105070.0 0.0 5939920000.0 10693100.0 0.0 0.0 8974790.0 1109450000.0 38342700.0 216409.0 1505.47 952194000.0 96211700.0 -1.18 [-1.18]
104713000000000.0 241712000000000.0 8276130000.0 433056000.0 18945.2 1852740000.0 1896080.0 0.0 5930490000.0 9594800.0 0.0 0.0 8750720.0 1082640000.0 35699300.0 196930.0 1350.39 934341000.0 93878700.0 -1.16 [-1.16]
104713000000000.0 232994000000000.0 8062900000.0 406068000.0 16891.1 1790470000.0 1708910.0 0.0 5920960000.0 8614750.0 0.0 0.0 8535780.0 1056850000.0 33258000.0 179356.0 1212.87 916946000.0 91637900.0 -1.14 [-1.14]
104713000000000.0 224641000000000.0 7857530000.0 380937000.0 15077.0 1730610000.0 1541160.0 0.0 5911330000.0 7739690.0 0.0 0.0 8329590.0 1032060000.0 31002300.0 163486.0 1090.77 900006000.0 89485400.0 -1.12 [-1.12]
104713000000000.0 216635000000000.0 7659670000.0 357523000.0 13473.2 1673050000.0 1390730.0 0.0 5901620000.0 6957870.0 0.0 0.0 8131730.0 1008230000.0 28916800.0 149145.0 982.211 883516000.0 87417500.0 -1.1 [-1.1]
104713000000000.0 208960000000000.0 7469020000.0 335699000.0 12053.6 1617690000.0 1255740.0 0.0 5891840000.0 6258940.0 0.0 0.0 7941850.0 985303000.0 26987700.0 136175.0 885.575 867472000.0 85430600.0 -1.08 [-1.08]
104713000000000.0 201602000000000.0 7285290000.0 315348000.0 10795.7 1564430000.0 1134520.0 0.0 5881990000.0 5633730.0 0.0 0.0 7759590.0 963260000.0 25202100.0 124434.0 799.439 851869000.0 83521200.0 -1.06 [-1.06]
104713000000000.0 194544000000000.0 7108180000.0 296361000.0 9679.8 1513160000.0 1025600.0 0.0 5872090000.0 5074110.0 0.0 0.0 7584600.0 942059000.0 23548400.0 113799.0 722.563 836700000.0 81686000.0 -1.04 [-1.04]
104713000000000.0 187773000000000.0 6937410000.0 278639000.0 8688.85 1463810000.0 927676.0 0.0 5862140000.0 4572890.0 0.0 0.0 7416570.0 921665000.0 22016100.0 104156.0 653.866 821958000.0 79921800.0 -1.02 [-1.02]
104713000000000.0 181277000000000.0 6772720000.0 262090000.0 7807.85 1416280000.0 839576.0 0.0 5852160000.0 4123700.0 0.0 0.0 7255180.0 902046000.0 20595300.0 95407.1 592.403 807636000.0 78225700.0 -1.0 [-1.0]
104713000000000.0 175042000000000.0 6613860000.0 246630000.0 7023.75 1370490000.0 760267.0 0.0 5842140000.0 3720910.0 0.0 0.0 7100140.0 883171000.0 19277200.0 87462.2 537.343 793726000.0 76594800.0 -0.98 [-0.98]
104713000000000.0 169056000000000.0 6460570000.0 232178000.0 6325.09 1326360000.0 688824.0 0.0 5832100000.0 3359470.0 0.0 0.0 6951160.0 865006000.0 18053700.0 80241.5 487.957 780218000.0 75026100.0 -0.96 [-0.96]
104713000000000.0 163309000000000.0 6312650000.0 218665000.0 5701.96 1283840000.0 624435.0 0.0 5822040000.0 3034970.0 0.0 0.0 6808010.0 847527000.0 16917400.0 73674.5 443.613 767108000.0 73517300.0 -0.94 [-0.94]
104713000000000.0 157765000000000.0 6169210000.0 205971000.0 5144.28 1242670000.0 566230.0 0.0 5811940000.0 2742780.0 0.0 0.0 6669800.0 830629000.0 15857200.0 67684.9 403.66 754326000.0 72059500.0 -0.92 [-0.92]
104713000000000.0 152485000000000.0 6031900000.0 194186000.0 4648.14 1203280000.0 513953.0 0.0 5801920000.0 2481370.0 0.0 0.0 6538070.0 814504000.0 14879200.0 62251.2 367.855 742034000.0 70668800.0 -0.9 [-0.9]
104713000000000.0 147368000000000.0 5898110000.0 183059000.0 4202.09 1164970000.0 466526.0 0.0 5791820000.0 2245110.0 0.0 0.0 6410280.0 798841000.0 13961900.0 57277.0 335.45 730002000.0 69318600.0 -0.88 [-0.88]
104713000000000.0 142491000000000.0 5769950000.0 172718000.0 3804.38 1128300000.0 423877.0 0.0 5781820000.0 2033480.0 0.0 0.0 6288440.0 783890000.0 13114600.0 52756.9 306.339 718434000.0 68030100.0 -0.86 [-0.86]
104713000000000.0 137782000000000.0 5645540000.0 162985000.0 3446.88 1092760000.0 385228.0 0.0 5771800000.0 1842430.0 0.0 0.0 6170700.0 769427000.0 12322100.0 48621.1 279.988 707164000.0 66784200.0 -0.84 [-0.84]
104713000000000.0 133254000000000.0 5525240000.0 153857000.0 3125.97 1058430000.0 350268.0 0.0 5761800000.0 1670260.0 0.0 0.0 6057390.0 755493000.0 11583300.0 44841.8 256.161 696234000.0 65584300.0 -0.82 [-0.82]
104713000000000.0 128898000000000.0 5408890000.0 145292000.0 2837.62 1025290000.0 318629.0 0.0 5751840000.0 1515030.0 0.0 0.0 5948340.0 742068000.0 10894300.0 41385.6 234.594 685636000.0 64428600.0 -0.8 [-0.8]
104713000000000.0 124707000000000.0 5296330000.0 137252000.0 2578.25 993263000.0 289979.0 0.0 5741920000.0 1374980.0 0.0 0.0 5843350.0 729132000.0 10251300.0 38222.6 215.05 675359000.0 63315300.0 -0.78 [-0.78]
104713000000000.0 120675000000000.0 5187390000.0 129702000.0 2344.73 962317000.0 264021.0 0.0 5732040000.0 1248560.0 0.0 0.0 5742250.0 716663000.0 9650890.0 35325.8 197.322 665397000.0 62242500.0 -0.76 [-0.76]
104713000000000.0 116792000000000.0 5081910000.0 122608000.0 2134.26 932404000.0 240490.0 0.0 5722200000.0 1134380.0 0.0 0.0 5644880.0 704642000.0 9089820.0 32670.7 181.223 655737000.0 61208600.0 -0.74 [-0.74]
104713000000000.0 113055000000000.0 4979770000.0 115940000.0 1944.4 903487000.0 219149.0 0.0 5712420000.0 1031180.0 0.0 0.0 5551080.0 693053000.0 8565420.0 30235.5 166.59 646374000.0 60212000.0 -0.72 [-0.72]
104713000000000.0 109456000000000.0 4880810000.0 109669000.0 1772.95 875523000.0 199784.0 0.0 5702710000.0 937874.0 0.0 0.0 5460710.0 681878000.0 8074860.0 28000.3 153.276 637298000.0 59251300.0 -0.7 [-0.7]
104713000000000.0 105989000000000.0 4784900000.0 103770000.0 1617.99 848477000.0 182203.0 0.0 5693050000.0 853449.0 0.0 0.0 5373610.0 671099000.0 7615780.0 25947.3 141.149 628499000.0 58324800.0 -0.68 [-0.68]
104713000000000.0 102649000000000.0 4691920000.0 98217000.0 1477.78 822309000.0 166233.0 0.0 5683470000.0 777020.0 0.0 0.0 5289640.0 660700000.0 7185800.0 24060.1 130.093 619970000.0 57431200.0 -0.66 [-0.66]
104713000000000.0 99429400000000.0 4601730000.0 92988000.0 1350.83 796988000.0 151720.0 0.0 5673950000.0 707792.0 0.0 0.0 5208690.0 650666000.0 6782890.0 22324.2 120.003 611703000.0 56569200.0 -0.64 [-0.64]
104713000000000.0 96326300000000.0 4514220000.0 88062000.0 1235.75 772480000.0 138524.0 0.0 5664510000.0 645053.0 0.0 0.0 5130610.0 640983000.0 6405140.0 20726.5 110.787 603689000.0 55737400.0 -0.62 [-0.62]
104713000000000.0 93334400000000.0 4429290000.0 83419500.0 1131.36 748755000.0 126521.0 0.0 5655160000.0 588163.0 0.0 0.0 5055300.0 631636000.0 6050790.0 19254.8 102.361 595920000.0 54934700.0 -0.6 [-0.6]
104713000000000.0 90449000000000.0 4346820000.0 79042200.0 1036.58 725783000.0 115598.0 0.0 5645880000.0 536549.0 0.0 0.0 4982640.0 622611000.0 5718170.0 17898.2 94.6495 588389000.0 54159800.0 -0.58 [-0.58]
104713000000000.0 87665900000000.0 4266720000.0 74913600.0 950.438 703538000.0 105653.0 0.0 5636690000.0 489698.0 0.0 0.0 4912520.0 613897000.0 5405860.0 16647.1 87.5868 581088000.0 53411800.0 -0.56 [-0.56]
104713000000000.0 84969400000000.0 4188550000.0 71003600.0 871.947 681910000.0 96576.5 0.0 5627540000.0 447061.0 0.0 0.0 4844560.0 605445000.0 5111180.0 15490.6 81.1017 573980000.0 52686400.0 -0.54 [-0.54]
104713000000000.0 82378200000000.0 4112890000.0 67326600.0 800.639 661037000.0 88323.9 0.0 5618530000.0 408404.0 0.0 0.0 4779230.0 597316000.0 4835270.0 14424.3 0.0 567119000.0 51988800.0 -0.52 [-0.52]
104713000000000.0 79877100000000.0 4039300000.0 63854100.0 735.672 640813000.0 80800.8 0.0 5609610000.0 373258.0 0.0 0.0 4716140.0 589461000.0 4575710.0 13438.9 0.0 560467000.0 51314900.0 -0.5 [-0.5]
104713000000000.0 77462200000000.0 3967720000.0 60573600.0 676.434 621215000.0 73939.9 0.0 5600790000.0 341289.0 0.0 0.0 4655210.0 581870000.0 4331410.0 12527.6 0.0 554016000.0 50663700.0 -0.48 [-0.48]
104713000000000.0 75130200000000.0 3898040000.0 57473200.0 622.376 602219000.0 67680.4 0.0 5592070000.0 312195.0 0.0 0.0 4596340.0 574533000.0 4101340.0 11684.4 0.0 547761000.0 50034400.0 -0.46 [-0.46]
104713000000000.0 72886100000000.0 3830470000.0 54551300.0 0.0 583865000.0 61977.4 0.0 5583480000.0 285752.0 0.0 0.0 4539680.0 567466000.0 3885250.0 10904.8 0.0 541719000.0 49428400.0 -0.44 [-0.44]
104713000000000.0 70709300000000.0 3764380000.0 51778300.0 0.0 566007000.0 56760.1 0.0 5574960000.0 261615.0 0.0 0.0 4484700.0 560606000.0 3680830.0 10181.4 0.0 535835000.0 48840200.0 -0.42 [-0.42]
104713000000000.0 68606200000000.0 3699990000.0 49155100.0 0.0 548694000.0 51995.2 0.0 5566540000.0 239618.0 0.0 0.0 4431560.0 553971000.0 3488050.0 9510.87 0.0 530129000.0 48271500.0 -0.4 [-0.4]
104713000000000.0 66573100000000.0 3637210000.0 46672200.0 0.0 531901000.0 47641.1 0.0 5558220000.0 219560.0 0.0 0.0 4380170.0 547552000.0 3306070.0 8888.91 0.0 524594000.0 47721400.0 -0.38 [-0.38]
104713000000000.0 64607700000000.0 3575990000.0 44321600.0 0.0 515614000.0 43661.5 0.0 5550010000.0 201262.0 0.0 0.0 4330480.0 541342000.0 3134260.0 8311.68 0.0 519224000.0 47189300.0 -0.36 [-0.36]
104713000000000.0 62707400000000.0 3516280000.0 42095600.0 0.0 499816000.0 40023.0 0.0 5541910000.0 184562.0 0.0 0.0 4282420.0 535333000.0 2971950.0 7775.68 0.0 514015000.0 46674400.0 -0.34 [-0.34]
104713000000000.0 60869300000000.0 3457990000.0 39986700.0 0.0 484486000.0 36695.0 0.0 5533920000.0 169314.0 0.0 0.0 4235920.0 529516000.0 2818520.0 7277.65 0.0 508961000.0 46176200.0 -0.32 [-0.32]
104713000000000.0 59091200000000.0 3401080000.0 37988300.0 0.0 469612000.0 33650.0 0.0 5526030000.0 155385.0 0.0 0.0 4190930.0 523884000.0 2673410.0 6814.66 0.0 504057000.0 45693900.0 -0.3 [-0.3]
104713000000000.0 57370700000000.0 3345490000.0 36094000.0 0.0 455178000.0 30863.3 0.0 5518260000.0 142655.0 0.0 0.0 4147380.0 518432000.0 2536130.0 6384.0 0.0 499297000.0 45227000.0 -0.28 [-0.28]
104713000000000.0 55705700000000.0 3291180000.0 34297800.0 0.0 441168000.0 28312.0 0.0 5510590000.0 131016.0 0.0 0.0 4105220.0 513150000.0 2406150.0 5983.21 0.0 494678000.0 44774900.0 -0.26 [-0.26]
104713000000000.0 54094000000000.0 3238080000.0 32594300.0 0.0 427568000.0 25975.6 0.0 5503030000.0 120371.0 0.0 0.0 4064400.0 508035000.0 2283020.0 5610.01 0.0 490195000.0 44337000.0 -0.24 [-0.24]
104713000000000.0 52533600000000.0 3186170000.0 30978200.0 0.0 414366000.0 23835.4 0.0 5495580000.0 110629.0 0.0 0.0 4024880.0 503078000.0 2166370.0 5262.34 0.0 485842000.0 43912900.0 -0.22 [-0.22]
104713000000000.0 51022800000000.0 3135380000.0 29444800.0 0.0 401550000.0 21874.6 0.0 5488250000.0 101713.0 0.0 0.0 3986600.0 498276000.0 2055800.0 4938.28 0.0 481617000.0 43502100.0 -0.2 [-0.2]
104713000000000.0 49559300000000.0 3085680000.0 27989200.0 0.0 389103000.0 20077.2 0.0 5481020000.0 93546.3 0.0 0.0 3949510.0 493620000.0 1950880.0 4636.06 0.0 477514000.0 43103900.0 -0.18 [-0.18]
104713000000000.0 48141000000000.0 3037020000.0 26607000.0 0.0 377007000.0 18428.9 0.0 5473900000.0 86064.1 0.0 0.0 3913550.0 489106000.0 1851170.0 4354.07 0.0 473529000.0 42717900.0 -0.16 [-0.16]
104713000000000.0 46762800000000.0 2989210000.0 25291400.0 0.0 365233000.0 16915.7 0.0 5466870000.0 79197.1 0.0 0.0 3878600.0 484715000.0 1756340.0 4090.62 0.0 469647000.0 42342600.0 -0.14 [-0.14]
104713000000000.0 45435300000000.0 2942670000.0 24047900.0 0.0 353853000.0 15531.6 0.0 5459990000.0 72918.9 0.0 0.0 3844940.0 480484000.0 1666720.0 3845.01 0.0 465900000.0 41981000.0 -0.12 [-0.12]
104713000000000.0 44144800000000.0 2896930000.0 22863900.0 0.0 342767000.0 14259.7 0.0 5453200000.0 67153.3 0.0 0.0 3812200.0 476368000.0 1581230.0 3615.34 0.0 462250000.0 41629300.0 -0.1 [-0.1]
104713000000000.0 42893100000000.0 2852070000.0 21738500.0 0.0 331992000.0 13092.5 0.0 5446520000.0 61861.6 0.0 0.0 3780440.0 472372000.0 1499950.0 3400.62 0.0 458702000.0 41288000.0 -0.08 [-0.08]
104713000000000.0 41679400000000.0 2808080000.0 20669100.0 0.0 321519000.0 12021.0 0.0 5439940000.0 57005.0 0.0 0.0 3749640.0 468495000.0 1422580.0 3199.82 0.0 455255000.0 40957000.0 -0.06 [-0.06]
104713000000000.0 40502100000000.0 2764920000.0 19652600.0 0.0 311337000.0 11037.3 0.0 5433470000.0 52545.5 0.0 0.0 3719750.0 464731000.0 1348900.0 3011.95 0.0 451905000.0 40635700.0 -0.04 [-0.04]
104713000000000.0 39359900000000.0 2722570000.0 18686200.0 0.0 301437000.0 10133.9 0.0 5427110000.0 48449.2 0.0 0.0 3690750.0 461078000.0 1278700.0 2836.1 0.0 448649000.0 40323900.0 -0.02 [-0.02]
104713000000000.0 38251400000000.0 2680990000.0 17767200.0 0.0 291807000.0 9303.98 0.0 5420850000.0 44685.4 0.0 0.0 3662610.0 457529000.0 1211780.0 2671.44 0.0 445484000.0 40021300.0 -0.0 [-0.0]
104713000000000.0 37177200000000.0 2640190000.0 16893900.0 0.0 282468000.0 8542.97 0.0 5414700000.0 41225.9 0.0 0.0 3635320.0 454087000.0 1148490.0 2517.18 0.0 442409000.0 39727900.0 0.02 [0.02]
104713000000000.0 36132600000000.0 2600090000.0 16062700.0 0.0 273353000.0 7842.27 0.0 5408650000.0 38044.8 0.0 0.0 3608780.0 450739000.0 1087560.0 2372.61 0.0 439416000.0 39442400.0 0.04 [0.04]
104713000000000.0 35118200000000.0 2560680000.0 15271900.0 0.0 264480000.0 7198.16 0.0 5402700000.0 35119.0 0.0 0.0 3583010.0 447484000.0 1029340.0 2237.06 0.0 436505000.0 39165200.0 0.06 [0.06]
104713000000000.0 34132800000000.0 2521940000.0 14519600.0 0.0 255839000.0 6605.95 0.0 5396860000.0 32427.0 0.0 0.0 3557960.0 444320000.0 973689.0 2109.92 0.0 433673000.0 38895800.0 0.08 [0.08]
104713000000000.0 33175200000000.0 2483840000.0 13803600.0 0.0 247421000.0 6061.36 0.0 5391100000.0 29949.3 0.0 0.0 3533620.0 441242000.0 920460.0 1990.63 0.0 430917000.0 38633800.0 0.1 [0.1]
104713000000000.0 32242500000000.0 2446300000.0 13121300.0 0.0 239199000.0 5559.85 0.0 5385440000.0 27666.3 0.0 0.0 3509900.0 438241000.0 869345.0 1878.61 0.0 428229000.0 38378700.0 0.12 [0.12]
104713000000000.0 31337700000000.0 2409460000.0 12473100.0 0.0 231198000.0 5098.94 0.0 5379880000.0 25566.1 0.0 0.0 3486890.0 435328000.0 820464.0 1773.48 0.0 425619000.0 38131000.0 0.14 [0.14]
104713000000000.0 30457600000000.0 2373200000.0 11856100.0 0.0 223391000.0 4674.75 0.0 5374420000.0 23631.4 0.0 0.0 3464510.0 432492000.0 773565.0 1674.73 0.0 423077000.0 37890100.0 0.16 [0.16]
104713000000000.0 29601300000000.0 2337520000.0 11268900.0 0.0 215767000.0 4284.23 0.0 5369050000.0 21848.7 0.0 0.0 3442720.0 429730000.0 728515.0 1581.94 0.0 420600000.0 37655700.0 0.18 [0.18]
104713000000000.0 28769600000000.0 2302470000.0 10710700.0 0.0 208328000.0 3924.9 0.0 5363790000.0 20207.2 0.0 0.0 3421550.0 427044000.0 685247.0 1494.76 0.0 418193000.0 37427900.0 0.2 [0.2]
104713000000000.0 27954500000000.0 2267720000.0 10176900.0 0.0 201020000.0 3593.1 0.0 5358570000.0 18689.5 0.0 0.0 3400810.0 424409000.0 643454.0 1412.68 0.0 415831000.0 37204600.0 0.22 [0.22]
104713000000000.0 27163700000000.0 2233650000.0 9670330.0 0.0 193886000.0 3287.87 0.0 5353480000.0 17292.8 0.0 0.0 3380670.0 421849000.0 603261.0 1335.56 0.0 413538000.0 36987800.0 0.24 [0.24]
104713000000000.0 26395700000000.0 2200230000.0 9189390.0 0.0 186914000.0 3006.96 0.0 5348480000.0 16006.5 0.0 0.0 3361120.0 419360000.0 564562.0 1263.05 0.0 411310000.0 36777300.0 0.26 [0.26]
104713000000000.0 25640200000000.0 2167010000.0 8728830.0 0.0 180023000.0 2746.91 0.0 5343520000.0 14815.6 0.0 0.0 3341870.0 416907000.0 526898.0 1194.7 0.0 409116000.0 36570200.0 0.28 [0.28]
104713000000000.0 24905000000000.0 2134400000.0 8291490.0 0.0 173258000.0 2507.16 0.0 5338660000.0 13718.5 0.0 0.0 3323130.0 414516000.0 490405.0 1130.42 0.0 406980000.0 36368600.0 0.3 [0.3]
104713000000000.0 24186200000000.0 2102250000.0 7875120.0 0.0 166588000.0 2285.71 0.0 5333880000.0 12705.9 0.0 0.0 3304810.0 412174000.0 454940.0 1069.89 0.0 404892000.0 36171400.0 0.32 [0.32]
104713000000000.0 23482400000000.0 2070560000.0 7478650.0 0.0 159987000.0 2080.87 0.0 5329170000.0 11771.1 0.0 0.0 3286870.0 409876000.0 420336.0 1012.88 0.0 402847000.0 35978300.0 0.34 [0.34]
104713000000000.0 22791600000000.0 2039290000.0 7101040.0 0.0 153419000.0 1890.95 0.0 5324520000.0 10907.9 0.0 0.0 3269250.0 407615000.0 386334.0 959.185 0.0 400840000.0 35788700.0 0.36 [0.36]
104713000000000.0 22112900000000.0 2008550000.0 6742060.0 0.0 146845000.0 1714.38 0.0 5319930000.0 10112.0 0.0 0.0 3251930.0 405387000.0 352620.0 908.636 0.0 398870000.0 35602500.0 0.38 [0.38]
104713000000000.0 21440300000000.0 1978090000.0 6399320.0 0.0 140202000.0 1549.57 0.0 5315380000.0 9375.84 0.0 0.0 3234750.0 403169000.0 319043.0 860.983 0.0 396919000.0 35417800.0 0.4 [0.4]
104713000000000.0 20770300000000.0 1947910000.0 6072160.0 0.0 133417000.0 1395.01 0.0 5310840000.0 8695.13 0.0 0.0 3217640.0 400950000.0 285274.0 816.072 0.0 394978000.0 35233800.0 0.42 [0.42]
104713000000000.0 20107100000000.0 1918500000.0 5763200.0 0.0 126442000.0 1249.74 0.0 5306370000.0 8070.17 0.0 0.0 3200680.0 398741000.0 251073.0 773.875 0.0 393062000.0 35051700.0 0.44 [0.44]
104713000000000.0 19420100000000.0 1888790000.0 5464850.0 0.0 118905000.0 1109.3 0.0 5301780000.0 7488.71 0.0 0.0 3183090.0 396429000.0 214951.0 734.047 0.0 391082000.0 34863000.0 0.46 [0.46]
104713000000000.0 14111800000000.0 1765040000.0 4209440.0 0.0 34781600.0 297.045 0.0 5283670000.0 6801.58 0.0 0.0 3046700.0 374503000.0 872.695 701.117 0.0 375727000.0 33420900.0 0.48 [0.48]
104713000000000.0 13511600000000.0 1726940000.0 3945480.0 0.0 31494100.0 257.821 0.0 5280060000.0 6265.13 0.0 0.0 3031370.0 372084000.0 661.212 664.847 0.0 373857000.0 33257400.0 0.5 [0.5]
104713000000000.0 12981900000000.0 1691130000.0 3711670.0 0.0 28907300.0 226.777 0.0 5276650000.0 5776.16 0.0 0.0 3017820.0 369952000.0 548.537 630.668 0.0 372203000.0 33112800.0 0.52 [0.52]
104713000000000.0 12497700000000.0 1656750000.0 3499070.0 0.0 26736900.0 201.002 0.0 5273390000.0 5328.25 0.0 0.0 3005420.0 367998000.0 478.259 598.408 0.0 370691000.0 32980600.0 0.54 [0.54]
104713000000000.0 12042900000000.0 1623030000.0 3301520.0 0.0 24846000.0 179.013 0.0 5270210000.0 4914.65 0.0 0.0 2993760.0 366149000.0 429.707 567.871 0.0 369268000.0 32856300.0 0.56 [0.56]
104713000000000.0 11615700000000.0 1590150000.0 3118200.0 0.0 23173100.0 160.039 0.0 5267150000.0 4534.24 0.0 0.0 2982800.0 364400000.0 393.561 539.0 0.0 367932000.0 32739600.0 0.58 [0.58]
104713000000000.0 11210400000000.0 1557850000.0 2946780.0 0.0 21671200.0 143.492 0.0 5264180000.0 4183.36 0.0 0.0 2972390.0 362726000.0 364.985 511.674 0.0 366664000.0 32628700.0 0.6 [0.6]
104713000000000.0 10825600000000.0 1526160000.0 2786380.0 0.0 20312100.0 128.974 0.0 5261310000.0 3860.01 0.0 0.0 2962500.0 361121000.0 341.317 485.811 0.0 365460000.0 32523500.0 0.62 [0.62]
104713000000000.0 10456700000000.0 1494800000.0 2635140.0 0.0 19070000.0 116.148 0.0 5258510000.0 3560.97 0.0 0.0 2953000.0 359564000.0 320.962 461.3 0.0 364306000.0 32422500.0 0.64 [0.64]
104713000000000.0 10102300000000.0 1463750000.0 2492350.0 0.0 17928600.0 104.77 0.0 5255790000.0 3284.4 0.0 0.0 2943860.0 358048000.0 302.961 438.063 0.0 363197000.0 32325600.0 0.66 [0.66]
104713000000000.0 9763660000000.0 1433220000.0 2358080.0 0.0 16878800.0 94.6626 0.0 5253150000.0 3029.39 0.0 0.0 2935130.0 356581000.0 286.725 416.052 0.0 362138000.0 32232900.0 0.68 [0.68]
104713000000000.0 9438930000000.0 1403100000.0 2231400.0 0.0 15907800.0 85.6492 0.0 5250590000.0 2793.97 0.0 0.0 2926740.0 355157000.0 271.85 395.189 0.0 361122000.0 32144100.0 0.7 [0.7]
104713000000000.0 9126710000000.0 1373350000.0 2111700.0 0.0 15006900.0 77.5906 0.0 5248110000.0 2576.49 0.0 0.0 2918670.0 353767000.0 258.061 375.405 0.0 360146000.0 32058700.0 0.72 [0.72]
104713000000000.0 8826240000000.0 1343950000.0 1998530.0 0.0 14168800.0 70.3712 0.0 5245700000.0 2375.57 0.0 0.0 2910890.0 352408000.0 245.182 356.641 0.0 359207000.0 31976500.0 0.74 [0.74]
104713000000000.0 8536950000000.0 1314920000.0 1891470.0 0.0 13387400.0 63.8913 0.0 5243360000.0 2190.0 0.0 0.0 2903390.0 351078000.0 233.088 338.842 0.0 358303000.0 31897400.0 0.76 [0.76]
104713000000000.0 8258850000000.0 1286300000.0 1790330.0 0.0 12658100.0 58.0686 0.0 5241080000.0 2018.75 0.0 0.0 2896170.0 349778000.0 221.694 321.958 0.0 357434000.0 31821400.0 0.78 [0.78]
104713000000000.0 7990180000000.0 1257980000.0 1694380.0 0.0 11974800.0 52.8224 0.0 5238870000.0 1860.45 0.0 0.0 2889180.0 348499000.0 210.922 305.932 0.0 356595000.0 31748000.0 0.8 [0.8]
104713000000000.0 7731110000000.0 1230010000.0 1603490.0 0.0 11334200.0 48.0922 0.0 5236720000.0 1714.27 0.0 0.0 2882430.0 347241000.0 200.724 290.72 0.0 355787000.0 31677200.0 0.82 [0.82]
104713000000000.0 7481340000000.0 1202410000.0 1517410.0 0.0 10733100.0 43.8225 0.0 5234640000.0 1579.34 0.0 0.0 2875920.0 346004000.0 191.056 276.281 0.0 355007000.0 31609100.0 0.84 [0.84]
104713000000000.0 7239770000000.0 1175110000.0 1435650.0 0.0 10167000.0 39.9598 0.0 5232610000.0 1454.69 0.0 0.0 2869610.0 344782000.0 181.88 262.568 0.0 354254000.0 31543200.0 0.86 [0.86]
104713000000000.0 7007260000000.0 1148230000.0 1358290.0 0.0 9634970.0 36.4673 0.0 5230640000.0 1339.79 0.0 0.0 2863520.0 343581000.0 173.17 249.551 0.0 353530000.0 31479800.0 0.88 [0.88]
104713000000000.0 6782690000000.0 1121710000.0 1284920.0 0.0 9133830.0 33.3577 0.0 5228720000.0 1232.43 0.0 0.0 2857630.0 342394000.0 164.896 237.189 0.0 352830000.0 31418600.0 0.9 [0.9]
104713000000000.0 6565780000000.0 1095540000.0 1215330.0 0.0 8661360.0 30.574 0.0 5226870000.0 1132.88 0.0 0.0 2851930.0 341220000.0 157.033 225.448 0.0 352155000.0 31359500.0 0.92 [0.92]
104713000000000.0 6356430000000.0 1069750000.0 1149310.0 0.0 8215290.0 28.0407 0.0 5225060000.0 1041.57 0.0 0.0 2846410.0 340061000.0 149.558 214.296 0.0 351504000.0 31302600.0 0.94 [0.94]
104713000000000.0 6154600000000.0 1044380000.0 1086750.0 0.0 7794150.0 25.7344 0.0 5223310000.0 957.824 0.0 0.0 2841080.0 338916000.0 142.452 203.704 0.0 350877000.0 31247700.0 0.96 [0.96]
104713000000000.0 5959450000000.0 1019350000.0 1027300.0 0.0 7395620.0 23.6312 0.0 5221610000.0 880.93 0.0 0.0 2835920.0 337780000.0 135.692 193.64 0.0 350270000.0 31194700.0 0.98 [0.98]
104713000000000.0 5770580000000.0 994656000.0 970816.0 0.0 7018470.0 21.7128 0.0 5219960000.0 810.279 0.0 0.0 2830910.0 336650000.0 129.26 184.076 0.0 349684000.0 31143500.0 1.0 [1.0]
