H	H+	C+	C+2	C+3	N+	N+2	N+4	O	O+2	O+5	O+6	P+	Si+	Si+2	Si+3	Si+4	Fe+	Al+
6.45654e+14	2.17984e+19	4.97768e+10	7.07180e+12	2.51723e+13	3.66533e+09	1.12691e+12	2.26274e+13	2.76386e+05	2.98941e+12	2.51894e+14	3.78342e+14	2.57265e+06	4.05211e+07	1.95277e+09	8.91160e+09	8.82212e+11	8.81123e+03	1.22428e+06
6.45654e+14	2.06440e+19	5.38835e+10	7.45129e+12	2.55206e+13	3.99872e+09	1.19844e+12	2.22922e+13	3.09313e+05	3.19105e+12	2.38843e+14	3.41637e+14	3.02164e+06	4.79737e+07	2.26294e+09	9.99032e+09	9.36745e+11	1.07003e+04	1.46523e+06
6.45654e+14	1.95540e+19	5.82715e+10	7.84190e+12	2.58438e+13	4.35890e+09	1.27310e+12	2.19264e+13	3.46159e+05	3.40193e+12	2.25978e+14	3.07907e+14	3.54324e+06	5.66872e+07	2.61818e+09	1.11819e+10	9.93175e+11	1.29837e+04	1.74919e+06
6.45654e+14	1.85243e+19	6.29515e+10	8.24320e+12	2.61410e+13	4.74702e+09	1.35078e+12	2.15310e+13	3.87329e+05	3.62179e+12	2.13344e+14	2.76969e+14	4.14788e+06	6.68539e+07	3.02433e+09	1.24962e+10	1.05145e+12	1.57408e+04	2.08314e+06
6.45654e+14	1.75509e+19	6.79341e+10	8.65476e+12	2.64117e+13	5.16422e+09	1.43139e+12	2.11070e+13	4.33264e+05	3.85037e+12	2.00978e+14	2.48649e+14	4.84727e+06	7.86914e+07	3.48795e+09	1.39439e+10	1.11151e+12	1.90659e+04	2.47506e+06
6.45654e+14	1.66306e+19	7.32332e+10	9.07618e+12	2.66549e+13	5.61194e+09	1.51484e+12	2.06559e+13	4.84502e+05	4.08747e+12	1.88919e+14	2.22786e+14	5.65482e+06	9.24469e+07	4.01630e+09	1.55358e+10	1.17327e+12	2.30719e+04	2.93408e+06
6.45654e+14	1.57601e+19	7.88612e+10	9.50694e+12	2.68702e+13	6.09146e+09	1.60099e+12	2.01792e+13	5.41627e+05	4.33282e+12	1.77199e+14	1.99218e+14	6.58548e+06	1.08398e+08	4.61742e+09	1.72836e+10	1.23663e+12	2.78930e+04	3.47057e+06
6.45654e+14	1.49367e+19	8.48305e+10	9.94648e+12	2.70567e+13	6.60403e+09	1.68970e+12	1.96784e+13	6.05284e+05	4.58609e+12	1.65848e+14	1.77790e+14	7.65599e+06	1.26858e+08	5.30017e+09	1.91995e+10	1.30149e+12	3.36883e+04	4.09639e+06
6.45654e+14	1.41574e+19	9.11543e+10	1.03942e+13	2.72140e+13	7.15090e+09	1.78080e+12	1.91553e+13	6.76212e+05	4.84695e+12	1.54888e+14	1.58350e+14	8.88524e+06	1.48181e+08	6.07448e+09	2.12966e+10	1.36773e+12	4.06482e+04	4.82510e+06
6.45654e+14	1.34199e+19	9.78410e+10	1.08493e+13	2.73414e+13	7.73287e+09	1.87403e+12	1.86119e+13	7.55174e+05	5.11489e+12	1.44345e+14	1.40758e+14	1.02935e+07	1.72750e+08	6.95089e+09	2.35877e+10	1.43519e+12	4.89942e+04	5.67180e+06
6.45654e+14	1.27217e+19	1.04903e+11	1.13109e+13	2.74384e+13	8.35104e+09	1.96918e+12	1.80502e+13	8.43083e+05	5.38949e+12	1.34233e+14	1.24874e+14	1.19040e+07	2.01008e+08	7.94131e+09	2.60870e+10	1.50372e+12	5.89920e+04	6.65390e+06
6.45654e+14	1.20607e+19	1.12350e+11	1.17781e+13	2.75046e+13	9.00623e+09	2.06599e+12	1.74723e+13	9.40929e+05	5.67022e+12	1.24565e+14	1.10570e+14	1.37421e+07	2.33439e+08	9.05868e+09	2.88092e+10	1.57317e+12	7.09546e+04	7.79097e+06
6.45654e+14	1.14346e+19	1.20187e+11	1.22499e+13	2.75394e+13	9.69879e+09	2.16413e+12	1.68804e+13	1.04977e+06	5.95645e+12	1.15351e+14	9.77158e+13	1.58355e+07	2.70577e+08	1.03170e+10	3.17693e+10	1.64333e+12	8.52495e+04	9.10517e+06
6.45654e+14	1.08415e+19	1.28424e+11	1.27253e+13	2.75426e+13	1.04295e+10	2.26331e+12	1.62769e+13	1.17090e+06	6.24771e+12	1.06596e+14	8.61921e+13	1.82153e+07	3.13019e+08	1.17318e+10	3.49827e+10	1.71400e+12	1.02312e+05	1.06214e+07
6.45654e+14	1.02798e+19	1.37068e+11	1.32030e+13	2.75137e+13	1.11988e+10	2.36320e+12	1.56642e+13	1.30571e+06	6.54339e+12	9.83031e+13	7.58848e+13	2.09151e+07	3.61417e+08	1.33195e+10	3.84651e+10	1.78498e+12	1.22651e+05	1.23676e+07
6.45654e+14	9.74756e+18	1.46124e+11	1.36818e+13	2.74526e+13	1.20071e+10	2.46345e+12	1.50447e+13	1.45578e+06	6.84295e+12	9.04713e+13	6.66864e+13	2.39723e+07	4.16490e+08	1.50981e+10	4.22325e+10	1.85602e+12	1.46866e+05	1.43751e+07
6.45654e+14	9.24330e+18	1.55596e+11	1.41603e+13	2.73590e+13	1.28543e+10	2.56371e+12	1.44208e+13	1.62290e+06	7.14575e+12	8.30965e+13	5.84957e+13	2.74271e+07	4.79023e+08	1.70872e+10	4.63010e+10	1.92687e+12	1.75659e+05	1.66791e+07
6.45654e+14	8.76550e+18	1.65487e+11	1.46372e+13	2.72329e+13	1.37407e+10	2.66359e+12	1.37950e+13	1.80906e+06	7.45117e+12	7.61720e+13	5.12184e+13	3.13234e+07	5.49874e+08	1.93074e+10	5.06871e+10	1.99728e+12	2.09845e+05	1.93180e+07
6.45654e+14	8.31271e+18	1.75796e+11	1.51109e+13	2.70741e+13	1.46660e+10	2.76271e+12	1.31697e+13	2.01653e+06	7.75856e+12	6.96882e+13	4.47667e+13	3.57082e+07	6.29974e+08	2.17813e+10	5.54068e+10	2.06697e+12	2.50356e+05	2.23329e+07
6.45654e+14	7.88361e+18	1.86522e+11	1.55798e+13	2.68827e+13	1.56299e+10	2.86069e+12	1.25472e+13	2.24786e+06	8.06732e+12	6.36340e+13	3.90592e+13	4.06336e+07	7.20333e+08	2.45326e+10	6.04761e+10	2.13565e+12	2.98322e+05	2.57741e+07
6.45654e+14	7.47694e+18	1.97663e+11	1.60422e+13	2.66589e+13	1.66323e+10	2.95714e+12	1.19299e+13	2.50596e+06	8.37681e+12	5.79957e+13	3.40206e+13	4.61555e+07	8.22042e+08	2.75866e+10	6.59107e+10	2.20303e+12	3.55042e+05	2.96952e+07
6.45654e+14	7.09150e+18	2.09212e+11	1.64965e+13	2.64029e+13	1.76726e+10	3.05168e+12	1.13198e+13	2.79410e+06	8.68639e+12	5.27585e+13	2.95818e+13	5.23337e+07	9.36276e+08	3.09704e+10	7.17255e+10	2.26880e+12	4.22018e+05	3.41553e+07
6.45654e+14	6.72619e+18	2.21164e+11	1.69408e+13	2.61151e+13	1.87504e+10	3.14394e+12	1.07192e+13	3.11599e+06	8.99544e+12	4.79062e+13	2.56793e+13	5.92327e+07	1.06429e+09	3.47123e+10	7.79346e+10	2.33264e+12	5.00995e+05	3.92197e+07
6.45654e+14	6.37993e+18	2.33508e+11	1.73735e+13	2.57958e+13	1.98651e+10	3.23355e+12	1.01298e+13	3.47584e+06	9.30331e+12	4.34218e+13	2.22553e+13	6.69210e+07	1.20744e+09	3.88420e+10	8.45512e+10	2.39423e+12	5.93992e+05	4.49602e+07
6.45654e+14	6.05174e+18	2.46232e+11	1.77925e+13	2.54457e+13	2.10161e+10	3.32018e+12	9.55344e+12	3.87839e+06	9.60941e+12	3.92874e+13	1.92569e+13	7.54717e+07	1.36714e+09	4.33908e+10	9.15871e+10	2.45326e+12	7.03340e+05	5.14555e+07
6.45654e+14	5.74066e+18	2.59323e+11	1.81962e+13	2.50656e+13	2.22026e+10	3.40349e+12	8.99177e+12	4.32903e+06	9.91308e+12	3.54846e+13	1.66362e+13	8.49618e+07	1.54492e+09	4.83909e+10	9.90527e+10	2.50939e+12	8.31725e+05	5.87919e+07
6.45654e+14	5.44579e+18	2.72763e+11	1.85826e+13	2.46562e+13	2.34240e+10	3.48316e+12	8.44620e+12	4.83384e+06	1.02137e+13	3.19951e+13	1.43500e+13	9.54732e+07	1.74237e+09	5.38761e+10	1.06957e+11	2.56230e+12	9.82243e+05	6.70634e+07
6.45654e+14	5.16630e+18	2.86537e+11	1.89499e+13	2.42185e+13	2.46799e+10	3.55891e+12	7.91796e+12	5.39978e+06	1.05108e+13	2.88001e+13	1.23593e+13	1.07092e+08	1.96118e+09	5.98806e+10	1.15304e+11	2.61167e+12	1.15844e+06	7.63722e+07
6.45654e+14	4.90139e+18	3.00622e+11	1.92964e+13	2.37537e+13	2.59693e+10	3.63048e+12	7.40814e+12	6.03462e+06	1.08037e+13	2.58813e+13	1.06290e+13	1.19908e+08	2.20310e+09	6.64397e+10	1.24100e+11	2.65717e+12	1.36440e+06	8.68296e+07
6.45654e+14	4.65027e+18	3.14994e+11	1.96202e+13	2.32630e+13	2.72916e+10	3.69760e+12	6.91760e+12	6.74717e+06	1.10917e+13	2.32205e+13	9.12761e+12	1.34013e+08	2.46996e+09	7.35890e+10	1.33345e+11	2.69851e+12	1.60476e+06	9.85554e+07
6.45654e+14	4.41224e+18	3.29627e+11	1.99197e+13	2.27478e+13	2.86462e+10	3.76008e+12	6.44704e+12	7.54740e+06	1.13744e+13	2.08000e+13	7.82711e+12	1.49503e+08	2.76364e+09	8.13641e+10	1.43037e+11	2.73538e+12	1.88485e+06	1.11679e+08
6.45654e+14	4.18662e+18	3.44491e+11	2.01932e+13	2.22096e+13	3.00324e+10	3.81770e+12	5.99700e+12	8.44657e+06	1.16512e+13	1.86025e+13	6.70253e+12	1.66473e+08	3.08605e+09	8.98004e+10	1.53170e+11	2.76750e+12	2.21072e+06	1.26340e+08
6.45654e+14	3.97270e+18	3.59553e+11	2.04391e+13	2.16500e+13	3.14492e+10	3.87027e+12	5.56775e+12	9.45740e+06	1.19213e+13	1.66114e+13	5.73156e+12	1.85025e+08	3.43917e+09	9.89320e+10	1.63734e+11	2.79457e+12	2.58924e+06	1.42686e+08
6.45654e+14	3.76992e+18	3.74781e+11	2.06561e+13	2.10708e+13	3.28962e+10	3.91767e+12	5.15954e+12	1.05942e+07	1.21845e+13	1.48109e+13	4.89463e+12	2.05252e+08	3.82498e+09	1.08793e+11	1.74716e+11	2.81638e+12	3.02825e+06	1.60876e+08
6.45654e+14	3.57768e+18	3.90139e+11	2.08429e+13	2.04740e+13	3.43728e+10	3.95978e+12	4.77242e+12	1.18730e+07	1.24401e+13	1.31859e+13	4.17434e+12	2.27249e+08	4.24544e+09	1.19414e+11	1.86096e+11	2.83268e+12	3.53656e+06	1.81080e+08
6.45654e+14	3.39545e+18	4.05592e+11	2.09986e+13	1.98615e+13	3.58786e+10	3.99651e+12	4.40627e+12	1.33122e+07	1.26876e+13	1.17219e+13	3.55539e+12	2.51107e+08	4.70251e+09	1.30826e+11	1.97851e+11	2.84328e+12	4.12418e+06	2.03475e+08
6.45654e+14	3.22268e+18	4.21097e+11	2.11221e+13	1.92356e+13	3.74127e+10	4.02779e+12	4.06086e+12	1.49319e+07	1.29265e+13	1.04054e+13	3.02430e+12	2.76910e+08	5.19808e+09	1.43052e+11	2.09954e+11	2.84799e+12	4.80238e+06	2.28249e+08
6.45654e+14	3.05887e+18	4.36614e+11	2.12126e+13	1.85982e+13	3.89746e+10	4.05356e+12	3.73585e+12	1.67553e+07	1.31564e+13	9.22360e+12	2.56926e+12	3.04735e+08	5.73393e+09	1.56116e+11	2.22368e+11	2.84667e+12	5.58382e+06	2.55601e+08
6.45654e+14	2.90356e+18	4.52100e+11	2.12696e+13	1.79517e+13	4.05639e+10	4.07381e+12	3.43079e+12	1.88082e+07	1.33767e+13	8.16451e+12	2.17992e+12	3.34649e+08	6.31177e+09	1.70034e+11	2.35054e+11	2.83920e+12	6.48278e+06	2.85736e+08
6.45654e+14	2.75628e+18	4.67506e+11	2.12926e+13	1.72983e+13	4.21795e+10	4.08852e+12	3.14517e+12	2.11195e+07	1.35869e+13	7.21700e+12	1.84726e+12	3.66701e+08	6.93306e+09	1.84815e+11	2.47967e+11	2.82550e+12	7.51516e+06	3.18867e+08
6.45654e+14	2.61668e+18	4.82770e+11	2.12813e+13	1.66406e+13	4.38193e+10	4.09768e+12	2.87852e+12	2.37198e+07	1.37865e+13	6.37120e+12	1.56355e+12	4.00899e+08	7.59852e+09	2.00455e+11	2.61050e+11	2.80552e+12	8.69798e+06	3.55190e+08
6.45654e+14	2.48424e+18	4.97894e+11	2.12363e+13	1.59802e+13	4.54867e+10	4.10141e+12	2.62986e+12	2.66490e+07	1.39754e+13	5.61650e+12	1.32167e+12	4.37327e+08	8.31040e+09	2.16968e+11	2.74248e+11	2.77925e+12	1.00527e+07	3.94978e+08
6.45654e+14	2.35863e+18	5.12810e+11	2.11576e+13	1.53197e+13	4.71792e+10	4.09973e+12	2.39865e+12	2.99463e+07	1.41529e+13	4.94453e+12	1.11583e+12	4.75954e+08	9.06891e+09	2.34331e+11	2.87494e+11	2.74673e+12	1.16008e+07	4.38441e+08
6.45654e+14	2.23941e+18	5.27497e+11	2.10458e+13	1.46608e+13	4.88983e+10	4.09272e+12	2.18399e+12	3.36600e+07	1.43188e+13	4.34678e+12	9.40782e+11	5.16795e+08	9.87526e+09	2.52533e+11	3.00719e+11	2.70799e+12	1.33683e+07	4.85850e+08
6.45654e+14	2.12638e+18	5.41860e+11	2.09011e+13	1.40066e+13	5.06390e+10	4.08043e+12	1.98539e+12	3.78361e+07	1.44724e+13	3.81653e+12	7.92289e+11	5.59711e+08	1.07278e+10	2.71516e+11	3.13841e+11	2.66321e+12	1.53802e+07	5.37370e+08
6.45654e+14	2.01915e+18	5.55881e+11	2.07248e+13	1.33587e+13	5.24027e+10	4.06300e+12	1.80192e+12	4.25337e+07	1.46134e+13	3.34653e+12	6.66398e+11	6.04661e+08	1.16270e+10	2.91244e+11	3.26782e+11	2.61253e+12	1.76678e+07	5.93269e+08
6.45654e+14	1.91741e+18	5.69519e+11	2.05178e+13	1.27191e+13	5.41891e+10	4.04055e+12	1.63277e+12	4.78167e+07	1.47415e+13	2.93055e+12	5.59805e+11	6.51535e+08	1.25717e+10	3.11656e+11	3.39452e+11	2.55616e+12	2.02649e+07	6.53779e+08
6.45654e+14	1.82086e+18	5.82736e+11	2.02814e+13	1.20896e+13	5.59974e+10	4.01321e+12	1.47714e+12	5.37556e+07	1.48563e+13	2.56289e+12	4.69664e+11	7.00191e+08	1.35604e+10	3.32679e+11	3.51760e+11	2.49435e+12	2.32084e+07	7.19125e+08
6.45654e+14	1.72924e+18	5.95495e+11	2.00170e+13	1.14719e+13	5.78271e+10	3.98114e+12	1.33422e+12	6.04296e+07	1.49574e+13	2.23840e+12	3.93530e+11	7.50455e+08	1.45910e+10	3.54223e+11	3.63611e+11	2.42740e+12	2.65392e+07	7.89523e+08
6.45654e+14	1.64228e+18	6.07766e+11	1.97262e+13	1.08676e+13	5.96782e+10	3.94451e+12	1.20325e+12	6.79265e+07	1.50445e+13	1.95240e+12	3.29307e+11	8.02129e+08	1.56610e+10	3.76189e+11	3.74908e+11	2.35566e+12	3.03024e+07	8.65181e+08
6.45654e+14	1.55974e+18	6.19523e+11	1.94108e+13	1.02782e+13	6.15503e+10	3.90350e+12	1.08345e+12	7.63438e+07	1.51174e+13	1.70068e+12	2.75202e+11	8.54990e+08	1.67669e+10	3.98459e+11	3.85551e+11	2.27953e+12	3.45470e+07	9.46290e+08
6.45654e+14	1.48139e+18	6.30736e+11	1.90724e+13	9.70482e+12	6.34429e+10	3.85828e+12	9.74068e+11	8.57898e+07	1.51756e+13	1.47943e+12	2.29676e+11	9.08774e+08	1.79047e+10	4.20903e+11	3.95445e+11	2.19942e+12	3.93275e+07	1.03303e+09
6.45654e+14	1.40700e+18	6.41379e+11	1.87130e+13	9.14868e+12	6.53555e+10	3.80906e+12	8.74388e+11	9.63847e+07	1.52189e+13	1.28522e+12	1.91417e+11	9.63200e+08	1.90699e+10	4.43377e+11	4.04493e+11	2.11580e+12	4.47030e+07	1.12554e+09
6.45654e+14	1.33637e+18	6.51436e+11	1.83344e+13	8.61070e+12	6.72882e+10	3.75603e+12	7.83716e+11	1.08261e+08	1.52470e+13	1.11497e+12	1.59307e+11	1.01797e+09	2.02571e+10	4.65727e+11	4.12605e+11	2.02918e+12	5.07383e+07	1.22397e+09
6.45654e+14	1.26931e+18	6.60897e+11	1.79388e+13	8.09163e+12	6.92413e+10	3.69942e+12	7.01385e+11	1.21567e+08	1.52597e+13	9.65945e+11	1.32394e+11	1.07279e+09	2.14610e+10	4.87790e+11	4.19694e+11	1.94009e+12	5.75043e+07	1.32841e+09
6.45654e+14	1.20562e+18	6.69749e+11	1.75281e+13	7.59209e+12	7.12148e+10	3.63945e+12	6.26762e+11	1.36464e+08	1.52568e+13	8.35660e+11	1.09866e+11	1.12733e+09	2.26751e+10	5.09395e+11	4.25681e+11	1.84908e+12	6.50779e+07	1.43894e+09
6.45654e+14	1.14515e+18	6.77989e+11	1.71043e+13	7.11256e+12	7.32093e+10	3.57634e+12	5.59244e+11	1.53131e+08	1.52381e+13	7.21921e+11	9.10356e+10	1.18127e+09	2.38930e+10	5.30368e+11	4.30497e+11	1.75672e+12	7.35432e+07	1.55561e+09
6.45654e+14	1.08771e+18	6.85617e+11	1.66695e+13	6.65332e+12	7.52254e+10	3.51033e+12	4.98260e+11	1.71765e+08	1.52034e+13	6.22760e+11	7.53171e+10	1.23431e+09	2.51081e+10	5.50532e+11	4.34084e+11	1.66359e+12	8.29912e+07	1.67841e+09
6.45654e+14	1.03316e+18	6.92637e+11	1.62256e+13	6.21454e+12	7.72639e+10	3.44165e+12	4.43275e+11	1.92582e+08	1.51526e+13	5.36432e+11	6.22156e+10	1.28613e+09	2.63134e+10	5.69715e+11	4.36394e+11	1.57025e+12	9.35203e+07	1.80732e+09
6.45654e+14	9.81348e+17	6.99047e+11	1.57745e+13	5.79628e+12	7.93252e+10	3.37054e+12	3.93782e+11	2.15821e+08	1.50855e+13	4.61380e+11	5.13106e+10	1.33643e+09	2.75017e+10	5.87745e+11	4.37399e+11	1.47728e+12	1.05238e+08	1.94225e+09
6.45654e+14	9.32139e+17	7.04865e+11	1.53180e+13	5.39844e+12	8.14110e+10	3.29724e+12	3.49309e+11	2.41739e+08	1.50022e+13	3.96225e+11	4.22482e+10	1.38495e+09	2.86665e+10	6.04465e+11	4.37078e+11	1.38522e+12	1.18260e+08	2.08311e+09
6.45654e+14	8.85400e+17	7.10104e+11	1.48580e+13	5.02083e+12	8.35229e+10	3.22199e+12	3.09413e+11	2.70622e+08	1.49027e+13	3.39745e+11	3.47286e+10	1.43144e+09	2.98014e+10	6.19731e+11	4.35430e+11	1.29461e+12	1.32710e+08	2.22973e+09
6.45654e+14	8.41007e+17	7.14779e+11	1.43961e+13	4.66315e+12	8.56621e+10	3.14505e+12	2.73684e+11	3.02777e+08	1.47869e+13	2.90857e+11	2.84990e+10	1.47567e+09	3.09002e+10	6.33410e+11	4.32468e+11	1.20593e+12	1.48722e+08	2.38191e+09
6.45654e+14	7.98900e+17	7.18885e+11	1.39344e+13	4.32555e+12	8.78274e+10	3.06675e+12	2.41781e+11	3.38499e+08	1.46553e+13	2.48659e+11	2.33524e+10	1.51736e+09	3.19547e+10	6.45383e+11	4.28248e+11	1.11973e+12	1.66415e+08	2.53917e+09
6.45654e+14	7.58849e+17	7.22477e+11	1.34733e+13	4.00653e+12	9.00261e+10	2.98709e+12	2.13263e+11	3.78233e+08	1.45074e+13	2.12191e+11	1.90967e+10	1.55649e+09	3.29649e+10	6.55571e+11	4.22768e+11	1.03621e+12	1.85992e+08	2.70167e+09
6.45654e+14	7.20754e+17	7.25587e+11	1.30140e+13	3.70561e+12	9.22615e+10	2.90631e+12	1.87812e+11	4.22391e+08	1.43434e+13	1.80728e+11	1.55843e+10	1.59295e+09	3.39275e+10	6.63908e+11	4.16073e+11	9.55711e+11	2.07627e+08	2.86918e+09
6.45654e+14	6.84624e+17	7.28182e+11	1.25590e+13	3.42321e+12	9.45283e+10	2.82486e+12	1.65203e+11	4.71298e+08	1.41643e+13	1.53704e+11	1.26980e+10	1.62644e+09	3.48329e+10	6.70331e+11	4.08299e+11	8.78746e+11	2.31436e+08	3.04073e+09
6.45654e+14	6.50341e+17	7.30257e+11	1.21092e+13	3.15861e+12	9.68238e+10	2.74293e+12	1.45143e+11	5.25407e+08	1.39701e+13	1.30519e+11	1.03292e+10	1.65678e+09	3.56777e+10	6.74803e+11	3.99539e+11	8.05514e+11	2.57602e+08	3.21581e+09
6.45654e+14	6.17718e+17	7.31998e+11	1.16646e+13	2.90996e+12	9.91611e+10	2.66050e+12	1.27307e+11	5.85383e+08	1.37608e+13	1.10596e+11	8.38300e+09	1.68446e+09	3.64720e+10	6.77404e+11	3.89761e+11	7.35996e+11	2.86422e+08	3.39509e+09
6.45654e+14	5.86764e+17	7.33256e+11	1.12271e+13	2.67779e+12	1.01531e+11	2.57800e+12	1.11535e+11	6.51588e+08	1.35373e+13	9.35641e+10	6.79189e+09	1.70891e+09	3.72029e+10	6.78079e+11	3.79189e+11	6.70512e+11	3.18010e+08	3.57696e+09
6.45654e+14	5.57364e+17	7.34106e+11	1.07972e+13	2.46102e+12	1.03943e+11	2.49553e+12	9.75893e+10	7.24650e+08	1.32999e+13	7.90113e+10	5.49209e+09	1.73029e+09	3.78745e+10	6.76897e+11	3.67885e+11	6.09067e+11	3.52622e+08	3.76123e+09
6.45654e+14	5.29439e+17	7.34570e+11	1.03754e+13	2.25891e+12	1.06397e+11	2.41329e+12	8.52775e+10	8.05180e+08	1.30493e+13	6.65980e+10	4.43225e+09	1.74863e+09	3.84875e+10	6.73924e+11	3.55957e+11	5.51676e+11	3.90495e+08	3.94738e+09
6.45654e+14	5.02920e+17	7.34665e+11	9.96254e+12	2.07080e+12	1.08896e+11	2.33144e+12	7.44260e+10	8.93817e+08	1.27861e+13	5.60301e+10	3.56985e+09	1.76394e+09	3.90433e+10	6.69244e+11	3.43513e+11	4.98321e+11	4.31870e+08	4.13479e+09
6.45654e+14	4.77733e+17	7.34409e+11	9.55899e+12	1.89598e+12	1.11442e+11	2.25016e+12	6.48749e+10	9.91254e+08	1.25109e+13	4.70493e+10	2.86948e+09	1.77628e+09	3.95439e+10	6.62952e+11	3.30661e+11	4.48928e+11	4.77008e+08	4.32285e+09
6.45654e+14	4.53811e+17	7.33818e+11	9.16517e+12	1.73374e+12	1.14036e+11	2.16958e+12	5.64806e+10	1.09822e+09	1.22245e+13	3.94314e+10	2.30181e+09	1.78572e+09	3.99922e+10	6.55156e+11	3.17504e+11	4.03393e+11	5.26178e+08	4.51094e+09
6.45654e+14	4.31092e+17	7.32910e+11	8.78147e+12	1.58340e+12	1.16680e+11	2.08985e+12	4.91138e+10	1.21548e+09	1.19278e+13	3.29820e+10	1.84267e+09	1.79233e+09	4.03912e+10	6.45974e+11	3.04141e+11	3.61584e+11	5.79656e+08	4.69840e+09
6.45654e+14	4.09516e+17	7.31701e+11	8.40816e+12	1.44430e+12	1.19375e+11	2.01111e+12	4.26579e+10	1.34385e+09	1.16216e+13	2.75328e+10	1.47208e+09	1.79621e+09	4.07445e+10	6.35530e+11	2.90667e+11	3.23344e+11	6.37729e+08	4.88459e+09
6.45654e+14	3.89024e+17	7.30202e+11	8.04541e+12	1.31576e+12	1.22121e+11	1.93347e+12	3.70080e+10	1.48417e+09	1.13067e+13	2.29375e+10	1.17358e+09	1.79744e+09	4.10556e+10	6.23950e+11	2.77170e+11	2.88493e+11	7.00692e+08	5.06883e+09
6.45654e+14	3.69564e+17	7.28428e+11	7.69339e+12	1.19716e+12	1.24921e+11	1.85704e+12	3.20702e+10	1.63733e+09	1.09842e+13	1.90702e+10	9.33668e+08	1.79614e+09	4.13286e+10	6.11364e+11	2.63730e+11	2.56843e+11	7.68846e+08	5.25047e+09
6.45654e+14	3.51082e+17	7.26390e+11	7.35219e+12	1.08788e+12	1.27773e+11	1.78192e+12	2.77606e+10	1.80425e+09	1.06549e+13	1.58223e+10	7.41249e+08	1.79241e+09	4.15674e+10	5.97900e+11	2.50419e+11	2.28195e+11	8.42495e+08	5.42884e+09
6.45654e+14	3.33530e+17	7.24097e+11	7.02184e+12	9.87332e+11	1.30678e+11	1.70820e+12	2.40041e+10	1.98589e+09	1.03199e+13	1.31001e+10	5.87257e+08	1.78636e+09	4.17759e+10	5.83682e+11	2.37303e+11	2.02346e+11	9.21945e+08	5.60329e+09
6.45654e+14	3.16861e+17	7.21557e+11	6.70232e+12	8.94945e+11	1.33635e+11	1.63594e+12	2.07340e+10	2.18324e+09	9.98014e+12	1.08235e+10	4.64282e+08	1.77810e+09	4.19580e+10	5.68829e+11	2.24439e+11	1.79089e+11	1.00750e+09	5.77318e+09
6.45654e+14	3.01029e+17	7.18779e+11	6.39358e+12	8.10168e+11	1.36643e+11	1.56522e+12	1.78905e+10	2.39732e+09	9.63660e+12	8.92330e+09	3.66287e+08	1.76775e+09	4.21177e+10	5.53456e+11	2.11875e+11	1.58224e+11	1.09948e+09	5.93789e+09
6.45654e+14	2.85994e+17	7.15770e+11	6.09557e+12	7.32487e+11	1.39700e+11	1.49610e+12	1.54214e+10	2.62915e+09	9.29032e+12	7.34099e+09	2.88375e+08	1.75542e+09	4.22582e+10	5.37672e+11	1.99653e+11	1.39556e+11	1.19816e+09	6.09680e+09
6.45654e+14	2.71755e+17	7.12561e+11	5.80900e+12	6.61570e+11	1.42805e+11	1.42881e+12	1.32843e+10	2.87934e+09	8.94340e+12	6.02882e+09	2.26686e+08	1.74133e+09	4.23815e+10	5.21645e+11	1.87838e+11	1.22928e+11	1.30357e+09	6.24915e+09
6.45654e+14	2.58164e+17	7.09110e+11	5.53142e+12	5.96477e+11	1.45952e+11	1.36287e+12	1.14248e+10	3.15022e+09	8.59382e+12	4.93641e+09	1.77654e+08	1.72541e+09	4.24956e+10	5.05301e+11	1.76364e+11	1.08064e+11	1.41668e+09	6.39527e+09
6.45654e+14	2.45290e+17	7.05453e+11	5.26488e+12	5.37223e+11	1.49138e+11	1.29881e+12	9.81936e+09	3.44160e+09	8.24540e+12	4.03465e+09	1.39008e+08	1.70790e+09	4.25982e+10	4.88878e+11	1.65346e+11	9.48854e+10	1.53707e+09	6.53365e+09
6.45654e+14	2.33097e+17	7.01607e+11	5.00921e+12	4.83355e+11	1.52360e+11	1.23667e+12	8.43444e+09	3.75436e+09	7.89918e+12	3.29176e+09	1.08606e+08	1.68895e+09	4.26919e+10	4.72463e+11	1.54798e+11	8.32237e+10	1.66489e+09	6.66400e+09
6.45654e+14	2.21455e+17	6.97523e+11	4.76209e+12	4.34113e+11	1.55608e+11	1.17596e+12	7.23324e+09	4.09118e+09	7.55310e+12	2.67738e+09	8.45957e+07	1.66847e+09	4.27839e+10	4.55962e+11	1.44644e+11	7.28637e+10	1.80116e+09	6.78657e+09
6.45654e+14	2.10430e+17	6.93252e+11	4.52540e+12	3.89482e+11	1.58877e+11	1.11719e+12	6.19952e+09	4.45140e+09	7.21097e+12	2.17371e+09	6.57965e+07	1.64677e+09	4.28711e+10	4.39598e+11	1.34975e+11	6.37329e+10	1.94522e+09	6.90027e+09
6.45654e+14	1.99961e+17	6.88779e+11	4.29823e+12	3.48990e+11	1.62158e+11	1.06020e+12	5.30873e+09	4.83648e+09	6.87265e+12	1.76080e+09	5.10746e+07	1.62388e+09	4.29568e+10	4.23373e+11	1.25766e+11	5.56823e+10	2.09746e+09	7.00496e+09
6.45654e+14	1.90019e+17	6.84112e+11	4.08037e+12	3.12306e+11	1.65444e+11	1.00500e+12	4.54187e+09	5.24728e+09	6.53897e+12	1.42309e+09	3.95707e+07	1.59992e+09	4.30421e+10	4.07339e+11	1.17015e+11	4.85961e+10	2.25793e+09	7.10044e+09
6.45654e+14	1.80577e+17	6.79241e+11	3.87152e+12	2.79116e+11	1.68720e+11	9.51581e+11	3.88225e+09	5.68461e+09	6.21059e+12	1.14750e+09	3.05985e+07	1.57495e+09	4.31283e+10	3.91527e+11	1.08717e+11	4.23672e+10	2.42670e+09	7.18632e+09
6.45654e+14	1.71611e+17	6.74182e+11	3.67153e+12	2.49134e+11	1.71978e+11	8.99946e+11	3.31550e+09	6.14908e+09	5.88833e+12	9.23159e+08	2.36172e+07	1.54911e+09	4.32156e+10	3.75988e+11	1.00864e+11	3.69010e+10	2.60365e+09	7.26259e+09
6.45654e+14	1.63120e+17	6.68939e+11	3.48061e+12	2.22148e+11	1.75206e+11	8.50204e+11	2.82993e+09	6.64043e+09	5.57358e+12	7.41287e+08	1.82049e+07	1.52253e+09	4.33037e+10	3.60785e+11	9.34710e+10	3.21189e+10	2.78839e+09	7.32876e+09
6.45654e+14	1.55033e+17	6.63488e+11	3.29745e+12	1.97778e+11	1.78383e+11	8.02084e+11	2.41242e+09	7.16071e+09	5.26528e+12	5.93583e+08	1.40000e+07	1.49517e+09	4.33952e+10	3.45855e+11	8.64818e+10	2.79236e+10	2.98147e+09	7.38514e+09
6.45654e+14	1.47352e+17	6.57845e+11	3.12235e+12	1.75858e+11	1.81498e+11	7.55707e+11	2.05462e+09	7.70933e+09	4.96484e+12	4.74190e+08	1.07473e+07	1.46717e+09	4.34887e+10	3.31265e+11	7.99067e+10	2.42555e+10	3.18232e+09	7.43148e+09
6.45654e+14	1.40059e+17	6.52013e+11	2.95506e+12	1.56171e+11	1.84532e+11	7.11059e+11	1.74827e+09	8.28633e+09	4.67278e+12	3.77918e+08	8.23612e+06	1.43864e+09	4.35837e+10	3.17034e+11	7.37320e+10	2.10521e+10	3.39061e+09	7.46781e+09
6.45654e+14	1.33133e+17	6.45991e+11	2.79533e+12	1.38513e+11	1.87467e+11	6.68121e+11	1.48618e+09	8.89156e+09	4.38953e+12	3.00473e+08	6.30112e+06	1.40964e+09	4.36799e+10	3.03173e+11	6.79436e+10	1.82574e+10	3.60603e+09	7.49412e+09
6.45654e+14	1.26555e+17	6.39783e+11	2.64292e+12	1.22699e+11	1.90286e+11	6.26877e+11	1.26216e+09	9.52461e+09	4.11548e+12	2.38328e+08	4.81287e+06	1.38025e+09	4.37764e+10	2.89692e+11	6.25265e+10	1.58217e+10	3.82814e+09	7.51051e+09
6.45654e+14	1.20308e+17	6.33392e+11	2.49758e+12	1.08558e+11	1.92967e+11	5.87312e+11	1.07085e+09	1.01848e+10	3.85101e+12	1.88584e+08	3.67041e+06	1.35056e+09	4.38720e+10	2.76600e+11	5.74654e+10	1.37011e+10	4.05641e+09	7.51715e+09
6.45654e+14	1.14375e+17	6.26812e+11	2.35903e+12	9.59280e+10	1.95489e+11	5.49394e+11	9.07592e+08	1.08714e+10	3.59634e+12	1.48859e+08	2.79476e+06	1.32059e+09	4.39665e+10	2.63895e+11	5.27445e+10	1.18562e+10	4.29044e+09	7.51405e+09
6.45654e+14	1.08740e+17	6.20052e+11	2.22706e+12	8.46645e+10	1.97831e+11	5.13109e+11	7.68410e+08	1.15831e+10	3.35176e+12	1.17217e+08	2.12488e+06	1.29044e+09	4.40582e+10	2.51584e+11	4.83479e+10	1.02526e+10	4.52955e+09	7.50148e+09
6.45654e+14	1.03372e+17	6.13092e+11	2.10105e+12	7.46119e+10	1.99965e+11	4.78350e+11	6.49623e+08	1.23198e+10	3.11687e+12	9.20319e+07	1.61235e+06	1.26007e+09	4.41469e+10	2.39630e+11	4.42492e+10	8.85728e+09	4.77362e+09	7.47956e+09
6.45654e+14	9.82898e+16	6.05981e+11	1.98153e+12	6.56947e+10	2.01884e+11	4.45275e+11	5.48784e+08	1.30774e+10	2.89301e+12	7.21183e+07	1.22250e+06	1.22973e+09	4.42286e+10	2.28108e+11	4.04549e+10	7.64924e+09	5.02094e+09	7.44880e+09
6.45654e+14	9.34627e+16	5.98699e+11	1.86788e+12	5.77756e+10	2.03562e+11	4.13768e+11	4.63057e+08	1.38550e+10	2.67967e+12	5.63765e+07	9.25730e+05	1.19939e+09	4.43029e+10	2.16978e+11	3.69381e+10	6.60177e+09	5.27129e+09	7.40938e+09
6.45654e+14	8.88902e+16	5.91272e+11	1.76017e+12	5.07677e+10	2.04987e+11	3.83876e+11	3.90392e+08	1.46493e+10	2.47733e+12	4.39853e+07	0	1.16918e+09	4.43677e+10	2.06266e+11	3.36916e+10	5.69587e+09	5.52346e+09	7.36177e+09
6.45654e+14	8.45342e+16	5.83660e+11	1.65756e+12	4.45459e+10	2.06121e+11	3.55428e+11	3.28602e+08	1.54602e+10	2.28502e+12	3.42183e+07	0	1.13896e+09	4.44231e+10	1.95904e+11	3.06835e+10	4.90978e+09	5.77772e+09	7.30595e+09
6.45654e+14	8.03965e+16	5.75890e+11	1.56015e+12	3.90432e+10	2.06958e+11	3.28475e+11	2.76238e+08	1.62839e+10	2.10321e+12	2.65564e+07	0	1.10889e+09	4.44663e+10	1.85920e+11	2.79082e+10	4.22961e+09	6.03278e+09	7.24246e+09
6.45654e+14	7.64563e+16	5.67947e+11	1.46750e+12	3.41730e+10	2.07471e+11	3.02934e+11	2.31835e+08	1.71188e+10	1.93142e+12	2.05521e+07	0	1.07893e+09	4.44958e+10	1.76284e+11	2.53456e+10	3.64048e+09	6.28831e+09	7.17152e+09
6.45654e+14	7.27227e+16	5.59875e+11	1.37988e+12	2.98862e+10	2.07668e+11	2.78885e+11	1.94369e+08	1.79596e+10	1.77024e+12	1.58749e+07	0	1.04927e+09	4.45097e+10	1.67039e+11	2.29946e+10	3.13240e+09	6.54279e+09	7.09380e+09
6.45654e+14	6.91848e+16	5.51684e+11	1.29705e+12	2.61169e+10	2.07542e+11	2.56289e+11	1.62788e+08	1.88030e+10	1.61941e+12	1.22394e+07	0	1.01995e+09	4.45062e+10	1.58177e+11	2.08404e+10	2.69440e+09	6.79546e+09	7.00980e+09
6.45654e+14	6.58063e+16	5.43317e+11	1.21819e+12	2.27862e+10	2.07049e+11	2.34970e+11	1.36052e+08	1.96497e+10	1.47778e+12	9.40640e+06	0	9.90775e+08	4.44838e+10	1.49621e+11	1.88553e+10	2.31498e+09	7.04681e+09	6.91932e+09
6.45654e+14	6.26048e+16	5.34843e+11	1.14374e+12	1.98656e+10	2.06221e+11	2.15034e+11	1.13582e+08	2.04928e+10	1.34601e+12	7.21629e+06	0	9.62010e+08	4.44410e+10	1.41434e+11	1.70423e+10	1.98840e+09	7.29504e+09	6.82337e+09
6.45654e+14	5.95631e+16	5.26249e+11	1.07330e+12	1.73020e+10	2.05045e+11	1.96395e+11	9.46841e+07	2.13305e+10	1.22349e+12	5.52405e+06	0	9.33610e+08	4.43761e+10	1.33585e+11	1.53848e+10	1.70689e+09	7.53989e+09	6.72219e+09
6.45654e+14	5.66729e+16	5.17543e+11	1.00670e+12	1.50544e+10	2.03525e+11	1.79011e+11	7.88141e+07	2.21597e+10	1.10989e+12	4.21969e+06	0	9.05603e+08	4.42878e+10	1.26067e+11	1.38717e+10	1.46440e+09	7.78077e+09	6.61620e+09
6.45654e+14	5.39266e+16	5.08734e+11	9.43762e+11	1.30861e+10	2.01667e+11	1.62841e+11	6.55063e+07	2.29776e+10	1.00485e+12	3.21669e+06	0	8.78016e+08	4.41748e+10	1.18871e+11	1.24924e+10	1.25563e+09	8.01716e+09	6.50583e+09
6.45654e+14	5.13169e+16	4.99829e+11	8.84320e+11	1.13645e+10	1.99480e+11	1.47838e+11	5.43645e+07	2.37813e+10	9.08004e+11	2.44722e+06	0	8.50873e+08	4.40358e+10	1.11991e+11	1.12371e+10	1.07601e+09	8.24853e+09	6.39151e+09
6.45654e+14	4.88439e+16	4.90863e+11	8.28368e+11	9.86343e+09	1.96993e+11	1.33983e+11	4.50679e+07	2.45672e+10	8.19135e+11	1.85921e+06	0	8.24269e+08	4.38705e+10	1.05437e+11	1.00990e+10	9.21846e+08	8.47411e+09	6.27398e+09
6.45654e+14	4.64868e+16	4.81796e+11	7.75430e+11	8.55033e+09	1.94189e+11	1.21167e+11	3.72919e+07	2.53352e+10	7.37453e+11	1.40919e+06	0	7.98076e+08	4.36765e+10	9.91627e+10	9.06342e+09	7.89079e+08	8.69414e+09	6.15303e+09
6.45654e+14	4.42404e+16	4.72635e+11	7.25379e+11	7.40317e+09	1.91086e+11	1.09344e+11	3.08007e+07	2.60832e+10	6.62586e+11	1.06569e+06	0	7.72313e+08	4.34528e+10	9.31633e+10	8.12267e+09	6.74835e+08	8.90823e+09	6.02903e+09
6.45654e+14	4.21178e+16	4.63469e+11	6.78494e+11	6.40875e+09	1.87755e+11	9.85389e+10	2.54228e+07	2.68059e+10	5.94590e+11	8.05434e+05	0	7.47214e+08	4.32016e+10	8.74819e+10	7.27582e+09	5.77188e+08	9.11512e+09	5.90341e+09
6.45654e+14	4.00882e+16	4.54201e+11	6.34077e+11	5.53959e+09	1.84148e+11	8.85993e+10	2.09375e+07	2.75064e+10	5.32434e+11	6.07133e+05	0	7.22499e+08	4.29185e+10	8.20428e+10	6.50653e+09	4.93066e+08	9.31574e+09	5.77516e+09
6.45654e+14	3.81649e+16	4.44922e+11	5.92402e+11	4.78613e+09	1.80343e+11	7.95428e+10	1.72269e+07	2.81799e+10	4.76145e+11	4.57235e+05	0	6.98401e+08	4.26062e+10	7.68878e+10	5.81428e+09	4.21117e+08	9.50891e+09	5.64571e+09
6.45654e+14	3.63367e+16	4.35616e+11	5.53204e+11	4.13196e+09	1.76347e+11	7.12921e+10	1.41549e+07	2.88265e+10	4.25166e+11	3.43878e+05	0	6.74854e+08	4.22638e+10	7.19923e+10	5.19047e+09	3.59473e+08	9.69471e+09	5.51508e+09
6.45654e+14	3.45989e+16	4.26294e+11	5.16356e+11	3.56454e+09	1.72184e+11	6.37942e+10	1.16158e+07	2.94456e+10	3.79103e+11	2.58299e+05	0	6.51868e+08	4.18913e+10	6.73481e+10	4.62910e+09	3.06690e+08	9.87295e+09	5.38361e+09
6.45654e+14	3.29467e+16	4.16965e+11	4.81739e+11	3.07284e+09	1.67881e+11	5.69966e+10	9.52034e+06	3.00366e+10	3.37571e+11	0	0	6.29448e+08	4.14888e+10	6.29471e+10	4.12457e+09	2.61522e+08	1.00434e+10	5.25163e+09
6.45654e+14	3.13760e+16	4.07640e+11	4.49236e+11	2.64714e+09	1.63463e+11	5.08485e+10	7.79363e+06	3.05992e+10	3.00204e+11	0	0	6.07598e+08	4.10570e+10	5.87811e+10	3.67172e+09	2.22894e+08	1.02060e+10	5.11947e+09
6.45654e+14	2.98826e+16	3.98329e+11	4.18737e+11	2.27890e+09	1.58954e+11	4.53003e+10	6.37288e+06	3.11334e+10	2.66650e+11	0	0	5.86322e+08	4.05963e+10	5.48420e+10	3.26577e+09	1.89879e+08	1.03605e+10	4.98740e+09
6.45654e+14	2.84628e+16	3.89044e+11	3.90135e+11	1.96063e+09	1.54379e+11	4.03040e+10	5.20552e+06	3.16395e+10	2.36577e+11	0	0	5.65621e+08	4.01077e+10	5.11216e+10	2.90229e+09	1.61677e+08	1.05069e+10	4.85573e+09
6.45654e+14	2.71127e+16	3.79794e+11	3.63330e+11	1.68580e+09	1.49760e+11	3.58144e+10	4.24773e+06	3.21176e+10	2.09673e+11	0	0	5.45494e+08	3.95928e+10	4.76112e+10	2.57727e+09	1.37600e+08	1.06453e+10	4.72467e+09
6.45654e+14	2.58289e+16	3.70589e+11	3.38220e+11	1.44864e+09	1.45118e+11	3.17877e+10	3.46284e+06	3.25684e+10	1.85643e+11	0	0	5.25942e+08	3.90512e+10	4.43039e+10	2.28692e+09	1.17059e+08	1.07750e+10	4.59454e+09
6.45654e+14	2.46081e+16	3.61439e+11	3.14715e+11	1.24418e+09	1.40474e+11	2.81831e+10	2.82048e+06	3.29924e+10	1.64215e+11	0	0	5.06960e+08	3.84850e+10	4.11909e+10	2.02785e+09	9.95428e+07	1.08963e+10	4.46554e+09
6.45654e+14	2.34518e+16	3.52392e+11	2.92811e+11	1.06853e+09	1.35870e+11	2.49711e+10	2.29665e+06	3.33897e+10	1.45189e+11	0	0	4.88622e+08	3.78977e+10	3.82766e+10	1.79767e+09	8.46564e+07	1.10086e+10	4.33841e+09
6.45654e+14	2.23431e+16	3.43343e+11	2.72162e+11	9.16375e+08	1.31253e+11	2.20887e+10	1.86664e+06	3.37633e+10	1.28175e+11	0	0	4.70695e+08	3.72843e+10	3.55164e+10	1.59136e+09	7.19003e+07	1.11131e+10	4.21174e+09
6.45654e+14	2.12930e+16	3.34415e+11	2.52948e+11	7.85908e+08	1.26706e+11	1.95293e+10	1.51692e+06	3.41118e+10	1.13114e+11	0	0	4.53401e+08	3.66530e+10	3.29388e+10	1.40849e+09	6.10759e+07	1.12085e+10	4.08731e+09
6.45654e+14	2.02987e+16	3.25619e+11	2.35081e+11	6.74091e+08	1.22245e+11	1.72599e+10	1.23269e+06	3.44364e+10	9.97966e+10	0	0	4.36733e+08	3.60060e+10	3.05350e+10	1.24653e+09	5.18934e+07	1.12948e+10	3.96531e+09
6.45654e+14	1.93486e+16	3.16884e+11	2.18327e+11	5.77671e+08	1.17834e+11	1.52375e+10	1.00057e+06	3.47394e+10	8.79610e+10	0	0	4.20532e+08	3.53397e+10	2.82749e+10	1.10219e+09	4.40568e+07	1.13727e+10	3.84476e+09
6.45654e+14	1.84449e+16	3.08258e+11	2.02699e+11	4.94875e+08	1.13507e+11	1.34434e+10	8.11748e+05	3.50211e+10	7.74875e+10	0	0	4.04867e+08	3.46586e+10	2.61624e+10	9.74146e+08	3.73952e+07	1.14417e+10	3.72636e+09
6.45654e+14	1.75853e+16	2.99747e+11	1.88127e+11	4.23816e+08	1.09272e+11	1.18539e+10	6.58272e+05	3.52825e+10	6.82285e+10	0	0	3.89728e+08	3.39644e+10	2.41902e+10	8.60648e+08	3.17350e+07	1.15018e+10	3.61021e+09
6.45654e+14	1.67633e+16	2.91315e+11	1.74479e+11	3.62643e+08	1.05114e+11	1.04422e+10	5.33240e+05	3.55253e+10	6.00227e+10	0	0	3.75029e+08	3.32556e+10	2.23413e+10	7.59732e+08	2.69106e+07	1.15532e+10	3.49582e+09
6.45654e+14	1.59854e+16	2.83054e+11	1.61835e+11	3.10408e+08	1.01084e+11	9.19864e+09	4.32107e+05	3.57492e+10	5.28074e+10	0	0	3.60913e+08	3.25409e+10	2.06282e+10	6.70781e+08	2.28308e+07	1.15954e+10	3.38445e+09
6.45654e+14	1.52494e+16	2.74977e+11	1.50129e+11	2.65821e+08	9.71895e+10	8.10422e+09	3.50328e+05	3.59555e+10	4.64678e+10	0	0	3.47371e+08	3.18228e+10	1.90434e+10	5.92428e+08	1.93818e+07	1.16283e+10	3.27622e+09
6.45654e+14	1.45410e+16	2.66945e+11	1.39112e+11	2.27298e+08	9.33601e+10	7.13038e+09	2.83536e+05	3.61464e+10	4.08368e+10	0	0	3.34158e+08	3.10914e+10	1.75520e+10	5.22541e+08	1.64305e+07	1.16529e+10	3.16928e+09
6.45654e+14	1.38707e+16	2.59104e+11	1.28923e+11	1.94455e+08	8.96700e+10	6.27487e+09	2.29605e+05	3.63216e+10	3.58966e+10	0	0	3.21492e+08	3.03599e+10	1.61753e+10	4.61067e+08	1.39380e+07	1.16682e+10	3.06555e+09
6.45654e+14	1.32332e+16	2.51418e+11	1.19459e+11	1.66357e+08	8.61005e+10	5.52113e+09	1.85931e+05	3.64823e+10	3.15500e+10	0	0	3.09297e+08	2.96272e+10	1.48988e+10	4.06805e+08	1.18254e+07	1.16747e+10	2.96453e+09
6.45654e+14	1.26265e+16	2.43886e+11	1.10664e+11	1.42306e+08	8.26492e+10	4.85704e+09	1.50551e+05	3.66295e+10	2.77250e+10	0	0	2.97550e+08	2.88939e+10	1.37158e+10	3.58898e+08	1.00340e+07	1.16722e+10	2.86616e+09
6.45654e+14	1.20531e+16	2.36563e+11	1.02552e+11	1.21831e+08	7.93413e+10	4.27498e+09	1.22016e+05	3.67636e+10	2.43759e+10	0	0	2.86322e+08	2.81670e+10	1.26282e+10	3.16836e+08	8.52270e+06	1.16608e+10	2.77116e+09
6.45654e+14	1.14998e+16	2.29301e+11	9.49196e+10	1.04142e+08	7.61049e+10	3.75792e+09	9.87193e+04	3.68865e+10	2.14045e+10	0	0	2.75369e+08	2.74332e+10	1.16081e+10	2.79352e+08	7.22905e+06	1.16403e+10	2.67757e+09
6.45654e+14	1.09772e+16	2.22257e+11	8.78892e+10	8.91010e+07	7.30107e+10	3.30541e+09	7.99526e+04	3.69978e+10	1.88062e+10	0	0	2.64911e+08	2.67087e+10	1.06729e+10	2.46484e+08	6.13883e+06	1.16109e+10	2.58736e+09
6.45654e+14	1.04797e+16	2.15377e+11	8.13688e+10	7.62414e+07	7.00323e+10	2.90744e+09	6.47632e+04	3.70987e+10	1.65234e+10	0	0	2.54856e+08	2.59902e+10	9.80920e+09	2.17507e+08	5.21478e+06	1.15730e+10	2.49982e+09
6.45654e+14	1.00061e+16	2.08665e+11	7.53235e+10	6.52481e+07	6.71679e+10	2.55754e+09	5.24699e+04	3.71897e+10	1.45183e+10	0	0	2.45191e+08	2.52790e+10	9.01223e+09	1.91964e+08	4.43155e+06	1.15268e+10	2.41496e+09
6.45654e+14	9.55528e+15	2.02121e+11	6.97208e+10	5.58508e+07	6.44152e+10	2.24998e+09	4.25202e+04	3.72715e+10	1.27573e+10	0	0	2.35905e+08	2.45762e+10	8.27738e+09	1.69452e+08	3.76762e+06	1.14725e+10	2.33273e+09
6.45654e+14	9.12613e+15	1.95746e+11	6.45302e+10	4.78186e+07	6.17717e+10	1.97967e+09	3.44671e+04	3.73448e+10	1.12111e+10	0	0	2.26987e+08	2.38830e+10	7.60035e+09	1.49613e+08	3.20476e+06	1.14103e+10	2.25312e+09
6.45654e+14	8.72044e+15	1.89585e+11	5.97563e+10	4.09860e+07	5.92531e+10	1.74321e+09	2.79737e+04	3.74098e+10	9.85960e+09	0	0	2.18484e+08	2.32053e+10	6.98145e+09	1.32217e+08	2.72978e+06	1.13408e+10	2.17664e+09
6.45654e+14	8.33139e+15	1.83550e+11	5.53040e+10	3.51134e+07	5.68195e+10	1.53439e+09	2.26919e+04	3.74674e+10	8.66721e+09	0	0	2.10263e+08	2.25342e+10	6.40768e+09	1.16804e+08	2.32471e+06	1.12634e+10	2.10215e+09
6.45654e+14	7.96094e+15	1.77682e+11	5.11830e+10	3.00930e+07	5.44863e+10	1.35090e+09	1.84149e+04	3.75180e+10	7.62040e+09	0	0	2.02374e+08	2.18754e+10	5.88006e+09	1.03222e+08	1.98105e+06	1.11788e+10	2.03017e+09
6.45654e+14	7.60481e+15	1.71928e+11	4.73338e+10	2.57728e+07	5.22286e+10	1.18868e+09	1.49326e+04	3.75619e+10	6.69590e+09	0	0	1.94732e+08	2.12232e+10	5.39060e+09	9.11744e+07	1.68754e+06	1.10862e+10	1.95997e+09
6.45654e+14	7.26892e+15	1.66395e+11	4.38073e+10	2.21056e+07	5.00872e+10	1.04709e+09	1.21288e+04	3.75995e+10	5.88963e+09	0	0	1.87472e+08	2.05908e+10	4.94542e+09	8.06314e+07	1.44015e+06	1.09880e+10	1.89284e+09
6.45654e+14	6.94904e+15	1.61027e+11	4.05457e+10	1.89693e+07	4.80368e+10	9.22670e+08	9.85659e+03	3.76313e+10	5.18178e+09	0	0	1.80511e+08	1.99725e+10	4.53673e+09	7.13380e+07	1.23002e+06	1.08835e+10	1.82808e+09
6.45654e+14	6.64762e+15	1.55879e+11	3.75612e+10	1.63057e+07	4.60955e+10	8.14057e+08	8.02513e+03	3.76576e+10	4.56443e+09	0	0	1.73909e+08	1.93753e+10	4.16564e+09	6.32031e+07	1.05273e+06	1.07744e+10	1.76630e+09
6.45654e+14	6.35737e+15	1.50837e+11	3.47713e+10	1.40077e+07	4.42171e+10	7.17862e+08	0	3.76787e+10	4.01829e+09	0	0	1.67511e+08	1.87864e+10	3.82142e+09	5.59720e+07	9.00755e+05	1.06585e+10	1.70609e+09
6.45654e+14	6.07853e+15	1.45911e+11	3.21709e+10	1.20295e+07	4.24045e+10	6.32832e+08	0	3.76949e+10	3.53612e+09	0	0	1.61327e+08	1.82078e+10	3.50308e+09	4.95577e+07	7.70725e+05	1.05365e+10	1.64757e+09
6.45654e+14	5.81517e+15	1.41185e+11	2.97882e+10	1.03466e+07	4.06858e+10	5.58501e+08	0	3.77065e+10	3.11504e+09	0	0	1.55453e+08	1.76494e+10	3.21392e+09	4.39332e+07	6.60745e+05	1.04105e+10	1.59170e+09
6.45654e+14	5.56424e+15	1.36612e+11	2.75861e+10	8.90497e+06	3.90421e+10	4.93117e+08	0	3.77138e+10	2.74509e+09	0	0	1.49825e+08	1.71064e+10	2.94891e+09	3.89687e+07	5.67047e+05	1.02801e+10	1.53789e+09
6.45654e+14	5.32737e+15	1.32232e+11	2.55696e+10	7.67720e+06	3.74851e+10	4.35925e+08	0	3.77173e+10	2.42184e+09	0	0	1.44485e+08	1.65839e+10	2.70842e+09	3.46119e+07	4.87659e+05	1.01470e+10	1.48660e+09
6.45654e+14	5.09747e+15	1.27919e+11	2.36723e+10	6.61093e+06	3.59687e+10	3.84981e+08	0	3.77164e+10	2.13438e+09	0	0	1.39275e+08	1.60675e+10	2.48385e+09	3.07156e+07	4.19038e+05	1.00081e+10	1.43632e+09
6.45654e+14	4.88229e+15	1.23828e+11	2.19500e+10	5.70770e+06	3.45452e+10	3.40655e+08	0	3.77124e+10	1.88452e+09	0	0	1.34375e+08	1.55755e+10	2.28210e+09	2.73143e+07	3.61184e+05	9.86806e+09	1.38884e+09
6.45654e+14	4.67313e+15	1.19799e+11	2.03277e+10	4.92185e+06	3.31572e+10	3.01113e+08	0	3.77044e+10	1.66203e+09	0	0	1.29590e+08	1.50896e+10	2.09347e+09	2.42678e+07	3.11048e+05	9.72287e+09	1.34226e+09
6.45654e+14	4.47589e+15	1.15951e+11	1.88448e+10	4.25234e+06	3.18447e+10	2.66531e+08	0	3.76933e+10	1.46769e+09	0	0	1.25058e+08	1.46239e+10	1.92281e+09	2.15935e+07	2.68504e+05	9.57650e+09	1.29798e+09
6.45654e+14	4.28980e+15	1.12276e+11	1.74885e+10	3.68097e+06	3.06031e+10	2.36245e+08	0	3.76795e+10	1.29775e+09	0	0	1.20764e+08	1.41781e+10	1.76815e+09	1.92426e+07	2.32314e+05	9.42975e+09	1.25585e+09
6.45654e+14	4.10843e+15	1.08652e+11	1.62077e+10	3.18222e+06	2.93898e+10	2.09159e+08	0	3.76621e+10	1.14608e+09	0	0	1.16562e+08	1.37374e+10	1.62328e+09	1.71311e+07	2.00819e+05	9.27831e+09	1.21447e+09
6.45654e+14	3.93743e+15	1.05197e+11	1.50376e+10	2.75662e+06	2.82431e+10	1.85446e+08	0	3.76422e+10	1.01350e+09	0	0	1.12585e+08	1.33163e+10	1.49225e+09	1.52752e+07	1.74017e+05	9.12716e+09	1.17516e+09
6.45654e+14	3.77435e+15	1.01865e+11	1.39562e+10	2.39019e+06	2.71468e+10	1.64518e+08	0	3.76196e+10	8.96708e+08	0	0	1.08777e+08	1.29096e+10	1.37227e+09	1.36304e+07	1.50994e+05	8.97512e+09	1.13741e+09
6.45654e+14	3.61879e+15	9.86544e+10	1.29567e+10	2.07448e+06	2.60987e+10	1.46039e+08	0	3.75944e+10	7.93785e+08	0	0	1.05133e+08	1.25170e+10	1.26242e+09	1.21718e+07	1.31195e+05	8.82256e+09	1.10115e+09
6.45654e+14	3.47040e+15	9.55605e+10	1.20328e+10	1.80225e+06	2.50966e+10	1.29715e+08	0	3.75669e+10	7.03044e+08	0	0	1.01644e+08	1.21381e+10	1.16181e+09	1.08775e+07	1.14149e+05	8.66981e+09	1.06633e+09
6.45654e+14	3.32882e+15	9.25799e+10	1.11787e+10	1.56733e+06	2.41383e+10	1.15287e+08	0	3.75370e+10	6.23012e+08	0	0	9.83049e+07	1.17728e+10	1.06967e+09	9.72848e+06	9.94571e+04	8.51718e+09	1.03291e+09
6.45654e+14	3.19372e+15	8.97091e+10	1.03890e+10	1.36444e+06	2.32219e+10	1.02528e+08	0	3.75050e+10	5.52393e+08	0	0	9.51087e+07	1.14205e+10	9.85268e+08	8.70766e+06	8.67784e+04	8.36497e+09	1.00082e+09
6.45654e+14	3.06463e+15	8.69412e+10	9.65779e+09	1.18894e+06	2.23444e+10	9.12308e+07	0	3.74708e+10	4.90007e+08	0	0	9.20456e+07	1.10807e+10	9.07848e+08	7.79952e+06	7.58157e+04	8.21325e+09	9.69984e+08
6.45654e+14	2.94247e+15	8.42990e+10	8.98701e+09	1.03793e+06	2.15120e+10	8.12814e+07	0	3.74349e+10	4.35191e+08	0	0	8.91386e+07	1.07561e+10	8.37481e+08	6.99583e+06	6.63821e+04	8.06385e+09	9.40638e+08
6.45654e+14	2.82497e+15	8.17364e+10	8.36180e+09	9.06494e+05	2.07098e+10	7.24259e+07	0	3.73969e+10	3.86523e+08	0	0	8.63350e+07	1.04411e+10	7.72492e+08	6.27699e+06	5.81695e+04	7.91454e+09	9.12266e+08
6.45654e+14	2.71239e+15	7.92610e+10	7.78127e+09	7.92325e+05	1.99395e+10	6.45609e+07	0	3.73569e+10	3.43410e+08	0	0	8.36417e+07	1.01369e+10	7.12703e+08	5.63534e+06	5.10314e+04	7.76611e+09	8.84942e+08
6.45654e+14	2.60562e+15	7.68949e+10	7.24753e+09	6.93730e+05	1.92072e+10	5.76160e+07	0	3.73155e+10	3.05438e+08	0	0	8.10810e+07	9.84601e+09	6.58236e+08	5.06578e+06	4.48599e+04	7.62036e+09	8.58902e+08
6.45654e+14	2.50329e+15	7.46100e+10	6.75164e+09	6.07910e+05	1.85038e+10	5.14399e+07	0	3.72723e+10	2.71761e+08	0	0	7.86209e+07	9.56515e+09	6.08100e+08	4.55659e+06	3.94812e+04	7.47589e+09	8.33828e+08
6.45654e+14	2.40551e+15	7.24106e+10	6.29230e+09	5.33308e+05	1.78303e+10	4.59557e+07	0	3.72275e+10	2.41941e+08	0	0	7.62649e+07	9.29490e+09	5.62067e+08	4.10201e+06	3.47971e+04	7.33342e+09	8.09763e+08
6.45654e+14	2.31209e+15	7.02944e+10	5.86678e+09	4.68402e+05	1.71853e+10	4.10836e+07	0	3.71813e+10	2.15525e+08	0	0	7.40091e+07	9.03494e+09	5.19812e+08	3.69593e+06	3.07135e+04	7.19305e+09	7.86673e+08
6.45654e+14	2.22282e+15	6.82580e+10	5.47243e+09	4.11871e+05	1.65674e+10	3.67524e+07	0	3.71337e+10	1.92110e+08	0	0	7.18487e+07	8.78491e+09	4.80998e+08	3.33288e+06	2.71483e+04	7.05457e+09	7.64515e+08
6.45654e+14	2.13748e+15	6.62983e+10	5.10685e+09	3.62584e+05	1.59753e+10	3.28997e+07	0	3.70847e+10	1.71346e+08	0	0	6.97795e+07	8.54445e+09	4.45333e+08	3.00807e+06	2.40314e+04	6.91852e+09	7.43251e+08
6.45654e+14	2.05559e+15	6.44054e+10	4.76661e+09	3.19471e+05	1.54058e+10	2.94628e+07	0	3.70342e+10	1.52880e+08	0	0	6.77900e+07	8.31236e+09	4.12433e+08	2.71662e+06	2.12969e+04	6.78446e+09	7.22768e+08
6.45654e+14	1.97789e+15	6.25981e+10	4.45336e+09	2.81989e+05	1.48641e+10	2.64161e+07	0	3.69830e+10	1.36562e+08	0	0	6.58989e+07	8.09095e+09	3.82405e+08	2.45663e+06	1.89113e+04	6.65408e+09	7.03264e+08
6.45654e+14	1.90328e+15	6.08518e+10	4.16149e+09	2.49120e+05	1.43425e+10	2.36939e+07	0	3.69305e+10	1.22030e+08	0	0	6.40797e+07	7.87722e+09	3.54666e+08	2.22293e+06	1.68118e+04	6.52584e+09	6.84469e+08
6.45654e+14	1.83190e+15	5.91712e+10	3.89054e+09	2.20341e+05	1.38423e+10	2.12661e+07	0	3.68769e+10	1.09113e+08	0	0	6.23365e+07	7.67175e+09	3.29134e+08	2.01318e+06	1.49664e+04	6.40033e+09	6.66429e+08
6.45654e+14	1.76360e+15	5.75533e+10	3.63885e+09	1.95114e+05	1.33622e+10	1.90994e+07	0	3.68224e+10	9.76236e+07	0	0	6.06656e+07	7.47419e+09	3.05607e+08	1.82478e+06	1.33419e+04	6.27759e+09	6.49110e+08
6.45654e+14	1.69825e+15	5.59967e+10	3.40510e+09	1.72983e+05	1.29018e+10	1.71650e+07	0	3.67670e+10	8.74012e+07	0	0	5.90647e+07	7.28434e+09	2.83952e+08	1.65546e+06	1.19106e+04	6.15766e+09	6.32491e+08
6.45654e+14	1.63569e+15	5.44979e+10	3.18779e+09	1.53541e+05	1.24596e+10	1.54363e+07	0	3.67107e+10	7.82980e+07	0	0	5.75297e+07	7.10181e+09	2.63982e+08	1.50312e+06	1.06472e+04	6.04055e+09	6.16534e+08
6.45654e+14	1.57580e+15	5.30550e+10	2.98573e+09	1.36444e+05	1.20351e+10	1.38906e+07	0	3.66536e+10	7.01874e+07	0	0	5.60580e+07	6.92633e+09	2.45564e+08	1.36597e+06	9.53077e+03	5.92627e+09	6.01212e+08
6.45654e+14	1.51844e+15	5.16657e+10	2.79776e+09	1.21392e+05	1.16273e+10	1.25076e+07	0	3.65958e+10	6.29569e+07	0	0	5.46467e+07	6.75765e+09	2.28568e+08	1.24238e+06	8.54281e+03	5.81482e+09	5.86500e+08
6.45654e+14	1.46350e+15	5.03277e+10	2.62283e+09	1.08127e+05	1.12355e+10	1.12694e+07	0	3.65373e+10	5.65068e+07	0	0	5.32932e+07	6.59548e+09	2.12876e+08	1.13094e+06	7.66738e+03	5.70620e+09	5.72371e+08
6.45654e+14	1.41087e+15	4.90390e+10	2.45996e+09	9.64218e+04	1.08589e+10	1.01601e+07	0	3.64783e+10	5.07496e+07	0	0	5.19947e+07	6.43956e+09	1.98380e+08	1.03035e+06	6.89065e+03	5.60039e+09	5.58801e+08
6.45654e+14	1.36043e+15	4.77976e+10	2.30825e+09	8.60830e+04	1.04969e+10	9.16558e+06	0	3.64187e+10	4.56077e+07	0	0	5.07489e+07	6.28965e+09	1.84982e+08	9.39504e+05	6.20059e+03	5.49737e+09	5.45765e+08
6.45654e+14	1.31208e+15	4.66015e+10	2.16687e+09	7.69403e+04	1.01487e+10	8.27344e+06	0	3.63586e+10	4.10124e+07	0	0	4.95535e+07	6.14549e+09	1.72592e+08	8.57376e+05	5.58673e+03	5.39711e+09	5.33241e+08
6.45654e+14	1.26553e+15	4.54438e+10	2.03453e+09	6.88272e+04	9.81238e+09	7.47071e+06	0	3.62978e+10	3.68935e+07	0	0	4.84012e+07	6.00627e+09	1.61081e+08	7.82914e+05	5.03871e+03	5.29915e+09	5.21156e+08
6.45654e+14	1.22128e+15	4.43377e+10	1.91212e+09	6.16731e+04	9.49144e+09	6.75325e+06	0	3.62372e+10	3.32262e+07	0	0	4.73046e+07	5.87355e+09	1.50512e+08	7.15796e+05	4.55228e+03	5.20475e+09	5.09643e+08
6.45654e+14	1.17864e+15	4.32665e+10	1.79739e+09	5.53086e+04	9.18119e+09	6.10670e+06	0	3.61760e+10	2.99340e+07	0	0	4.62470e+07	5.74532e+09	1.40678e+08	6.54832e+05	4.11681e+03	5.11257e+09	4.98528e+08
6.45654e+14	1.13774e+15	4.22335e+10	1.69028e+09	4.96554e+04	8.88246e+09	5.52521e+06	0	3.61146e+10	2.69846e+07	0	0	4.52313e+07	5.62197e+09	1.31564e+08	5.99542e+05	3.72745e+03	5.02300e+09	4.87843e+08
6.45654e+14	1.09849e+15	4.12371e+10	1.59023e+09	4.46285e+04	8.59472e+09	5.00190e+06	0	3.60529e+10	2.43407e+07	0	0	4.42557e+07	5.50330e+09	1.23110e+08	5.49360e+05	3.37888e+03	4.93600e+09	4.77569e+08
6.45654e+14	1.06081e+15	4.02759e+10	1.49674e+09	4.01538e+04	8.31751e+09	4.53068e+06	0	3.59911e+10	2.19692e+07	0	0	4.33185e+07	5.38912e+09	1.15266e+08	5.03777e+05	3.06647e+03	4.85151e+09	4.67691e+08
6.45654e+14	1.02463e+15	3.93482e+10	1.40933e+09	3.61659e+04	8.05032e+09	4.10606e+06	0	3.59291e+10	1.98406e+07	0	0	4.24178e+07	5.27924e+09	1.07982e+08	4.62335e+05	2.78609e+03	4.76947e+09	4.58189e+08
6.45654e+14	9.89895e+14	3.84527e+10	1.32757e+09	3.26083e+04	7.79273e+09	3.72322e+06	0	3.58671e+10	1.79290e+07	0	0	4.15521e+07	5.17348e+09	1.01214e+08	4.24632e+05	2.53419e+03	4.68985e+09	4.49048e+08
6.45654e+14	9.56382e+14	3.75843e+10	1.25075e+09	2.94239e+04	7.54334e+09	3.37707e+06	0	3.58047e+10	1.62072e+07	0	0	4.07163e+07	5.07124e+09	9.48987e+07	3.90234e+05	2.30712e+03	4.61223e+09	4.40216e+08
6.45654e+14	9.24325e+14	3.67493e+10	1.17913e+09	2.65840e+04	7.30378e+09	3.06539e+06	0	3.57427e+10	1.46630e+07	0	0	3.99163e+07	4.97325e+09	8.90485e+07	3.58957e+05	2.10310e+03	4.53727e+09	4.31755e+08
6.45654e+14	8.93651e+14	3.59462e+10	1.11232e+09	2.40481e+04	7.07356e+09	2.78451e+06	0	3.56810e+10	1.32767e+07	0	0	3.91501e+07	4.87931e+09	8.36255e+07	3.30490e+05	1.91953e+03	4.46487e+09	4.23646e+08
6.45654e+14	8.64035e+14	3.51665e+10	1.04944e+09	2.17704e+04	6.85044e+09	2.53004e+06	0	3.56192e+10	1.20256e+07	0	0	3.84099e+07	4.78843e+09	7.85535e+07	3.04453e+05	1.75346e+03	4.39433e+09	4.15806e+08
6.45654e+14	8.35556e+14	3.44127e+10	9.90475e+08	1.97276e+04	6.63502e+09	2.29992e+06	0	3.55575e+10	1.08986e+07	0	0	3.76976e+07	4.70089e+09	7.38268e+07	2.80671e+05	1.60338e+03	4.32591e+09	4.08256e+08
6.45654e+14	8.08167e+14	3.36837e+10	9.35168e+08	1.78936e+04	6.42699e+09	2.09171e+06	0	3.54959e+10	9.88270e+06	0	0	3.70120e+07	4.61656e+09	6.94197e+07	2.58933e+05	1.46761e+03	4.25957e+09	4.00985e+08
6.45654e+14	7.81819e+14	3.29786e+10	8.83264e+08	1.62453e+04	6.22604e+09	1.90323e+06	0	3.54346e+10	8.96650e+06	0	0	3.63522e+07	4.53530e+09	6.53081e+07	2.39047e+05	1.34465e+03	4.19524e+09	3.93981e+08
6.45654e+14	7.56467e+14	3.22963e+10	8.34530e+08	1.47625e+04	6.03188e+09	1.73250e+06	0	3.53736e+10	8.13972e+06	0	0	3.57169e+07	4.45699e+09	6.14699e+07	2.20843e+05	1.23318e+03	4.13286e+09	3.87234e+08
6.45654e+14	7.32067e+14	3.16357e+10	7.88754e+08	1.34272e+04	5.84424e+09	1.57778e+06	0	3.53128e+10	7.39319e+06	0	0	3.51050e+07	4.38151e+09	5.78849e+07	2.04165e+05	1.13202e+03	4.07239e+09	3.80732e+08
6.45654e+14	7.08578e+14	3.09961e+10	7.45734e+08	1.22236e+04	5.66285e+09	1.43749e+06	0	3.52524e+10	6.71873e+06	0	0	3.45157e+07	4.30874e+09	5.45343e+07	1.88875e+05	1.04011e+03	4.01377e+09	3.74466e+08
6.45654e+14	6.85961e+14	3.03766e+10	7.05286e+08	1.11376e+04	5.48747e+09	1.31022e+06	0	3.51923e+10	6.10904e+06	0	0	3.39480e+07	4.23857e+09	5.14011e+07	1.74846e+05	9.56528e+02	3.95694e+09	3.68425e+08
6.45654e+14	6.64177e+14	2.97762e+10	6.67241e+08	1.01568e+04	5.31785e+09	1.19470e+06	0	3.51325e+10	5.55757e+06	0	0	3.34008e+07	4.17089e+09	4.84694e+07	1.61966e+05	8.80441e+02	3.90186e+09	3.62601e+08
6.45654e+14	6.43185e+14	2.91941e+10	6.31431e+08	9.27008e+03	5.15371e+09	1.08978e+06	0	3.50732e+10	5.05844e+06	0	0	3.28733e+07	4.10560e+09	4.57231e+07	1.50131e+05	8.11100e+02	3.84845e+09	3.56983e+08
6.45654e+14	6.22966e+14	2.86298e+10	5.97729e+08	8.46785e+03	4.99497e+09	9.94472e+05	0	3.50143e+10	4.60655e+06	0	0	3.23650e+07	4.04263e+09	4.31526e+07	1.39250e+05	7.47866e+02	3.79669e+09	3.51566e+08
6.45654e+14	6.03477e+14	2.80823e+10	5.65984e+08	7.74125e+03	4.84133e+09	9.07832e+05	0	3.49559e+10	4.19711e+06	0	0	3.18748e+07	3.98185e+09	4.07426e+07	1.29239e+05	6.90132e+02	3.74651e+09	3.46339e+08
6.45654e+14	5.84688e+14	2.75510e+10	5.36071e+08	7.08259e+03	4.69262e+09	8.29041e+05	0	3.48979e+10	3.82595e+06	0	0	3.14019e+07	3.92320e+09	3.84828e+07	1.20021e+05	6.37373e+02	3.69787e+09	3.41296e+08
6.45654e+14	5.66570e+14	2.70352e+10	5.07874e+08	6.48497e+03	4.54863e+09	7.57352e+05	0	3.48405e+10	3.48931e+06	0	0	3.09458e+07	3.86657e+09	3.63621e+07	1.11528e+05	5.89115e+02	3.65072e+09	3.36428e+08
6.45654e+14	5.49092e+14	2.65341e+10	4.81278e+08	5.94222e+03	4.40919e+09	6.92090e+05	0	3.47835e+10	3.18379e+06	0	0	3.05056e+07	3.81189e+09	3.43706e+07	1.03697e+05	5.44932e+02	3.60501e+09	3.31728e+08
6.45654e+14	5.32236e+14	2.60475e+10	4.56192e+08	5.44897e+03	4.27416e+09	6.32668e+05	0	3.47271e+10	2.90643e+06	0	0	3.00808e+07	3.75909e+09	3.25002e+07	9.64730e+04	0	3.56070e+09	3.27191e+08
6.45654e+14	5.15904e+14	2.55725e+10	4.32433e+08	4.99948e+03	4.14290e+09	5.78427e+05	0	3.46711e+10	2.65396e+06	0	0	2.96691e+07	3.70789e+09	3.07365e+07	8.97937e+04	0	3.51756e+09	3.22792e+08
6.45654e+14	5.00207e+14	2.51126e+10	4.10083e+08	4.59104e+03	4.01619e+09	5.29094e+05	0	3.46158e+10	2.42498e+06	0	0	2.92733e+07	3.65862e+09	2.90836e+07	8.36333e+04	0	3.47591e+09	3.18561e+08
6.45654e+14	4.85054e+14	2.46653e+10	3.88972e+08	4.21888e+03	3.89341e+09	4.84112e+05	0	3.45611e+10	2.21676e+06	0	0	2.88910e+07	3.61102e+09	2.75282e+07	7.79388e+04	0	3.43554e+09	3.14473e+08
6.45654e+14	4.70421e+14	2.42299e+10	3.69023e+08	3.87949e+03	3.77441e+09	4.43079e+05	0	3.45070e+10	2.02731e+06	0	0	2.85217e+07	3.56501e+09	2.60637e+07	7.26713e+04	0	3.39638e+09	3.10522e+08
6.45654e+14	4.56289e+14	2.38062e+10	3.50168e+08	0	3.65907e+09	4.05637e+05	0	3.44535e+10	1.85487e+06	0	0	2.81650e+07	3.52054e+09	2.46844e+07	6.77960e+04	0	3.35841e+09	3.06704e+08
6.45654e+14	4.42687e+14	2.33950e+10	3.32393e+08	0	3.54760e+09	3.71513e+05	0	3.44009e+10	1.69809e+06	0	0	2.78215e+07	3.47769e+09	2.33880e+07	6.32866e+04	0	3.32173e+09	3.03027e+08
6.45654e+14	4.29494e+14	2.29929e+10	3.15523e+08	0	3.43916e+09	3.40293e+05	0	3.43487e+10	1.55496e+06	0	0	2.74882e+07	3.43610e+09	2.21617e+07	5.91019e+04	0	3.28601e+09	2.99458e+08
6.45654e+14	4.16745e+14	2.26010e+10	2.99561e+08	0	3.33401e+09	3.11772e+05	0	3.42971e+10	1.42448e+06	0	0	2.71660e+07	3.39587e+09	2.10049e+07	5.52218e+04	0	3.25137e+09	2.96006e+08
6.45654e+14	4.04420e+14	2.22189e+10	2.84451e+08	0	3.23202e+09	2.85707e+05	0	3.42461e+10	1.30549e+06	0	0	2.68544e+07	3.35695e+09	1.99128e+07	5.16219e+04	0	3.21776e+09	2.92668e+08
6.45654e+14	3.92504e+14	2.18461e+10	2.70144e+08	0	3.13309e+09	2.61879e+05	0	3.41959e+10	1.19691e+06	0	0	2.65531e+07	3.31930e+09	1.88814e+07	4.82801e+04	0	3.18516e+09	2.89438e+08
6.45654e+14	3.80981e+14	2.14824e+10	2.56593e+08	0	3.03713e+09	2.40090e+05	0	3.41462e+10	1.09779e+06	0	0	2.62617e+07	3.28285e+09	1.79070e+07	4.51761e+04	0	3.15353e+09	2.86313e+08
6.45654e+14	3.69835e+14	2.11274e+10	2.43754e+08	0	2.94401e+09	2.20155e+05	0	3.40973e+10	1.00727e+06	0	0	2.59797e+07	3.24757e+09	1.69851e+07	4.22914e+04	0	3.12285e+09	2.83289e+08
6.45654e+14	3.59051e+14	2.07807e+10	2.31585e+08	0	2.85366e+09	2.01914e+05	0	3.40490e+10	9.24566e+05	0	0	2.57068e+07	3.21341e+09	1.61134e+07	3.96090e+04	0	3.09307e+09	2.80361e+08
6.45654e+14	3.48615e+14	2.04419e+10	2.20047e+08	0	2.76595e+09	1.85214e+05	0	3.40014e+10	8.48964e+05	0	0	2.54426e+07	3.18033e+09	1.52880e+07	3.71132e+04	0	3.06416e+09	2.77526e+08
6.45654e+14	3.38519e+14	2.01109e+10	2.09109e+08	0	2.68088e+09	1.69929e+05	0	3.39545e+10	7.79836e+05	0	0	2.51869e+07	3.14830e+09	1.45077e+07	3.47902e+04	0	3.03612e+09	2.74782e+08
6.45654e+14	3.28740e+14	1.97872e+10	1.98730e+08	0	2.59824e+09	1.55923e+05	0	3.39082e+10	7.16586e+05	0	0	2.49392e+07	3.11726e+09	1.37671e+07	3.26264e+04	0	3.00888e+09	2.72123e+08
6.45654e+14	3.19273e+14	1.94706e+10	1.88884e+08	0	2.51802e+09	1.43093e+05	0	3.38627e+10	6.58701e+05	0	0	2.46994e+07	3.08719e+09	1.30655e+07	3.06102e+04	0	2.98245e+09	2.69547e+08
6.45654e+14	3.10106e+14	1.91609e+10	1.79540e+08	0	2.44015e+09	1.31336e+05	0	3.38178e+10	6.05702e+05	0	0	2.44671e+07	3.05804e+09	1.24005e+07	2.87305e+04	0	2.95679e+09	2.67052e+08
6.45654e+14	3.01226e+14	1.88578e+10	1.70669e+08	0	2.36452e+09	1.20558e+05	0	3.37736e+10	5.57156e+05	0	0	2.42420e+07	3.02979e+09	1.17693e+07	2.69771e+04	0	2.93187e+09	2.64634e+08
6.45654e+14	2.92621e+14	1.85609e+10	1.62246e+08	0	2.29105e+09	1.10675e+05	0	3.37300e+10	5.12672e+05	0	0	2.40239e+07	3.00240e+09	1.11697e+07	2.53409e+04	0	2.90767e+09	2.62290e+08
6.45654e+14	2.84258e+14	1.82692e+10	1.54227e+08	0	2.21952e+09	1.01598e+05	0	3.36870e+10	4.71836e+05	0	0	2.38118e+07	2.97575e+09	1.05993e+07	2.38118e+04	0	2.88409e+09	2.60010e+08
6.45654e+14	2.76201e+14	1.79851e+10	1.46647e+08	0	2.15036e+09	9.32939e+04	0	3.36449e+10	4.34497e+05	0	0	2.36074e+07	2.95007e+09	1.00594e+07	2.23859e+04	0	2.86133e+09	2.57814e+08
6.45654e+14	2.68368e+14	1.77059e+10	1.39429e+08	0	2.08301e+09	8.56636e+04	0	3.36034e+10	4.00195e+05	0	0	2.34087e+07	2.92508e+09	9.54502e+06	2.10522e+04	0	2.83915e+09	2.55677e+08
6.45654e+14	2.60777e+14	1.74321e+10	1.32571e+08	0	2.01766e+09	7.86673e+04	0	3.35626e+10	3.68711e+05	0	0	2.32161e+07	2.90085e+09	9.05821e+06	1.98053e+04	0	2.81760e+09	2.53606e+08
6.45654e+14	2.53410e+14	1.71635e+10	1.26050e+08	0	1.95403e+09	7.22374e+04	0	3.35224e+10	3.39810e+05	0	0	2.30291e+07	2.87732e+09	8.59240e+06	1.86389e+04	0	2.79666e+09	2.51595e+08
6.45654e+14	2.46263e+14	1.69000e+10	1.19852e+08	0	1.89218e+09	6.63330e+04	0	3.34828e+10	3.13268e+05	0	0	2.28477e+07	2.85447e+09	8.14880e+06	1.75473e+04	0	2.77631e+09	2.49643e+08
6.45654e+14	2.39329e+14	1.66413e+10	1.13958e+08	0	1.83203e+09	6.09100e+04	0	3.34439e+10	2.88884e+05	0	0	2.26716e+07	2.83229e+09	7.72608e+06	1.65254e+04	0	2.75653e+09	2.47749e+08
6.45654e+14	2.32599e+14	1.63873e+10	1.08354e+08	0	1.77354e+09	5.59281e+04	0	3.34057e+10	2.66474e+05	0	0	2.25007e+07	2.81074e+09	7.32304e+06	1.55683e+04	0	2.73729e+09	2.45910e+08
6.45654e+14	2.26067e+14	1.61378e+10	1.03023e+08	0	1.71663e+09	5.13502e+04	0	3.33681e+10	2.45874e+05	0	0	2.23348e+07	2.78982e+09	6.93848e+06	1.46715e+04	0	2.71859e+09	2.44125e+08
6.45654e+14	2.19725e+14	1.58927e+10	9.79535e+07	0	1.66125e+09	4.71430e+04	0	3.33311e+10	2.26929e+05	0	0	2.21736e+07	2.76948e+09	6.57140e+06	1.38309e+04	0	2.70041e+09	2.42390e+08
6.45654e+14	2.13564e+14	1.56518e+10	9.31298e+07	0	1.60733e+09	4.32745e+04	0	3.32948e+10	2.09501e+05	0	0	2.20171e+07	2.74971e+09	6.22045e+06	1.30426e+04	0	2.68272e+09	2.40705e+08
6.45654e+14	2.07579e+14	1.54150e+10	8.85402e+07	0	1.55483e+09	3.97176e+04	0	3.32590e+10	1.93464e+05	0	0	2.18650e+07	2.73050e+09	5.88493e+06	1.23031e+04	0	2.66550e+09	2.39068e+08
6.45654e+14	2.01764e+14	1.51822e+10	8.41730e+07	0	1.50369e+09	3.64465e+04	0	3.32239e+10	1.78701e+05	0	0	2.17171e+07	2.71180e+09	5.56409e+06	1.16091e+04	0	2.64876e+09	2.37476e+08
6.45654e+14	1.96100e+14	1.49527e+10	8.00115e+07	0	1.45375e+09	3.34344e+04	0	3.31893e+10	1.65098e+05	0	0	2.15731e+07	2.69358e+09	5.25609e+06	1.09573e+04	0	2.63242e+09	2.35925e+08
6.45654e+14	1.90605e+14	1.47274e+10	7.60571e+07	0	1.40515e+09	3.06655e+04	0	3.31554e+10	1.52581e+05	0	0	2.14333e+07	2.67589e+09	4.96141e+06	1.03455e+04	0	2.61656e+09	2.34420e+08
6.45654e+14	1.85259e+14	1.45057e+10	7.22933e+07	0	1.35772e+09	2.81168e+04	0	3.31220e+10	1.41049e+05	0	0	2.12973e+07	2.65867e+09	4.67862e+06	9.77072e+03	0	2.60111e+09	2.32956e+08
6.45654e+14	1.80058e+14	1.42874e+10	6.87106e+07	0	1.31141e+09	2.57704e+04	0	3.30892e+10	1.30421e+05	0	0	2.11650e+07	2.64189e+09	4.40700e+06	9.23054e+03	0	2.58606e+09	2.31531e+08
6.45654e+14	1.74984e+14	1.40721e+10	6.52953e+07	0	1.26608e+09	2.36071e+04	0	3.30570e+10	1.20617e+05	0	0	2.10359e+07	2.62550e+09	4.14516e+06	8.72253e+03	0	2.57136e+09	2.30140e+08
6.45654e+14	1.70055e+14	1.38605e+10	6.20494e+07	0	1.22186e+09	2.16174e+04	0	3.30253e+10	1.11585e+05	0	0	2.09104e+07	2.60957e+09	3.89413e+06	8.24500e+03	0	2.55707e+09	2.28789e+08
6.45654e+14	1.65251e+14	1.36520e+10	5.89588e+07	0	1.17853e+09	1.97830e+04	0	3.29941e+10	1.03254e+05	0	0	2.07881e+07	2.59402e+09	3.65177e+06	7.79577e+03	0	2.54313e+09	2.27472e+08
6.45654e+14	1.60584e+14	1.34475e+10	5.60243e+07	0	1.13618e+09	1.80941e+04	0	3.29636e+10	9.55820e+04	0	0	2.06692e+07	2.57889e+09	3.41815e+06	7.37340e+03	0	2.52958e+09	2.26192e+08
6.45654e+14	1.55996e+14	1.32443e+10	5.32151e+07	0	1.09435e+09	1.65313e+04	0	3.29334e+10	8.84781e+04	0	0	2.05523e+07	2.56399e+09	3.19114e+06	6.97521e+03	0	2.51625e+09	2.24933e+08
6.45654e+14	1.51531e+14	1.30448e+10	5.05478e+07	0	1.05330e+09	1.50905e+04	0	3.29037e+10	8.19336e+04	0	0	2.04386e+07	2.54947e+09	2.97123e+06	6.60064e+03	0	2.50327e+09	2.23708e+08
6.45654e+14	1.47165e+14	1.28480e+10	4.80077e+07	0	1.01281e+09	1.37593e+04	0	3.28745e+10	7.58914e+04	0	0	2.03273e+07	2.53525e+09	2.75742e+06	6.24788e+03	0	2.49058e+09	2.22509e+08
6.45654e+14	1.42890e+14	1.26541e+10	4.55894e+07	0	9.72752e+08	1.25279e+04	0	3.28458e+10	7.03129e+04	0	0	2.02183e+07	2.52129e+09	2.54872e+06	5.91562e+03	0	2.47815e+09	2.21336e+08
6.45654e+14	1.38694e+14	1.24627e+10	4.32863e+07	0	9.32915e+08	1.13863e+04	0	3.28174e+10	6.51616e+04	0	0	2.01112e+07	2.50756e+09	2.34378e+06	5.60261e+03	0	2.46595e+09	2.20184e+08
6.45654e+14	1.34571e+14	1.22745e+10	4.10966e+07	0	8.93013e+08	1.03244e+04	0	3.27894e+10	6.04109e+04	0	0	2.00060e+07	2.49402e+09	2.14033e+06	5.30789e+03	0	2.45398e+09	2.19052e+08
6.45654e+14	1.30486e+14	1.20881e+10	3.90062e+07	0	8.52720e+08	9.33351e+03	0	3.27616e+10	5.60163e+04	0	0	1.99017e+07	2.48056e+09	1.93782e+06	5.03003e+03	0	2.44212e+09	2.17929e+08
6.45654e+14	1.26418e+14	1.19034e+10	3.70115e+07	0	8.11570e+08	8.40400e+03	0	3.27340e+10	5.19529e+04	0	0	1.97978e+07	2.46708e+09	1.73399e+06	4.76814e+03	0	2.43033e+09	2.16812e+08
6.45654e+14	1.22354e+14	1.17215e+10	3.51152e+07	0	7.68960e+08	7.52652e+03	0	3.27064e+10	4.82065e+04	0	0	1.96938e+07	2.45353e+09	1.52617e+06	4.52166e+03	0	2.41858e+09	2.15695e+08
6.45654e+14	1.18211e+14	1.15415e+10	3.33078e+07	0	7.23330e+08	6.68278e+03	0	3.26786e+10	4.47503e+04	0	0	1.95877e+07	2.43959e+09	1.30770e+06	4.28979e+03	0	2.40664e+09	2.14556e+08
6.45655e+14	8.50806e+13	1.07428e+10	2.54403e+07	0	2.03727e+08	1.72301e+03	0	3.25674e+10	4.04887e+04	0	0	1.87366e+07	2.30190e+09	4.62501e+03	4.09807e+03	0	2.31072e+09	2.05557e+08
6.45653e+14	8.16153e+13	1.05154e+10	2.38912e+07	0	1.85861e+08	1.50605e+03	0	3.25457e+10	3.73098e+04	0	0	1.86480e+07	2.28797e+09	3.68535e+03	3.88675e+03	0	2.29990e+09	2.04611e+08
6.45654e+14	7.84932e+13	1.02988e+10	2.24973e+07	0	1.71286e+08	1.32965e+03	0	3.25252e+10	3.44032e+04	0	0	1.85681e+07	2.27541e+09	3.14070e+03	3.68742e+03	0	2.29016e+09	2.03759e+08
6.45654e+14	7.56005e+13	1.00888e+10	2.12164e+07	0	1.58808e+08	1.18107e+03	0	3.25053e+10	3.17313e+04	0	0	1.84940e+07	2.26372e+09	2.78254e+03	3.49903e+03	0	2.28111e+09	2.02969e+08
6.45654e+14	7.28957e+13	9.88443e+09	2.00309e+07	0	1.47875e+08	1.05377e+03	0	3.24862e+10	2.92744e+04	0	0	1.84246e+07	2.25272e+09	2.52606e+03	3.32094e+03	0	2.27266e+09	2.02229e+08
6.45654e+14	7.03331e+13	9.68369e+09	1.89235e+07	0	1.38106e+08	9.43176e+02	0	3.24676e+10	2.70080e+04	0	0	1.83588e+07	2.24221e+09	2.32873e+03	3.15238e+03	0	2.26464e+09	2.01528e+08
6.45654e+14	6.78969e+13	9.48630e+09	1.78864e+07	0	1.29292e+08	8.46398e+02	0	3.24496e+10	2.49170e+04	0	0	1.82962e+07	2.23213e+09	2.16893e+03	2.99282e+03	0	2.25702e+09	2.00862e+08
6.45654e+14	6.55794e+13	9.29243e+09	1.69146e+07	0	1.21286e+08	7.61271e+02	0	3.24321e+10	2.29894e+04	0	0	1.82366e+07	2.22243e+09	2.03415e+03	2.84176e+03	0	2.24977e+09	2.00228e+08
6.45654e+14	6.33557e+13	9.10062e+09	1.59977e+07	0	1.13950e+08	6.85926e+02	0	3.24152e+10	2.12069e+04	0	0	1.81794e+07	2.21302e+09	1.91658e+03	2.69857e+03	0	2.24281e+09	1.99619e+08
6.45654e+14	6.12186e+13	8.91078e+09	1.51318e+07	0	1.07198e+08	6.19009e+02	0	3.23986e+10	1.95586e+04	0	0	1.81243e+07	2.20385e+09	1.81150e+03	2.56283e+03	0	2.23612e+09	1.99034e+08
6.45654e+14	5.91815e+13	8.72457e+09	1.43189e+07	0	1.00979e+08	5.59513e+02	0	3.23827e+10	1.80407e+04	0	0	1.80717e+07	2.19501e+09	1.71604e+03	2.43428e+03	0	2.22975e+09	1.98477e+08
6.45654e+14	5.72148e+13	8.53978e+09	1.35479e+07	0	9.52048e+07	5.06325e+02	0	3.23671e+10	1.66356e+04	0	0	1.80209e+07	2.18635e+09	1.62799e+03	2.31231e+03	0	2.22360e+09	1.97939e+08
6.45654e+14	5.53281e+13	8.35774e+09	1.28210e+07	0	8.98466e+07	4.58771e+02	0	3.23520e+10	1.53393e+04	0	0	1.79721e+07	2.17792e+09	1.54609e+03	2.19669e+03	0	2.21771e+09	1.97423e+08
6.45654e+14	5.35121e+13	8.17792e+09	1.21334e+07	0	8.48549e+07	4.16130e+02	0	3.23374e+10	1.41418e+04	0	0	1.79250e+07	2.16968e+09	1.46938e+03	2.08702e+03	0	2.21203e+09	1.96926e+08
6.45654e+14	5.17628e+13	8.00031e+09	1.14828e+07	0	8.01976e+07	3.77842e+02	0	3.23231e+10	1.30358e+04	0	0	1.78796e+07	2.16160e+09	1.39722e+03	1.98297e+03	0	2.20657e+09	1.96448e+08
6.45654e+14	5.00811e+13	7.82532e+09	1.08682e+07	0	7.58471e+07	3.43421e+02	0	3.23094e+10	1.20153e+04	0	0	1.78360e+07	2.15371e+09	1.32915e+03	1.88427e+03	0	2.20132e+09	1.95988e+08
6.45654e+14	4.84561e+13	7.65213e+09	1.02849e+07	0	7.17658e+07	3.12386e+02	0	3.22959e+10	1.10721e+04	0	0	1.77937e+07	2.14594e+09	1.26473e+03	1.79057e+03	0	2.19624e+09	1.95544e+08
6.45654e+14	4.68856e+13	7.48078e+09	9.73146e+06	0	6.79332e+07	2.84379e+02	0	3.22829e+10	1.02004e+04	0	0	1.77528e+07	2.13828e+09	1.20369e+03	1.70161e+03	0	2.19134e+09	1.95115e+08
6.45654e+14	4.53779e+13	7.31246e+09	9.20887e+06	0	6.43408e+07	2.59117e+02	0	3.22702e+10	9.39748e+03	0	0	1.77134e+07	2.13079e+09	1.14583e+03	1.61721e+03	0	2.18664e+09	1.94704e+08
6.45654e+14	4.39165e+13	7.14564e+09	8.71182e+06	0	6.09547e+07	2.36252e+02	0	3.22579e+10	8.65508e+03	0	0	1.76752e+07	2.12337e+09	1.09088e+03	1.53703e+03	0	2.18209e+09	1.94305e+08
6.45654e+14	4.25100e+13	6.98153e+09	8.24139e+06	0	5.77682e+07	2.15566e+02	0	3.22460e+10	7.97102e+03	0	0	1.76384e+07	2.11609e+09	1.03871e+03	1.46092e+03	0	2.17771e+09	1.93922e+08
6.45654e+14	4.11502e+13	6.81945e+09	7.79518e+06	0	5.47678e+07	1.97383e+02	0	3.22343e+10	7.32651e+03	0	0	1.76027e+07	2.10888e+09	9.89141e+02	1.38862e+03	0	2.17347e+09	1.93551e+08
