H	H+	C+	C+2	C+3	N+	N+2	N+4	O	O+2	O+5	O+6	P+	Si+	Si+2	Si+3	Si+4	Fe+	Al+
7.41310e+13	2.17225e+18	7.06990e+09	9.10270e+11	2.90539e+12	5.35660e+08	1.48897e+11	2.44760e+12	4.35700e+04	3.91549e+11	2.49890e+13	3.38910e+13	4.39643e+05	6.86336e+06	3.11250e+08	1.29726e+09	1.13427e+11	1.64442e+03	2.09593e+05
7.41310e+13	2.05781e+18	7.63508e+09	9.56611e+11	2.93826e+12	5.83039e+08	1.57910e+11	2.40262e+12	4.87248e+04	4.16677e+11	2.35838e+13	3.04671e+13	5.14400e+05	8.09091e+06	3.59453e+08	1.44948e+09	1.20053e+11	1.99268e+03	2.49514e+05
7.41310e+13	1.94962e+18	8.23654e+09	1.00411e+12	2.96810e+12	6.33930e+08	1.67256e+11	2.35445e+12	5.44730e+04	4.42779e+11	2.22087e+13	2.73353e+13	6.00819e+05	9.51955e+06	4.14465e+08	1.61713e+09	1.26880e+11	2.41251e+03	2.96350e+05
7.41310e+13	1.84733e+18	8.87583e+09	1.05272e+12	2.99483e+12	6.88500e+08	1.76921e+11	2.30326e+12	6.08810e+04	4.69830e+11	2.08679e+13	2.44773e+13	7.00541e+05	1.11788e+07	4.77141e+08	1.80145e+09	1.33896e+11	2.91806e+03	3.51181e+05
7.41310e+13	1.75060e+18	9.55445e+09	1.10238e+12	3.01838e+12	7.46901e+08	1.86891e+11	2.24921e+12	6.80213e+04	4.97797e+11	1.95653e+13	2.18751e+13	8.15396e+05	1.31020e+07	5.48432e+08	2.00378e+09	1.41092e+11	3.52618e+03	4.15244e+05
7.41310e+13	1.65908e+18	1.02738e+10	1.15301e+12	3.03866e+12	8.09274e+08	1.97147e+11	2.19249e+12	7.59743e+04	5.26642e+11	1.83040e+13	1.95112e+13	9.47430e+05	1.53266e+07	6.29386e+08	2.22553e+09	1.48454e+11	4.25687e+03	4.89945e+05
7.41310e+13	1.57249e+18	1.10352e+10	1.20455e+12	3.05562e+12	8.75745e+08	2.07665e+11	2.13331e+12	8.48282e+04	5.56319e+11	1.70869e+13	1.73686e+13	1.09891e+06	1.78943e+07	7.21157e+08	2.46818e+09	1.55969e+11	5.13380e+03	5.76884e+05
7.41310e+13	1.49054e+18	1.18400e+10	1.25689e+12	3.06919e+12	9.46439e+08	2.18422e+11	2.07188e+12	9.46831e+04	5.86780e+11	1.59164e+13	1.54312e+13	1.27236e+06	2.08521e+07	8.25018e+08	2.73326e+09	1.63619e+11	6.18503e+03	6.77873e+05
7.41310e+13	1.41296e+18	1.26893e+10	1.30995e+12	3.07931e+12	1.02146e+09	2.29388e+11	2.00844e+12	1.05650e+05	6.17973e+11	1.47944e+13	1.36832e+13	1.47059e+06	2.42520e+07	9.42360e+08	3.02239e+09	1.71388e+11	7.44373e+03	7.94969e+05
7.41310e+13	1.33950e+18	1.35843e+10	1.36361e+12	3.08593e+12	1.10090e+09	2.40532e+11	1.94322e+12	1.17852e+05	6.49838e+11	1.37223e+13	1.21099e+13	1.69669e+06	2.81519e+07	1.07470e+09	3.33722e+09	1.79255e+11	8.94903e+03	9.30492e+05
7.41310e+13	1.26993e+18	1.45254e+10	1.41774e+12	3.08899e+12	1.18478e+09	2.51815e+11	1.87648e+12	1.31422e+05	6.82306e+11	1.27012e+13	1.06969e+13	1.95399e+06	3.26155e+07	1.22371e+09	3.67953e+09	1.87198e+11	1.07470e+04	1.08707e+06
7.41310e+13	1.20403e+18	1.55138e+10	1.47221e+12	3.08845e+12	1.27320e+09	2.63203e+11	1.80849e+12	1.46519e+05	7.15321e+11	1.17315e+13	9.43085e+12	2.24628e+06	3.77138e+07	1.39119e+09	4.05106e+09	1.95196e+11	1.28919e+04	1.26765e+06
7.41310e+13	1.14161e+18	1.65501e+10	1.52690e+12	3.08429e+12	1.36619e+09	2.74658e+11	1.73952e+12	1.63318e+05	7.48819e+11	1.08137e+13	8.29904e+12	2.57765e+06	4.35244e+07	1.57908e+09	4.45360e+09	2.03221e+11	1.54476e+04	1.47554e+06
7.41310e+13	1.08248e+18	1.76349e+10	1.58165e+12	3.07647e+12	1.46379e+09	2.86138e+11	1.66983e+12	1.82017e+05	7.82732e+11	9.94740e+12	7.28953e+12	2.95260e+06	5.01328e+07	1.78953e+09	4.88903e+09	2.11249e+11	1.84890e+04	1.71446e+06
7.41310e+13	1.02645e+18	1.87684e+10	1.63630e+12	3.06496e+12	1.56600e+09	2.97601e+11	1.59972e+12	2.02836e+05	8.16992e+11	9.13219e+12	6.39112e+12	3.37599e+06	5.76321e+07	2.02479e+09	5.35917e+09	2.19249e+11	2.21035e+04	1.98855e+06
7.41310e+13	9.73358e+17	1.99508e+10	1.69068e+12	3.04978e+12	1.67280e+09	3.09004e+11	1.52945e+12	2.26026e+05	8.51527e+11	8.36723e+12	5.59333e+12	3.85312e+06	6.61240e+07	2.28732e+09	5.86589e+09	2.27193e+11	2.63930e+04	2.30238e+06
7.41310e+13	9.23042e+17	2.11825e+10	1.74463e+12	3.03089e+12	1.78423e+09	3.20306e+11	1.45928e+12	2.51880e+05	8.86278e+11	7.65125e+12	4.88628e+12	4.38981e+06	7.57217e+07	2.57982e+09	6.41113e+09	2.35049e+11	3.14747e+04	2.66082e+06
7.41310e+13	8.75378e+17	2.24619e+10	1.79791e+12	3.00833e+12	1.90012e+09	3.31452e+11	1.38952e+12	2.80689e+05	9.21141e+11	6.98342e+12	4.26142e+12	4.99185e+06	8.65364e+07	2.90486e+09	6.99643e+09	2.42781e+11	3.74858e+04	3.06960e+06
7.41310e+13	8.30192e+17	2.37891e+10	1.85038e+12	2.98210e+12	2.02049e+09	3.42404e+11	1.32037e+12	3.12834e+05	9.56070e+11	6.36170e+12	3.70993e+12	5.66627e+06	9.87044e+07	3.26563e+09	7.62392e+09	2.50360e+11	4.45918e+04	3.53529e+06
7.41310e+13	7.87373e+17	2.51641e+10	1.90183e+12	2.95224e+12	2.14533e+09	3.53124e+11	1.25210e+12	3.48733e+05	9.90999e+11	5.78456e+12	3.22438e+12	6.42038e+06	1.12363e+08	3.66521e+09	8.29507e+09	2.57748e+11	5.29788e+04	4.06477e+06
7.41310e+13	7.46790e+17	2.65852e+10	1.95205e+12	2.91879e+12	2.27455e+09	3.63564e+11	1.18494e+12	3.88843e+05	1.02585e+12	5.25015e+12	2.79772e+12	7.26177e+06	1.27661e+08	4.10691e+09	9.01154e+09	2.64910e+11	6.28639e+04	4.66572e+06
7.41310e+13	7.08332e+17	2.80523e+10	2.00086e+12	2.88181e+12	2.40814e+09	3.73689e+11	1.11910e+12	4.33703e+05	1.06056e+12	4.75655e+12	2.42361e+12	8.19893e+06	1.44758e+08	4.59424e+09	9.77466e+09	2.71809e+11	7.44982e+04	5.34654e+06
7.41310e+13	6.71864e+17	2.95625e+10	2.04801e+12	2.84134e+12	2.54591e+09	3.83453e+11	1.05474e+12	4.83900e+05	1.09506e+12	4.30157e+12	2.09602e+12	9.24040e+06	1.63827e+08	5.13096e+09	1.05862e+10	2.78410e+11	8.81764e+04	6.11684e+06
7.41310e+13	6.37320e+17	3.11128e+10	2.09326e+12	2.79754e+12	2.68768e+09	3.92812e+11	9.92124e+11	5.40061e+05	1.12924e+12	3.88363e+12	1.81004e+12	1.03944e+07	1.85023e+08	5.72034e+09	1.14467e+10	2.84670e+11	1.04217e+05	6.98588e+06
7.41310e+13	6.04568e+17	3.27031e+10	2.13645e+12	2.75045e+12	2.83354e+09	4.01743e+11	9.31331e+11	6.03009e+05	1.16308e+12	3.50017e+12	1.56060e+12	1.16717e+07	2.08558e+08	6.36679e+09	1.23575e+10	2.90559e+11	1.23019e+05	7.96553e+06
7.41310e+13	5.73525e+17	3.43307e+10	2.17736e+12	2.70020e+12	2.98337e+09	4.10210e+11	8.72520e+11	6.73592e+05	1.19650e+12	3.14928e+12	1.34350e+12	1.30824e+07	2.34621e+08	7.07413e+09	1.33191e+10	2.96037e+11	1.45019e+05	9.06747e+06
7.41310e+13	5.44102e+17	3.59925e+10	2.21579e+12	2.64693e+12	3.13706e+09	4.18184e+11	8.15808e+11	7.52783e+05	1.22944e+12	2.82889e+12	1.15489e+12	1.46367e+07	2.63417e+08	7.84643e+09	1.43319e+10	3.01068e+11	1.70721e+05	1.03047e+07
7.41310e+13	5.16206e+17	3.76845e+10	2.25150e+12	2.59078e+12	3.29442e+09	4.25630e+11	7.61283e+11	8.41668e+05	1.26180e+12	2.53695e+12	9.91300e+11	1.63450e+07	2.95154e+08	8.68776e+09	1.53962e+10	3.05619e+11	2.00703e+05	1.16914e+07
7.41310e+13	4.89773e+17	3.94059e+10	2.28436e+12	2.53193e+12	3.45558e+09	4.32537e+11	7.09029e+11	9.41533e+05	1.29356e+12	2.27154e+12	8.49690e+11	1.82194e+07	3.30058e+08	9.60224e+09	1.65110e+10	3.09654e+11	2.35623e+05	1.32425e+07
7.41310e+13	4.64709e+17	4.11507e+10	2.31414e+12	2.47052e+12	3.62025e+09	4.38872e+11	6.59086e+11	1.05376e+06	1.32463e+12	2.03068e+12	7.27265e+11	2.02703e+07	3.68348e+08	1.05939e+10	1.76762e+10	3.13140e+11	2.76234e+05	1.49744e+07
7.41310e+13	4.40953e+17	4.29160e+10	2.34069e+12	2.40678e+12	3.78844e+09	4.44621e+11	6.11500e+11	1.17993e+06	1.35495e+12	1.81257e+12	6.21630e+11	2.25092e+07	4.10247e+08	1.16667e+10	1.88902e+10	3.16049e+11	3.23381e+05	1.69041e+07
7.41310e+13	4.18444e+17	4.47055e+10	2.36402e+12	2.34090e+12	3.96069e+09	4.49793e+11	5.66273e+11	1.32203e+06	1.38453e+12	1.61539e+12	5.30625e+11	2.49524e+07	4.56043e+08	1.28251e+10	2.01505e+10	3.18354e+11	3.78060e+05	1.90511e+07
7.41310e+13	3.97106e+17	4.64996e+10	2.38369e+12	2.27314e+12	4.13568e+09	4.54329e+11	5.23445e+11	1.48168e+06	1.41318e+12	1.43762e+12	4.52364e+11	2.75997e+07	5.05837e+08	1.40709e+10	2.14561e+10	3.20026e+11	4.41290e+05	2.14326e+07
7.41310e+13	3.76867e+17	4.83045e+10	2.39978e+12	2.20366e+12	4.31423e+09	4.58249e+11	4.82941e+11	1.66152e+06	1.44093e+12	1.27743e+12	3.85100e+11	3.04702e+07	5.59972e+08	1.54092e+10	2.28040e+10	3.21044e+11	5.14409e+05	2.40727e+07
7.41310e+13	3.57684e+17	5.01106e+10	2.41210e+12	2.13276e+12	4.49586e+09	4.61535e+11	4.44778e+11	1.86387e+06	1.46770e+12	1.13350e+12	3.27430e+11	3.35683e+07	6.18582e+08	1.68414e+10	2.41903e+10	3.21389e+11	5.98725e+05	2.69905e+07
7.41310e+13	3.39507e+17	5.19130e+10	2.42061e+12	2.06071e+12	4.68048e+09	4.64184e+11	4.08918e+11	2.09156e+06	1.49341e+12	1.00442e+12	2.78063e+11	3.69015e+07	6.81850e+08	1.83696e+10	2.56105e+10	3.21044e+11	6.95770e+05	3.02077e+07
7.41310e+13	3.22263e+17	5.37094e+10	2.42527e+12	1.98768e+12	4.86829e+09	4.66200e+11	3.75267e+11	2.34806e+06	1.51805e+12	8.88728e+11	2.35818e+11	4.04810e+07	7.50045e+08	1.99968e+10	2.70607e+10	3.19997e+11	8.07413e+05	3.37517e+07
7.41310e+13	3.05908e+17	5.54912e+10	2.42599e+12	1.91396e+12	5.05893e+09	4.67574e+11	3.43783e+11	2.63683e+06	1.54154e+12	7.85266e+11	1.99736e+11	4.43079e+07	8.23272e+08	2.17230e+10	2.85354e+10	3.18237e+11	9.35568e+05	3.76453e+07
7.41310e+13	2.90403e+17	5.72573e+10	2.42285e+12	1.83981e+12	5.25265e+09	4.68321e+11	3.14399e+11	2.96201e+06	1.56385e+12	6.92896e+11	1.68965e+11	4.83892e+07	9.01704e+08	2.35488e+10	3.00275e+10	3.15763e+11	1.08244e+06	4.19140e+07
7.41310e+13	2.75700e+17	5.90016e+10	2.41585e+12	1.76550e+12	5.44931e+09	4.68445e+11	2.87037e+11	3.32813e+06	1.58491e+12	6.10566e+11	1.42758e+11	5.27251e+07	9.85444e+08	2.54731e+10	3.15300e+10	3.12575e+11	1.25046e+06	4.65835e+07
7.41310e+13	2.61753e+17	6.07162e+10	2.40499e+12	1.69128e+12	5.64863e+09	4.67946e+11	2.61615e+11	3.74023e+06	1.60468e+12	5.37291e+11	1.20464e+11	5.73111e+07	1.07453e+09	2.74936e+10	3.30358e+10	3.08675e+11	1.44239e+06	5.16803e+07
7.41310e+13	2.48526e+17	6.23990e+10	2.39038e+12	1.61738e+12	5.85079e+09	4.66840e+11	2.38047e+11	4.20406e+06	1.62312e+12	4.72177e+11	1.01525e+11	6.21459e+07	1.16903e+09	2.96074e+10	3.45360e+10	3.04077e+11	1.66124e+06	5.72312e+07
7.41310e+13	2.35976e+17	6.40409e+10	2.37204e+12	1.54405e+12	6.05539e+09	4.65132e+11	2.16245e+11	4.72594e+06	1.64016e+12	4.14397e+11	8.54548e+10	6.72168e+07	1.26887e+09	3.18095e+10	3.60223e+10	2.98792e+11	1.91040e+06	6.32627e+07
7.41310e+13	2.24071e+17	6.56409e+10	2.35015e+12	1.47153e+12	6.26266e+09	4.62842e+11	1.96120e+11	5.31302e+06	1.65577e+12	3.63204e+11	7.18378e+10	7.25169e+07	1.37400e+09	3.40942e+10	3.74842e+10	2.92842e+11	2.19359e+06	6.98014e+07
7.41310e+13	2.12780e+17	6.71972e+10	2.32490e+12	1.40002e+12	6.47274e+09	4.59990e+11	1.77582e+11	5.97324e+06	1.66993e+12	3.17919e+11	6.03164e+10	7.80353e+07	1.48435e+09	3.64548e+10	3.89108e+10	2.86256e+11	2.51492e+06	7.68734e+07
7.41310e+13	2.02061e+17	6.86971e+10	2.29629e+12	1.32973e+12	6.68494e+09	4.56578e+11	1.60537e+11	6.71538e+06	1.68256e+12	2.77905e+11	5.05750e+10	8.37430e+07	1.59958e+09	3.88803e+10	4.02934e+10	2.79058e+11	2.87897e+06	8.45038e+07
7.41310e+13	1.91879e+17	7.01420e+10	2.26453e+12	1.26077e+12	6.89967e+09	4.52625e+11	1.44884e+11	7.55000e+06	1.69363e+12	2.42573e+11	4.23447e+10	8.96284e+07	1.71961e+09	4.13621e+10	4.16202e+10	2.71279e+11	3.29116e+06	9.27246e+07
7.41310e+13	1.82224e+17	7.15260e+10	2.22988e+12	1.19346e+12	7.11659e+09	4.48164e+11	1.30564e+11	8.48676e+06	1.70310e+12	2.11475e+11	3.54122e+10	9.56566e+07	1.84385e+09	4.38849e+10	4.28796e+10	2.62976e+11	3.75625e+06	1.01544e+08
7.41310e+13	1.73060e+17	7.28476e+10	2.19251e+12	1.12789e+12	7.33584e+09	4.43209e+11	1.17476e+11	9.53843e+06	1.71094e+12	1.84116e+11	2.95748e+10	1.01805e+08	1.97201e+09	4.64363e+10	4.40604e+10	2.54189e+11	4.28063e+06	1.10990e+08
7.41310e+13	1.64361e+17	7.41034e+10	2.15262e+12	1.06418e+12	7.55733e+09	4.37784e+11	1.05536e+11	1.07185e+07	1.71712e+12	1.60078e+11	2.46657e+10	1.08041e+08	2.10358e+09	4.90003e+10	4.51517e+10	2.44967e+11	4.87096e+06	1.21081e+08
7.41310e+13	1.56102e+17	7.52911e+10	2.11044e+12	1.00246e+12	7.78106e+09	4.31910e+11	9.46641e+10	1.20418e+07	1.72159e+12	1.38988e+11	2.05426e+10	1.14331e+08	2.23801e+09	5.15599e+10	4.61428e+10	2.35365e+11	5.53449e+06	1.31834e+08
7.41310e+13	1.48261e+17	7.64090e+10	2.06619e+12	9.42814e+11	8.00702e+09	4.25612e+11	8.47826e+10	1.35251e+07	1.72433e+12	1.20509e+11	1.70842e+10	1.20640e+08	2.37468e+09	5.40969e+10	4.70233e+10	2.25443e+11	6.27918e+06	1.43262e+08
7.41310e+13	1.40815e+17	7.74561e+10	2.02011e+12	8.85335e+11	8.23526e+09	4.18917e+11	7.58176e+10	1.51864e+07	1.72531e+12	1.04340e+11	1.41872e+10	1.26933e+08	2.51291e+09	5.65923e+10	4.77836e+10	2.15262e+11	7.11367e+06	1.55376e+08
7.41310e+13	1.33754e+17	7.84302e+10	1.97249e+12	8.30150e+11	8.46559e+09	4.11860e+11	6.77080e+10	1.70441e+07	1.72453e+12	9.02277e+10	1.17665e+10	1.33164e+08	2.65176e+09	5.90247e+10	4.84162e+10	2.04898e+11	8.04620e+06	1.68167e+08
7.41310e+13	1.27031e+17	7.93350e+10	1.92336e+12	7.77094e+11	8.69871e+09	4.04435e+11	6.03587e+10	1.91261e+07	1.72190e+12	7.78838e+10	9.73975e+09	1.39319e+08	2.79109e+09	6.13782e+10	4.89108e+10	1.94380e+11	9.09062e+06	1.81684e+08
7.41310e+13	1.20655e+17	8.01670e+10	1.87315e+12	7.26405e+11	8.93409e+09	3.96703e+11	5.37349e+10	2.14510e+07	1.71747e+12	6.71417e+10	8.05129e+09	1.45341e+08	2.92951e+09	6.36286e+10	4.92639e+10	1.83811e+11	1.02545e+07	1.95881e+08
7.41310e+13	1.14608e+17	8.09268e+10	1.82210e+12	6.78092e+11	9.17180e+09	3.88694e+11	4.77752e+10	2.40446e+07	1.71122e+12	5.78062e+10	6.64655e+09	1.51194e+08	3.06619e+09	6.57566e+10	4.94715e+10	1.73258e+11	1.15492e+07	2.10747e+08
7.41310e+13	1.08856e+17	8.16172e+10	1.77025e+12	6.32017e+11	9.41237e+09	3.80407e+11	4.24078e+10	2.69417e+07	1.70309e+12	4.96833e+10	5.47665e+09	1.56860e+08	3.20079e+09	6.77451e+10	4.95281e+10	1.62758e+11	1.29912e+07	2.26309e+08
7.41310e+13	1.03394e+17	8.22392e+10	1.71791e+12	5.88235e+11	9.65580e+09	3.71885e+11	3.75891e+10	3.01716e+07	1.69311e+12	4.26358e+10	4.50520e+09	1.62302e+08	3.33233e+09	6.95758e+10	4.94333e+10	1.52386e+11	1.45929e+07	2.42536e+08
7.41310e+13	9.81976e+16	8.27944e+10	1.66516e+12	5.46659e+11	9.90237e+09	3.63139e+11	3.32641e+10	3.37737e+07	1.68124e+12	3.65223e+10	3.69879e+09	1.67498e+08	3.46032e+09	7.12324e+10	4.91860e+10	1.42186e+11	1.63722e+07	2.59429e+08
7.41310e+13	9.32783e+16	8.32851e+10	1.61248e+12	5.07431e+11	1.01519e+10	3.54246e+11	2.94053e+10	3.77731e+07	1.66759e+12	3.12491e+10	3.03313e+09	1.72409e+08	3.58343e+09	7.27020e+10	4.87941e+10	1.32256e+11	1.83374e+07	2.76896e+08
7.41310e+13	8.85985e+16	8.37129e+10	1.55977e+12	4.70325e+11	1.04050e+10	3.45182e+11	2.59530e+10	4.22240e+07	1.65207e+12	2.66876e+10	2.48222e+09	1.77028e+08	3.70171e+09	7.39717e+10	4.82559e+10	1.22602e+11	2.05140e+07	2.94974e+08
7.41310e+13	8.41538e+16	8.40802e+10	1.50726e+12	4.35346e+11	1.06616e+10	3.35992e+11	2.28740e+10	4.71670e+07	1.63473e+12	2.27540e+10	2.02772e+09	1.81332e+08	3.81442e+09	7.50326e+10	4.75793e+10	1.13281e+11	2.29179e+07	3.13607e+08
7.41310e+13	7.99252e+16	8.43885e+10	1.45501e+12	4.02383e+11	1.09223e+10	3.26683e+11	2.01285e+10	5.26573e+07	1.61553e+12	1.93625e+10	1.65291e+09	1.85309e+08	3.92131e+09	7.58762e+10	4.67692e+10	1.04318e+11	2.55734e+07	3.32780e+08
7.41310e+13	7.59229e+16	8.46430e+10	1.40346e+12	3.71520e+11	1.11869e+10	3.17335e+11	1.76954e+10	5.87266e+07	1.59469e+12	1.64561e+10	1.34570e+09	1.88943e+08	4.02147e+09	7.65042e+10	4.58416e+10	9.57821e+10	2.84894e+07	3.52370e+08
7.41310e+13	7.21084e+16	8.48431e+10	1.35233e+12	3.42488e+11	1.14552e+10	3.07900e+11	1.55291e+10	6.54604e+07	1.57200e+12	1.39544e+10	1.09284e+09	1.92234e+08	4.11545e+09	7.69079e+10	4.47960e+10	8.76482e+10	3.17060e+07	3.72437e+08
7.41310e+13	6.84925e+16	8.49940e+10	1.30203e+12	3.15359e+11	1.17274e+10	2.98457e+11	1.36128e+10	7.28956e+07	1.54769e+12	1.18148e+10	8.86076e+08	1.95173e+08	4.20252e+09	7.70953e+10	4.36514e+10	7.99708e+10	3.52331e+07	3.92843e+08
7.41310e+13	6.50580e+16	8.50962e+10	1.25254e+12	2.90007e+11	1.20041e+10	2.89010e+11	1.19173e+10	8.11053e+07	1.52175e+12	9.98502e+09	7.17024e+08	1.97757e+08	4.28279e+09	7.70674e+10	4.24168e+10	7.27480e+10	3.91012e+07	4.13557e+08
7.41310e+13	6.17964e+16	8.51529e+10	1.20397e+12	2.66353e+11	1.22856e+10	2.79580e+11	1.04196e+10	9.01577e+07	1.49426e+12	8.42305e+09	5.79090e+08	1.99988e+08	4.35633e+09	7.68315e+10	4.11042e+10	6.59863e+10	4.33366e+07	4.34518e+08
7.41310e+13	5.86988e+16	8.51660e+10	1.15638e+12	2.44319e+11	1.25722e+10	2.70188e+11	9.09846e+09	1.00127e+08	1.46526e+12	7.09203e+09	4.66756e+08	2.01870e+08	4.42327e+09	7.63956e+10	3.97260e+10	5.96848e+10	4.79674e+07	4.55661e+08
7.41310e+13	5.57570e+16	8.51377e+10	1.10983e+12	2.23825e+11	1.28640e+10	2.60852e+11	7.93496e+09	1.11091e+08	1.43485e+12	5.95993e+09	3.75455e+08	2.03406e+08	4.48381e+09	7.57700e+10	3.82943e+10	5.38384e+10	5.30231e+07	4.76918e+08
7.41310e+13	5.29632e+16	8.50701e+10	1.06437e+12	2.04792e+11	1.31613e+10	2.51591e+11	6.91175e+09	1.23133e+08	1.40310e+12	4.99883e+09	3.01398e+08	2.04605e+08	4.53823e+09	7.49666e+10	3.68213e+10	4.84375e+10	5.85341e+07	4.98218e+08
7.41310e+13	5.03100e+16	8.49651e+10	1.02006e+12	1.87143e+11	1.34642e+10	2.42421e+11	6.01323e+09	1.36339e+08	1.37009e+12	4.18447e+09	2.41452e+08	2.05475e+08	4.58686e+09	7.39982e+10	3.53185e+10	4.34685e+10	6.45321e+07	5.19490e+08
7.41310e+13	4.77903e+16	8.48245e+10	9.76917e+11	1.70799e+11	1.37729e+10	2.33359e+11	5.22534e+09	1.50802e+08	1.33594e+12	3.49579e+09	1.93028e+08	2.06025e+08	4.63010e+09	7.28788e+10	3.37971e+10	3.89149e+10	7.10501e+07	5.40658e+08
7.41310e+13	4.53974e+16	8.46502e+10	9.34977e+11	1.55687e+11	1.40874e+10	2.24417e+11	4.53541e+09	1.66619e+08	1.30073e+12	2.91455e+09	1.53996e+08	2.06268e+08	4.66834e+09	7.16228e+10	3.22675e+10	3.47576e+10	7.81215e+07	5.61649e+08
7.41310e+13	4.31250e+16	8.44436e+10	8.94257e+11	1.41733e+11	1.44080e+10	2.15610e+11	3.93210e+09	1.83890e+08	1.26457e+12	2.42498e+09	1.22599e+08	2.06213e+08	4.70203e+09	7.02448e+10	3.07392e+10	3.09758e+10	8.57807e+07	5.82388e+08
7.41310e+13	4.09719e+16	8.42077e+10	8.54864e+11	1.28893e+11	1.47345e+10	2.06969e+11	3.40621e+09	2.02691e+08	1.22768e+12	2.01418e+09	9.74411e+07	2.05879e+08	4.73144e+09	6.87650e+10	2.92249e+10	2.75528e+10	9.40466e+07	6.02765e+08
7.41310e+13	3.89224e+16	8.39407e+10	8.16615e+11	1.17046e+11	1.50671e+10	1.98464e+11	2.94663e+09	2.23186e+08	1.18996e+12	1.66890e+09	7.72508e+07	2.05271e+08	4.75738e+09	6.71871e+10	2.77247e+10	2.44539e+10	1.02985e+08	6.22775e+08
7.41310e+13	3.69717e+16	8.36434e+10	7.79517e+11	1.06131e+11	1.54056e+10	1.90104e+11	2.54558e+09	2.45495e+08	1.15151e+12	1.37939e+09	6.10880e+07	2.04398e+08	4.78030e+09	6.55246e+10	2.62460e+10	2.16573e+10	1.12634e+08	6.42343e+08
7.41310e+13	3.51236e+16	8.33201e+10	7.43748e+11	9.61307e+10	1.57500e+10	1.81939e+11	2.19745e+09	2.69669e+08	1.11268e+12	1.13807e+09	4.82265e+07	2.03286e+08	4.80029e+09	6.38023e+10	2.48020e+10	1.91497e+10	1.22994e+08	6.61331e+08
7.41310e+13	3.33685e+16	8.29702e+10	7.09209e+11	8.69616e+10	1.61000e+10	1.73954e+11	1.89498e+09	2.95856e+08	1.07346e+12	9.36944e+08	3.79932e+07	2.01943e+08	4.81792e+09	6.20275e+10	2.33942e+10	1.69033e+10	1.34115e+08	6.79703e+08
7.41310e+13	3.17059e+16	8.25963e+10	6.75973e+11	7.85835e+10	1.64554e+10	1.66175e+11	1.63301e+09	3.24132e+08	1.03408e+12	7.69985e+08	2.98828e+07	2.00389e+08	4.83343e+09	6.02181e+10	2.20303e+10	1.48995e+10	1.46007e+08	6.97366e+08
7.41310e+13	3.01233e+16	8.21961e+10	6.43861e+11	7.09066e+10	1.68158e+10	1.58569e+11	1.40545e+09	3.54701e+08	9.94448e+11	6.31162e+08	2.34447e+07	1.98627e+08	4.84754e+09	5.83742e+10	2.07069e+10	1.31100e+10	1.58744e+08	7.14321e+08
7.41310e+13	2.86204e+16	8.17714e+10	6.12938e+11	6.38975e+10	1.71808e+10	1.51159e+11	1.20844e+09	3.87642e+08	9.54783e+11	5.16230e+08	1.83559e+07	1.96674e+08	4.86041e+09	5.65113e+10	1.94305e+10	1.15186e+10	1.72333e+08	7.30475e+08
7.41310e+13	2.71933e+16	8.13223e+10	5.83182e+11	5.75070e+10	1.75497e+10	1.43948e+11	1.03805e+09	4.23076e+08	9.15190e+11	4.21287e+08	1.43422e+07	1.94543e+08	4.87232e+09	5.46383e+10	1.82032e+10	1.01063e+10	1.86803e+08	7.45769e+08
7.41310e+13	2.58382e+16	8.08502e+10	5.54576e+11	5.16890e+10	1.79220e+10	1.36939e+11	8.90865e+08	4.61117e+08	8.75783e+11	3.43040e+08	1.11836e+07	1.92249e+08	4.88355e+09	5.27646e+10	1.70263e+10	8.85561e+09	2.02173e+08	7.60162e+08
7.41310e+13	2.45481e+16	8.03525e+10	5.27022e+11	4.63885e+10	1.82966e+10	1.30116e+11	7.63598e+08	5.01945e+08	8.36558e+11	2.78584e+08	8.69890e+06	1.89794e+08	4.89451e+09	5.08913e+10	1.58983e+10	7.74808e+09	2.18496e+08	7.73620e+08
7.41310e+13	2.33262e+16	7.98336e+10	5.00640e+11	4.15874e+10	1.86730e+10	1.23514e+11	6.54122e+08	5.45541e+08	7.97822e+11	2.25816e+08	6.75612e+06	1.87206e+08	4.90504e+09	4.90365e+10	1.48251e+10	6.77276e+09	2.35724e+08	7.86060e+08
7.41310e+13	2.21659e+16	7.92918e+10	4.75330e+11	3.72350e+10	1.90498e+10	1.17118e+11	5.59834e+08	5.92065e+08	7.59564e+11	1.82626e+08	5.23701e+06	1.84491e+08	4.91549e+09	4.72006e+10	1.38040e+10	5.91359e+09	2.53895e+08	7.97471e+08
7.41310e+13	2.10640e+16	7.87275e+10	4.51066e+11	3.32951e+10	1.94260e+10	1.10926e+11	4.78707e+08	6.41606e+08	7.21876e+11	1.47357e+08	4.05167e+06	1.81658e+08	4.92596e+09	4.53886e+10	1.28346e+10	5.15795e+09	2.73014e+08	8.07819e+08
7.41310e+13	2.00203e+16	7.81427e+10	4.27881e+11	2.97410e+10	1.98005e+10	1.04952e+11	4.09101e+08	6.94162e+08	6.84933e+11	1.18675e+08	3.13028e+06	1.78729e+08	4.93640e+09	4.36102e+10	1.19185e+10	4.49550e+09	2.93038e+08	8.17069e+08
7.41310e+13	1.90241e+16	7.75315e+10	4.05567e+11	2.65189e+10	2.01709e+10	9.91534e+10	3.49072e+08	7.50045e+08	6.48538e+11	9.52726e+07	2.41150e+06	1.75687e+08	4.94736e+09	4.18533e+10	1.10482e+10	3.91233e+09	3.14077e+08	8.25236e+08
7.41310e+13	1.80829e+16	7.69023e+10	3.84329e+11	2.36275e+10	2.05368e+10	9.35843e+10	2.97776e+08	8.08963e+08	6.13125e+11	7.63708e+07	1.85627e+06	1.72579e+08	4.95821e+09	4.01416e+10	1.02311e+10	3.40349e+09	3.35953e+08	8.32262e+08
7.41310e+13	1.71867e+16	7.62491e+10	3.63967e+11	2.10191e+10	2.08954e+10	8.82018e+10	2.53702e+08	8.71209e+08	5.78493e+11	6.10490e+07	1.42561e+06	1.69386e+08	4.96945e+09	3.84626e+10	9.45967e+09	2.95746e+09	3.58766e+08	8.38166e+08
7.41310e+13	1.63358e+16	7.55743e+10	3.44513e+11	1.86753e+10	2.12452e+10	8.30193e+10	2.15955e+08	9.36699e+08	5.44799e+11	4.86869e+07	1.09299e+06	1.66130e+08	4.98086e+09	3.68239e+10	8.73460e+09	2.56778e+09	3.82439e+08	8.42940e+08
7.41310e+13	1.55275e+16	7.48773e+10	3.25929e+11	1.65714e+10	2.15841e+10	7.80322e+10	1.83642e+08	1.00543e+09	5.12080e+11	3.87335e+07	8.36512e+05	1.62815e+08	4.99245e+09	3.52259e+10	8.05409e+09	2.22759e+09	4.06945e+08	8.46575e+08
7.41310e+13	1.47600e+16	7.41590e+10	3.08195e+11	1.46864e+10	2.19098e+10	7.32412e+10	1.56017e+08	1.07736e+09	4.80401e+11	3.07423e+07	6.39187e+05	1.59454e+08	5.00409e+09	3.36710e+10	7.41675e+09	1.93102e+09	4.32227e+08	8.49084e+08
7.41310e+13	1.40311e+16	7.34195e+10	2.91279e+11	1.29996e+10	2.22202e+10	6.86429e+10	1.32415e+08	1.15241e+09	4.49798e+11	2.43408e+07	4.87624e+05	1.56054e+08	5.01569e+09	3.21598e+10	6.82074e+09	1.67267e+09	4.58236e+08	8.50476e+08
7.41310e+13	1.33389e+16	7.26589e+10	2.75154e+11	1.14924e+10	2.25129e+10	6.42355e+10	1.12269e+08	1.23050e+09	4.20309e+11	1.92259e+07	3.71428e+05	1.52623e+08	5.02715e+09	3.06929e+10	6.26433e+09	1.44786e+09	4.84911e+08	8.50766e+08
7.41310e+13	1.26814e+16	7.18774e+10	2.59790e+11	1.01475e+10	2.27854e+10	6.00163e+10	9.50872e+07	1.31150e+09	3.91963e+11	1.51489e+07	2.82495e+05	1.49168e+08	5.03833e+09	2.92705e+10	5.74571e+09	1.25238e+09	5.12188e+08	8.49972e+08
7.41310e+13	1.20554e+16	7.10732e+10	2.45125e+11	8.94681e+09	2.30345e+10	5.59744e+10	8.04213e+07	1.39538e+09	3.64726e+11	1.19024e+07	2.14440e+05	1.45688e+08	5.04921e+09	2.78893e+10	5.26198e+09	1.08226e+09	5.40045e+08	8.48110e+08
7.41310e+13	1.14625e+16	7.02511e+10	2.31207e+11	7.88093e+09	2.32594e+10	5.21255e+10	6.79636e+07	1.48170e+09	3.38738e+11	9.33302e+06	1.62642e+05	1.42208e+08	5.05935e+09	2.65568e+10	4.81370e+09	9.34896e+08	5.68302e+08	8.45224e+08
7.41310e+13	1.09008e+16	6.94119e+10	2.18004e+11	6.93578e+09	2.34578e+10	4.84659e+10	5.73885e+07	1.57024e+09	3.14004e+11	7.30383e+06	1.23260e+05	1.38735e+08	5.06860e+09	2.52726e+10	4.39883e+09	8.07300e+08	5.96874e+08	8.41358e+08
7.41310e+13	1.03658e+16	6.85510e+10	2.05421e+11	6.09527e+09	2.36256e+10	4.49761e+10	4.83848e+07	1.66101e+09	2.90420e+11	5.69949e+06	0	1.35255e+08	5.07702e+09	2.40289e+10	4.01363e+09	6.96488e+08	6.25788e+08	8.36510e+08
7.41310e+13	9.85768e+15	6.76713e+10	1.93466e+11	5.35047e+09	2.37616e+10	4.16616e+10	4.07431e+07	1.75362e+09	2.68042e+11	4.43681e+06	0	1.31785e+08	5.08430e+09	2.28291e+10	3.65742e+09	6.00511e+08	6.54905e+08	8.30731e+08
7.41310e+13	9.37500e+15	6.67733e+10	1.82116e+11	4.69139e+09	2.38637e+10	3.85198e+10	3.42645e+07	1.84775e+09	2.46867e+11	3.44559e+06	0	1.28329e+08	5.09025e+09	2.16725e+10	3.32852e+09	5.17441e+08	6.84140e+08	8.24061e+08
7.41310e+13	8.91650e+15	6.58576e+10	1.71346e+11	4.10894e+09	2.39301e+10	3.55473e+10	2.87782e+07	1.94311e+09	2.26884e+11	2.66946e+06	0	1.24892e+08	5.09467e+09	2.05586e+10	3.02532e+09	4.45593e+08	7.13405e+08	8.16542e+08
7.41310e+13	8.47979e+15	6.49222e+10	1.61105e+11	3.59383e+09	2.39581e+10	3.27349e+10	2.41292e+07	2.03949e+09	2.08039e+11	2.06231e+06	0	1.21470e+08	5.09744e+09	1.94837e+10	2.74558e+09	3.83379e+08	7.42675e+08	8.08188e+08
7.41310e+13	8.06717e+15	6.39759e+10	1.51451e+11	3.14177e+09	2.39503e+10	3.00973e+10	2.02175e+07	2.13611e+09	1.90432e+11	1.59107e+06	0	1.18097e+08	5.09814e+09	1.84561e+10	2.48974e+09	3.29850e+08	7.71693e+08	7.99128e+08
7.41310e+13	7.67406e+15	6.30112e+10	1.42280e+11	2.74288e+09	2.39020e+10	2.76122e+10	1.69100e+07	2.23306e+09	1.73917e+11	1.22412e+06	0	1.14747e+08	5.09681e+09	1.74659e+10	2.25437e+09	2.83543e+08	8.00554e+08	7.89324e+08
7.41310e+13	7.29958e+15	6.20291e+10	1.33574e+11	2.39144e+09	2.38123e+10	2.52768e+10	1.41182e+07	2.32997e+09	1.58473e+11	9.39242e+05	0	1.11425e+08	5.09322e+09	1.65128e+10	2.03819e+09	2.43522e+08	8.29178e+08	7.78820e+08
7.41310e+13	6.94478e+15	6.10357e+10	1.25360e+11	2.08354e+09	2.36841e+10	2.30971e+10	1.17743e+07	2.42620e+09	1.44134e+11	7.19428e+05	0	1.08153e+08	5.08709e+09	1.56014e+10	1.84093e+09	2.09090e+08	8.57377e+08	7.67727e+08
7.41310e+13	6.60861e+15	6.00323e+10	1.17614e+11	1.81406e+09	2.35179e+10	2.10675e+10	9.80870e+06	2.52139e+09	1.30857e+11	5.50162e+05	0	1.04934e+08	5.07830e+09	1.47306e+10	1.66116e+09	1.79478e+08	8.85085e+08	7.56098e+08
7.41310e+13	6.28737e+15	5.90109e+10	1.10251e+11	1.57691e+09	2.33092e+10	1.91698e+10	8.15304e+06	2.61565e+09	1.18516e+11	4.19430e+05	0	1.01744e+08	5.06674e+09	1.38919e+10	1.49637e+09	1.53875e+08	9.12409e+08	7.43874e+08
7.41310e+13	5.98385e+15	5.79845e+10	1.03335e+11	1.37034e+09	2.30660e+10	1.74159e+10	6.77182e+06	2.70809e+09	1.07179e+11	3.19449e+05	0	9.86231e+07	5.05222e+09	1.30945e+10	1.34704e+09	1.31933e+08	9.39062e+08	7.31250e+08
7.41310e+13	5.69374e+15	5.69418e+10	9.67693e+10	1.18896e+09	2.27824e+10	1.57845e+10	5.61195e+06	2.79896e+09	9.66998e+10	2.42581e+05	0	9.55362e+07	5.03461e+09	1.23277e+10	1.21054e+09	1.12981e+08	9.65218e+08	7.18119e+08
7.41310e+13	5.41968e+15	5.58964e+10	9.06108e+10	1.03133e+09	2.24677e+10	1.42847e+10	4.64748e+06	2.88744e+09	8.71253e+10	1.84065e+05	0	9.25226e+07	5.01383e+09	1.16001e+10	1.08723e+09	9.67611e+07	9.90602e+08	7.04692e+08
7.41310e+13	5.15842e+15	5.48399e+10	8.47860e+10	8.93524e+08	2.21181e+10	1.28999e+10	3.84162e+06	2.97370e+09	7.83408e+10	1.39344e+05	0	8.95569e+07	4.98975e+09	1.09038e+10	9.75119e+08	8.27954e+07	1.01534e+09	6.90890e+08
7.41310e+13	4.91012e+15	5.37766e+10	7.92970e+10	7.73470e+08	2.17379e+10	1.16278e+10	3.17092e+06	3.05738e+09	7.03209e+10	1.05313e+05	0	8.66501e+07	4.96231e+09	1.02403e+10	8.73605e+08	7.08057e+07	1.03933e+09	6.76801e+08
7.41310e+13	4.67338e+15	5.27042e+10	7.41112e+10	6.68750e+08	2.13272e+10	1.04594e+10	2.61250e+06	3.13842e+09	6.30010e+10	7.94221e+04	0	8.37947e+07	4.93138e+09	9.60655e+09	7.81581e+08	6.04966e+07	1.06261e+09	6.62420e+08
7.41310e+13	4.44908e+15	5.16307e+10	6.92458e+10	5.77947e+08	2.08933e+10	9.39436e+09	2.15034e+06	3.21641e+09	5.63677e+10	5.98415e+04	0	8.10102e+07	4.89703e+09	9.00585e+09	6.98729e+08	5.16785e+07	1.08502e+09	6.47886e+08
7.41310e+13	4.23587e+15	5.05539e+10	6.46689e+10	4.99083e+08	2.04368e+10	8.42345e+09	1.76756e+06	3.29135e+09	5.03562e+10	4.50260e+04	0	7.82888e+07	4.85921e+09	8.43514e+09	6.24026e+08	4.41218e+07	1.10659e+09	6.33194e+08
7.41310e+13	4.03319e+15	4.94750e+10	6.03659e+10	4.30656e+08	1.99605e+10	7.54057e+09	1.45102e+06	3.36316e+09	4.49205e+10	3.38350e+04	0	7.56313e+07	4.81790e+09	7.89349e+09	5.56762e+08	3.76500e+07	1.12731e+09	6.18383e+08
7.41310e+13	3.84052e+15	4.83953e+10	5.63230e+10	3.71341e+08	1.94674e+10	6.73971e+09	1.18968e+06	3.43175e+09	4.00165e+10	2.53957e+04	0	7.30386e+07	4.77314e+09	7.38001e+09	4.96277e+08	3.21108e+07	1.14714e+09	6.03493e+08
7.41310e+13	3.65735e+15	4.73159e+10	5.25266e+10	3.19972e+08	1.89604e+10	6.01494e+09	9.74241e+05	3.49711e+09	3.56015e+10	0	0	7.05111e+07	4.72496e+09	6.89373e+09	4.41959e+08	2.73726e+07	1.16608e+09	5.88560e+08
7.41310e+13	3.48320e+15	4.62380e+10	4.89639e+10	2.75525e+08	1.84425e+10	5.36052e+09	7.96898e+05	3.55922e+09	3.16346e+10	0	0	6.80494e+07	4.67344e+09	6.43375e+09	3.93241e+08	2.33220e+07	1.18409e+09	5.73619e+08
7.41310e+13	3.31762e+15	4.51628e+10	4.56224e+10	2.37098e+08	1.79163e+10	4.77090e+09	6.51126e+05	3.61809e+09	2.80771e+10	0	0	6.56536e+07	4.61866e+09	5.99912e+09	3.49599e+08	1.98612e+07	1.20118e+09	5.58702e+08
7.41310e+13	3.16018e+15	4.40915e+10	4.24903e+10	2.03906e+08	1.73845e+10	4.24078e+09	5.31472e+05	3.67375e+09	2.48927e+10	0	0	6.33237e+07	4.56073e+09	5.58893e+09	3.10551e+08	1.69062e+07	1.21732e+09	5.43841e+08
7.41310e+13	3.01048e+15	4.30253e+10	3.95563e+10	1.75258e+08	1.68496e+10	3.76511e+09	4.33387e+05	3.72627e+09	2.20471e+10	0	0	6.10596e+07	4.49977e+09	5.20223e+09	2.75656e+08	1.43844e+07	1.23251e+09	5.29065e+08
7.41310e+13	2.86812e+15	4.19653e+10	3.68093e+10	1.50552e+08	1.63140e+10	3.33910e+09	3.53084e+05	3.77570e+09	1.95085e+10	0	0	5.88612e+07	4.43591e+09	4.83811e+09	2.44506e+08	1.22337e+07	1.24673e+09	5.14401e+08
7.41310e+13	2.73274e+15	4.09127e+10	3.42392e+10	1.29262e+08	1.57798e+10	2.95825e+09	2.87420e+05	3.82212e+09	1.72471e+10	0	0	5.67281e+07	4.36931e+09	4.49566e+09	2.16730e+08	1.04005e+07	1.25998e+09	4.99873e+08
7.41310e+13	2.60455e+15	3.98731e+10	3.18459e+10	1.10985e+08	1.52518e+10	2.61936e+09	2.33924e+05	3.86555e+09	1.52414e+10	0	0	5.46687e+07	4.30043e+09	4.17537e+09	1.92071e+08	8.84330e+06	1.27219e+09	4.85570e+08
7.41310e+13	2.48209e+15	3.88385e+10	2.95994e+10	9.52015e+07	1.47262e+10	2.31640e+09	1.90140e+05	3.90627e+09	1.34540e+10	0	0	5.26643e+07	4.22890e+09	3.87345e+09	1.70047e+08	7.51291e+06	1.28346e+09	4.71384e+08
7.41310e+13	2.36562e+15	3.78144e+10	2.75010e+10	8.16289e+07	1.42075e+10	2.04685e+09	1.54452e+05	3.94428e+09	1.18683e+10	0	0	5.07234e+07	4.15518e+09	3.59050e+09	1.50468e+08	6.38072e+06	1.29372e+09	4.57399e+08
7.41310e+13	2.25484e+15	3.68017e+10	2.55422e+10	6.99640e+07	1.36969e+10	1.80734e+09	1.25389e+05	3.97971e+09	1.04630e+10	0	0	4.88450e+07	4.07946e+09	3.32560e+09	1.33077e+08	5.41764e+06	1.30298e+09	4.43631e+08
7.41310e+13	2.14947e+15	3.58014e+10	2.37147e+10	5.99452e+07	1.31958e+10	1.59482e+09	1.01742e+05	4.01266e+09	9.21904e+09	0	0	4.70283e+07	4.00196e+09	3.07790e+09	1.17644e+08	4.59883e+06	1.31123e+09	4.30097e+08
7.41310e+13	2.04923e+15	3.48144e+10	2.20106e+10	5.13449e+07	1.27051e+10	1.40646e+09	8.25169e+04	4.04327e+09	8.11893e+09	0	0	4.52722e+07	3.92289e+09	2.84656e+09	1.03959e+08	3.90299e+06	1.31845e+09	4.16809e+08
7.41310e+13	1.95388e+15	3.38416e+10	2.04226e+10	4.39665e+07	1.22258e+10	1.23971e+09	6.68985e+04	4.07163e+09	7.14698e+09	0	0	4.35759e+07	3.84245e+09	2.63076e+09	9.18342e+07	3.31194e+06	1.32464e+09	4.03783e+08
7.41310e+13	1.86265e+15	3.28779e+10	1.89350e+10	3.76134e+07	1.17555e+10	1.09165e+09	5.41756e+04	4.09794e+09	6.28569e+09	0	0	4.19284e+07	3.76046e+09	2.42840e+09	8.10522e+07	2.80801e+06	1.32987e+09	3.90947e+08
7.41310e+13	1.77686e+15	3.19409e+10	1.75661e+10	3.22153e+07	1.13037e+10	9.61893e+08	4.39279e+04	4.12212e+09	5.53196e+09	0	0	4.03572e+07	3.67839e+09	2.24234e+09	7.15982e+07	2.38395e+06	1.33397e+09	3.78542e+08
7.41310e+13	1.69474e+15	3.10145e+10	1.62846e+10	2.75685e+07	1.08620e+10	8.46827e+08	3.55830e+04	4.14447e+09	4.86470e+09	0	0	3.88325e+07	3.59520e+09	2.06819e+09	6.31975e+07	2.02241e+06	1.33710e+09	3.66346e+08
7.41310e+13	1.61612e+15	3.00992e+10	1.50856e+10	2.35716e+07	1.04308e+10	7.44895e+08	2.87945e+04	4.16509e+09	4.27450e+09	0	0	3.73532e+07	3.51100e+09	1.90539e+09	5.57392e+07	1.71441e+06	1.33921e+09	3.54366e+08
7.41310e+13	1.54178e+15	2.92069e+10	1.39780e+10	2.01667e+07	1.00161e+10	6.55444e+08	2.33175e+04	4.18397e+09	3.75719e+09	0	0	3.59370e+07	3.42700e+09	1.75533e+09	4.91843e+07	1.45449e+06	1.34027e+09	3.42760e+08
7.41310e+13	1.47104e+15	2.83325e+10	1.29490e+10	1.72528e+07	9.61516e+09	5.76632e+08	1.88811e+04	4.20127e+09	3.30195e+09	0	0	3.45729e+07	3.34290e+09	1.61622e+09	4.33969e+07	1.23412e+06	1.34031e+09	3.31455e+08
7.41310e+13	1.40372e+15	2.74763e+10	1.19934e+10	1.47597e+07	9.22792e+09	5.07233e+08	1.52887e+04	4.21710e+09	2.90153e+09	0	0	3.32596e+07	3.25890e+09	1.48738e+09	3.82891e+07	1.04730e+06	1.33933e+09	3.20452e+08
7.41310e+13	1.33967e+15	2.66389e+10	1.11065e+10	1.26275e+07	8.85446e+09	4.46159e+08	1.23806e+04	4.23152e+09	2.54950e+09	0	0	3.19961e+07	3.17517e+09	1.36822e+09	3.37836e+07	8.88991e+05	1.33731e+09	3.09757e+08
7.41310e+13	1.27873e+15	2.58208e+10	1.02838e+10	1.08044e+07	8.49471e+09	3.92437e+08	1.00268e+04	4.24464e+09	2.24013e+09	0	0	3.07811e+07	3.09189e+09	1.25815e+09	2.98106e+07	7.54860e+05	1.33426e+09	2.99371e+08
7.41310e+13	1.22073e+15	2.50218e+10	9.52074e+09	9.24552e+06	8.14836e+09	3.45188e+08	8.12169e+03	4.25654e+09	1.96829e+09	0	0	2.96128e+07	3.00924e+09	1.15648e+09	2.63074e+07	6.41173e+05	1.33022e+09	2.89290e+08
7.41310e+13	1.16552e+15	2.42421e+10	8.81323e+09	7.91274e+06	7.81520e+09	3.03642e+08	6.57975e+03	4.26729e+09	1.72947e+09	0	0	2.84897e+07	2.92737e+09	1.06263e+09	2.32189e+07	5.44811e+05	1.32522e+09	2.79510e+08
7.41310e+13	1.11297e+15	2.34819e+10	8.15750e+09	6.77335e+06	7.49497e+09	2.67119e+08	5.33175e+03	4.27697e+09	1.51972e+09	0	0	2.74105e+07	2.84642e+09	9.76081e+08	2.04965e+07	4.63128e+05	1.31928e+09	2.70030e+08
7.41310e+13	1.06294e+15	2.27412e+10	7.54998e+09	5.79937e+06	7.18740e+09	2.35019e+08	4.32164e+03	4.28564e+09	1.33553e+09	0	0	2.63739e+07	2.76654e+09	8.96321e+08	1.80971e+07	3.93882e+05	1.31242e+09	2.60848e+08
7.41310e+13	1.01566e+15	2.20255e+10	6.99134e+09	4.97098e+06	6.89441e+09	2.06944e+08	3.50733e+03	4.29335e+09	1.17456e+09	0	0	2.53857e+07	2.68840e+09	8.23414e+08	1.59933e+07	3.35462e+05	1.30472e+09	2.52026e+08
7.41310e+13	9.70302e+14	2.13241e+10	6.47019e+09	4.25875e+06	6.61118e+09	1.82143e+08	2.84484e+03	4.30020e+09	1.03249e+09	0	0	2.44300e+07	2.61097e+09	7.55789e+08	1.41288e+07	2.85632e+05	1.29611e+09	2.43428e+08
7.41310e+13	9.27118e+14	2.06422e+10	5.98781e+09	3.64985e+06	6.33962e+09	1.60352e+08	2.30840e+03	4.30622e+09	9.07771e+08	0	0	2.35127e+07	2.53493e+09	6.93592e+08	1.24857e+07	2.43361e+05	1.28666e+09	2.35116e+08
7.41310e+13	8.85996e+14	1.99797e+10	5.54141e+09	3.12923e+06	6.07936e+09	1.41203e+08	1.87392e+03	4.31147e+09	7.98274e+08	0	0	2.26326e+07	2.46034e+09	6.36420e+08	1.10375e+07	2.07489e+05	1.27641e+09	2.27084e+08
7.41310e+13	8.46837e+14	1.93366e+10	5.12844e+09	2.68402e+06	5.83005e+09	1.24377e+08	1.52193e+03	4.31599e+09	7.02143e+08	0	0	2.17883e+07	2.38728e+09	5.83897e+08	9.76099e+06	1.77038e+05	1.26538e+09	2.19328e+08
7.41310e+13	8.09144e+14	1.87058e+10	4.74247e+09	2.30047e+06	5.58870e+09	1.09490e+08	1.23502e+03	4.31982e+09	6.17175e+08	0	0	2.09699e+07	2.31505e+09	5.35155e+08	8.62755e+06	1.50990e+05	1.25349e+09	2.11761e+08
7.41310e+13	7.74024e+14	1.81076e+10	4.39324e+09	1.97748e+06	5.36277e+09	9.65952e+07	1.00545e+03	4.32302e+09	5.43634e+08	0	0	2.02024e+07	2.24601e+09	4.91405e+08	7.64353e+06	1.29201e+05	1.24117e+09	2.04620e+08
7.41310e+13	7.40191e+14	1.75213e+10	4.06666e+09	1.69872e+06	5.14405e+09	8.51719e+07	8.17922e+02	4.32561e+09	4.78558e+08	0	0	1.94582e+07	2.17788e+09	4.50796e+08	6.76855e+06	1.10520e+05	1.22807e+09	1.97655e+08
7.41310e+13	7.07963e+14	1.69534e+10	3.76476e+09	1.46011e+06	4.93479e+09	7.51288e+07	0	4.32763e+09	4.21403e+08	0	0	1.87450e+07	2.11149e+09	4.13555e+08	5.99672e+06	9.46285e+04	1.21435e+09	1.90943e+08
7.41310e+13	6.77007e+14	1.63991e+10	3.48348e+09	1.25466e+06	4.73295e+09	6.62513e+07	0	4.32910e+09	3.70944e+08	0	0	1.80558e+07	2.04631e+09	3.79125e+08	5.31200e+06	8.10274e+04	1.19997e+09	1.84422e+08
7.41310e+13	6.48008e+14	1.58718e+10	3.22783e+09	1.08077e+06	4.54318e+09	5.85296e+07	0	4.33010e+09	3.27093e+08	0	0	1.74067e+07	1.98396e+09	3.48125e+08	4.71462e+06	6.95816e+04	1.18527e+09	1.78247e+08
7.41310e+13	6.20136e+14	1.53575e+10	2.98953e+09	9.30791e+05	4.36011e+09	5.16956e+07	0	4.33060e+09	2.88335e+08	0	0	1.67794e+07	1.92286e+09	3.19456e+08	4.18392e+06	5.97615e+04	1.17000e+09	1.72251e+08
7.41310e+13	5.93337e+14	1.48559e+10	2.76740e+09	8.01436e+05	4.18349e+09	4.56472e+07	0	4.33064e+09	2.54082e+08	0	0	1.61731e+07	1.86302e+09	2.92950e+08	3.71243e+06	5.13341e+04	1.15417e+09	1.66428e+08
7.41310e+13	5.68029e+14	1.43756e+10	2.56404e+09	6.91228e+05	4.01618e+09	4.03557e+07	0	4.33026e+09	2.24150e+08	0	0	1.55977e+07	1.80548e+09	2.68912e+08	3.29851e+06	4.41885e+04	1.13808e+09	1.60876e+08
7.41310e+13	5.43908e+14	1.39117e+10	2.37615e+09	5.96645e+05	3.85623e+09	3.56959e+07	0	4.32949e+09	1.97829e+08	0	0	1.50468e+07	1.74971e+09	2.46898e+08	2.93262e+06	3.80826e+04	1.12165e+09	1.55537e+08
7.41310e+13	5.20914e+14	1.34639e+10	2.20254e+09	5.15428e+05	3.70333e+09	3.15907e+07	0	4.32833e+09	1.74675e+08	0	0	1.45192e+07	1.69570e+09	2.26740e+08	2.60903e+06	3.28604e+04	1.10494e+09	1.50402e+08
7.41310e+13	4.99216e+14	1.30362e+10	2.04372e+09	4.46107e+05	3.55866e+09	2.79957e+07	0	4.32684e+09	1.54426e+08	0	0	1.40193e+07	1.64395e+09	2.08479e+08	2.32456e+06	2.84198e+04	1.08814e+09	1.45517e+08
7.41310e+13	4.78098e+14	1.26149e+10	1.89396e+09	3.85655e+05	3.41748e+09	2.47834e+07	0	4.32494e+09	1.36369e+08	0	0	1.35306e+07	1.59287e+09	1.91393e+08	2.06929e+06	2.45594e+04	1.07082e+09	1.40724e+08
7.41310e+13	4.58170e+14	1.22129e+10	1.75702e+09	3.34041e+05	3.28393e+09	2.19700e+07	0	4.32275e+09	1.20579e+08	0	0	1.30677e+07	1.54401e+09	1.75924e+08	1.84482e+06	2.12733e+04	1.05351e+09	1.36166e+08
7.41310e+13	4.39166e+14	1.18253e+10	1.63048e+09	2.89606e+05	3.15626e+09	1.94874e+07	0	4.32024e+09	1.06670e+08	0	0	1.26246e+07	1.49680e+09	1.61762e+08	1.64590e+06	1.84515e+04	1.03608e+09	1.31788e+08
7.41310e+13	4.21040e+14	1.14517e+10	1.51353e+09	2.51324e+05	3.03421e+09	1.72956e+07	0	4.31744e+09	9.44144e+07	0	0	1.22005e+07	1.45122e+09	1.48794e+08	1.46952e+06	1.60257e+04	1.01858e+09	1.27582e+08
7.41310e+13	4.03750e+14	1.10917e+10	1.40544e+09	2.18317e+05	2.91751e+09	1.53596e+07	0	4.31436e+09	8.36100e+07	0	0	1.17945e+07	1.40724e+09	1.36919e+08	1.31304e+06	1.39379e+04	1.00105e+09	1.23544e+08
7.41310e+13	3.87254e+14	1.07449e+10	1.30552e+09	1.89836e+05	2.80593e+09	1.36487e+07	0	4.31101e+09	7.40817e+07	0	0	1.14058e+07	1.36481e+09	1.26044e+08	1.17413e+06	1.21390e+04	9.83517e+08	1.19666e+08
7.41310e+13	3.71588e+14	1.04125e+10	1.21355e+09	1.65316e+05	2.69972e+09	1.21403e+07	0	4.30743e+09	6.56990e+07	0	0	1.10356e+07	1.32410e+09	1.16125e+08	1.05108e+06	1.05916e+04	9.66116e+08	1.15960e+08
7.41310e+13	3.56492e+14	1.00892e+10	1.12770e+09	1.43983e+05	2.59717e+09	1.07978e+07	0	4.30355e+09	5.82545e+07	0	0	1.06778e+07	1.28448e+09	1.06956e+08	9.41049e+05	9.24675e+03	9.48598e+08	1.12368e+08
7.41310e+13	3.42228e+14	9.78107e+09	1.04907e+09	1.25653e+05	2.50004e+09	9.61686e+06	0	4.29950e+09	5.17214e+07	0	0	1.03386e+07	1.24668e+09	9.86328e+07	8.43792e+05	8.09125e+03	9.31369e+08	1.08955e+08
7.41310e+13	3.28540e+14	9.48288e+09	9.75948e+08	1.09725e+05	2.40664e+09	8.56744e+06	0	4.29520e+09	4.59299e+07	0	0	1.00123e+07	1.21010e+09	9.09646e+07	7.56936e+05	7.08718e+03	9.14177e+08	1.05662e+08
7.41310e+13	3.15469e+14	9.19581e+09	9.08280e+08	9.59200e+04	2.31725e+09	7.63742e+06	0	4.29068e+09	4.08103e+07	0	0	9.69991e+06	1.17486e+09	8.39322e+07	6.79574e+05	6.21657e+03	8.97142e+08	1.02500e+08
7.41310e+13	3.02988e+14	8.91954e+09	8.45656e+08	8.39460e+04	2.23171e+09	6.81289e+06	0	4.28597e+09	3.62828e+07	0	0	9.40084e+06	1.14095e+09	7.74847e+07	6.10628e+05	5.46089e+03	8.80285e+08	9.94670e+07
7.41310e+13	2.91068e+14	8.65367e+09	7.87678e+08	7.35495e+04	2.14983e+09	6.08136e+06	0	4.28106e+09	3.22768e+07	0	0	9.11450e+06	1.10831e+09	7.15695e+07	5.49135e+05	4.80402e+03	8.63631e+08	9.65558e+07
7.41310e+13	2.79681e+14	8.39781e+09	7.33987e+08	6.45140e+04	2.07144e+09	5.43197e+06	0	4.27598e+09	2.87304e+07	0	0	8.84035e+06	1.07690e+09	6.61414e+07	4.94250e+05	4.23230e+03	8.47198e+08	9.37621e+07
7.41310e+13	2.68801e+14	8.15160e+09	6.84252e+08	5.66536e+04	1.99637e+09	4.85515e+06	0	4.27072e+09	2.55892e+07	0	0	8.57783e+06	1.04669e+09	6.11584e+07	4.45227e+05	3.73404e+03	8.31006e+08	9.10812e+07
7.41310e+13	2.58404e+14	7.91468e+09	6.38165e+08	4.98082e+04	1.92446e+09	4.34244e+06	0	4.26530e+09	2.28053e+07	0	0	8.32641e+06	1.01763e+09	5.65817e+07	4.01407e+05	3.29918e+03	8.15032e+08	8.85083e+07
7.41310e+13	2.48467e+14	7.68671e+09	5.95447e+08	4.38409e+04	1.85557e+09	3.88646e+06	0	4.25972e+09	2.03368e+07	0	0	8.08562e+06	9.89681e+08	5.23769e+07	3.62208e+05	2.91917e+03	7.99321e+08	8.60392e+07
7.41310e+13	2.38967e+14	7.46734e+09	5.55835e+08	3.86336e+04	1.78954e+09	3.48066e+06	0	4.25400e+09	1.81468e+07	0	0	7.85498e+06	9.62805e+08	4.85122e+07	3.27116e+05	2.58663e+03	7.83898e+08	8.36695e+07
7.41310e+13	2.29884e+14	7.25625e+09	5.19095e+08	3.40848e+04	1.72626e+09	3.11930e+06	0	4.24814e+09	1.62027e+07	0	0	7.63404e+06	9.36965e+08	4.49587e+07	2.95678e+05	2.29526e+03	7.68771e+08	8.13954e+07
7.41310e+13	2.21197e+14	7.05312e+09	4.85003e+08	3.01069e+04	1.66558e+09	2.79731e+06	0	4.24215e+09	1.44759e+07	0	0	7.42237e+06	9.12121e+08	4.16897e+07	2.67491e+05	2.03959e+03	7.53949e+08	7.92127e+07
7.41310e+13	2.12887e+14	6.85765e+09	4.53358e+08	2.66247e+04	1.60739e+09	2.51020e+06	0	4.23603e+09	1.29413e+07	0	0	7.21955e+06	8.88236e+08	3.86814e+07	2.42199e+05	1.81497e+03	7.39439e+08	7.71177e+07
7.41310e+13	2.04937e+14	6.66952e+09	4.23972e+08	2.35729e+04	1.55157e+09	2.25404e+06	0	4.22980e+09	1.15767e+07	0	0	7.02517e+06	8.65275e+08	3.59112e+07	2.19486e+05	1.61733e+03	7.25245e+08	7.51067e+07
7.41310e+13	1.97329e+14	6.48845e+09	3.96674e+08	2.08955e+04	1.49799e+09	2.02533e+06	0	4.22347e+09	1.03625e+07	0	0	6.83887e+06	8.43201e+08	3.33593e+07	1.99073e+05	1.44322e+03	7.11372e+08	7.31762e+07
7.41310e+13	1.90047e+14	6.31414e+09	3.71303e+08	1.85439e+04	1.44657e+09	1.82100e+06	0	4.21704e+09	9.28150e+06	0	0	6.66028e+06	8.21981e+08	3.10071e+07	1.80713e+05	1.28961e+03	6.97822e+08	7.13228e+07
7.41310e+13	1.83076e+14	6.14635e+09	3.47716e+08	1.64763e+04	1.39720e+09	1.63834e+06	0	4.21051e+09	8.31856e+06	0	0	6.48907e+06	8.01582e+08	2.88382e+07	1.64187e+05	1.15392e+03	6.84598e+08	6.95433e+07
7.41310e+13	1.76400e+14	5.98479e+09	3.25778e+08	1.46564e+04	1.34978e+09	1.47494e+06	0	4.20390e+09	7.46024e+06	0	0	6.32489e+06	7.81972e+08	2.68371e+07	1.49299e+05	1.03389e+03	6.71699e+08	6.78345e+07
7.41310e+13	1.70006e+14	5.82923e+09	3.05364e+08	1.30526e+04	1.30422e+09	1.32868e+06	0	4.19721e+09	6.69470e+06	0	0	6.16743e+06	7.63120e+08	2.49898e+07	1.35876e+05	9.27581e+02	6.59124e+08	6.61935e+07
7.41310e+13	1.63881e+14	5.67940e+09	2.86360e+08	1.16378e+04	1.26044e+09	1.19766e+06	0	4.19045e+09	6.01152e+06	0	0	6.01640e+06	7.44995e+08	2.32837e+07	1.23763e+05	8.33291e+02	6.46873e+08	6.46173e+07
7.41310e+13	1.58011e+14	5.53508e+09	2.68662e+08	1.03883e+04	1.21835e+09	1.08023e+06	0	4.18363e+09	5.40146e+06	0	0	5.87149e+06	7.27568e+08	2.17070e+07	1.12826e+05	7.49555e+02	6.34943e+08	6.31032e+07
7.41310e+13	1.52386e+14	5.39604e+09	2.52171e+08	9.28353e+03	1.17789e+09	9.74907e+05	0	4.17675e+09	4.85634e+06	0	0	5.73245e+06	7.10812e+08	2.02493e+07	1.02940e+05	6.75095e+02	6.23331e+08	6.16487e+07
7.41310e+13	1.46993e+14	5.26206e+09	2.36799e+08	8.30565e+03	1.13896e+09	8.80381e+05	0	4.16981e+09	4.36897e+06	0	0	5.59901e+06	6.94698e+08	1.89006e+07	9.39981e+04	6.08796e+02	6.12034e+08	6.02511e+07
7.41310e+13	1.41822e+14	5.13292e+09	2.22462e+08	7.43911e+03	1.10150e+09	7.95490e+05	0	4.16284e+09	3.93296e+06	0	0	5.47091e+06	6.79201e+08	1.76521e+07	8.59033e+04	5.49688e+02	6.01048e+08	5.89079e+07
7.41310e+13	1.36862e+14	5.00843e+09	2.09086e+08	6.67040e+03	1.06544e+09	7.19204e+05	0	4.15582e+09	3.54264e+06	0	0	5.34792e+06	6.64296e+08	1.64957e+07	7.85696e+04	4.96925e+02	5.90368e+08	5.76170e+07
7.41310e+13	1.32104e+14	4.88839e+09	1.96599e+08	5.98770e+03	1.03073e+09	6.50607e+05	0	4.14877e+09	3.19303e+06	0	0	5.22981e+06	6.49959e+08	1.54241e+07	7.19200e+04	4.49766e+02	5.79989e+08	5.63761e+07
7.41310e+13	1.27538e+14	4.77262e+09	1.84938e+08	5.38074e+03	9.97298e+08	5.88887e+05	0	4.14170e+09	2.87968e+06	0	0	5.11637e+06	6.36166e+08	1.44304e+07	6.58858e+04	4.07564e+02	5.69906e+08	5.51829e+07
7.41310e+13	1.23156e+14	4.66094e+09	1.74043e+08	4.84052e+03	9.65091e+08	5.33318e+05	0	4.13461e+09	2.59866e+06	0	0	5.00740e+06	6.22895e+08	1.35084e+07	6.04058e+04	3.69752e+02	5.60114e+08	5.40357e+07
7.41310e+13	1.18949e+14	4.55318e+09	1.63857e+08	4.35916e+03	9.34053e+08	4.83256e+05	0	4.12750e+09	2.34647e+06	0	0	4.90268e+06	6.10124e+08	1.26524e+07	5.54249e+04	3.35831e+02	5.50606e+08	5.29322e+07
7.41310e+13	1.14909e+14	4.44916e+09	1.54332e+08	3.92981e+03	9.04135e+08	4.38130e+05	0	4.12038e+09	2.12004e+06	0	0	4.80204e+06	5.97835e+08	1.18575e+07	5.08943e+04	3.05366e+02	5.41376e+08	5.18708e+07
7.41310e+13	1.11012e+14	4.34831e+09	1.45384e+08	3.54555e+03	8.75169e+08	3.97333e+05	0	4.11322e+09	1.91612e+06	0	0	4.70488e+06	5.85953e+08	1.11156e+07	4.67617e+04	2.77913e+02	5.32379e+08	5.08453e+07
7.41310e+13	1.07301e+14	4.25175e+09	1.37076e+08	3.20368e+03	8.47458e+08	3.60688e+05	0	4.10613e+09	1.73367e+06	0	0	4.61228e+06	5.74616e+08	1.04312e+07	4.30122e+04	2.53306e+02	5.23727e+08	4.98669e+07
7.41310e+13	1.03703e+14	4.15766e+09	1.29231e+08	2.89631e+03	8.20503e+08	3.27438e+05	0	4.09899e+09	1.56876e+06	0	0	4.52244e+06	5.63603e+08	9.78920e+06	3.95795e+04	2.31031e+02	5.15258e+08	4.89171e+07
7.41310e+13	1.00275e+14	4.06752e+09	1.21940e+08	2.62224e+03	7.94697e+08	2.97534e+05	0	4.09191e+09	1.42102e+06	0	0	4.43677e+06	5.53089e+08	9.19608e+06	3.64598e+04	2.11017e+02	5.07116e+08	4.80106e+07
7.41310e+13	9.69646e+13	3.98002e+09	1.15076e+08	2.37589e+03	7.69687e+08	2.70433e+05	0	4.08482e+09	1.28763e+06	0	0	4.35400e+06	5.42919e+08	8.64136e+06	3.36051e+04	1.92898e+02	4.99184e+08	4.71341e+07
7.41310e+13	9.37808e+13	3.89540e+09	1.08638e+08	2.15474e+03	7.45534e+08	2.45916e+05	0	4.07775e+09	1.16742e+06	0	0	4.27433e+06	5.33121e+08	8.12415e+06	3.09961e+04	1.76511e+02	4.91491e+08	4.62899e+07
7.41310e+13	9.07184e+13	3.81356e+09	1.02598e+08	1.95601e+03	7.22205e+08	2.23724e+05	0	4.07070e+09	1.05902e+06	0	0	4.19765e+06	5.23680e+08	7.64172e+06	2.86100e+04	1.61675e+02	4.84031e+08	4.54768e+07
7.41310e+13	8.77718e+13	3.73437e+09	9.69269e+07	1.77726e+03	6.99666e+08	2.03627e+05	0	4.06368e+09	9.61214e+05	0	0	4.12382e+06	5.14582e+08	7.19144e+06	2.64260e+04	1.48230e+02	4.76799e+08	4.46935e+07
7.41310e+13	8.49362e+13	3.65772e+09	9.16008e+07	1.61632e+03	6.77885e+08	1.85417e+05	0	4.05669e+09	8.72918e+05	0	0	4.05274e+06	5.05814e+08	6.77095e+06	2.44257e+04	1.36031e+02	4.69787e+08	4.39387e+07
7.41310e+13	8.22066e+13	3.58351e+09	8.65962e+07	1.47126e+03	6.56832e+08	1.68908e+05	0	4.04974e+09	7.93160e+05	0	0	3.98427e+06	4.97360e+08	6.37803e+06	2.25921e+04	1.24952e+02	4.62989e+08	4.32113e+07
7.41310e+13	7.95784e+13	3.51164e+09	8.18915e+07	1.34040e+03	6.36476e+08	1.53933e+05	0	4.04283e+09	7.21072e+05	0	0	3.91831e+06	4.89210e+08	6.01067e+06	2.09101e+04	1.14879e+02	4.56399e+08	4.25101e+07
7.41310e+13	7.70472e+13	3.44199e+09	7.74667e+07	1.22223e+03	6.16789e+08	1.40343e+05	0	4.03596e+09	6.55879e+05	0	0	3.85474e+06	4.81349e+08	5.66696e+06	1.93662e+04	1.05713e+02	4.50010e+08	4.18340e+07
7.41310e+13	7.46092e+13	3.37450e+09	7.33037e+07	1.11542e+03	5.97749e+08	1.28004e+05	0	4.02913e+09	5.96890e+05	0	0	3.79349e+06	4.73768e+08	5.34532e+06	1.79479e+04	9.73629e+01	4.43818e+08	4.11822e+07
7.41310e+13	7.22599e+13	3.30905e+09	6.93848e+07	1.01878e+03	5.79327e+08	1.16794e+05	0	4.02235e+09	5.43484e+05	0	0	3.73443e+06	4.66454e+08	5.04403e+06	1.66441e+04	8.97490e+01	4.37815e+08	4.05534e+07
7.41310e+13	6.99958e+13	3.24557e+09	6.56942e+07	9.31265e+02	5.61498e+08	1.06606e+05	0	4.01563e+09	4.95104e+05	0	0	3.67749e+06	4.59396e+08	4.76168e+06	1.54447e+04	8.27996e+01	4.31996e+08	3.99468e+07
7.41310e+13	6.78133e+13	3.18397e+09	6.22172e+07	8.51944e+02	5.44243e+08	9.73425e+04	0	4.00896e+09	4.51255e+05	0	0	3.62258e+06	4.52584e+08	4.49692e+06	1.43406e+04	7.64508e+01	4.26355e+08	3.93614e+07
7.41310e+13	6.57089e+13	3.12417e+09	5.89400e+07	7.79983e+02	5.27538e+08	8.89150e+04	0	4.00234e+09	4.11491e+05	0	0	3.56960e+06	4.46009e+08	4.24854e+06	1.33235e+04	7.06453e+01	4.20888e+08	3.87965e+07
7.41310e+13	6.36794e+13	3.06611e+09	5.58499e+07	7.14644e+02	5.11362e+08	8.12450e+04	0	3.99579e+09	3.75411e+05	0	0	3.51849e+06	4.39661e+08	4.01539e+06	1.23859e+04	6.53319e+01	4.15587e+08	3.82513e+07
7.41310e+13	6.17217e+13	3.00971e+09	5.29351e+07	6.55264e+02	4.95698e+08	7.42615e+04	0	3.98929e+09	3.42658e+05	0	0	3.46917e+06	4.33531e+08	3.79642e+06	1.15211e+04	6.04646e+01	4.10449e+08	3.77248e+07
7.41310e+13	5.98248e+13	2.95466e+09	5.01744e+07	6.01155e+02	4.80467e+08	6.78867e+04	0	3.98283e+09	3.12848e+05	0	0	3.42136e+06	4.27585e+08	3.58980e+06	1.07216e+04	5.59945e+01	4.05446e+08	3.72143e+07
7.41310e+13	5.80020e+13	2.90138e+09	4.75780e+07	5.51997e+02	4.65768e+08	6.20903e+04	0	3.97646e+09	2.85818e+05	0	0	3.37540e+06	4.21866e+08	3.39633e+06	9.98446e+03	0	4.00616e+08	3.67233e+07
7.41310e+13	5.62425e+13	2.84956e+09	4.51259e+07	5.07209e+02	4.51526e+08	5.68059e+04	0	3.97016e+09	2.61242e+05	0	0	3.33102e+06	4.16340e+08	3.21431e+06	9.30313e+03	0	3.95934e+08	3.62490e+07
7.41310e+13	5.45436e+13	2.79914e+09	4.28091e+07	4.66370e+02	4.37723e+08	5.19861e+04	0	3.96393e+09	2.38885e+05	0	0	3.28815e+06	4.10999e+08	3.04297e+06	8.67303e+03	0	3.91394e+08	3.57907e+07
7.41310e+13	5.29029e+13	2.75006e+09	4.06194e+07	0	4.24344e+08	4.75885e+04	0	3.95777e+09	2.18536e+05	0	0	3.24673e+06	4.05837e+08	2.88159e+06	8.08993e+03	0	3.86991e+08	3.53478e+07
7.41310e+13	5.13239e+13	2.70245e+09	3.85556e+07	0	4.11416e+08	4.35815e+04	0	3.95170e+09	2.00040e+05	0	0	3.20686e+06	4.00864e+08	2.73000e+06	7.55069e+03	0	3.82738e+08	3.49212e+07
7.41310e+13	4.97924e+13	2.65589e+09	3.65970e+07	0	3.98839e+08	3.99155e+04	0	3.94568e+09	1.83156e+05	0	0	3.16818e+06	3.96037e+08	2.58660e+06	7.05038e+03	0	3.78596e+08	3.45072e+07
7.41310e+13	4.83125e+13	2.61052e+09	3.47438e+07	0	3.86644e+08	3.65669e+04	0	3.93973e+09	1.67767e+05	0	0	3.13079e+06	3.91368e+08	2.45132e+06	6.58654e+03	0	3.74579e+08	3.41068e+07
7.41310e+13	4.68820e+13	2.56629e+09	3.29898e+07	0	3.74816e+08	3.35070e+04	0	3.93386e+09	1.53734e+05	0	0	3.09463e+06	3.86852e+08	2.32364e+06	6.15628e+03	0	3.70683e+08	3.37196e+07
7.41310e+13	4.54991e+13	2.52315e+09	3.13292e+07	0	3.63344e+08	3.07102e+04	0	3.92806e+09	1.40931e+05	0	0	3.05966e+06	3.82482e+08	2.20309e+06	5.75694e+03	0	3.66903e+08	3.33450e+07
7.41310e+13	4.41618e+13	2.48107e+09	2.97565e+07	0	3.52215e+08	2.81526e+04	0	3.92235e+09	1.29246e+05	0	0	3.02584e+06	3.78253e+08	2.08916e+06	5.38608e+03	0	3.63236e+08	3.29826e+07
7.41310e+13	4.28683e+13	2.43999e+09	2.82665e+07	0	3.41417e+08	2.58132e+04	0	3.91670e+09	1.18575e+05	0	0	2.99312e+06	3.74160e+08	1.98147e+06	5.04146e+03	0	3.59678e+08	3.26318e+07
7.41310e+13	4.16169e+13	2.39987e+09	2.68545e+07	0	3.30939e+08	2.36727e+04	0	3.91113e+09	1.08827e+05	0	0	2.96145e+06	3.70197e+08	1.87962e+06	4.72106e+03	0	3.56226e+08	3.22923e+07
7.41310e+13	4.04062e+13	2.36069e+09	2.55159e+07	0	3.20771e+08	2.17136e+04	0	3.90564e+09	9.99177e+04	0	0	2.93081e+06	3.66359e+08	1.78325e+06	4.42301e+03	0	3.52875e+08	3.19636e+07
7.41310e+13	3.92344e+13	2.32240e+09	2.42466e+07	0	3.10901e+08	1.99198e+04	0	3.90023e+09	9.17713e+04	0	0	2.90114e+06	3.62642e+08	1.69200e+06	4.14561e+03	0	3.49623e+08	3.16453e+07
7.41310e+13	3.81000e+13	2.28497e+09	2.30428e+07	0	3.01321e+08	1.82770e+04	0	3.89489e+09	8.43196e+04	0	0	2.87241e+06	3.59042e+08	1.60555e+06	3.88729e+03	0	3.46467e+08	3.13371e+07
7.41310e+13	3.70018e+13	2.24836e+09	2.19007e+07	0	2.92020e+08	1.67721e+04	0	3.88964e+09	7.75005e+04	0	0	2.84459e+06	3.55553e+08	1.52365e+06	3.64662e+03	0	3.43402e+08	3.10385e+07
7.41310e+13	3.59384e+13	2.21256e+09	2.08169e+07	0	2.82991e+08	1.53932e+04	0	3.88446e+09	7.12578e+04	0	0	2.81764e+06	3.52173e+08	1.44600e+06	3.42228e+03	0	3.40428e+08	3.07492e+07
7.41310e+13	3.49084e+13	2.17751e+09	1.97881e+07	0	2.74223e+08	1.41292e+04	0	3.87935e+09	6.55403e+04	0	0	2.79154e+06	3.48896e+08	1.37233e+06	3.21304e+03	0	3.37539e+08	3.04689e+07
7.41310e+13	3.39101e+13	2.14319e+09	1.88111e+07	0	2.65702e+08	1.29699e+04	0	3.87433e+09	6.03014e+04	0	0	2.76623e+06	3.45719e+08	1.30230e+06	3.01779e+03	0	3.34734e+08	3.01971e+07
7.41310e+13	3.29400e+13	2.10948e+09	1.78812e+07	0	2.57407e+08	1.19056e+04	0	3.86937e+09	5.54930e+04	0	0	2.74163e+06	3.42628e+08	1.23570e+06	2.83537e+03	0	3.32001e+08	2.99328e+07
7.41310e+13	3.20056e+13	2.07665e+09	1.70023e+07	0	2.49390e+08	1.09320e+04	0	3.86451e+09	5.10967e+04	0	0	2.71793e+06	3.39650e+08	1.17273e+06	2.66528e+03	0	3.29363e+08	2.96782e+07
7.41310e+13	3.10971e+13	2.04439e+09	1.61653e+07	0	2.41581e+08	1.00374e+04	0	3.85972e+09	4.70587e+04	0	0	2.69489e+06	3.36752e+08	1.11271e+06	2.50622e+03	0	3.26792e+08	2.94306e+07
7.41310e+13	3.02160e+13	2.01274e+09	1.53697e+07	0	2.33989e+08	9.21628e+03	0	3.85500e+09	4.33526e+04	0	0	2.67253e+06	3.33940e+08	1.05560e+06	2.35751e+03	0	3.24294e+08	2.91902e+07
7.41310e+13	2.93616e+13	1.98171e+09	1.46137e+07	0	2.26612e+08	8.46252e+03	0	3.85036e+09	3.99510e+04	0	0	2.65085e+06	3.31211e+08	1.00125e+06	2.21843e+03	0	3.21867e+08	2.89571e+07
7.41310e+13	2.85328e+13	1.95127e+09	1.38950e+07	0	2.19439e+08	7.77041e+03	0	3.84580e+09	3.68274e+04	0	0	2.62981e+06	3.28561e+08	9.49487e+05	2.08830e+03	0	3.19508e+08	2.87309e+07
7.41310e+13	2.77297e+13	1.92141e+09	1.32122e+07	0	2.12482e+08	7.13577e+03	0	3.84131e+09	3.39581e+04	0	0	2.60942e+06	3.25992e+08	9.00521e+05	1.96649e+03	0	3.17217e+08	2.85117e+07
7.41310e+13	2.69495e+13	1.89207e+09	1.25625e+07	0	2.05700e+08	6.55189e+03	0	3.83689e+09	3.13214e+04	0	0	2.58961e+06	3.23495e+08	8.53520e+05	1.85241e+03	0	3.14988e+08	2.82986e+07
7.41310e+13	2.61921e+13	1.86326e+09	1.19446e+07	0	1.99102e+08	6.01540e+03	0	3.83255e+09	2.88977e+04	0	0	2.57037e+06	3.21068e+08	8.08677e+05	1.74553e+03	0	3.12821e+08	2.80916e+07
7.41310e+13	2.54567e+13	1.83496e+09	1.13569e+07	0	1.92681e+08	5.52233e+03	0	3.82828e+09	2.66691e+04	0	0	2.55169e+06	3.18711e+08	7.65864e+05	1.64536e+03	0	3.10714e+08	2.78906e+07
7.41310e+13	2.47426e+13	1.80715e+09	1.07978e+07	0	1.86431e+08	5.06908e+03	0	3.82409e+09	2.46191e+04	0	0	2.53354e+06	3.16420e+08	7.24961e+05	1.55143e+03	0	3.08664e+08	2.76954e+07
7.41310e+13	2.40488e+13	1.77982e+09	1.02659e+07	0	1.80344e+08	4.65233e+03	0	3.81996e+09	2.27329e+04	0	0	2.51591e+06	3.14192e+08	6.85854e+05	1.46334e+03	0	3.06670e+08	2.75056e+07
7.41310e+13	2.33747e+13	1.75294e+09	9.75969e+06	0	1.74415e+08	4.26907e+03	0	3.81590e+09	2.09968e+04	0	0	2.49877e+06	3.12026e+08	6.48448e+05	1.38067e+03	0	3.04730e+08	2.73212e+07
7.41310e+13	2.27179e+13	1.72644e+09	9.27724e+06	0	1.68625e+08	3.91612e+03	0	3.81191e+09	1.93969e+04	0	0	2.48207e+06	3.09913e+08	6.12538e+05	1.30303e+03	0	3.02837e+08	2.71415e+07
7.41310e+13	2.20810e+13	1.70044e+09	8.81889e+06	0	1.62990e+08	3.59174e+03	0	3.80799e+09	1.79251e+04	0	0	2.46587e+06	3.07862e+08	5.78194e+05	1.23017e+03	0	3.00999e+08	2.69672e+07
7.41310e+13	2.14614e+13	1.67485e+09	8.38264e+06	0	1.57492e+08	3.29319e+03	0	3.80414e+09	1.65692e+04	0	0	2.45011e+06	3.05866e+08	5.45242e+05	1.16172e+03	0	2.99209e+08	2.67975e+07
7.41310e+13	2.08586e+13	1.64966e+09	7.96738e+06	0	1.52124e+08	3.01832e+03	0	3.80035e+09	1.53198e+04	0	0	2.43477e+06	3.03922e+08	5.13592e+05	1.09740e+03	0	2.97465e+08	2.66324e+07
7.41310e+13	2.02706e+13	1.62481e+09	7.57154e+06	0	1.46870e+08	2.76499e+03	0	3.79662e+09	1.41672e+04	0	0	2.41981e+06	3.02023e+08	4.83110e+05	1.03692e+03	0	2.95763e+08	2.64713e+07
7.41310e+13	1.96993e+13	1.60039e+09	7.19530e+06	0	1.41742e+08	2.53188e+03	0	3.79296e+09	1.31055e+04	0	0	2.40527e+06	3.00176e+08	4.53838e+05	9.80070e+02	0	2.94107e+08	2.63148e+07
7.41310e+13	1.91425e+13	1.57634e+09	6.83709e+06	0	1.36720e+08	2.31706e+03	0	3.78936e+09	1.21264e+04	0	0	2.39109e+06	2.98374e+08	4.25613e+05	9.26598e+02	0	2.92493e+08	2.61622e+07
7.41310e+13	1.86020e+13	1.55275e+09	6.49703e+06	0	1.31813e+08	2.11932e+03	0	3.78584e+09	1.12248e+04	0	0	2.37733e+06	2.96622e+08	3.98425e+05	8.76328e+02	0	2.90924e+08	2.60140e+07
7.41310e+13	1.80701e+13	1.52930e+09	6.17138e+06	0	1.26964e+08	1.93627e+03	0	3.78234e+09	1.03899e+04	0	0	2.36378e+06	2.94896e+08	3.71968e+05	8.28939e+02	0	2.89379e+08	2.58681e+07
7.41310e+13	1.75527e+13	1.50628e+09	5.86216e+06	0	1.22205e+08	1.76753e+03	0	3.77892e+09	9.62084e+03	0	0	2.35059e+06	2.93213e+08	3.46351e+05	7.84363e+02	0	2.87876e+08	2.57262e+07
7.41310e+13	1.70469e+13	1.48359e+09	5.56776e+06	0	1.17514e+08	1.61167e+03	0	3.77555e+09	8.91094e+03	0	0	2.33770e+06	2.91566e+08	3.21455e+05	7.42390e+02	0	2.86406e+08	2.55874e+07
7.41310e+13	1.65516e+13	1.46121e+09	5.28743e+06	0	1.12872e+08	1.46750e+03	0	3.77222e+09	8.25550e+03	0	0	2.32507e+06	2.89949e+08	2.97161e+05	7.02858e+02	0	2.84966e+08	2.54515e+07
7.41310e+13	1.60658e+13	1.43914e+09	5.02050e+06	0	1.08261e+08	1.33392e+03	0	3.76895e+09	7.65031e+03	0	0	2.31268e+06	2.88359e+08	2.73344e+05	6.65620e+02	0	2.83554e+08	2.53181e+07
7.41310e+13	1.55884e+13	1.41744e+09	4.76669e+06	0	1.03642e+08	1.20967e+03	0	3.76571e+09	7.09224e+03	0	0	2.30050e+06	2.86792e+08	2.49687e+05	6.30561e+02	0	2.82169e+08	2.51871e+07
7.41310e+13	1.51154e+13	1.39594e+09	4.52436e+06	0	9.89780e+07	1.09372e+03	0	3.76251e+09	6.57601e+03	0	0	2.28842e+06	2.85234e+08	2.26138e+05	5.97509e+02	0	2.80796e+08	2.50572e+07
7.41310e+13	1.46446e+13	1.37463e+09	4.29306e+06	0	9.42208e+07	9.85034e+02	0	3.75931e+09	6.09864e+03	0	0	2.27639e+06	2.83675e+08	2.02479e+05	5.66357e+02	0	2.79432e+08	2.49279e+07
7.41310e+13	1.41746e+13	1.35366e+09	4.07322e+06	0	8.93027e+07	8.82524e+02	0	3.75613e+09	5.65858e+03	0	0	2.26437e+06	2.82109e+08	1.78392e+05	5.37038e+02	0	2.78073e+08	2.47988e+07
7.41311e+13	1.36967e+13	1.33291e+09	3.86373e+06	0	8.40618e+07	7.84251e+02	0	3.75293e+09	5.25258e+03	0	0	2.25215e+06	2.80503e+08	1.53217e+05	5.09455e+02	0	2.76696e+08	2.46675e+07
7.41311e+13	9.91733e+12	1.24412e+09	2.96791e+06	0	2.42516e+07	2.06860e+02	0	3.74009e+09	4.76599e+03	0	0	2.15504e+06	2.64872e+08	5.90292e+02	4.86697e+02	0	2.65768e+08	2.36408e+07
7.41311e+13	9.50379e+12	1.21763e+09	2.78442e+06	0	2.20172e+07	1.79985e+02	0	3.73759e+09	4.39194e+03	0	0	2.14448e+06	2.63208e+08	4.54434e+02	4.61580e+02	0	2.64479e+08	2.35281e+07
7.41310e+13	9.13252e+12	1.19232e+09	2.61964e+06	0	2.02290e+07	1.58449e+02	0	3.73517e+09	4.04871e+03	0	0	2.13497e+06	2.61714e+08	3.79931e+02	4.37853e+02	0	2.63319e+08	2.34268e+07
7.41310e+13	8.79364e+12	1.16810e+09	2.47000e+06	0	1.87249e+07	1.40535e+02	0	3.73288e+09	3.73486e+03	0	0	2.12630e+06	2.60346e+08	3.32820e+02	4.15473e+02	0	2.62261e+08	2.33342e+07
7.41310e+13	8.47585e+12	1.14441e+09	2.33118e+06	0	1.74118e+07	1.25228e+02	0	3.73065e+09	3.44547e+03	0	0	2.11815e+06	2.59055e+08	2.99927e+02	3.94298e+02	0	2.61267e+08	2.32474e+07
7.41310e+13	8.17497e+12	1.12112e+09	2.20152e+06	0	1.62438e+07	1.11974e+02	0	3.72848e+09	3.17834e+03	0	0	2.11043e+06	2.57823e+08	2.75195e+02	3.74253e+02	0	2.60326e+08	2.31651e+07
7.41310e+13	7.89041e+12	1.09833e+09	2.08058e+06	0	1.51956e+07	1.00417e+02	0	3.72639e+09	2.93237e+03	0	0	2.10312e+06	2.56647e+08	2.55529e+02	3.55291e+02	0	2.59436e+08	2.30873e+07
7.41310e+13	7.62009e+12	1.07595e+09	1.96738e+06	0	1.42461e+07	9.02714e+01	0	3.72437e+09	2.70568e+03	0	0	2.09617e+06	2.55519e+08	2.39157e+02	3.37342e+02	0	2.58590e+08	2.30133e+07
7.41310e+13	7.36083e+12	1.05382e+09	1.86062e+06	0	1.33776e+07	8.13020e+01	0	3.72241e+09	2.49603e+03	0	0	2.08949e+06	2.54424e+08	2.25019e+02	3.20331e+02	0	2.57778e+08	2.29424e+07
7.41310e+13	7.11248e+12	1.03197e+09	1.76005e+06	0	1.25803e+07	7.33496e+01	0	3.72049e+09	2.30241e+03	0	0	2.08309e+06	2.53362e+08	2.12485e+02	3.04211e+02	0	2.57002e+08	2.28744e+07
7.41310e+13	6.87369e+12	1.01035e+09	1.66500e+06	0	1.18441e+07	6.62700e+01	0	3.71863e+09	2.12337e+03	0	0	2.07693e+06	2.52327e+08	2.01146e+02	2.88927e+02	0	2.56255e+08	2.28091e+07
7.41310e+13	6.64535e+12	9.89086e+08	1.57554e+06	0	1.11641e+07	5.99609e+01	0	3.71683e+09	1.95832e+03	0	0	2.07103e+06	2.51325e+08	1.90744e+02	2.74446e+02	0	2.55541e+08	2.27466e+07
7.41310e+13	6.42578e+12	9.68082e+08	1.49100e+06	0	1.05329e+07	5.43190e+01	0	3.71508e+09	1.80585e+03	0	0	2.06535e+06	2.50347e+08	1.81092e+02	2.60713e+02	0	2.54854e+08	2.26865e+07
7.41310e+13	6.21445e+12	9.47331e+08	1.41106e+06	0	9.94550e+06	4.92638e+01	0	3.71338e+09	1.66499e+03	0	0	2.05988e+06	2.49391e+08	1.72070e+02	2.47688e+02	0	2.54194e+08	2.26288e+07
7.41310e+13	6.01097e+12	9.26835e+08	1.33544e+06	0	9.39764e+06	4.47255e+01	0	3.71173e+09	1.53489e+03	0	0	2.05460e+06	2.48455e+08	1.63594e+02	2.35332e+02	0	2.53558e+08	2.25731e+07
7.41310e+13	5.81539e+12	9.06642e+08	1.26401e+06	0	8.88640e+06	4.06482e+01	0	3.71013e+09	1.41486e+03	0	0	2.04953e+06	2.47541e+08	1.55605e+02	2.23612e+02	0	2.52947e+08	2.25197e+07
7.41310e+13	5.62640e+12	8.86650e+08	1.19623e+06	0	8.40707e+06	3.69732e+01	0	3.70857e+09	1.30388e+03	0	0	2.04461e+06	2.46640e+08	1.48051e+02	2.12486e+02	0	2.52357e+08	2.24680e+07
7.41310e+13	5.44370e+12	8.66862e+08	1.13190e+06	0	7.95710e+06	3.36574e+01	0	3.70706e+09	1.20130e+03	0	0	2.03985e+06	2.45752e+08	1.40895e+02	2.01922e+02	0	2.51787e+08	2.24181e+07
7.41310e+13	5.26839e+12	8.47429e+08	1.07119e+06	0	7.53564e+06	3.06677e+01	0	3.70559e+09	1.10682e+03	0	0	2.03528e+06	2.44885e+08	1.34115e+02	1.91900e+02	0	2.51240e+08	2.23703e+07
7.41310e+13	5.09844e+12	8.28160e+08	1.01343e+06	0	7.13836e+06	2.79616e+01	0	3.70416e+09	1.01944e+03	0	0	2.03084e+06	2.44024e+08	1.27677e+02	1.82379e+02	0	2.50710e+08	2.23239e+07
7.41310e+13	4.93486e+12	8.09200e+08	9.58779e+05	0	6.76488e+06	2.55148e+01	0	3.70278e+09	9.38908e+02	0	0	2.02656e+06	2.43180e+08	1.21566e+02	1.73343e+02	0	2.50201e+08	2.22793e+07
7.41310e+13	4.77685e+12	7.90485e+08	9.06945e+05	0	6.41307e+06	2.33427e+01	0	3.70143e+09	8.63512e+02	0	0	2.02241e+06	2.42345e+08	1.15760e+02	1.64760e+02	0	2.49709e+08	2.22363e+07
7.41310e+13	4.62424e+12	7.72024e+08	8.57778e+05	0	6.08131e+06	2.13916e+01	0	3.70012e+09	7.93782e+02	0	0	2.01840e+06	2.41520e+08	1.10242e+02	1.56608e+02	0	2.49234e+08	2.21947e+07
7.41310e+13	4.47694e+12	7.53831e+08	8.11137e+05	0	5.76806e+06	1.96160e+01	0	3.69885e+09	7.29814e+02	0	0	2.01452e+06	2.40704e+08	1.04997e+02	1.48865e+02	0	2.48776e+08	2.21546e+07
7.41310e+13	4.33494e+12	7.35933e+08	7.66938e+05	0	5.47231e+06	1.79997e+01	0	3.69762e+09	6.71150e+02	0	0	2.01077e+06	2.39899e+08	1.00010e+02	1.41511e+02	0	2.48334e+08	2.21160e+07
