      1.00000       0.0000000
      2.00000   6.8643667e-06
      3.00000   6.8926443e-06
      4.00000   6.9053394e-06
      5.00000   6.9060902e-06
      6.00000   6.8875497e-06
      7.00000   6.8640734e-06
      8.00000   6.8736476e-06
      9.00000   6.9528555e-06
      10.0000   7.1053637e-06
      11.0000   7.3044184e-06
      12.0000   7.5201046e-06
      13.0000   7.7422492e-06
      14.0000   7.9788279e-06
      15.0000   8.2345960e-06
      16.0000   8.4928251e-06
      17.0000   8.7190847e-06
      18.0000   8.8938395e-06
      19.0000   9.0375952e-06
      20.0000   9.1836800e-06
      21.0000   9.3354820e-06
      22.0000   9.4663719e-06
      23.0000   9.5535434e-06
      24.0000   9.6024596e-06
      25.0000   9.6436570e-06
      26.0000   9.7228785e-06
      27.0000   9.8650598e-06
      28.0000   1.0047194e-05
      29.0000   1.0232861e-05
      30.0000   1.0419049e-05
      31.0000   1.0636035e-05
      32.0000   1.0909856e-05
      33.0000   1.1241055e-05
      34.0000   1.1609795e-05
      35.0000   1.1996786e-05
      36.0000   1.2391962e-05
      37.0000   1.2784477e-05
      38.0000   1.3158664e-05
      39.0000   1.3501228e-05
      40.0000   1.3811508e-05
      41.0000   1.4086257e-05
      42.0000   1.4316483e-05
      43.0000   1.4507745e-05
      44.0000   1.4678701e-05
      45.0000   1.4837455e-05
      46.0000   1.4983458e-05
      47.0000   1.5137215e-05
      48.0000   1.5326033e-05
      49.0000   1.5560820e-05
      50.0000   1.5844516e-05
      51.0000   1.6181582e-05
      52.0000   1.6571976e-05
      53.0000   1.6999227e-05
      54.0000   1.7441986e-05
      55.0000   1.7866118e-05
      56.0000   1.8226136e-05
      57.0000   1.8525609e-05
      58.0000   1.8863058e-05
      59.0000   1.9376499e-05
      60.0000   2.0129712e-05
      61.0000   2.1059896e-05
      62.0000   2.2014085e-05
      63.0000   2.2848159e-05
      64.0000   2.3514369e-05
      65.0000   2.4061172e-05
      66.0000   2.4557847e-05
      67.0000   2.5022886e-05
      68.0000   2.5415555e-05
      69.0000   2.5712134e-05
      70.0000   2.5952049e-05
      71.0000   2.6180005e-05
      72.0000   2.6407435e-05
      73.0000   2.6650929e-05
      74.0000   2.6959489e-05
      75.0000   2.7362297e-05
      76.0000   2.7864822e-05
      77.0000   2.8520524e-05
      78.0000   2.9375748e-05
      79.0000   3.0354897e-05
      80.0000   3.1291282e-05
      81.0000   3.2080985e-05
      82.0000   3.2791184e-05
      83.0000   3.3635646e-05
      84.0000   3.4845383e-05
      85.0000   3.6533751e-05
      86.0000   3.8700004e-05
      87.0000   4.1286145e-05
      88.0000   4.4198976e-05
      89.0000   4.7358400e-05
      90.0000   5.0742816e-05
      91.0000   5.4354648e-05
      92.0000   5.8134727e-05
      93.0000   6.2005238e-05
      94.0000   6.5963519e-05
      95.0000   7.0065995e-05
      96.0000   7.4451411e-05
      97.0000   7.9284022e-05
      98.0000   8.4588886e-05
      99.0000   9.0190071e-05
      100.000   9.5884388e-05
      101.000   0.00010168463
      102.000   0.00010788016
      103.000   0.00011503051
      104.000   0.00012380187
      105.000   0.00013455548
      106.000   0.00014722254
      107.000   0.00016165430
      108.000   0.00017800547
      109.000   0.00019673747
      110.000   0.00021816140
      111.000   0.00024224156
      112.000   0.00026880440
      113.000   0.00029702880
      114.000   0.00032496947
      115.000   0.00035041152
      116.000   0.00037193988
      117.000   0.00038938294
      118.000   0.00040425817
      119.000   0.00041939589
      120.000   0.00043688843
      121.000   0.00045651765
      122.000   0.00047737808
      123.000   0.00050098059
      124.000   0.00053148106
      125.000   0.00057276484
      126.000   0.00062591635
      127.000   0.00068957388
      128.000   0.00076358323
      129.000   0.00085045834
      130.000   0.00095070427
      131.000    0.0010588729
      132.000    0.0011685244
      133.000    0.0012812838
      134.000    0.0014058880
      135.000    0.0015442831
      136.000    0.0016823786
      137.000    0.0018006746
      138.000    0.0018940413
      139.000    0.0019778009
      140.000    0.0020764151
      141.000    0.0022097782
      142.000    0.0023936029
      143.000    0.0026334461
      144.000    0.0029147489
      145.000    0.0032270837
      146.000    0.0036008167
      147.000    0.0041072392
      148.000    0.0048071248
      149.000    0.0057000397
      150.000    0.0067574512
      151.000    0.0080259060
      152.000    0.0097136954
      153.000     0.012220809
      154.000     0.016124738
      155.000     0.022027032
      156.000     0.030295443
      157.000     0.041133113
      158.000     0.054792400
      159.000     0.070787251
      160.000     0.086369857
      161.000     0.096353345
      162.000     0.096054129
      163.000     0.085343890
      164.000     0.068756096
      165.000     0.051718701
      166.000     0.037596986
      167.000     0.027246857
      168.000     0.020033656
      169.000     0.015011119
      170.000     0.011468039
      171.000    0.0089535387
      172.000    0.0071596969
      173.000    0.0058664740
      174.000    0.0049265013
      175.000    0.0042340364
      176.000    0.0037003118
      177.000    0.0032642675
      178.000    0.0029043288
      179.000    0.0026249259
      180.000    0.0024219349
      181.000    0.0022648559
      182.000    0.0021187291
      183.000    0.0019667144
      184.000    0.0018036664
      185.000    0.0016257333
      186.000    0.0014353150
      187.000    0.0012493035
      188.000    0.0010912196
      189.000   0.00096995616
      190.000   0.00087402784
      191.000   0.00078618841
      192.000   0.00069819670
      193.000   0.00061192096
      194.000   0.00053277385
      195.000   0.00046567444
      196.000   0.00041275306
      197.000   0.00037223619
      198.000   0.00033990666
      199.000   0.00031202845
      200.000   0.00028666420
      201.000   0.00026297075
      202.000   0.00024060969
      203.000   0.00021971465
      204.000   0.00020053692
      205.000   0.00018277128
      206.000   0.00016584397
      207.000   0.00014981808
      208.000   0.00013533025
      209.000   0.00012275622
      210.000   0.00011206904
      211.000   0.00010304990
      212.000   9.5457726e-05
      213.000   8.9158748e-05
      214.000   8.4021915e-05
      215.000   7.9960351e-05
      216.000   7.6943244e-05
      217.000   7.4754673e-05
      218.000   7.2897215e-05
      219.000   7.0853996e-05
      220.000   6.8478483e-05
      221.000   6.5982167e-05
      222.000   6.3557913e-05
      223.000   6.1269704e-05
      224.000   5.9141894e-05
      225.000   5.7123529e-05
      226.000   5.5062006e-05
      227.000   5.2856300e-05
      228.000   5.0539533e-05
      229.000   4.8205326e-05
      230.000   4.5965015e-05
      231.000   4.3917913e-05
      232.000   4.2092051e-05
      233.000   4.0391180e-05
      234.000   3.8650902e-05
      235.000   3.6814286e-05
      236.000   3.4983146e-05
      237.000   3.3268716e-05
      238.000   3.1702693e-05
      239.000   3.0278636e-05
      240.000   2.8968932e-05
      241.000   2.7738613e-05
      242.000   2.6590676e-05
      243.000   2.5581232e-05
      244.000   2.4778456e-05
      245.000   2.4213890e-05
      246.000   2.3865548e-05
      247.000   2.3703076e-05
      248.000   2.3690394e-05
      249.000   2.3749823e-05
      250.000   2.3795352e-05
      251.000   2.3767227e-05
      252.000   2.3651353e-05
      253.000   2.3464898e-05
      254.000   2.3211616e-05
      255.000   2.2875889e-05
      256.000   2.2442327e-05
      257.000   2.1910149e-05
      258.000   2.1283846e-05
      259.000   2.0562757e-05
      260.000   1.9756826e-05
      261.000   1.8902234e-05
      262.000   1.8049943e-05
      263.000   1.7255352e-05
      264.000   1.6564314e-05
      265.000   1.5991704e-05
      266.000   1.5524503e-05
      267.000   1.5148475e-05
      268.000   1.4849375e-05
      269.000   1.4583011e-05
      270.000   1.4308700e-05
      271.000   1.4047128e-05
      272.000   1.3853514e-05
      273.000   1.3757011e-05
      274.000   1.3750739e-05
      275.000   1.3800985e-05
      276.000   1.3844893e-05
      277.000   1.3825406e-05
      278.000   1.3732849e-05
      279.000   1.3594805e-05
      280.000   1.3443734e-05
      281.000   1.3293642e-05
      282.000   1.3125427e-05
      283.000   1.2890893e-05
      284.000   1.2553953e-05
      285.000   1.2123436e-05
      286.000   1.1633699e-05
      287.000   1.1117039e-05
      288.000   1.0604624e-05
      289.000   1.0125512e-05
      290.000   9.6992471e-06
      291.000   9.3413255e-06
      292.000   9.0567064e-06
      293.000   8.8365668e-06
      294.000   8.6708224e-06
      295.000   8.5583015e-06
      296.000   8.5036645e-06
      297.000   8.5023430e-06
      298.000   8.5376596e-06
      299.000   8.5875354e-06
      300.000   8.6381879e-06
      301.000   8.6872133e-06
      302.000   8.7276621e-06
      303.000   8.7393910e-06
      304.000   8.7012522e-06
      305.000   8.6084747e-06
      306.000   8.4698968e-06
      307.000   8.2941615e-06
      308.000   8.0880836e-06
      309.000   7.8658477e-06
      310.000   7.6459473e-06
      311.000   7.4372997e-06
      312.000   7.2414932e-06
      313.000   7.0630249e-06
      314.000   6.9066591e-06
      315.000   6.7715596e-06
      316.000   6.6598195e-06
      317.000   6.5811723e-06
      318.000   6.5374134e-06
      319.000   6.5152772e-06
      320.000   6.5009485e-06
      321.000   6.4734622e-06
