      1.00000       0.0000000
      2.00000   7.2214580e-06
      3.00000   7.4611871e-06
      4.00000   7.6413453e-06
      5.00000   7.7997065e-06
      6.00000   7.9112015e-06
      7.00000   7.9859283e-06
      8.00000   8.0322316e-06
      9.00000   8.0484815e-06
      10.0000   8.0290329e-06
      11.0000   7.9741822e-06
      12.0000   7.8914427e-06
      13.0000   7.7976074e-06
      14.0000   7.7112463e-06
      15.0000   7.6520773e-06
      16.0000   7.6395372e-06
      17.0000   7.6893257e-06
      18.0000   7.8103176e-06
      19.0000   8.0015125e-06
      20.0000   8.2480319e-06
      21.0000   8.5328347e-06
      22.0000   8.8565357e-06
      23.0000   9.2354021e-06
      24.0000   9.6893418e-06
      25.0000   1.0219361e-05
      26.0000   1.0799365e-05
      27.0000   1.1396910e-05
      28.0000   1.1988849e-05
      29.0000   1.2554460e-05
      30.0000   1.3065232e-05
      31.0000   1.3480720e-05
      32.0000   1.3769883e-05
      33.0000   1.3943877e-05
      34.0000   1.4042776e-05
      35.0000   1.4101817e-05
      36.0000   1.4130436e-05
      37.0000   1.4111377e-05
      38.0000   1.4023954e-05
      39.0000   1.3866816e-05
      40.0000   1.3665255e-05
      41.0000   1.3476014e-05
      42.0000   1.3372282e-05
      43.0000   1.3408764e-05
      44.0000   1.3597019e-05
      45.0000   1.3913481e-05
      46.0000   1.4321067e-05
      47.0000   1.4789707e-05
      48.0000   1.5297172e-05
      49.0000   1.5812422e-05
      50.0000   1.6314712e-05
      51.0000   1.6816341e-05
      52.0000   1.7362729e-05
      53.0000   1.8005783e-05
      54.0000   1.8772647e-05
      55.0000   1.9649351e-05
      56.0000   2.0586758e-05
      57.0000   2.1506452e-05
      58.0000   2.2327748e-05
      59.0000   2.3026339e-05
      60.0000   2.3608440e-05
      61.0000   2.4068848e-05
      62.0000   2.4404369e-05
      63.0000   2.4612769e-05
      64.0000   2.4708670e-05
      65.0000   2.4735156e-05
      66.0000   2.4720421e-05
      67.0000   2.4681918e-05
      68.0000   2.4649466e-05
      69.0000   2.4674433e-05
      70.0000   2.4810251e-05
      71.0000   2.5073035e-05
      72.0000   2.5452569e-05
      73.0000   2.5931089e-05
      74.0000   2.6472151e-05
      75.0000   2.7022403e-05
      76.0000   2.7557880e-05
      77.0000   2.8105538e-05
      78.0000   2.8770797e-05
      79.0000   2.9700346e-05
      80.0000   3.0983319e-05
      81.0000   3.2617925e-05
      82.0000   3.4552315e-05
      83.0000   3.6721918e-05
      84.0000   3.9067167e-05
      85.0000   4.1534135e-05
      86.0000   4.4107710e-05
      87.0000   4.6833746e-05
      88.0000   4.9740058e-05
      89.0000   5.2780295e-05
      90.0000   5.5899818e-05
      91.0000   5.9053458e-05
      92.0000   6.2148305e-05
      93.0000   6.5173925e-05
      94.0000   6.8309200e-05
      95.0000   7.1795519e-05
      96.0000   7.5721851e-05
      97.0000   7.9977610e-05
      98.0000   8.4423271e-05
      99.0000   8.9084562e-05
      100.000   9.4262716e-05
      101.000   0.00010047903
      102.000   0.00010819839
      103.000   0.00011759350
      104.000   0.00012860703
      105.000   0.00014124122
      106.000   0.00015577661
      107.000   0.00017257099
      108.000   0.00019168490
      109.000   0.00021295912
      110.000   0.00023618678
      111.000   0.00026066572
      112.000   0.00028481564
      113.000   0.00030688939
      114.000   0.00032567693
      115.000   0.00034119617
      116.000   0.00035528580
      117.000   0.00037045797
      118.000   0.00038767626
      119.000   0.00040572521
      120.000   0.00042333017
      121.000   0.00044181713
      122.000   0.00046521521
      123.000   0.00049797335
      124.000   0.00054244540
      125.000   0.00059740630
      126.000   0.00066019472
      127.000   0.00073056866
      128.000   0.00081055524
      129.000   0.00090019964
      130.000   0.00099565065
      131.000    0.0010934975
      132.000    0.0011965008
      133.000    0.0013114155
      134.000    0.0014381189
      135.000    0.0015631854
      136.000    0.0016689288
      137.000    0.0017491806
      138.000    0.0018145242
      139.000    0.0018849645
      140.000    0.0019806554
      141.000    0.0021213193
      142.000    0.0023176856
      143.000    0.0025543252
      144.000    0.0028033208
      145.000    0.0030710839
      146.000    0.0034250650
      147.000    0.0039495546
      148.000    0.0046669566
      149.000    0.0055245291
      150.000    0.0064839488
      151.000    0.0076410067
      152.000    0.0092572458
      153.000     0.011728542
      154.000     0.015581618
      155.000     0.021359505
      156.000     0.029442495
      157.000     0.040226649
      158.000     0.054355118
      159.000     0.071678065
      160.000     0.089149155
      161.000      0.10042596
      162.000     0.099702209
      163.000     0.087158233
      164.000     0.068729326
      165.000     0.050770648
      166.000     0.036517370
      167.000     0.026261836
      168.000     0.019095046
      169.000     0.014114391
      170.000     0.010692110
      171.000    0.0083635012
      172.000    0.0067547285
      173.000    0.0056060152
      174.000    0.0047607333
      175.000    0.0041204966
      176.000    0.0036182492
      177.000    0.0032068600
      178.000    0.0028576767
      179.000    0.0025644111
      180.000    0.0023330115
      181.000    0.0021576115
      182.000    0.0020157415
      183.000    0.0018860026
      184.000    0.0017563879
      185.000    0.0016177867
      186.000    0.0014644557
      187.000    0.0012981277
      188.000    0.0011317318
      189.000   0.00098666933
      190.000   0.00087573414
      191.000   0.00079292629
      192.000   0.00072317338
      193.000   0.00065493048
      194.000   0.00058422243
      195.000   0.00051325292
      196.000   0.00044764459
      197.000   0.00039279455
      198.000   0.00035046952
      199.000   0.00031850353
      200.000   0.00029295339
      201.000   0.00027078413
      202.000   0.00025069749
      203.000   0.00023219459
      204.000   0.00021475578
      205.000   0.00019802492
      206.000   0.00018207340
      207.000   0.00016694235
      208.000   0.00015249080
      209.000   0.00013871242
      210.000   0.00012590931
      211.000   0.00011438011
      212.000   0.00010427300
      213.000   9.5596122e-05
      214.000   8.8208450e-05
      215.000   8.1974998e-05
      216.000   7.6808872e-05
      217.000   7.2657313e-05
      218.000   6.9566333e-05
      219.000   6.7536523e-05
      220.000   6.6265704e-05
      221.000   6.5214146e-05
      222.000   6.3895757e-05
      223.000   6.2180734e-05
      224.000   6.0258822e-05
      225.000   5.8330897e-05
      226.000   5.6482128e-05
      227.000   5.4745622e-05
      228.000   5.3127591e-05
      229.000   5.1549745e-05
      230.000   4.9884507e-05
      231.000   4.8091129e-05
      232.000   4.6186615e-05
      233.000   4.4221935e-05
      234.000   4.2313921e-05
      235.000   4.0576375e-05
      236.000   3.8991122e-05
      237.000   3.7394570e-05
      238.000   3.5659130e-05
      239.000   3.3825680e-05
      240.000   3.2039221e-05
      241.000   3.0403529e-05
      242.000   2.8952725e-05
      243.000   2.7702832e-05
      244.000   2.6621103e-05
      245.000   2.5629821e-05
      246.000   2.4691692e-05
      247.000   2.3812632e-05
      248.000   2.3030178e-05
      249.000   2.2401722e-05
      250.000   2.1965514e-05
      251.000   2.1739412e-05
      252.000   2.1731525e-05
      253.000   2.1920914e-05
      254.000   2.2227905e-05
      255.000   2.2544089e-05
      256.000   2.2787051e-05
      257.000   2.2918726e-05
      258.000   2.2913651e-05
      259.000   2.2740034e-05
      260.000   2.2386017e-05
      261.000   2.1884736e-05
      262.000   2.1311625e-05
      263.000   2.0729773e-05
      264.000   2.0138312e-05
      265.000   1.9484700e-05
      266.000   1.8728579e-05
      267.000   1.7882758e-05
      268.000   1.6991342e-05
      269.000   1.6113951e-05
      270.000   1.5318985e-05
      271.000   1.4656192e-05
      272.000   1.4148151e-05
      273.000   1.3788463e-05
      274.000   1.3538159e-05
      275.000   1.3348456e-05
      276.000   1.3183630e-05
      277.000   1.3039558e-05
      278.000   1.2931727e-05
      279.000   1.2874543e-05
      280.000   1.2888306e-05
      281.000   1.2982657e-05
      282.000   1.3123929e-05
      283.000   1.3264050e-05
      284.000   1.3375616e-05
      285.000   1.3448936e-05
      286.000   1.3481475e-05
      287.000   1.3456362e-05
      288.000   1.3345299e-05
      289.000   1.3127987e-05
      290.000   1.2802305e-05
      291.000   1.2396829e-05
      292.000   1.1951167e-05
      293.000   1.1478755e-05
      294.000   1.0973808e-05
      295.000   1.0438886e-05
      296.000   9.8952651e-06
      297.000   9.3711633e-06
      298.000   8.8842789e-06
      299.000   8.4458716e-06
      300.000   8.0769778e-06
      301.000   7.7999712e-06
      302.000   7.6132219e-06
      303.000   7.4908862e-06
      304.000   7.4070153e-06
      305.000   7.3580472e-06
      306.000   7.3562251e-06
      307.000   7.4000445e-06
      308.000   7.4613145e-06
      309.000   7.5073231e-06
      310.000   7.5235648e-06
      311.000   7.5144571e-06
      312.000   7.4950131e-06
      313.000   7.4743903e-06
      314.000   7.4506756e-06
      315.000   7.4223840e-06
      316.000   7.3881552e-06
      317.000   7.3423867e-06
      318.000   7.2841408e-06
      319.000   7.2161224e-06
      320.000   7.1500349e-06
      321.000   7.0505885e-06
