! -------------------------
   1389.5031173185466        1.1799105710399584       0.11274988020555098        1.0000000000000000     
   1389.5130769081049        1.2313540978361590       0.11518234210130628        1.0000000000000000     
   1389.5230364976633       0.94963092920371395       0.10115205314264705        1.0000000000000000     
   1389.5329960872216        1.0938960370617583       0.10856458101345916        1.0000000000000000     
   1389.5429556767799        1.0070595300846696       0.10416709687972976        1.0000000000000000     
   1389.5529152663382        1.1396770043785802       0.11081453658671053        1.0000000000000000     
   1389.5628748558966        1.2270055870254619       0.11498254786302309        1.0000000000000000     
   1389.5728344454549        1.0950077246719749       0.10862257083151970        1.0000000000000000     
   1389.5827940350132        1.0768062501800737       0.10771671130547034        1.0000000000000000     
   1389.5927536245715        1.0958417925171455       0.10866533956897136        1.0000000000000000     
   1389.6027132141298        1.3356253768950184       0.11996712407017066        1.0000000000000000     
   1389.6126728036882        1.0809669505561406       0.10792670222765051        1.0000000000000000     
   1389.6226323932465       0.99770743360006364       0.10368766113206240        1.0000000000000000     
   1389.6325919828048        1.3201990297273818       0.11927459141191983        1.0000000000000000     
   1389.6425515723631       0.76453376779924542        9.0767287577521144E-002   1.0000000000000000     
   1389.6525111619214        1.0787110930224797       0.10781677251358464        1.0000000000000000     
   1389.6624707514798       0.96512650715369808       0.10198320426064694        1.0000000000000000     
   1389.6724303410381       0.99382613704671507       0.10348906522490128        1.0000000000000000     
   1389.6823899305964       0.87448470884969709        9.7077387651089225E-002   1.0000000000000000     
   1389.6923495201547        1.0806132982557224       0.10791451052701645        1.0000000000000000     
   1389.7023091097130        1.1210464043263539       0.10991556952068192        1.0000000000000000     
   1389.7122686992714       0.96737949852268934       0.10210536070067751        1.0000000000000000     
   1389.7222282888297        1.0886342277746677       0.10831629724834378        1.0000000000000000     
   1389.7321878783880        1.1900015198919385       0.11324766728786230        1.0000000000000000     
   1389.7421474679463        1.1108547890107932       0.10941750442720058        1.0000000000000000     
   1389.7521070575046        1.0176339993622110       0.10472650834327019        1.0000000000000000     
   1389.7620666470630        1.0307842595863694       0.10540164238393560        1.0000000000000000     
   1389.7720262366213       0.97607632495433594       0.10256709256754314        1.0000000000000000     
   1389.7819858261796       0.92840440440804095       0.10003163943730402        1.0000000000000000     
   1389.7919454157379        1.0332504832002316       0.10552958604946391        1.0000000000000000     
   1389.8019050052962       0.82497147795770598        9.4296057906264080E-002   1.0000000000000000     
   1389.8118645948546        1.0871388408860467       0.10824782811134095        1.0000000000000000     
   1389.8218241844129       0.99770186564194596       0.10370022113149947        1.0000000000000000     
   1389.8317837739712        1.1568793355551767       0.11166727540824475        1.0000000000000000     
   1389.8417433635295       0.94713936624579242       0.10103955470891265        1.0000000000000000     
   1389.8517029530879       0.96516870596269910       0.10199730102077863        1.0000000000000000     
   1389.8616625426462       0.93751186327983937       0.10052591876545203        1.0000000000000000     
   1389.8716221322045        1.0492362654916889       0.10634788800992610        1.0000000000000000     
   1389.8815817217628        1.0384392251812089       0.10579991599788237        1.0000000000000000     
   1389.8915413113211        1.2826663029065530       0.11758561160539788        1.0000000000000000     
   1389.9015009008795       0.81510089475565051        9.3735815105035897E-002   1.0000000000000000     
   1389.9114604904378       0.94319261535398446       0.10083298383818338        1.0000000000000000     
   1389.9214200799961        1.1457749526079335       0.11113594316346889        1.0000000000000000     
   1389.9313796695544       0.96765295743158986       0.10213321051350860        1.0000000000000000     
   1389.9413392591127        1.0716996501433507       0.10748454459781319        1.0000000000000000     
   1389.9512988486711       0.93567382968766677       0.10043243497460673        1.0000000000000000     
   1389.9612584382294       0.94482811692612312       0.10092307105742153        1.0000000000000000     
   1389.9712180277877        1.0046739006689287       0.10407078961815593        1.0000000000000000     
   1389.9811776173460       0.94375310067401352       0.10086669138588980        1.0000000000000000     
   1389.9911372069043        1.1101890532783136       0.10940049906014515        1.0000000000000000     
   1390.0010967964627       0.90795833314910168        9.8936384663471585E-002  0.99980175666609628     
   1390.0110563860210        1.1636825947287723       0.11200633279138206       0.99977752079486615     
   1390.0210159755793        1.0363384429964346       0.10570078094751775       0.99975036698471909     
   1390.0309755651376        1.0459109791032213       0.10618834651540175       0.99971967522492633     
   1390.0409351546959       0.87749353010713094        9.7264320299359941E-002  0.99968460898044531     
   1390.0508947442543       0.93179897728691063       0.10022931677682309       0.99964405249397748     
   1390.0608543338126       0.95220463035648406       0.10132132773866942       0.99959650690380819     
   1390.0708139233709       0.84848065684833540        9.5644230143591608E-002  0.99953996912816356     
   1390.0807735129292        1.0802382793297358       0.10791943370431596       0.99947177421543643     
   1390.0907331024875        1.0365646121173941       0.10571585057146231       0.99938839381983724     
   1390.1006926920459        1.0150253083249630       0.10461221770292464       0.99928518211227724     
   1390.1106522816042        1.0581355316526899       0.10681116289210567       0.99915605895360449     
   1390.1206118711625       0.98337077643572901       0.10296904104261959       0.99899311951477421     
   1390.1305714607208        1.0987316708502131       0.10884184176825588       0.99878615938633308     
   1390.1405310502792       0.94377236798053432       0.10087549969412851       0.99852210483020054     
   1390.1504906398375       0.78301692110753995        9.1883946890081697E-002  0.99818433949670393     
   1390.1604502293958       0.87871658369046690        9.7337566897949118E-002  0.99775192201595742     
   1390.1704098189541       0.84817398084851259        9.5631408087977487E-002  0.99719869377107795     
   1390.1803694085124        1.0813098432279300       0.10797796873454128       0.99649228328506034     
   1390.1903289980710       0.87028263979630049        9.6870649548219140E-002  0.99559302339945743     
   1390.2002885876291        1.1228396715479925       0.11003298595193707       0.99445281011610964     
   1390.2102481771876       0.87033356091216008        9.6874359046020028E-002  0.99301394779086360     
   1390.2202077667457       0.92272862499713670        9.9748168283423061E-002  0.99120804423963371     
   1390.2301673563043       0.98934013852830793       0.10328629223712001       0.98895504079479213     
   1390.2401269458624       0.92578329786536051        9.9914037017106494E-002  0.98616248545859231     
   1390.2500865354209       0.86552176095881417        9.6607931699428634E-002  0.98272518037466394     
   1390.2600461249790        1.1255348910900014       0.11016793140585907       0.97852535537378926     
   1390.2700057145375       0.98402942122430004       0.10301053947193399       0.97343353390436838     
   1390.2799653040956        1.0351704636029584       0.10565388802781338       0.96731026186687841     
   1390.2899248936542       0.85397344855851198        9.5962960808977760E-002  0.96000885865059760     
   1390.2998844832123       0.92999110362333604       0.10014350006115474       0.95137931768908313     
   1390.3098440727708       0.86902147450835032        9.6805738216515766E-002  0.94127342634472067     
   1390.3198036623289        1.0438570888468797       0.10609844511320156       0.92955108889059701     
   1390.3297632518875       0.83623102709713226        9.4962971602164312E-002  0.91608772198873323     
   1390.3397228414456       0.85445900201318481        9.5992962083981379E-002  0.90078245436093241     
   1390.3496824310041       0.93160328626099353       0.10023327821315199       0.88356671235600448     
   1390.3596420205622       0.78846272983406196        9.2212465926850049E-002  0.86441262839686883     
   1390.3696016101208       0.88207392300862253        9.7533578515676331E-002  0.84334059301800479     
   1390.3795611996788       0.80510954761296594        9.3181945405154579E-002  0.82042520947497521     
   1390.3895207892374       0.71801136276837585        8.7997951443132327E-002  0.79579892718369083     
   1390.3994803787955       0.68371102081876933        8.5870856788463554E-002  0.76965274348772506     
   1390.4094399683540       0.69816564957187810        8.6774344055999875E-002  0.74223357590864891     
   1390.4193995579121       0.78069565416628084        9.1760453074016757E-002  0.71383820467392323     
   1390.4293591474707       0.74049865990152475        8.9367457922996996E-002  0.68480403463591910     
   1390.4393187370290       0.75565587273594703        9.0277989177987433E-002  0.65549727817444980     
   1390.4492783265873       0.77633406441010311        9.1505402832630256E-002  0.62629946085080768     
   1390.4592379161456       0.61368847753757294        8.1357759169719240E-002  0.59759334840670431     
   1390.4691975057040       0.77787654537541784        9.1597342182107272E-002  0.56974945210500660     
   1390.4791570952623       0.86032380935376562        9.6329887137196160E-002  0.54311417876518930     
   1390.4891166848206       0.64467239233657114        8.3387731670607909E-002  0.51800046868892891     
   1390.4990762743789       0.53149243162332027        7.5715308396271774E-002  0.49468144870076830     
   1390.5090358639372       0.47646806586579066        7.1689343594384114E-002  0.47338727213727888     
   1390.5189954534956       0.53898966622608724        7.6248349665259146E-002  0.45430497772548867     
   1390.5289550430539       0.45393827971446143        6.9974718592650892E-002  0.43758092006884125     
   1390.5389146326122       0.43771108857366225        6.8713019899076966E-002  0.42332513381808495     
   1390.5488742221705       0.45504933830120259        7.0061111054084649E-002  0.41161689986730393     
   1390.5588338117288       0.45798563491896777        7.0287192839576365E-002  0.40251077639283556     
   1390.5687934012872       0.36603946502021301        6.2837185516899707E-002  0.39604242036635079     
   1390.5787529908455       0.37754263035394070        6.3817275497986103E-002  0.39223363220642210     
   1390.5887125804038       0.31706256525058912        6.9578520247601874E-002  0.39109618525466311     
   1390.5986721699621       0.34280266430617407        6.0811022996796957E-002  0.39263413650456974     
   1390.6086317595204       0.31623611085495229        6.9580105497288713E-002  0.39684444678022385     
   1390.6185913490788       0.32794138466536060        5.9478947305628610E-002  0.40371586560117118     
   1390.6285509386371       0.31231358713429180        6.9581688594441179E-002  0.41322616115250793     
   1390.6385105281954       0.39206104942675396        6.5034967980121761E-002  0.42533790333521798     
   1390.6484701177537       0.46383641141665111        7.0738353205883245E-002  0.43999313985186289     
   1390.6584297073121       0.33789170185573553        6.0375916928235997E-002  0.45710743845577823     
   1390.6683892968704       0.53714372204306027        7.6124185944649675E-002  0.47656389238707475     
   1390.6783488864287       0.57763823946003268        7.8941940645448100E-002  0.49820778279954298     
   1390.6883084759870       0.60313149064678484        8.0665582790331661E-002  0.52184263865492164     
   1390.6982680655453       0.61731536957492539        8.1609034995454979E-002  0.54722840761762681     
   1390.7082276551037       0.68099365753286745        8.5715356843336823E-002  0.57408233335289183     
   1390.7181872446620       0.59519801834558173        8.0134632740498646E-002  0.60208292050819756     
   1390.7281468342203       0.72682246537068651        8.8553573130380148E-002  0.63087707169694673     
   1390.7381064237786       0.47371164486342476        7.1490996068809126E-002  0.66009013354842605     
   1390.7480660133369       0.54760695589863595        7.6865450734568519E-002  0.68933823963131236     
   1390.7580256028953       0.59654685812842534        8.0227153686720093E-002  0.71824204221981780     
   1390.7679851924536       0.60238834063027280        8.0619439295791545E-002  0.74644073322978155     
   1390.7779447820119       0.67131608726196201        8.5107409215993857E-002  0.77360520160715651     
   1390.7879043715702       0.70594221106057709        8.7275190953029838E-002  0.79944926973629293     
   1390.7978639611285       0.73395130732103497        8.8990205581710558E-002  0.82373817780213932     
   1390.8078235506869       0.77667562808804225        9.1544187506665861E-002  0.84629380257346520     
   1390.8177831402452       0.52051621074606336        7.4942891985577118E-002  0.86699645266914427     
   1390.8277427298035       0.66361527846098434        8.4620162194393611E-002  0.88578342152351996     
   1390.8377023193618       0.60423362958899141        8.0745898119053874E-002  0.90264475683373258     
   1390.8476619089201       0.69439056465813964        8.6561001098920315E-002  0.91761689263490753     
   1390.8576214984785       0.52498757469994761        7.5265716811211580E-002  0.93077487766522671     
   1390.8675810880368       0.60629737295273256        8.0884979200886678E-002  0.94222392870938743     
   1390.8775406775951       0.48065043023904191        7.2018157724381540E-002  0.95209095955822642     
   1390.8875002671534       0.55701964595263143        7.7529133743939577E-002  0.96051661047384773     
   1390.8974598567117       0.37148961422106108        6.3314813228479497E-002  0.96764815531623005     
   1390.9074194462701       0.59941723403273872        8.0426451793379830E-002  0.97363351570568202     
   1390.9173790358284       0.39017923577808095        6.4888642809478467E-002  0.97861647968869825     
   1390.9273386253867       0.44866045032464380        6.9582129686933752E-002  0.98273311573379596     
   1390.9372982149450       0.49389666346810090        7.3006087372871897E-002  0.98610929508712053     
   1390.9472578045034       0.57829069311287062        7.8998038761243644E-002  0.98885918572436926     
   1390.9572173940617       0.50006085303757419        7.3460995204111479E-002  0.99108455566746334     
   1390.9671769836200       0.59052805615021708        7.9830309515277253E-002  0.99287471720821774     
   1390.9771365731783       0.89559582646614044        9.8311822984927119E-002  0.99430695121296286     
   1390.9870961627366       0.54684997325111750        7.6822066222464472E-002  0.99544726722017829     
   1390.9970557522950       0.73929936105636174        8.9323186248320557E-002  0.99635137636517046     
   1391.0070153418533       0.81129014258157217        9.3571651704395450E-002  0.99706577711713162     
   1391.0169749314116       0.84504033185942495        9.5498608663108414E-002  0.99762887617722740     
   1391.0269345209699       0.85757458647346874        9.6204721351634229E-002  0.99807208725323981     
   1391.0368941105282       0.72044559231088456        8.8178579758136547E-002  0.99842086803135233     
   1391.0468537000866        1.1000743683514234       0.10896213737260457       0.99869567021876560     
   1391.0568132896449       0.80554643484118638        9.3242082167235618E-002  0.99891278906710779     
   1391.0667728792032        1.0068836268971733       0.10424575987532984       0.99908510754581792     
   1391.0767324687615       0.88195513370361089        9.7565001235539253E-002  0.99922273666758510     
   1391.0866920583198       0.80715879148309067        9.3336684787492449E-002  0.99933355777097799     
   1391.0966516478782       0.91275228140374165        9.9254773133080162E-002  0.99942367523488418     
   1391.1066112374365       0.91181574367940099        9.9204310614357721E-002  0.99949778950457480     
   1391.1165708269948        1.1660369771250545       0.11218510947452626       0.99955950077582767     
   1391.1265304165531        1.0950311861611268       0.10871621853551693       0.99961155348765740     
   1391.1364900061114       0.91195342421962666        9.9213202471019071E-002  0.99965603114058832     
   1391.1464495956698       0.94595763702817492       0.10104644133958468       0.99969451006271826     
   1391.1564091852281       0.94568496096610477       0.10103235010879842       0.99972817972316019     
   1391.1663687747864       0.97701185354478215       0.10269260071228911       0.99975793613807351     
   1391.1763283643447        1.0191542329701220       0.10488448244390289       0.99978445389367110     
   1391.1862879539030       0.85968187740911628        9.6330135676576348E-002  0.99980824136486157     
   1391.1962475434616       0.96617497220530912       0.10212291614600685       0.99982968286058205     
   1391.2062071330197        1.0204129838286862       0.10495069569610500       0.99984907068733808     
   1391.2161667225782        1.0085381139040808       0.10433871864672890       0.99986662949180960     
   1391.2261263121363       0.90352710013088244        9.8757920582093081E-002  0.99988253471676114     
   1391.2360859016949       0.98548184727458521       0.10314012166923181       0.99989692657347717     
   1391.2460454912530        1.2306338299286070       0.11525765250918421       0.99990992058860562     
   1391.2560050808115       0.90304643967780218        9.8733010028170073E-002  0.99992161551309700     
   1391.2659646703696        1.2735504370005555       0.11725122673474575       0.99993209917531811     
   1391.2759242599282       0.98771994042769251       0.10325907094503442       0.99994145272069457     
   1391.2858838494863       0.98704936366611018       0.10322448459779868       0.99994975351173532     
   1391.2958434390448        1.2322515961044156       0.11533602298841003       0.99995707702530334     
   1391.3058030286029        1.1152532852274433       0.10972459849070260       0.99996349790105876     
   1391.3157626181614        1.0497222908233252       0.10645264017270739       0.99996909031958603     
   1391.3257222077195       0.91465654037554633        9.9368838664454701E-002  0.99997392788963391     
   1391.3356817972781       0.85172261042638220        9.5889762280029017E-002  0.99997808318846015     
   1391.3456413868362        1.0620830031336870       0.10707901061599004       0.99998162708943195     
   1391.3556009763947        1.1266242604411001       0.11028504012332806       0.99998462799423604     
   1391.3655605659528        1.0942264497801231       0.10868825679400559       0.99998715107072977     
   1391.3755201555114       0.94629862933461162       0.10107530509438324       0.99998925744994427     
   1391.3854797450695        1.2014687000697439       0.11389092874016823       0.99999100401901986     
   1391.3954393346280        1.0210995415623190       0.10499506332037466       0.99999244277151289     
   1391.4053989241861        1.0520525569119352       0.10657503907495101        1.0000000000000000     
   1391.4153585137446        1.1559461909550162       0.11171398055136024        1.0000000000000000     
   1391.4253181033027        1.2403976153549137       0.11572338504945660        1.0000000000000000     
   1391.4352776928613        1.0209098544484805       0.10498718104968820        1.0000000000000000     
   1391.4452372824196       0.99757449266236797       0.10378084230965028        1.0000000000000000     
   1391.4551968719779        1.0595120355748173       0.10695458004635451        1.0000000000000000     
   1391.4651564615363       0.95498849118583473       0.10154240081838646        1.0000000000000000     
   1391.4751160510946       0.82804139737872207        9.4553215483077255E-002   1.0000000000000000     
   1391.4850756406529       0.86987636211149721        9.6912754286060096E-002   1.0000000000000000     
   1391.4950352302112       0.98774778413980768       0.10327069926312428        1.0000000000000000     
   1391.5049948197695        1.1469453040409823       0.11128261837023788        1.0000000000000000     
   1391.5149544093279       0.93711555546077585       0.10058992062463967        1.0000000000000000     
   1391.5249139988862       0.92617025425304222       0.10000119850295162        1.0000000000000000     
   1391.5348735884445        1.1152122571044665       0.10973380888302041        1.0000000000000000     
   1391.5448331780028       0.98867167325636529       0.10332124537584308        1.0000000000000000     
   1391.5547927675611       0.94570667252890506       0.10105171922012759        1.0000000000000000     
   1391.5647523571195        1.0518981622571602       0.10657471652925796        1.0000000000000000     
   1391.5747119466778       0.89341226068565704        9.8218928961363361E-002   1.0000000000000000     
   1391.5846715362361       0.92478872997823902        9.9929193141305189E-002   1.0000000000000000     
   1391.5946311257944        1.0074045968769005       0.10429775001674703        1.0000000000000000     
   1391.6045907153527        1.0193722025920435       0.10491588616336313        1.0000000000000000     
   1391.6145503049111        1.1805918825182353       0.11290849576763158        1.0000000000000000     
   1391.6245098944694       0.89174369883177906        9.8129282929506068E-002   1.0000000000000000     
   1391.6344694840277       0.86002883980086020        9.6368915828877910E-002   1.0000000000000000     
   1391.6444290735860        1.2210055877752359       0.11482624640249761        1.0000000000000000     
   1391.6543886631443       0.83034250719959646        9.4691898802262947E-002   1.0000000000000000     
   1391.6643482527027       0.89395781269948704        9.8252712262286934E-002   1.0000000000000000     
   1391.6743078422610       0.81950051538087432        9.4072466350085149E-002   1.0000000000000000     
   1391.6842674318193       0.98862885636108677       0.10332523572486392        1.0000000000000000     
   1391.6942270213776       0.95617620783852630       0.10161564256806026        1.0000000000000000     
   1391.7041866109359       0.80702734968718948        9.3354999830436408E-002   1.0000000000000000     
   1391.7141462004943       0.98585067712541075       0.10318126577264057        1.0000000000000000     
   1391.7241057900526       0.89403826077039839        9.8259643661225748E-002   1.0000000000000000     
   1391.7340653796109        1.1464641312103945       0.11127028873684838        1.0000000000000000     
   1391.7440249691692       0.93592948831521439       0.10053617730335969        1.0000000000000000     
   1391.7539845587276       0.72357013451211083        8.8398104211089082E-002   1.0000000000000000     
   1391.7639441482859       0.77829130201325303        9.1680202360062080E-002   1.0000000000000000     
   1391.7739037378442       0.93449969465764704       0.10046062850794815        1.0000000000000000     
   1391.7838633274025       0.94744716233917403       0.10115460185327198        1.0000000000000000     
   1391.7938229169608       0.79679584832715211        9.2764860406196900E-002   1.0000000000000000     
   1391.8037825065192       0.92637175657916004       0.10002404418301412        1.0000000000000000     
   1391.8137420960775       0.87239004296204392        9.7066406515986747E-002   1.0000000000000000     
   1391.8237016856358       0.79822273424489965        9.2849049749274451E-002   1.0000000000000000     
   1391.8336612751941       0.97856288442108796       0.10280437545589201        1.0000000000000000     
   1391.8436208647524        1.0849227805006056       0.10824764084527275        1.0000000000000000     
   1391.8535804543108       0.90148269352536559        9.8673278615955665E-002   1.0000000000000000     
   1391.8635400438691        1.0205422220496658       0.10498763464489486        1.0000000000000000     
   1391.8734996334274        1.0618671485149458       0.10709262407827735        1.0000000000000000     
   1391.8834592229857        1.0320350683988435       0.10557801580478236        1.0000000000000000     
   1391.8934188125440       0.82089566729953256        9.4161215595382486E-002   1.0000000000000000     
!  ---- tick mark positions for above ----
!      1390.58812     1     1
