H	H+	C+	C+2	C+3	N+2	N+4	O	O+2	O+5	O+6	Si+	Si+2	Si+3	Si+4
2.51189e+13	2.84542e+18	2.67165e+08	7.82841e+10	6.61966e+11	1.10947e+10	1.03332e+12	8.42388e+02	2.67930e+10	2.13980e+13	8.51837e+13	3.71001e+04	3.18603e+06	3.04124e+07	9.11546e+09
2.51189e+13	2.68326e+18	2.96637e+08	8.47257e+10	6.87748e+11	1.20083e+10	1.04537e+12	9.42656e+02	2.91221e+10	2.10658e+13	7.93782e+13	4.58499e+04	3.82250e+06	3.52104e+07	9.96314e+09
2.51189e+13	2.53115e+18	3.28755e+08	9.15322e+10	7.13417e+11	1.29840e+10	1.05608e+12	1.05491e+03	3.16334e+10	2.07023e+13	7.38633e+13	5.65105e+04	4.57610e+06	4.06858e+07	1.08714e+10
2.51189e+13	2.38841e+18	3.63716e+08	9.87133e+10	7.38911e+11	1.40256e+10	1.06544e+12	1.18070e+03	3.43397e+10	2.03090e+13	6.86319e+13	6.94686e+04	5.46667e+06	4.69231e+07	1.18430e+10
2.51189e+13	2.25441e+18	4.01719e+08	1.06277e+11	7.64167e+11	1.51370e+10	1.07342e+12	1.32175e+03	3.72535e+10	1.98875e+13	6.36778e+13	8.51801e+04	6.51694e+06	5.40141e+07	1.28805e+10
2.51189e+13	2.12857e+18	4.42984e+08	1.14232e+11	7.89123e+11	1.63220e+10	1.08000e+12	1.47999e+03	4.03881e+10	1.94394e+13	5.89934e+13	1.04186e+05	7.75318e+06	6.20606e+07	1.39862e+10
2.51189e+13	2.01033e+18	4.87747e+08	1.22586e+11	8.13724e+11	1.75850e+10	1.08517e+12	1.65764e+03	4.37573e+10	1.89664e+13	5.45705e+13	1.27127e+05	9.20573e+06	7.11754e+07	1.51628e+10
2.51189e+13	1.89921e+18	5.36250e+08	1.31348e+11	8.37911e+11	1.89300e+10	1.08890e+12	1.85715e+03	4.73742e+10	1.84704e+13	5.04016e+13	1.54754e+05	1.09091e+07	8.14803e+07	1.64125e+10
2.51189e+13	1.79472e+18	5.88756e+08	1.40525e+11	8.61629e+11	2.03613e+10	1.09120e+12	2.08129e+03	5.12524e+10	1.79535e+13	4.64781e+13	1.87953e+05	1.29030e+07	9.31103e+07	1.77376e+10
2.51189e+13	1.69644e+18	6.45539e+08	1.50123e+11	8.84825e+11	2.18832e+10	1.09204e+12	2.33311e+03	5.54050e+10	1.74177e+13	4.27914e+13	2.27763e+05	1.52330e+07	1.06212e+08	1.91401e+10
2.51189e+13	1.60395e+18	7.06893e+08	1.60149e+11	9.07448e+11	2.34999e+10	1.09143e+12	2.61608e+03	5.98449e+10	1.68652e+13	3.93330e+13	2.75400e+05	1.79507e+07	1.20947e+08	2.06218e+10
2.51189e+13	1.51688e+18	7.73120e+08	1.70609e+11	9.29450e+11	2.52155e+10	1.08935e+12	2.93398e+03	6.45838e+10	1.62981e+13	3.60942e+13	3.32282e+05	2.11152e+07	1.37487e+08	2.21845e+10
2.51189e+13	1.43487e+18	8.44573e+08	1.81511e+11	9.50785e+11	2.70347e+10	1.08581e+12	3.29138e+03	6.96362e+10	1.57188e+13	3.30662e+13	4.00077e+05	2.47940e+07	1.56024e+08	2.38297e+10
2.51189e+13	1.35761e+18	9.21564e+08	1.92856e+11	9.71408e+11	2.89606e+10	1.08081e+12	3.69273e+03	7.50098e+10	1.51296e+13	3.02401e+13	4.80703e+05	2.90631e+07	1.76763e+08	2.55587e+10
2.51189e+13	1.28478e+18	1.00446e+09	2.04649e+11	9.91276e+11	3.09972e+10	1.07436e+12	4.14345e+03	8.07156e+10	1.45329e+13	2.76074e+13	5.76400e+05	3.40087e+07	1.99925e+08	2.73721e+10
2.51189e+13	1.21612e+18	1.09364e+09	2.16894e+11	1.01035e+12	3.31478e+10	1.06646e+12	4.64944e+03	8.67624e+10	1.39311e+13	2.51593e+13	6.89760e+05	3.97288e+07	2.25750e+08	2.92709e+10
2.51189e+13	1.15135e+18	1.18948e+09	2.29593e+11	1.02859e+12	3.54153e+10	1.05712e+12	5.21718e+03	9.31570e+10	1.33265e+13	2.28871e+13	8.23779e+05	4.63336e+07	2.54496e+08	3.12551e+10
2.51189e+13	1.09023e+18	1.29240e+09	2.42745e+11	1.04596e+12	3.78021e+10	1.04637e+12	5.85384e+03	9.99051e+10	1.27215e+13	2.07822e+13	9.81910e+05	5.39474e+07	2.86442e+08	3.33249e+10
2.51189e+13	1.03254e+18	1.40280e+09	2.56351e+11	1.06243e+12	4.03103e+10	1.03422e+12	6.56737e+03	1.07010e+11	1.21184e+13	1.88362e+13	1.16812e+06	6.27101e+07	3.21886e+08	3.54798e+10
2.51189e+13	9.78056e+17	1.52108e+09	2.70406e+11	1.07796e+12	4.29403e+10	1.02070e+12	7.36614e+03	1.14473e+11	1.15195e+13	1.70407e+13	1.38695e+06	7.27775e+07	3.61146e+08	3.77188e+10
2.51189e+13	9.26589e+17	1.64775e+09	2.84912e+11	1.09252e+12	4.56941e+10	1.00583e+12	8.26048e+03	1.22296e+11	1.09268e+13	1.53873e+13	1.64365e+06	8.43270e+07	4.04564e+08	4.00408e+10
2.51189e+13	8.77957e+17	1.78323e+09	2.99860e+11	1.10608e+12	4.85709e+10	9.89664e+11	9.26091e+03	1.30478e+11	1.03425e+13	1.38681e+13	1.94415e+06	9.75542e+07	4.52501e+08	4.24439e+10
2.51189e+13	8.32014e+17	1.92815e+09	3.15251e+11	1.11862e+12	5.15727e+10	9.72234e+11	1.03813e+04	1.39024e+11	9.76851e+12	1.24756e+13	2.29529e+06	1.12678e+08	5.05320e+08	4.49252e+10
2.51189e+13	7.88567e+17	2.08279e+09	3.31069e+11	1.13010e+12	5.46942e+10	9.53584e+11	1.16325e+04	1.47916e+11	9.20661e+12	1.12013e+13	2.70474e+06	1.29942e+08	5.63455e+08	4.74827e+10
2.51189e+13	7.47469e+17	2.24762e+09	3.47300e+11	1.14050e+12	5.79324e+10	9.33769e+11	1.30288e+04	1.57147e+11	8.65843e+12	1.00379e+13	3.18121e+06	1.49617e+08	6.27337e+08	5.01129e+10
2.51189e+13	7.08586e+17	2.42312e+09	3.63932e+11	1.14979e+12	6.12834e+10	9.12846e+11	1.45862e+04	1.66707e+11	8.12548e+12	8.97811e+12	3.73457e+06	1.72004e+08	6.97421e+08	5.28120e+10
2.51189e+13	6.71787e+17	2.60973e+09	3.80947e+11	1.15796e+12	6.47419e+10	8.90881e+11	1.63220e+04	1.76584e+11	7.60906e+12	8.01476e+12	4.37594e+06	1.97434e+08	7.74190e+08	5.55755e+10
2.51189e+13	6.36952e+17	2.80792e+09	3.98325e+11	1.16497e+12	6.83019e+10	8.67945e+11	1.82558e+04	1.86765e+11	7.11034e+12	7.14106e+12	5.11780e+06	2.26272e+08	8.58145e+08	5.83982e+10
2.51189e+13	6.03969e+17	3.01809e+09	4.16043e+11	1.17081e+12	7.19556e+10	8.44114e+11	2.04086e+04	1.97232e+11	6.63028e+12	6.35044e+12	5.97411e+06	2.58921e+08	9.49817e+08	6.12744e+10
2.51189e+13	5.72736e+17	3.24075e+09	4.34078e+11	1.17545e+12	7.56953e+10	8.19471e+11	2.28051e+04	2.07971e+11	6.16967e+12	5.63666e+12	6.96055e+06	2.95823e+08	1.04974e+09	6.41976e+10
2.51189e+13	5.43148e+17	3.47618e+09	4.52395e+11	1.17888e+12	7.95098e+10	7.94102e+11	2.54701e+04	2.18960e+11	5.72910e+12	4.99363e+12	8.09446e+06	3.37461e+08	1.15851e+09	6.71612e+10
2.51189e+13	5.15116e+17	3.72480e+09	4.70965e+11	1.18108e+12	8.33893e+10	7.68099e+11	2.84336e+04	2.30179e+11	5.30904e+12	4.41565e+12	9.39515e+06	3.84362e+08	1.27670e+09	7.01572e+10
2.51189e+13	4.88550e+17	3.98683e+09	4.89744e+11	1.18203e+12	8.73206e+10	7.41557e+11	3.17266e+04	2.41604e+11	4.90970e+12	3.89727e+12	1.08839e+07	4.37100e+08	1.40493e+09	7.31775e+10
2.51189e+13	4.63372e+17	4.26267e+09	5.08696e+11	1.18172e+12	9.12921e+10	7.14576e+11	3.53867e+04	2.53215e+11	4.53124e+12	3.43340e+12	1.25844e+07	4.96298e+08	1.54382e+09	7.62132e+10
2.51189e+13	4.39509e+17	4.55259e+09	5.27780e+11	1.18013e+12	9.52907e+10	6.87260e+11	3.94548e+04	2.64990e+11	4.17360e+12	3.01923e+12	1.45226e+07	5.62631e+08	1.69400e+09	7.92545e+10
2.51189e+13	4.16887e+17	4.85680e+09	5.46947e+11	1.17725e+12	9.93022e+10	6.59709e+11	4.39766e+04	2.76905e+11	3.83662e+12	2.65024e+12	1.67270e+07	6.36830e+08	1.85611e+09	8.22915e+10
2.51189e+13	3.95442e+17	5.17553e+09	5.66147e+11	1.17307e+12	1.03313e+11	6.32029e+11	4.90042e+04	2.88937e+11	3.51997e+12	2.32221e+12	1.92286e+07	7.19676e+08	2.03080e+09	8.53132e+10
2.51189e+13	3.75113e+17	5.50915e+09	5.85337e+11	1.16759e+12	1.07309e+11	6.04321e+11	5.45991e+04	3.01069e+11	3.22324e+12	2.03122e+12	2.20623e+07	8.12026e+08	2.21869e+09	8.83085e+10
2.51189e+13	3.55838e+17	5.85734e+09	6.04441e+11	1.16081e+12	1.11273e+11	5.76692e+11	6.08206e+04	3.13264e+11	2.94598e+12	1.77365e+12	2.52635e+07	9.14751e+08	2.42043e+09	9.12654e+10
2.51189e+13	3.37563e+17	6.22008e+09	6.23400e+11	1.15272e+12	1.15190e+11	5.49243e+11	6.77420e+04	3.25499e+11	2.68761e+12	1.54615e+12	2.88716e+07	1.02880e+09	2.63662e+09	9.41712e+10
2.51189e+13	3.20236e+17	6.59785e+09	6.42169e+11	1.14332e+12	1.19047e+11	5.22061e+11	7.54543e+04	3.37760e+11	2.44737e+12	1.34558e+12	3.29316e+07	1.15522e+09	2.86787e+09	9.70140e+10
2.51189e+13	3.03806e+17	6.99017e+09	6.60668e+11	1.13263e+12	1.22828e+11	4.95242e+11	8.40466e+04	3.50016e+11	2.22459e+12	1.16911e+12	3.74888e+07	1.29508e+09	3.11477e+09	9.97807e+10
2.51189e+13	2.88226e+17	7.39685e+09	6.78828e+11	1.12065e+12	1.26518e+11	4.68873e+11	9.36247e+04	3.62243e+11	2.01851e+12	1.01416e+12	4.25920e+07	1.44948e+09	3.37785e+09	1.02458e+11
2.51189e+13	2.73453e+17	7.81790e+09	6.96588e+11	1.10741e+12	1.30105e+11	4.43030e+11	1.04313e+05	3.74421e+11	1.82832e+12	8.78358e+11	4.82954e+07	1.61964e+09	3.65758e+09	1.05032e+11
2.51189e+13	2.59444e+17	8.25284e+09	7.13870e+11	1.09291e+12	1.33573e+11	4.17790e+11	1.16247e+05	3.86525e+11	1.65321e+12	7.59567e+11	5.46544e+07	1.80679e+09	3.95443e+09	1.07490e+11
2.51189e+13	2.46157e+17	8.70159e+09	7.30611e+11	1.07717e+12	1.36914e+11	3.93209e+11	1.29586e+05	3.98536e+11	1.49231e+12	6.55822e+11	6.17315e+07	2.01227e+09	4.26878e+09	1.09819e+11
2.51189e+13	2.33563e+17	9.16271e+09	7.46707e+11	1.06025e+12	1.40108e+11	3.69370e+11	1.44486e+05	4.10416e+11	1.34491e+12	5.65446e+11	6.95803e+07	2.23721e+09	4.60083e+09	1.12004e+11
2.51189e+13	2.21617e+17	9.63718e+09	7.62132e+11	1.04216e+12	1.43153e+11	3.46294e+11	1.61176e+05	4.22167e+11	1.21002e+12	4.86785e+11	7.82799e+07	2.48324e+09	4.95089e+09	1.14034e+11
2.51189e+13	2.10295e+17	1.01228e+10	7.76766e+11	1.02296e+12	1.46032e+11	3.24052e+11	1.79845e+05	4.33743e+11	1.08699e+12	4.18503e+11	8.78837e+07	2.75145e+09	5.31890e+09	1.15893e+11
2.51189e+13	1.99556e+17	1.06198e+10	7.90566e+11	1.00267e+12	1.48739e+11	3.02658e+11	2.00770e+05	4.45137e+11	9.74903e+11	3.59281e+11	9.84743e+07	3.04347e+09	5.70502e+09	1.17571e+11
2.51189e+13	1.89376e+17	1.11277e+10	8.03470e+11	9.81365e+11	1.51268e+11	2.82149e+11	2.24237e+05	4.56329e+11	8.73028e+11	3.08025e+11	1.10124e+08	3.36066e+09	6.10891e+09	1.19056e+11
2.51189e+13	1.79721e+17	1.16446e+10	8.15386e+11	9.59087e+11	1.53607e+11	2.62540e+11	2.50558e+05	4.67290e+11	7.80603e+11	2.63722e+11	1.22904e+08	3.70436e+09	6.53048e+09	1.20336e+11
2.51189e+13	1.70566e+17	1.21701e+10	8.26259e+11	9.35904e+11	1.55752e+11	2.43847e+11	2.80100e+05	4.78004e+11	6.96921e+11	2.25495e+11	1.36893e+08	4.07595e+09	6.96920e+09	1.21401e+11
2.51189e+13	1.61886e+17	1.27029e+10	8.36029e+11	9.11883e+11	1.57697e+11	2.26074e+11	3.13275e+05	4.88448e+11	6.21294e+11	1.92560e+11	1.52168e+08	4.47675e+09	7.42447e+09	1.22240e+11
2.51189e+13	1.53651e+17	1.32421e+10	8.44643e+11	8.87082e+11	1.59437e+11	2.09213e+11	3.50563e+05	4.98609e+11	5.53041e+11	1.64214e+11	1.68816e+08	4.90816e+09	7.89564e+09	1.22845e+11
2.51189e+13	1.45846e+17	1.37861e+10	8.52044e+11	8.61606e+11	1.60970e+11	1.93275e+11	3.92453e+05	5.08459e+11	4.91612e+11	1.39876e+11	1.86894e+08	5.37102e+09	8.38143e+09	1.23209e+11
2.51189e+13	1.38448e+17	1.43334e+10	8.58189e+11	8.35539e+11	1.62291e+11	1.78247e+11	4.39521e+05	5.17979e+11	4.36423e+11	1.19009e+11	2.06475e+08	5.86629e+09	8.88065e+09	1.23325e+11
2.51189e+13	1.31425e+17	1.48837e+10	8.63049e+11	8.08921e+11	1.63400e+11	1.64090e+11	4.92503e+05	5.27164e+11	3.86843e+11	1.01115e+11	2.27665e+08	6.39551e+09	9.39237e+09	1.23187e+11
2.51189e+13	1.24773e+17	1.54340e+10	8.66582e+11	7.81902e+11	1.64296e+11	1.50814e+11	5.52031e+05	5.35979e+11	3.42477e+11	8.58236e+10	2.50478e+08	6.95842e+09	9.91429e+09	1.22792e+11
2.51189e+13	1.18460e+17	1.59840e+10	8.68771e+11	7.54523e+11	1.64977e+11	1.38373e+11	6.19023e+05	5.44418e+11	3.02771e+11	7.27521e+10	2.75016e+08	7.55623e+09	1.04451e+10	1.22137e+11
2.51189e+13	1.12472e+17	1.65316e+10	8.69596e+11	7.26894e+11	1.65445e+11	1.26748e+11	6.94383e+05	5.52461e+11	2.67313e+11	6.15985e+10	3.01317e+08	8.18885e+09	1.09825e+10	1.21220e+11
2.51189e+13	1.06793e+17	1.70753e+10	8.69054e+11	6.99105e+11	1.65702e+11	1.15908e+11	7.79162e+05	5.60091e+11	2.35698e+11	5.20940e+10	3.29427e+08	8.85625e+09	1.15242e+10	1.20042e+11
2.51189e+13	1.01405e+17	1.76138e+10	8.67149e+11	6.71251e+11	1.65748e+11	1.05824e+11	8.74535e+05	5.67293e+11	2.07552e+11	4.40049e+10	3.59379e+08	9.55798e+09	1.20675e+10	1.18605e+11
2.51189e+13	9.62948e+16	1.81453e+10	8.63891e+11	6.43422e+11	1.65587e+11	9.64624e+10	9.81816e+05	5.74051e+11	1.82532e+11	3.71287e+10	3.91193e+08	1.02932e+10	1.26096e+10	1.16913e+11
2.51189e+13	9.14423e+16	1.86685e+10	8.59285e+11	6.15686e+11	1.65220e+11	8.77829e+10	1.10255e+06	5.80352e+11	1.60306e+11	3.12865e+10	4.24897e+08	1.10611e+10	1.31479e+10	1.14969e+11
2.51189e+13	8.68454e+16	1.91810e+10	8.53387e+11	5.88197e+11	1.64655e+11	7.97703e+10	1.23815e+06	5.86175e+11	1.40635e+11	2.63394e+10	4.60401e+08	1.18589e+10	1.36783e+10	1.12786e+11
2.51189e+13	8.24797e+16	1.96820e+10	8.46203e+11	5.60971e+11	1.63892e+11	7.23709e+10	1.39069e+06	5.91511e+11	1.23209e+11	2.21456e+10	4.97751e+08	1.26853e+10	1.41982e+10	1.10368e+11
2.51189e+13	7.83365e+16	2.01699e+10	8.37786e+11	5.34111e+11	1.62938e+11	6.55566e+10	1.56213e+06	5.96345e+11	1.07806e+11	1.85975e+10	5.36869e+08	1.35374e+10	1.47036e+10	1.07725e+11
2.51189e+13	7.44041e+16	2.06431e+10	8.28185e+11	5.07693e+11	1.61797e+11	5.92930e+10	1.75476e+06	6.00663e+11	9.42085e+10	1.55990e+10	5.77680e+08	1.44119e+10	1.51910e+10	1.04872e+11
2.51189e+13	7.06677e+16	2.11008e+10	8.17441e+11	4.81759e+11	1.60473e+11	5.35412e+10	1.97129e+06	6.04452e+11	8.22108e+10	1.30659e+10	6.20125e+08	1.53054e+10	1.56566e+10	1.01818e+11
2.51189e+13	6.71243e+16	2.15412e+10	8.05647e+11	4.56424e+11	1.58977e+11	4.82788e+10	2.21425e+06	6.07701e+11	7.16583e+10	1.09324e+10	6.64007e+08	1.62126e+10	1.60964e+10	9.85868e+10
2.51189e+13	6.37606e+16	2.19636e+10	7.92860e+11	4.31724e+11	1.57314e+11	4.34690e+10	2.48691e+06	6.10398e+11	6.23811e+10	9.13588e+09	7.09210e+08	1.71291e+10	1.65065e+10	9.51918e+10
2.51189e+13	6.05666e+16	2.23671e+10	7.79147e+11	4.07705e+11	1.55490e+11	3.90796e+10	2.79280e+06	6.12532e+11	5.42341e+10	7.62471e+09	7.55573e+08	1.80495e+10	1.68832e+10	9.16516e+10
2.51189e+13	5.75336e+16	2.27508e+10	7.64584e+11	3.84413e+11	1.53513e+11	3.50816e+10	3.13577e+06	6.14091e+11	4.70896e+10	6.35521e+09	8.02893e+08	1.89678e+10	1.72230e+10	8.79864e+10
2.51189e+13	5.46534e+16	2.31140e+10	7.49250e+11	3.61887e+11	1.51390e+11	3.14462e+10	3.52014e+06	6.15066e+11	4.08324e+10	5.28999e+09	8.50953e+08	1.98776e+10	1.75224e+10	8.42174e+10
2.51189e+13	5.19178e+16	2.34561e+10	7.33222e+11	3.40156e+11	1.49130e+11	2.81461e+10	3.95065e+06	6.15448e+11	3.53591e+10	4.39728e+09	8.99516e+08	2.07724e+10	1.77781e+10	8.03665e+10
2.51189e+13	4.93198e+16	2.37770e+10	7.16585e+11	3.19247e+11	1.46741e+11	2.51557e+10	4.43254e+06	6.15229e+11	3.05782e+10	3.65014e+09	9.48330e+08	2.16452e+10	1.79874e+10	7.64568e+10
2.51189e+13	4.68552e+16	2.40763e+10	6.99447e+11	2.99201e+11	1.44235e+11	2.24534e+10	4.97108e+06	6.14409e+11	2.64120e+10	3.02628e+09	9.97069e+08	2.24888e+10	1.81479e+10	7.25161e+10
2.51189e+13	4.45081e+16	2.43541e+10	6.81805e+11	2.79957e+11	1.41609e+11	2.00071e+10	5.57423e+06	6.12959e+11	2.27737e+10	2.50430e+09	1.04564e+09	2.32970e+10	1.82570e+10	6.85532e+10
2.51189e+13	4.22816e+16	2.46106e+10	6.63821e+11	2.61594e+11	1.38885e+11	1.78041e+10	6.24742e+06	6.10898e+11	1.96121e+10	2.06971e+09	1.09358e+09	2.40621e+10	1.83139e+10	6.46055e+10
2.51189e+13	4.01665e+16	2.48456e+10	6.45543e+11	2.44089e+11	1.36066e+11	1.58211e+10	6.99888e+06	6.08214e+11	1.68651e+10	1.70791e+09	1.14068e+09	2.47778e+10	1.83175e+10	6.06903e+10
2.51189e+13	3.81600e+16	2.50597e+10	6.27076e+11	2.27460e+11	1.33168e+11	1.40412e+10	7.83612e+06	6.04917e+11	1.44844e+10	1.40751e+09	1.18660e+09	2.54378e+10	1.82679e+10	5.68343e+10
2.51189e+13	3.62511e+16	2.52534e+10	6.08432e+11	2.11654e+11	1.30188e+11	1.24420e+10	8.77008e+06	6.00983e+11	1.24188e+10	1.15781e+09	1.23122e+09	2.60367e+10	1.81644e+10	5.30476e+10
2.51189e+13	3.44351e+16	2.54270e+10	5.89676e+11	1.96658e+11	1.27137e+11	1.10076e+10	9.81121e+06	5.96411e+11	1.06293e+10	9.50605e+08	1.27431e+09	2.65691e+10	1.80076e+10	4.93494e+10
2.51189e+13	3.27152e+16	2.55815e+10	5.70968e+11	1.82521e+11	1.24039e+11	9.72837e+09	1.09669e+07	5.91247e+11	9.08754e+09	7.79602e+08	1.31544e+09	2.70315e+10	1.78011e+10	4.57713e+10
2.51189e+13	3.10788e+16	2.57173e+10	5.52270e+11	1.69160e+11	1.20886e+11	8.58444e+09	1.22526e+07	5.85453e+11	7.75545e+09	6.38104e+08	1.35464e+09	2.74198e+10	1.75450e+10	4.23137e+10
2.51189e+13	2.95243e+16	2.58351e+10	5.33668e+11	1.56574e+11	1.17693e+11	7.56462e+09	1.36802e+07	5.79051e+11	6.60798e+09	5.21384e+08	1.39167e+09	2.77317e+10	1.72424e+10	3.89942e+10
2.51189e+13	2.80475e+16	2.59356e+10	5.15212e+11	1.44739e+11	1.14469e+11	6.65689e+09	1.52635e+07	5.72050e+11	5.62107e+09	4.25261e+08	1.42641e+09	2.79657e+10	1.68965e+10	3.58237e+10
2.51189e+13	2.66446e+16	2.60196e+10	4.96949e+11	1.33630e+11	1.11221e+11	5.85020e+09	1.70179e+07	5.64461e+11	4.77360e+09	3.46238e+08	1.45878e+09	2.81212e+10	1.65107e+10	3.28106e+10
2.51189e+13	2.53098e+16	2.60879e+10	4.78886e+11	1.23202e+11	1.07953e+11	5.13335e+09	1.89621e+07	5.56278e+11	4.04599e+09	2.81296e+08	1.48878e+09	2.81977e+10	1.60877e+10	2.99570e+10
2.51189e+13	2.40441e+16	2.61414e+10	4.61129e+11	1.13463e+11	1.04683e+11	4.49935e+09	2.11089e+07	5.47560e+11	3.42425e+09	2.28184e+08	1.51626e+09	2.81981e+10	1.56338e+10	2.72753e+10
2.51189e+13	2.28418e+16	2.61806e+10	4.43673e+11	1.04364e+11	1.01414e+11	3.93852e+09	2.34795e+07	5.38304e+11	2.89298e+09	1.84752e+08	1.54128e+09	2.81236e+10	1.51522e+10	2.47629e+10
2.51189e+13	2.16997e+16	2.62063e+10	4.26547e+11	9.58785e+10	9.81524e+10	3.44317e+09	2.60941e+07	5.28532e+11	2.43977e+09	1.49301e+08	1.56389e+09	2.79770e+10	1.46471e+10	2.24197e+10
2.51189e+13	2.06149e+16	2.62191e+10	4.09776e+11	8.79753e+10	9.49047e+10	3.00630e+09	2.89743e+07	5.18266e+11	2.05384e+09	1.20419e+08	1.58416e+09	2.77616e+10	1.41231e+10	2.02437e+10
2.51189e+13	1.95844e+16	2.62196e+10	3.93380e+11	8.06257e+10	9.16776e+10	2.62159e+09	3.21431e+07	5.07534e+11	1.72578e+09	9.69344e+07	1.60218e+09	2.74817e+10	1.35842e+10	1.82315e+10
2.51189e+13	1.86056e+16	2.62087e+10	3.77377e+11	7.38009e+10	8.84771e+10	2.28330e+09	3.56250e+07	4.96363e+11	1.44743e+09	7.78759e+07	1.61807e+09	2.71416e+10	1.30347e+10	1.63782e+10
2.51189e+13	1.76759e+16	2.61867e+10	3.61780e+11	6.74723e+10	8.53088e+10	1.98626e+09	3.94460e+07	4.84783e+11	1.21167e+09	6.24399e+07	1.63196e+09	2.67461e+10	1.24785e+10	1.46780e+10
2.51189e+13	1.67928e+16	2.61543e+10	3.46601e+11	6.16120e+10	8.21778e+10	1.72582e+09	4.36334e+07	4.72827e+11	1.01238e+09	4.99630e+07	1.64399e+09	2.63004e+10	1.19193e+10	1.31239e+10
2.51189e+13	1.59540e+16	2.61120e+10	3.31848e+11	5.61927e+10	7.90889e+10	1.49777e+09	4.82164e+07	4.60528e+11	8.44230e+08	3.98985e+07	1.65433e+09	2.58096e+10	1.13606e+10	1.17084e+10
2.51189e+13	1.51574e+16	2.60602e+10	3.17527e+11	5.11882e+10	7.60465e+10	1.29837e+09	5.32253e+07	4.47921e+11	7.02631e+08	3.17967e+07	1.66313e+09	2.52788e+10	1.08054e+10	1.04236e+10
2.51189e+13	1.44024e+16	2.59999e+10	3.03674e+11	4.65819e+10	7.30617e+10	1.12458e+09	5.86838e+07	4.35077e+11	5.83829e+08	2.52992e+07	1.67050e+09	2.47154e+10	1.02581e+10	9.26296e+09
2.51189e+13	1.36837e+16	2.59305e+10	2.90226e+11	4.23308e+10	7.01235e+10	9.72706e+08	6.46410e+07	4.21965e+11	4.83981e+08	2.00800e+07	1.67672e+09	2.41203e+10	9.71830e+09	8.21416e+09
2.51189e+13	1.29995e+16	2.58524e+10	2.77184e+11	3.84129e+10	6.72355e+10	8.40194e+08	7.11343e+07	4.08620e+11	4.00255e+08	1.58979e+07	1.68195e+09	2.34984e+10	9.18841e+09	7.26923e+09
2.51189e+13	1.23511e+16	2.57667e+10	2.64609e+11	3.48219e+10	6.44141e+10	7.25177e+08	7.81805e+07	3.95152e+11	3.30456e+08	1.25665e+07	1.68623e+09	2.28583e+10	8.67286e+09	6.42321e+09
2.51189e+13	1.17354e+16	2.56732e+10	2.52466e+11	3.15278e+10	6.16548e+10	6.25259e+08	8.58260e+07	3.81564e+11	2.72270e+08	9.91292e+06	1.68976e+09	2.22024e+10	8.17191e+09	5.66632e+09
2.51189e+13	1.11519e+16	2.55728e+10	2.40780e+11	2.85163e+10	5.89663e+10	5.38727e+08	9.40961e+07	3.67931e+11	2.23950e+08	7.80735e+06	1.69263e+09	2.15370e+10	7.68804e+09	4.99197e+09
2.51189e+13	1.05965e+16	2.54648e+10	2.29489e+11	2.57553e+10	5.63371e+10	4.63579e+08	1.03054e+08	3.54218e+11	1.83757e+08	6.13390e+06	1.69507e+09	2.08617e+10	7.21988e+09	4.39043e+09
2.51189e+13	1.00677e+16	2.53492e+10	2.18587e+11	2.32276e+10	5.37688e+10	3.98404e+08	1.12744e+08	3.40463e+11	1.50403e+08	4.80719e+06	1.69721e+09	2.01800e+10	6.76835e+09	3.85505e+09
2.51189e+13	9.56794e+15	2.52274e+10	2.08147e+11	2.09312e+10	5.12811e+10	3.42278e+08	1.23159e+08	3.26808e+11	1.22938e+08	3.76338e+06	1.69896e+09	1.95009e+10	6.33732e+09	3.38206e+09
2.51189e+13	9.09218e+15	2.50987e+10	1.98083e+11	1.88342e+10	4.88565e+10	2.93700e+08	1.34385e+08	3.13184e+11	1.00239e+08	2.93911e+06	1.70061e+09	1.88217e+10	5.92381e+09	2.96272e+09
2.51189e+13	8.63917e+15	2.49625e+10	1.88387e+11	1.69222e+10	4.64953e+10	2.51705e+08	1.46467e+08	2.99621e+11	8.15227e+07	2.28971e+06	1.70222e+09	1.81442e+10	5.52824e+09	2.59163e+09
2.51189e+13	8.21003e+15	2.48201e+10	1.79100e+11	1.51888e+10	4.42098e+10	2.15590e+08	1.59406e+08	2.86223e+11	6.61850e+07	1.78118e+06	1.70374e+09	1.74750e+10	5.15254e+09	2.26501e+09
2.51189e+13	7.80246e+15	2.46710e+10	1.70188e+11	1.36159e+10	4.19941e+10	1.84494e+08	1.73257e+08	2.72985e+11	5.36170e+07	1.38293e+06	1.70530e+09	1.68139e+10	4.79563e+09	1.97744e+09
2.51189e+13	7.41537e+15	2.45154e+10	1.61641e+11	1.21906e+10	3.98481e+10	1.57746e+08	1.88057e+08	2.59937e+11	4.33411e+07	1.07169e+06	1.70693e+09	1.61627e+10	4.45727e+09	1.72462e+09
2.51189e+13	7.04858e+15	2.43537e+10	1.53469e+11	1.09033e+10	3.77762e+10	1.34800e+08	2.03816e+08	2.47134e+11	3.49715e+07	8.29330e+05	1.70862e+09	1.55243e+10	4.13792e+09	1.50304e+09
2.51189e+13	6.69858e+15	2.41846e+10	1.45603e+11	9.73534e+09	3.57640e+10	1.15023e+08	2.20634e+08	2.34513e+11	2.81342e+07	6.40002e+05	1.71053e+09	1.48952e+10	3.83488e+09	1.30808e+09
2.51189e+13	6.36777e+15	2.40099e+10	1.38111e+11	8.68580e+09	3.38296e+10	9.81256e+07	2.38440e+08	2.22216e+11	2.26017e+07	4.93476e+05	1.71248e+09	1.42827e+10	3.55068e+09	1.13799e+09
2.51189e+13	6.05276e+15	2.38282e+10	1.30925e+11	7.73785e+09	3.19582e+10	8.36109e+07	2.57334e+08	2.10174e+11	1.81089e+07	3.79627e+05	1.71463e+09	1.36828e+10	3.28258e+09	9.88919e+08
2.51189e+13	5.75357e+15	2.36401e+10	1.24054e+11	6.88487e+09	3.01540e+10	7.11821e+07	2.77305e+08	1.98437e+11	1.44768e+07	2.91537e+05	1.71690e+09	1.30977e+10	3.03078e+09	8.58690e+08
2.51189e+13	5.46942e+15	2.34455e+10	1.17488e+11	6.11837e+09	2.84163e+10	6.05480e+07	2.98365e+08	1.87023e+11	1.15470e+07	2.23505e+05	1.71928e+09	1.25281e+10	2.79467e+09	7.45035e+08
2.51189e+13	5.19954e+15	2.32445e+10	1.11217e+11	5.43058e+09	2.67442e+10	5.14573e+07	3.20517e+08	1.75948e+11	9.18914e+06	1.71064e+05	1.72175e+09	1.19743e+10	2.57365e+09	6.45945e+08
2.51189e+13	4.94320e+15	2.30371e+10	1.05232e+11	4.81426e+09	2.51368e+10	4.36921e+07	3.43757e+08	1.65225e+11	7.29602e+06	1.30715e+05	1.72428e+09	1.14364e+10	2.36707e+09	5.59632e+08
2.51189e+13	4.69972e+15	2.28233e+10	9.95216e+10	4.26273e+09	2.35933e+10	3.70645e+07	3.68073e+08	1.54867e+11	5.77953e+06	9.97236e+04	1.72683e+09	1.09148e+10	2.17429e+09	4.84516e+08
2.51189e+13	4.46844e+15	2.26032e+10	9.40769e+10	3.76988e+09	2.21128e+10	3.14126e+07	3.93442e+08	1.44883e+11	4.56764e+06	7.59635e+04	1.72935e+09	1.04094e+10	1.99467e+09	4.19200e+08
2.51189e+13	4.24877e+15	2.23769e+10	8.88884e+10	3.33008e+09	2.06944e+10	2.65968e+07	4.19834e+08	1.35282e+11	3.60144e+06	5.77784e+04	1.73180e+09	9.92025e+09	1.82756e+09	3.62452e+08
2.51189e+13	4.03958e+15	2.21436e+10	8.39340e+10	2.93735e+09	1.93341e+10	2.24894e+07	4.47246e+08	1.26051e+11	2.83175e+06	4.38611e+04	1.73416e+09	9.44604e+09	1.67197e+09	3.13102e+08
2.51189e+13	3.84139e+15	2.19050e+10	7.92303e+10	2.58863e+09	1.80373e+10	1.90029e+07	4.75548e+08	1.17236e+11	2.22229e+06	3.32673e+04	1.73629e+09	8.98923e+09	1.52802e+09	2.70375e+08
2.51189e+13	3.65313e+15	2.16602e+10	7.47550e+10	2.27871e+09	1.67998e+10	1.60398e+07	5.04716e+08	1.08820e+11	1.73991e+06	2.51991e+04	1.73817e+09	8.54837e+09	1.39469e+09	2.33337e+08
2.51189e+13	3.47474e+15	2.14102e+10	7.05099e+10	2.00417e+09	1.56234e+10	1.35283e+07	5.34634e+08	1.00820e+11	1.35962e+06	0	1.73971e+09	8.12436e+09	1.27168e+09	2.01308e+08
2.51189e+13	3.30481e+15	2.11537e+10	6.64643e+10	1.76026e+09	1.45015e+10	1.13932e+07	5.65306e+08	9.32026e+10	1.05948e+06	0	1.74091e+09	7.71466e+09	1.15780e+09	1.73523e+08
2.51189e+13	3.14338e+15	2.08915e+10	6.26211e+10	1.54434e+09	1.34362e+10	9.58371e+06	5.96597e+08	8.59834e+10	8.23662e+05	0	1.74167e+09	7.32020e+09	1.05280e+09	1.49487e+08
2.51189e+13	2.99001e+15	2.06238e+10	5.89722e+10	1.35343e+09	1.24263e+10	8.05176e+06	6.28408e+08	7.91594e+10	6.38834e+05	0	1.74193e+09	6.94072e+09	9.56122e+08	1.28705e+08
2.51189e+13	2.84430e+15	2.03507e+10	5.55096e+10	1.18487e+09	1.14708e+10	6.75621e+06	6.60631e+08	7.27262e+10	4.94335e+05	0	1.74160e+09	6.57598e+09	8.67242e+08	1.10749e+08
2.51189e+13	2.70583e+15	2.00722e+10	5.22250e+10	1.03620e+09	1.05685e+10	5.66171e+06	6.93155e+08	6.66768e+10	3.81634e+05	0	1.74067e+09	6.22554e+09	7.85648e+08	9.52419e+07
2.51189e+13	2.57393e+15	1.97880e+10	4.91032e+10	9.04990e+08	9.71643e+09	4.73655e+06	7.25908e+08	6.09923e+10	2.93820e+05	0	1.73904e+09	5.88830e+09	7.10679e+08	8.18360e+07
2.51189e+13	2.44894e+15	1.94997e+10	4.61535e+10	7.89821e+08	8.91721e+09	3.95856e+06	7.58674e+08	5.56883e+10	2.25812e+05	0	1.73663e+09	5.56581e+09	6.42234e+08	7.02978e+07
2.51189e+13	2.33017e+15	1.92068e+10	4.33603e+10	6.88624e+08	8.16754e+09	3.30377e+06	7.91380e+08	5.07419e+10	1.73165e+05	0	1.73340e+09	5.25679e+09	5.79678e+08	6.03524e+07
2.51189e+13	2.21729e+15	1.89095e+10	4.07165e+10	5.99804e+08	7.46599e+09	2.75338e+06	8.23906e+08	4.61413e+10	1.32506e+05	0	1.72930e+09	4.96090e+09	5.22585e+08	5.17846e+07
2.51189e+13	2.11003e+15	1.86081e+10	3.82157e+10	5.21942e+08	6.81110e+09	2.29142e+06	8.56133e+08	4.18745e+10	1.01181e+05	0	1.72427e+09	4.67783e+09	4.70557e+08	4.44083e+07
2.51189e+13	2.00809e+15	1.83029e+10	3.58512e+10	4.53760e+08	6.20129e+09	1.90422e+06	8.87946e+08	3.79278e+10	7.71043e+04	0	1.71828e+09	4.40726e+09	4.23212e+08	3.80613e+07
2.51189e+13	1.91120e+15	1.79941e+10	3.36168e+10	3.94123e+08	5.63490e+09	1.58015e+06	9.19239e+08	3.42873e+10	5.86406e+04	0	1.71127e+09	4.14885e+09	3.80190e+08	3.26032e+07
2.51189e+13	1.81938e+15	1.76829e+10	3.15127e+10	3.42128e+08	5.11138e+09	1.30985e+06	9.49862e+08	3.09454e+10	4.45371e+04	0	1.70323e+09	3.90302e+09	3.41250e+08	2.79215e+07
2.51189e+13	1.73184e+15	1.73678e+10	2.95206e+10	2.96638e+08	4.62652e+09	1.08381e+06	9.79817e+08	2.78722e+10	3.37464e+04	0	1.69410e+09	3.66793e+09	3.05872e+08	2.38911e+07
2.51189e+13	1.64863e+15	1.70501e+10	2.76412e+10	2.56976e+08	4.17971e+09	8.95503e+05	1.00897e+09	2.50598e+10	2.55254e+04	0	1.68387e+09	3.44403e+09	2.73861e+08	2.04312e+07
2.51189e+13	1.56929e+15	1.67289e+10	2.58638e+10	2.22354e+08	3.76810e+09	7.38564e+05	1.03730e+09	2.24871e+10	1.92644e+04	0	1.67249e+09	3.23031e+09	2.44864e+08	1.74566e+07
2.51189e+13	1.49410e+15	1.64068e+10	2.41942e+10	1.92306e+08	3.39170e+09	6.08535e+05	1.06464e+09	2.01503e+10	1.45243e+04	0	1.66001e+09	3.02781e+09	2.18773e+08	1.49122e+07
2.51189e+13	1.42262e+15	1.60830e+10	2.26217e+10	1.66187e+08	3.04754e+09	5.00721e+05	1.09100e+09	1.80279e+10	1.09344e+04	0	1.64638e+09	2.83551e+09	1.95263e+08	1.27318e+07
2.51189e+13	1.35465e+15	1.57578e+10	2.11414e+10	1.43505e+08	2.73363e+09	4.11463e+05	1.11632e+09	1.61046e+10	0	0	1.63163e+09	2.65306e+09	1.74106e+08	1.08644e+07
2.51189e+13	1.29003e+15	1.54316e+10	1.97489e+10	1.23829e+08	2.44808e+09	3.37691e+05	1.14059e+09	1.43659e+10	0	0	1.61575e+09	2.48019e+09	1.55095e+08	9.26630e+06
2.51189e+13	1.22860e+15	1.51049e+10	1.84398e+10	1.06773e+08	2.18893e+09	2.76805e+05	1.16376e+09	1.27974e+10	0	0	1.59876e+09	2.31654e+09	1.38032e+08	7.89924e+06
2.51189e+13	1.17018e+15	1.47779e+10	1.72096e+10	9.20040e+07	1.95429e+09	2.26632e+05	1.18584e+09	1.13855e+10	0	0	1.58069e+09	2.16179e+09	1.22737e+08	6.73057e+06
2.51189e+13	1.11463e+15	1.44510e+10	1.60543e+10	7.92250e+07	1.74232e+09	1.85345e+05	1.20681e+09	1.01169e+10	0	0	1.56155e+09	2.01562e+09	1.09044e+08	5.73209e+06
2.51189e+13	1.06180e+15	1.41246e+10	1.49700e+10	6.81775e+07	1.55126e+09	1.51418e+05	1.22669e+09	8.97942e+09	0	0	1.54140e+09	1.87770e+09	9.68002e+07	4.87948e+06
2.51189e+13	1.01157e+15	1.37990e+10	1.39529e+10	5.86348e+07	1.37941e+09	1.23578e+05	1.24548e+09	7.96124e+09	0	0	1.52026e+09	1.74772e+09	8.58648e+07	4.15188e+06
2.51189e+13	9.63789e+14	1.34746e+10	1.29993e+10	5.03985e+07	1.22513e+09	1.00761e+05	1.26321e+09	7.05143e+09	0	0	1.49820e+09	1.62535e+09	7.61089e+07	3.53130e+06
2.51189e+13	9.18350e+14	1.31518e+10	1.21059e+10	4.32954e+07	1.08691e+09	8.20848e+04	1.27989e+09	6.23979e+09	0	0	1.47524e+09	1.51028e+09	6.74151e+07	3.00230e+06
2.51189e+13	8.75132e+14	1.28307e+10	1.12693e+10	3.71740e+07	9.63287e+08	6.68156e+04	1.29555e+09	5.51680e+09	0	0	1.45147e+09	1.40221e+09	5.96758e+07	2.55161e+06
2.51189e+13	8.34024e+14	1.25119e+10	1.04864e+10	3.19025e+07	8.52912e+08	5.43459e+04	1.31023e+09	4.87372e+09	0	0	1.42692e+09	1.30081e+09	5.27932e+07	2.16784e+06
2.51189e+13	7.94922e+14	1.21957e+10	9.75414e+09	2.73659e+07	7.54524e+08	4.41730e+04	1.32395e+09	4.30245e+09	0	0	1.40167e+09	1.20580e+09	4.66785e+07	1.84122e+06
2.51189e+13	7.57907e+14	1.18839e+10	9.07289e+09	2.34779e+07	6.67241e+08	3.59057e+04	1.33674e+09	3.79726e+09	0	0	1.37591e+09	1.11730e+09	4.12713e+07	1.56432e+06
2.51189e+13	7.22519e+14	1.15736e+10	8.43325e+09	2.01233e+07	5.89377e+08	2.91507e+04	1.34867e+09	3.34797e+09	0	0	1.34946e+09	1.03413e+09	3.64562e+07	1.32797e+06
2.51189e+13	6.88854e+14	1.12669e+10	7.83599e+09	1.72417e+07	5.20259e+08	2.36548e+04	1.35977e+09	2.95023e+09	0	0	1.32252e+09	9.56449e+08	3.21895e+07	1.12710e+06
2.51189e+13	6.56826e+14	1.09638e+10	7.27860e+09	1.47680e+07	4.58977e+08	1.91867e+04	1.37008e+09	2.59848e+09	0	0	1.29515e+09	8.83981e+08	2.84118e+07	9.56463e+05
2.51189e+13	6.26354e+14	1.06648e+10	6.75872e+09	1.26456e+07	4.04703e+08	1.55568e+04	1.37962e+09	2.28769e+09	0	0	1.26743e+09	8.16448e+08	2.50693e+07	8.11556e+05
2.51189e+13	5.97361e+14	1.03700e+10	6.27408e+09	1.08254e+07	3.56686e+08	1.26097e+04	1.38845e+09	2.01330e+09	0	0	1.23942e+09	7.53589e+08	2.21142e+07	6.88553e+05
2.51189e+13	5.69772e+14	1.00796e+10	5.82249e+09	9.26516e+06	3.14240e+08	1.02182e+04	1.39660e+09	1.77124e+09	0	0	1.21120e+09	6.95122e+08	1.95028e+07	5.84161e+05
2.51189e+13	5.43520e+14	9.79398e+09	5.40196e+09	7.92835e+06	2.76753e+08	8.27862e+03	1.40410e+09	1.55784e+09	0	0	1.18284e+09	6.40812e+08	1.71967e+07	4.95603e+05
2.51189e+13	5.18377e+14	9.51134e+09	5.00803e+09	6.77826e+06	2.43528e+08	6.70045e+03	1.41103e+09	1.36905e+09	0	0	1.15422e+09	5.90077e+08	1.51517e+07	4.20158e+05
2.51189e+13	4.94767e+14	9.23750e+09	4.64638e+09	5.80328e+06	2.14496e+08	5.43212e+03	1.41734e+09	1.20430e+09	0	0	1.12595e+09	5.43692e+08	1.33658e+07	3.56810e+05
2.51189e+13	4.71984e+14	8.96509e+09	4.30542e+09	4.96029e+06	1.88664e+08	4.39578e+03	1.42316e+09	1.05795e+09	0	0	1.09735e+09	5.00104e+08	1.17743e+07	3.02555e+05
2.51189e+13	4.50655e+14	8.70249e+09	3.99365e+09	4.24767e+06	1.66163e+08	3.56483e+03	1.42844e+09	9.30616e+08	0	0	1.06931e+09	4.60462e+08	1.03887e+07	2.57115e+05
2.51189e+13	4.30170e+14	8.44304e+09	3.70134e+09	3.63377e+06	1.46223e+08	2.88782e+03	1.43326e+09	8.17919e+08	0	0	1.04119e+09	4.23474e+08	9.15887e+06	2.18332e+05
2.51189e+13	4.10476e+14	8.18660e+09	3.42721e+09	3.10510e+06	1.28558e+08	2.33658e+03	1.43766e+09	7.18215e+08	0	0	1.01302e+09	3.88952e+08	8.06762e+06	1.85230e+05
2.51189e+13	3.91918e+14	7.93843e+09	3.17532e+09	2.65661e+06	1.13127e+08	1.89330e+03	1.44163e+09	6.31207e+08	0	0	9.85387e+08	3.57432e+08	7.11400e+06	1.57393e+05
2.51189e+13	3.74252e+14	7.69602e+09	2.94159e+09	2.27318e+06	9.95543e+07	1.53443e+03	1.44521e+09	5.54761e+08	0	0	9.58078e+08	3.28360e+08	6.27417e+06	1.33795e+05
2.51189e+13	3.57432e+14	7.45943e+09	2.72477e+09	1.94540e+06	8.76179e+07	1.24389e+03	1.44843e+09	4.87606e+08	0	0	9.31136e+08	3.01559e+08	5.53461e+06	1.13788e+05
2.51189e+13	3.41421e+14	7.22875e+09	2.52376e+09	1.66525e+06	7.71243e+07	1.00868e+03	1.45131e+09	4.28626e+08	0	0	9.04596e+08	2.76887e+08	4.88350e+06	9.68269e+04
2.51189e+13	3.26291e+14	7.00568e+09	2.33880e+09	1.42703e+06	6.79438e+07	8.19015e+02	1.45386e+09	3.77077e+08	0	0	8.78693e+08	2.54348e+08	4.31322e+06	8.25150e+04
2.51189e+13	3.11772e+14	6.78681e+09	2.16609e+09	1.22220e+06	5.98300e+07	6.64637e+02	1.45612e+09	3.31568e+08	0	0	8.53068e+08	2.33447e+08	3.80815e+06	7.03016e+04
2.51189e+13	2.97947e+14	6.57384e+09	2.00609e+09	1.04712e+06	5.26976e+07	5.39585e+02	1.45810e+09	2.91606e+08	0	0	8.27940e+08	2.14233e+08	3.36343e+06	5.99372e+04
2.51189e+13	2.84781e+14	6.36677e+09	1.85791e+09	8.97441e+05	4.64281e+07	4.38263e+02	1.45981e+09	2.56515e+08	0	0	8.03334e+08	1.96579e+08	2.97179e+06	5.11387e+04
2.51189e+13	2.72108e+14	6.16339e+09	1.71928e+09	7.68540e+05	4.08792e+07	3.55666e+02	1.46128e+09	2.25493e+08	0	0	7.79010e+08	1.80194e+08	2.62436e+06	4.36126e+04
2.51189e+13	2.60209e+14	5.96871e+09	1.59280e+09	6.59483e+05	3.60483e+07	2.89296e+02	1.46252e+09	1.98513e+08	0	0	7.55590e+08	1.65370e+08	2.32148e+06	3.72846e+04
2.51189e+13	2.48923e+14	5.78061e+09	1.47621e+09	5.66444e+05	3.18113e+07	0	1.46354e+09	1.74872e+08	0	0	7.32833e+08	1.51831e+08	2.05531e+06	3.19194e+04
2.51189e+13	2.38086e+14	5.59674e+09	1.36747e+09	4.86372e+05	2.80649e+07	0	1.46436e+09	1.53996e+08	0	0	7.10485e+08	1.39308e+08	1.81938e+06	2.73281e+04
2.51189e+13	2.27677e+14	5.41702e+09	1.26606e+09	4.17472e+05	2.47525e+07	0	1.46498e+09	1.35563e+08	0	0	6.88552e+08	1.27728e+08	1.61025e+06	2.33985e+04
2.51189e+13	2.17842e+14	5.24437e+09	1.17305e+09	3.58864e+05	2.18552e+07	0	1.46542e+09	1.19459e+08	0	0	6.67394e+08	1.17208e+08	1.42696e+06	2.00727e+04
2.51189e+13	2.08553e+14	5.07868e+09	1.08776e+09	3.08970e+05	1.93198e+07	0	1.46570e+09	1.05382e+08	0	0	6.47014e+08	1.07656e+08	1.26620e+06	1.72547e+04
2.51189e+13	1.99621e+14	4.91690e+09	1.00818e+09	2.65943e+05	1.70744e+07	0	1.46581e+09	9.29342e+07	0	0	6.27059e+08	9.88199e+07	1.12342e+06	1.48347e+04
2.51189e+13	1.91031e+14	4.75895e+09	9.33924e+08	2.28841e+05	1.50858e+07	0	1.46576e+09	8.19281e+07	0	0	6.07527e+08	9.06490e+07	9.96621e+05	1.27560e+04
2.51189e+13	1.82919e+14	4.60766e+09	8.65911e+08	1.97250e+05	1.33456e+07	0	1.46557e+09	7.23091e+07	0	0	5.88769e+08	8.32407e+07	8.85370e+05	1.09924e+04
2.51189e+13	1.75187e+14	4.46144e+09	8.03025e+08	1.70150e+05	1.18123e+07	0	1.46525e+09	6.38473e+07	0	0	5.70604e+08	7.64563e+07	7.87067e+05	9.48408e+03
2.51189e+13	1.67816e+14	4.32018e+09	7.44881e+08	1.46889e+05	1.04607e+07	0	1.46480e+09	5.64013e+07	0	0	5.53024e+08	7.02436e+07	7.00163e+05	8.19294e+03
2.51189e+13	1.60817e+14	4.18435e+09	6.91337e+08	1.26968e+05	9.27206e+06	0	1.46423e+09	4.98636e+07	0	0	5.36095e+08	6.45773e+07	6.23500e+05	7.08954e+03
2.51189e+13	1.54087e+14	4.05211e+09	6.41417e+08	1.09749e+05	8.21782e+06	0	1.46354e+09	4.40757e+07	0	0	5.19592e+08	5.93477e+07	5.55279e+05	6.13781e+03
2.51189e+13	1.47696e+14	3.92504e+09	5.95454e+08	9.49891e+04	7.29004e+06	0	1.46274e+09	3.89919e+07	0	0	5.03719e+08	5.45783e+07	4.95049e+05	5.32304e+03
2.51189e+13	1.41601e+14	3.80246e+09	5.52951e+08	8.22891e+04	6.47086e+06	0	1.46183e+09	3.45120e+07	0	0	4.88395e+08	5.02109e+07	4.41687e+05	4.62268e+03
2.51189e+13	1.35787e+14	3.68422e+09	5.13642e+08	7.13537e+04	5.74721e+06	0	1.46083e+09	3.05627e+07	0	0	4.73608e+08	4.62109e+07	3.94380e+05	4.01997e+03
2.51189e+13	1.30239e+14	3.57023e+09	4.77284e+08	6.19310e+04	5.10764e+06	0	1.45973e+09	2.70798e+07	0	0	4.59345e+08	4.25471e+07	3.52418e+05	3.50071e+03
2.51189e+13	1.24946e+14	3.46034e+09	4.43650e+08	5.38055e+04	4.54209e+06	0	1.45854e+09	2.40068e+07	0	0	4.45593e+08	3.91907e+07	3.15171e+05	3.05281e+03
2.51189e+13	1.19895e+14	3.35443e+09	4.12532e+08	4.67931e+04	4.04172e+06	0	1.45726e+09	2.12944e+07	0	0	4.32340e+08	3.61153e+07	2.82089e+05	2.66600e+03
2.51189e+13	1.15098e+14	3.25290e+09	3.83877e+08	4.07559e+04	3.60013e+06	0	1.45592e+09	1.89063e+07	0	0	4.19637e+08	3.33103e+07	2.52776e+05	2.33257e+03
2.51189e+13	1.10495e+14	3.15457e+09	3.57218e+08	3.55178e+04	3.20768e+06	0	1.45448e+09	1.67893e+07	0	0	4.07338e+08	3.07259e+07	2.26617e+05	2.04288e+03
2.51189e+13	1.06100e+14	3.05985e+09	3.32537e+08	3.09857e+04	2.85988e+06	0	1.45297e+09	1.49180e+07	0	0	3.95497e+08	2.83560e+07	2.03334e+05	1.79175e+03
2.51189e+13	1.01903e+14	2.96861e+09	3.09681e+08	2.70608e+04	2.55143e+06	0	1.45140e+09	1.32630e+07	0	0	3.84097e+08	2.61814e+07	1.82596e+05	1.57374e+03
2.51189e+13	9.78949e+13	2.88076e+09	2.88515e+08	2.36591e+04	2.27778e+06	0	1.44975e+09	1.17986e+07	0	0	3.73128e+08	2.41870e+07	1.64114e+05	1.38429e+03
2.51189e+13	9.40660e+13	2.79616e+09	2.68905e+08	2.07078e+04	2.03484e+06	0	1.44804e+09	1.05023e+07	0	0	3.62574e+08	2.23565e+07	1.47628e+05	1.21941e+03
2.51189e+13	9.04078e+13	2.71470e+09	2.50734e+08	1.81450e+04	1.81902e+06	0	1.44628e+09	9.35411e+06	0	0	3.52421e+08	2.06759e+07	1.32913e+05	1.07574e+03
2.51189e+13	8.69120e+13	2.63626e+09	2.33889e+08	1.59173e+04	1.62717e+06	0	1.44445e+09	8.33654e+06	0	0	3.42656e+08	1.91322e+07	1.19769e+05	9.50369e+02
2.51189e+13	8.35707e+13	2.56074e+09	2.18270e+08	1.39790e+04	1.45653e+06	0	1.44258e+09	7.43423e+06	0	0	3.33264e+08	1.77137e+07	1.08017e+05	8.40821e+02
2.51189e+13	8.03764e+13	2.48803e+09	2.03782e+08	1.22907e+04	1.30465e+06	0	1.44065e+09	6.63371e+06	0	0	3.24234e+08	1.64098e+07	9.75032e+04	7.44969e+02
2.51189e+13	7.73222e+13	2.41802e+09	1.90339e+08	1.08188e+04	1.16938e+06	0	1.43867e+09	5.92309e+06	0	0	3.15551e+08	1.52106e+07	8.80896e+04	6.60991e+02
2.51189e+13	7.44014e+13	2.35061e+09	1.77862e+08	9.53414e+03	1.04884e+06	0	1.43665e+09	5.29192e+06	0	0	3.07203e+08	1.41074e+07	7.96542e+04	5.87314e+02
2.51189e+13	7.16074e+13	2.28571e+09	1.66276e+08	8.41179e+03	9.41346e+05	0	1.43459e+09	4.73098e+06	0	0	2.99178e+08	1.30919e+07	7.20893e+04	5.22586e+02
2.51189e+13	6.89344e+13	2.22322e+09	1.55516e+08	7.43021e+03	8.45427e+05	0	1.43248e+09	4.23218e+06	0	0	2.91463e+08	1.21567e+07	6.52999e+04	4.65646e+02
2.51189e+13	6.63765e+13	2.16304e+09	1.45516e+08	6.57080e+03	7.59777e+05	0	1.43034e+09	3.78837e+06	0	0	2.84047e+08	1.12951e+07	5.92014e+04	4.15486e+02
2.51189e+13	6.39282e+13	2.10508e+09	1.36221e+08	5.81757e+03	6.83250e+05	0	1.42817e+09	3.39326e+06	0	0	2.76918e+08	1.05009e+07	5.37191e+04	3.71241e+02
2.51189e+13	6.15843e+13	2.04926e+09	1.27577e+08	5.15666e+03	6.14826e+05	0	1.42596e+09	3.04127e+06	0	0	2.70065e+08	9.76841e+06	4.87867e+04	3.32159e+02
2.51189e+13	5.93399e+13	1.99548e+09	1.19535e+08	4.57615e+03	5.53608e+05	0	1.42373e+09	2.72753e+06	0	0	2.63477e+08	9.09249e+06	4.43454e+04	2.97591e+02
2.51189e+13	5.71902e+13	1.94368e+09	1.12051e+08	4.06569e+03	4.98802e+05	0	1.42147e+09	2.44771e+06	0	0	2.57143e+08	8.46846e+06	4.03431e+04	2.66977e+02
2.51189e+13	5.51309e+13	1.89377e+09	1.05082e+08	3.61634e+03	4.49703e+05	0	1.41918e+09	2.19798e+06	0	0	2.51054e+08	7.89201e+06	3.67334e+04	2.39827e+02
2.51189e+13	5.31576e+13	1.84566e+09	9.85898e+07	3.22034e+03	4.05688e+05	0	1.41687e+09	1.97498e+06	0	0	2.45200e+08	7.35923e+06	3.34751e+04	2.15718e+02
2.51189e+13	5.12663e+13	1.79930e+09	9.25400e+07	2.87098e+03	3.66205e+05	0	1.41455e+09	1.77572e+06	0	0	2.39571e+08	6.86653e+06	3.05316e+04	1.94281e+02
2.51189e+13	4.94532e+13	1.75460e+09	8.68995e+07	2.56242e+03	3.30764e+05	0	1.41220e+09	1.59756e+06	0	0	2.34158e+08	6.41065e+06	2.78703e+04	1.75196e+02
2.51189e+13	4.77147e+13	1.71151e+09	8.16383e+07	2.28960e+03	2.98931e+05	0	1.40984e+09	1.43818e+06	0	0	2.28953e+08	5.98858e+06	2.54621e+04	1.58182e+02
2.51189e+13	4.60472e+13	1.66994e+09	7.67289e+07	2.04811e+03	2.70320e+05	0	1.40747e+09	1.29549e+06	0	0	2.23946e+08	5.59762e+06	2.32812e+04	1.42995e+02
2.51189e+13	4.44409e+13	1.62968e+09	7.21274e+07	1.83363e+03	2.44530e+05	0	1.40508e+09	1.16739e+06	0	0	2.19109e+08	5.23385e+06	2.13005e+04	1.29393e+02
2.51189e+13	4.29126e+13	1.59116e+09	6.78643e+07	1.64429e+03	2.21432e+05	0	1.40270e+09	1.05313e+06	0	0	2.14497e+08	4.89914e+06	1.95115e+04	1.17277e+02
2.51189e+13	4.14393e+13	1.55383e+09	6.38638e+07	1.47571e+03	2.00580e+05	0	1.40030e+09	9.50397e+05	0	0	2.10039e+08	4.58726e+06	1.78837e+04	1.06395e+02
2.51189e+13	4.00249e+13	1.51779e+09	6.01238e+07	1.32584e+03	1.81791e+05	0	1.39789e+09	8.58201e+05	0	0	2.05750e+08	4.29770e+06	1.64048e+04	9.66342e+01
2.51189e+13	3.86668e+13	1.48299e+09	5.66257e+07	1.19245e+03	1.64851e+05	0	1.39549e+09	7.75413e+05	0	0	2.01622e+08	4.02868e+06	1.50600e+04	8.78677e+01
2.51189e+13	3.73623e+13	1.44938e+09	5.33525e+07	1.07361e+03	1.49569e+05	0	1.39308e+09	7.01029e+05	0	0	1.97648e+08	3.77861e+06	1.38362e+04	7.99851e+01
2.51189e+13	3.61090e+13	1.41691e+09	5.02879e+07	9.67609e+02	1.35773e+05	0	1.39067e+09	6.34152e+05	0	0	1.93823e+08	3.54599e+06	1.27216e+04	7.28887e+01
2.51189e+13	3.49046e+13	1.38552e+09	4.74174e+07	8.72963e+02	1.23312e+05	0	1.38826e+09	5.73988e+05	0	0	1.90140e+08	3.32948e+06	1.17056e+04	6.64928e+01
2.51189e+13	3.37469e+13	1.35519e+09	4.47277e+07	7.88370e+02	1.12051e+05	0	1.38586e+09	5.19834e+05	0	0	1.86593e+08	3.12788e+06	1.07789e+04	6.07218e+01
2.51189e+13	3.26339e+13	1.32586e+09	4.22060e+07	7.12679e+02	1.01868e+05	0	1.38346e+09	4.71057e+05	0	0	1.83177e+08	2.94001e+06	9.93286e+03	5.55087e+01
2.51189e+13	3.15635e+13	1.29748e+09	3.98408e+07	6.44884e+02	9.26535e+04	0	1.38107e+09	4.27098e+05	0	0	1.79886e+08	2.76485e+06	9.15989e+03	5.07942e+01
2.51189e+13	3.05339e+13	1.27002e+09	3.76212e+07	5.84099e+02	8.43118e+04	0	1.37869e+09	3.87458e+05	0	0	1.76715e+08	2.60144e+06	8.45316e+03	4.65261e+01
2.51189e+13	2.95433e+13	1.24345e+09	3.55375e+07	5.29543e+02	7.67560e+04	0	1.37632e+09	3.51690e+05	0	0	1.73660e+08	2.44890e+06	7.80648e+03	4.26580e+01
2.51189e+13	2.85900e+13	1.21772e+09	3.35805e+07	4.80529e+02	6.99082e+04	0	1.37396e+09	3.19399e+05	0	0	1.70715e+08	2.30643e+06	7.21431e+03	3.91486e+01
2.51189e+13	2.76723e+13	1.19280e+09	3.17415e+07	4.36450e+02	6.36988e+04	0	1.37161e+09	2.90228e+05	0	0	1.67876e+08	2.17328e+06	6.67165e+03	3.59613e+01
2.51189e+13	2.67887e+13	1.16865e+09	3.00127e+07	3.96769e+02	5.80653e+04	0	1.36927e+09	2.63862e+05	0	0	1.65139e+08	2.04878e+06	6.17398e+03	3.30637e+01
2.51189e+13	2.59377e+13	1.14525e+09	2.83867e+07	3.61014e+02	5.29516e+04	0	1.36695e+09	2.40017e+05	0	0	1.62499e+08	1.93228e+06	5.71725e+03	3.04266e+01
2.51189e+13	2.51180e+13	1.12255e+09	2.68569e+07	3.28764e+02	4.83076e+04	0	1.36464e+09	2.18439e+05	0	0	1.59953e+08	1.82321e+06	5.29778e+03	2.80244e+01
2.51189e+13	2.43281e+13	1.10054e+09	2.54168e+07	2.99649e+02	4.40879e+04	0	1.36235e+09	1.98903e+05	0	0	1.57496e+08	1.72105e+06	4.91225e+03	2.58339e+01
2.51189e+13	2.35670e+13	1.07919e+09	2.40607e+07	2.73340e+02	4.02522e+04	0	1.36008e+09	1.81205e+05	0	0	1.55126e+08	1.62532e+06	4.55768e+03	2.38347e+01
2.51189e+13	2.28332e+13	1.05846e+09	2.27830e+07	2.49543e+02	3.67635e+04	0	1.35783e+09	1.65164e+05	0	0	1.52839e+08	1.53552e+06	4.23134e+03	2.20081e+01
2.51189e+13	2.21256e+13	1.03833e+09	2.15788e+07	2.27999e+02	3.35891e+04	0	1.35560e+09	1.50616e+05	0	0	1.50631e+08	1.45127e+06	3.93077e+03	0
2.51189e+13	2.14433e+13	1.01878e+09	2.04434e+07	2.08478e+02	3.06993e+04	0	1.35338e+09	1.37415e+05	0	0	1.48499e+08	1.37217e+06	3.65376e+03	0
2.51189e+13	2.07850e+13	9.99775e+08	1.93723e+07	1.90774e+02	2.80676e+04	0	1.35119e+09	1.25431e+05	0	0	1.46440e+08	1.29786e+06	3.39827e+03	0
2.51189e+13	2.01499e+13	9.81304e+08	1.83617e+07	1.74704e+02	2.56698e+04	0	1.34902e+09	1.14545e+05	0	0	1.44452e+08	1.22803e+06	3.16250e+03	0
2.51189e+13	1.95370e+13	9.63343e+08	1.74077e+07	1.60105e+02	2.34845e+04	0	1.34687e+09	1.04652e+05	0	0	1.42532e+08	1.16239e+06	2.94476e+03	0
2.51189e+13	1.89429e+13	9.45795e+08	1.65035e+07	0	2.14875e+04	0	1.34473e+09	9.56394e+04	0	0	1.40668e+08	1.10035e+06	2.74326e+03	0
2.51189e+13	1.83717e+13	9.28789e+08	1.56525e+07	0	1.96697e+04	0	1.34263e+09	8.74576e+04	0	0	1.38875e+08	1.04219e+06	2.55724e+03	0
2.51189e+13	1.78201e+13	9.12232e+08	1.48483e+07	0	1.80109e+04	0	1.34055e+09	8.00107e+04	0	0	1.37141e+08	9.87412e+05	2.38511e+03	0
2.51189e+13	1.72872e+13	8.96105e+08	1.40879e+07	0	1.64964e+04	0	1.33849e+09	7.32292e+04	0	0	1.35466e+08	9.35787e+05	2.22576e+03	0
2.51189e+13	1.67724e+13	8.80391e+08	1.33689e+07	0	1.51132e+04	0	1.33646e+09	6.70508e+04	0	0	1.33845e+08	8.87110e+05	2.07813e+03	0
2.51189e+13	1.62768e+13	8.65131e+08	1.26906e+07	0	1.38516e+04	0	1.33446e+09	6.14288e+04	0	0	1.32284e+08	8.41329e+05	1.94145e+03	0
2.51189e+13	1.57958e+13	8.50193e+08	1.20467e+07	0	1.26964e+04	0	1.33248e+09	5.62920e+04	0	0	1.30768e+08	7.97976e+05	1.81450e+03	0
2.51189e+13	1.53309e+13	8.35622e+08	1.14371e+07	0	1.16403e+04	0	1.33053e+09	5.16054e+04	0	0	1.29301e+08	7.57035e+05	1.69669e+03	0
2.51189e+13	1.48813e+13	8.21401e+08	1.08599e+07	0	1.06743e+04	0	1.32860e+09	4.73276e+04	0	0	1.27881e+08	7.18353e+05	1.58729e+03	0
2.51189e+13	1.44465e+13	8.07518e+08	1.03131e+07	0	9.79062e+03	0	1.32669e+09	4.34212e+04	0	0	1.26507e+08	6.81786e+05	1.48565e+03	0
2.51189e+13	1.40259e+13	7.93962e+08	9.79502e+06	0	8.98191e+03	0	1.32482e+09	3.98525e+04	0	0	1.25177e+08	6.47206e+05	1.39116e+03	0
2.51189e+13	1.36189e+13	7.80716e+08	9.30396e+06	0	8.24153e+03	0	1.32297e+09	3.65905e+04	0	0	1.23889e+08	6.14480e+05	1.30327e+03	0
2.51189e+13	1.32250e+13	7.67770e+08	8.83842e+06	0	7.56353e+03	0	1.32114e+09	3.36078e+04	0	0	1.22642e+08	5.83499e+05	1.22147e+03	0
2.51189e+13	1.28437e+13	7.55113e+08	8.39696e+06	0	6.94252e+03	0	1.31934e+09	3.08794e+04	0	0	1.21434e+08	5.54161e+05	1.14531e+03	0
2.51189e+13	1.24746e+13	7.42733e+08	7.97819e+06	0	6.37345e+03	0	1.31757e+09	2.83824e+04	0	0	1.20263e+08	5.26350e+05	1.07435e+03	0
2.51189e+13	1.21172e+13	7.30620e+08	7.58088e+06	0	5.85190e+03	0	1.31582e+09	2.60963e+04	0	0	1.19129e+08	4.99984e+05	1.00821e+03	0
2.51189e+13	1.17710e+13	7.18765e+08	7.20387e+06	0	5.37379e+03	0	1.31410e+09	2.40026e+04	0	0	1.18030e+08	4.74982e+05	9.46533e+02	0
2.51189e+13	1.14357e+13	7.07158e+08	6.84600e+06	0	4.93537e+03	0	1.31241e+09	2.20842e+04	0	0	1.16964e+08	4.51260e+05	8.88984e+02	0
2.51189e+13	1.11108e+13	6.95790e+08	6.50624e+06	0	4.53322e+03	0	1.31074e+09	2.03258e+04	0	0	1.15932e+08	4.28735e+05	8.35263e+02	0
2.51189e+13	1.07959e+13	6.84649e+08	6.18352e+06	0	4.16413e+03	0	1.30910e+09	1.87133e+04	0	0	1.14930e+08	4.07307e+05	7.85088e+02	0
2.51189e+13	1.04897e+13	6.73697e+08	5.87635e+06	0	3.82506e+03	0	1.30749e+09	1.72322e+04	0	0	1.13955e+08	3.86916e+05	7.38170e+02	0
2.51189e+13	1.01948e+13	6.63026e+08	5.58592e+06	0	3.51466e+03	0	1.30590e+09	1.58768e+04	0	0	1.13015e+08	3.67620e+05	6.94382e+02	0
2.51189e+13	9.90789e+12	6.52529e+08	5.30935e+06	0	3.22930e+03	0	1.30434e+09	1.46310e+04	0	0	1.12101e+08	3.49222e+05	6.53398e+02	0
2.51189e+13	9.62962e+12	6.42229e+08	5.04647e+06	0	2.96721e+03	0	1.30280e+09	1.34867e+04	0	0	1.11213e+08	3.31708e+05	6.15049e+02	0
2.51189e+13	9.35971e+12	6.32122e+08	4.79665e+06	0	2.72648e+03	0	1.30129e+09	1.24357e+04	0	0	1.10352e+08	3.15030e+05	5.79154e+02	0
2.51189e+13	9.09785e+12	6.22201e+08	4.55918e+06	0	2.50531e+03	0	1.29981e+09	1.14699e+04	0	0	1.09515e+08	2.99141e+05	5.45539e+02	0
2.51189e+13	8.84375e+12	6.12460e+08	4.33342e+06	0	2.30209e+03	0	1.29835e+09	1.05820e+04	0	0	1.08703e+08	2.83999e+05	5.14048e+02	0
2.51189e+13	8.59711e+12	6.02891e+08	4.11877e+06	0	2.11530e+03	0	1.29691e+09	9.76564e+03	0	0	1.07915e+08	2.69558e+05	4.84533e+02	0
2.51189e+13	8.35769e+12	5.93491e+08	3.91465e+06	0	1.94359e+03	0	1.29550e+09	9.01466e+03	0	0	1.07148e+08	2.55779e+05	4.56860e+02	0
2.51189e+13	8.12520e+12	5.84252e+08	3.72053e+06	0	1.78571e+03	0	1.29411e+09	8.32366e+03	0	0	1.06404e+08	2.42624e+05	4.30903e+02	0
2.51189e+13	7.89941e+12	5.75171e+08	3.53590e+06	0	1.64051e+03	0	1.29275e+09	7.68765e+03	0	0	1.05680e+08	2.30056e+05	4.06546e+02	0
2.51189e+13	7.68006e+12	5.66242e+08	3.36027e+06	0	1.50696e+03	0	1.29141e+09	7.10207e+03	0	0	1.04977e+08	2.18044e+05	3.83683e+02	0
2.51189e+13	7.46694e+12	5.57460e+08	3.19321e+06	0	1.38408e+03	0	1.29010e+09	6.56275e+03	0	0	1.04293e+08	2.06554e+05	3.62213e+02	0
2.51189e+13	7.25980e+12	5.48821e+08	3.03427e+06	0	1.27102e+03	0	1.28880e+09	6.06590e+03	0	0	1.03627e+08	1.95559e+05	3.42045e+02	0
2.51189e+13	7.05799e+12	5.40302e+08	2.88283e+06	0	1.16686e+03	0	1.28753e+09	5.60764e+03	0	0	1.02978e+08	1.85009e+05	3.23084e+02	0
2.51189e+13	6.86181e+12	5.31920e+08	2.73878e+06	0	1.07099e+03	0	1.28628e+09	5.18530e+03	0	0	1.02347e+08	1.74900e+05	3.05262e+02	0
2.51189e+13	6.67140e+12	5.23688e+08	2.60193e+06	0	9.82811e+02	0	1.28506e+09	4.79625e+03	0	0	1.01734e+08	1.65221e+05	2.88510e+02	0
2.51189e+13	6.48612e+12	5.15583e+08	2.47172e+06	0	9.01597e+02	0	1.28385e+09	4.43745e+03	0	0	1.01137e+08	1.55928e+05	2.72752e+02	0
2.51189e+13	6.30580e+12	5.07603e+08	2.34783e+06	0	8.26790e+02	0	1.28267e+09	4.10644e+03	0	0	1.00555e+08	1.46999e+05	2.57924e+02	0
2.51189e+13	6.13024e+12	4.99743e+08	2.22994e+06	0	7.57876e+02	0	1.28151e+09	3.80101e+03	0	0	9.99875e+07	1.38418e+05	2.43968e+02	0
2.51189e+13	5.95923e+12	4.92001e+08	2.11778e+06	0	6.94363e+02	0	1.28037e+09	3.51910e+03	0	0	9.94344e+07	1.30156e+05	2.30827e+02	0
2.51189e+13	5.79321e+12	4.84405e+08	2.01133e+06	0	6.35899e+02	0	1.27926e+09	3.25926e+03	0	0	9.88969e+07	1.22211e+05	2.18460e+02	0
2.51189e+13	5.63067e+12	4.76889e+08	1.90975e+06	0	5.81883e+02	0	1.27815e+09	3.01890e+03	0	0	9.83698e+07	1.14518e+05	2.06800e+02	0
2.51189e+13	5.47151e+12	4.69454e+08	1.81288e+06	0	5.31969e+02	0	1.27707e+09	2.79657e+03	0	0	9.78527e+07	1.07060e+05	1.95805e+02	0
2.51189e+13	5.31662e+12	4.62154e+08	1.72094e+06	0	4.85945e+02	0	1.27600e+09	2.59151e+03	0	0	9.73487e+07	9.98434e+04	1.85450e+02	0
2.51189e+13	5.16524e+12	4.54960e+08	1.63349e+06	0	4.43428e+02	0	1.27495e+09	2.40205e+03	0	0	9.68552e+07	9.28372e+04	1.75687e+02	0
2.51189e+13	5.01709e+12	4.47867e+08	1.55029e+06	0	4.04104e+02	0	1.27392e+09	2.22697e+03	0	0	9.63712e+07	8.60101e+04	1.66482e+02	0
2.51189e+13	4.87162e+12	4.40873e+08	1.47111e+06	0	3.67607e+02	0	1.27291e+09	2.06514e+03	0	0	9.58947e+07	7.92870e+04	1.57801e+02	0
2.51189e+13	4.72950e+12	4.34027e+08	1.39612e+06	0	3.33777e+02	0	1.27191e+09	1.91600e+03	0	0	9.54279e+07	7.26728e+04	1.49623e+02	0
