H	H+	C+	C+2	C+3	N+	N+2	N+4	O	O+2	O+5	O+6	P+	Si+	Si+2	Si+3	Si+4	Fe+	Al+
1.04721e+18	1.42042e+22	4.25810e+14	9.09637e+16	1.24766e+17	3.03205e+13	1.45789e+16	7.33934e+15	4.00106e+10	4.06181e+17	3.46247e+16	3.96151e+16	5.47225e+11	4.71313e+13	2.09500e+15	5.17573e+15	1.67319e+16	3.66242e+10	8.31556e+12
1.04714e+18	1.34875e+22	4.35478e+14	8.90418e+16	1.17453e+17	3.13917e+13	1.44603e+16	7.02030e+15	4.25374e+10	3.89046e+17	3.21219e+16	3.52661e+16	5.69198e+11	4.91574e+13	2.13465e+15	5.06636e+15	1.57639e+16	3.89825e+10	8.68059e+12
1.04729e+18	1.28079e+22	4.45183e+14	8.71481e+16	1.10563e+17	3.24910e+13	1.43381e+16	6.70828e+15	4.52572e+10	3.72626e+17	2.97539e+16	3.13486e+16	5.91558e+11	5.11809e+13	2.17195e+15	4.95350e+15	1.48470e+16	4.14770e+10	9.05419e+12
1.04725e+18	1.21632e+22	4.54969e+14	8.52948e+16	1.04079e+17	3.36085e+13	1.42131e+16	6.40286e+15	4.81659e+10	3.56926e+17	2.75168e+16	2.78209e+16	6.14486e+11	5.32065e+13	2.20735e+15	4.83779e+15	1.39801e+16	4.41250e+10	9.43958e+12
1.04716e+18	1.15489e+22	4.64561e+14	8.34338e+16	9.79591e+16	3.47380e+13	1.40825e+16	6.10427e+15	5.12907e+10	3.41802e+17	2.54062e+16	2.46509e+16	6.37431e+11	5.51679e+13	2.23867e+15	4.71936e+15	1.31560e+16	4.69355e+10	9.83144e+12
1.04715e+18	1.09656e+22	4.74128e+14	8.15942e+16	9.21815e+16	3.58828e+13	1.39452e+16	5.81351e+15	5.46457e+10	3.27260e+17	2.34230e+16	2.18095e+16	6.60797e+11	5.71144e+13	2.26728e+15	4.59695e+15	1.23767e+16	4.98960e+10	1.02316e+13
1.04728e+18	1.04131e+22	4.83799e+14	7.98027e+16	8.67638e+16	3.70538e+13	1.38089e+16	5.52983e+15	5.82833e+10	3.13426e+17	2.15590e+16	1.92642e+16	6.84759e+11	5.90339e+13	2.29356e+15	4.47488e+15	1.16434e+16	5.30715e+10	1.06464e+13
1.04727e+18	9.88733e+21	4.93216e+14	7.80113e+16	8.16431e+16	3.82353e+13	1.36642e+16	5.25422e+15	6.21709e+10	3.00080e+17	1.98143e+16	1.69919e+16	7.08672e+11	6.08772e+13	2.31563e+15	4.34924e+15	1.09498e+16	5.63972e+10	1.10624e+13
1.04726e+18	9.38870e+21	5.02726e+14	7.62507e+16	7.68171e+16	3.94489e+13	1.35159e+16	4.98668e+15	6.63746e+10	2.87293e+17	1.81832e+16	1.49663e+16	7.33150e+11	6.26918e+13	2.33511e+15	4.22192e+15	1.02966e+16	5.99326e+10	1.14906e+13
1.04717e+18	8.91491e+21	5.12073e+14	7.45076e+16	7.22729e+16	4.06736e+13	1.33635e+16	4.72694e+15	7.08985e+10	2.75039e+17	1.66604e+16	1.31620e+16	7.57716e+11	6.44180e+13	2.35062e+15	4.09400e+15	9.68132e+15	6.36799e+10	1.19247e+13
1.04715e+18	8.46582e+21	5.21466e+14	7.28005e+16	6.79962e+16	4.19171e+13	1.32083e+16	4.47544e+15	7.57924e+10	2.63321e+17	1.52426e+16	1.15585e+16	7.82897e+11	6.61046e+13	2.36352e+15	3.96568e+15	9.10369e+15	6.76672e+10	1.23715e+13
1.04727e+18	8.04012e+21	5.30789e+14	7.11207e+16	6.39750e+16	4.31937e+13	1.30507e+16	4.23222e+15	8.10953e+10	2.52123e+17	1.39247e+16	1.01365e+16	8.08241e+11	6.77002e+13	2.37278e+15	3.83801e+15	8.56184e+15	7.19057e+10	1.28240e+13
1.04713e+18	7.63319e+21	5.39756e+14	6.94181e+16	6.01445e+16	4.44598e+13	1.28784e+16	3.99840e+15	8.67608e+10	2.41197e+17	1.27050e+16	8.87731e+15	8.33548e+11	6.92147e+13	2.37757e+15	3.70540e+15	8.04926e+15	7.63275e+10	1.32772e+13
1.04728e+18	7.24994e+21	5.49056e+14	6.77889e+16	5.65741e+16	4.57879e+13	1.27133e+16	3.77178e+15	9.29778e+10	2.30930e+17	1.15727e+16	7.76437e+15	8.59761e+11	7.06731e+13	2.38065e+15	3.57811e+15	7.57244e+15	8.11133e+10	1.37487e+13
1.04724e+18	6.88476e+21	5.57998e+14	6.61558e+16	5.31975e+16	4.71170e+13	1.25402e+16	3.55391e+15	9.96460e+10	2.21015e+17	1.05264e+16	6.78124e+15	8.85712e+11	7.20025e+13	2.37901e+15	3.45021e+15	7.12387e+15	8.61460e+10	1.42179e+13
1.04716e+18	6.53911e+21	5.66947e+14	6.45658e+16	5.00195e+16	4.84636e+13	1.23650e+16	3.34439e+15	1.06845e+11	2.11562e+17	9.56117e+15	5.91422e+15	9.12371e+11	7.32842e+13	2.37540e+15	3.32364e+15	6.70568e+15	9.15039e+10	1.46992e+13
1.04722e+18	6.20951e+21	5.75524e+14	6.29635e+16	4.70130e+16	4.98221e+13	1.21814e+16	3.14392e+15	1.14639e+11	2.02408e+17	8.67371e+15	5.15240e+15	9.38558e+11	7.44150e+13	2.36664e+15	3.19727e+15	6.31188e+15	9.71582e+10	1.51744e+13
1.04718e+18	5.89733e+21	5.84225e+14	6.13956e+16	4.41745e+16	5.12186e+13	1.19940e+16	2.95195e+15	1.23060e+11	1.93654e+17	7.85824e+15	4.48300e+15	9.65364e+11	7.54990e+13	2.35590e+15	3.07162e+15	5.94499e+15	1.03153e+11	1.56585e+13
1.04717e+18	5.60114e+21	5.92801e+14	5.98522e+16	4.15043e+16	5.26357e+13	1.18051e+16	2.76789e+15	1.32198e+11	1.85294e+17	7.10927e+15	3.89568e+15	9.92423e+11	7.64777e+13	2.34214e+15	2.94916e+15	5.60202e+15	1.09554e+11	1.61476e+13
1.04713e+18	5.32086e+21	6.01422e+14	5.83475e+16	3.89971e+16	5.40884e+13	1.16171e+16	2.59142e+15	1.42133e+11	1.77353e+17	6.42275e+15	3.38118e+15	1.02003e+12	7.73733e+13	2.32631e+15	2.83084e+15	5.28238e+15	1.16422e+11	1.66463e+13
1.04714e+18	5.05356e+21	6.09579e+14	5.68377e+16	3.66195e+16	5.55296e+13	1.14196e+16	2.42386e+15	1.52824e+11	1.69652e+17	5.79567e+15	2.93098e+15	1.04733e+12	7.81561e+13	2.30667e+15	2.71261e+15	4.98274e+15	1.23646e+11	1.71370e+13
1.04723e+18	4.79922e+21	6.17520e+14	5.53355e+16	3.43740e+16	5.69951e+13	1.12170e+16	2.26450e+15	1.64410e+11	1.62237e+17	5.22347e+15	2.53800e+15	1.07442e+12	7.88182e+13	2.28362e+15	2.59664e+15	4.70225e+15	1.31313e+11	1.76213e+13
1.04717e+18	4.55873e+21	6.25538e+14	5.38721e+16	3.22615e+16	5.85005e+13	1.10148e+16	2.11251e+15	1.76932e+11	1.55191e+17	4.70138e+15	2.19528e+15	1.10203e+12	7.94161e+13	2.25921e+15	2.48447e+15	4.44143e+15	1.39490e+11	1.81105e+13
1.04716e+18	4.33028e+21	6.33387e+14	5.24259e+16	3.02672e+16	6.00224e+13	1.08089e+16	1.96837e+15	1.90504e+11	1.48428e+17	4.22657e+15	1.89664e+15	1.12979e+12	7.99290e+13	2.23254e+15	2.37502e+15	4.19778e+15	1.48197e+11	1.85972e+13
1.04717e+18	4.11317e+21	6.41005e+14	5.09945e+16	2.83853e+16	6.15610e+13	1.05996e+16	1.83175e+15	2.05194e+11	1.41937e+17	3.79531e+15	1.63687e+15	1.15747e+12	8.03472e+13	2.20355e+15	2.26856e+15	3.97005e+15	1.57455e+11	1.90774e+13
1.04730e+18	3.90657e+21	6.48239e+14	4.95729e+16	2.66079e+16	6.30980e+13	1.03851e+16	1.70297e+15	2.21097e+11	1.35682e+17	3.40439e+15	1.41096e+15	1.18501e+12	8.06805e+13	2.17231e+15	2.16448e+15	3.75718e+15	1.67288e+11	1.95482e+13
1.04730e+18	3.71080e+21	6.55498e+14	4.81811e+16	2.49343e+16	6.46781e+13	1.01712e+16	1.58064e+15	2.38304e+11	1.29727e+17	3.04946e+15	1.21490e+15	1.21279e+12	8.09391e+13	2.13985e+15	2.06482e+15	3.55843e+15	1.77793e+11	2.00150e+13
1.04716e+18	3.52423e+21	6.62329e+14	4.67949e+16	2.33537e+16	6.62545e+13	9.95237e+15	1.46528e+15	2.56836e+11	1.23982e+17	2.72750e+15	1.04462e+15	1.23982e+12	8.10751e+13	2.10464e+15	1.96813e+15	3.37184e+15	1.88910e+11	2.04584e+13
1.04722e+18	3.34820e+21	6.69421e+14	4.54509e+16	2.18683e+16	6.78984e+13	9.73637e+15	1.35661e+15	2.77070e+11	1.18539e+17	2.43787e+15	8.97632e+14	1.26810e+12	8.12222e+13	2.07020e+15	1.87576e+15	3.19811e+15	2.00897e+11	2.09143e+13
1.04715e+18	3.18029e+21	6.75892e+14	4.41095e+16	2.04664e+16	6.95254e+13	9.51583e+15	1.25459e+15	2.98904e+11	1.13284e+17	2.17660e+15	7.70499e+14	1.29516e+12	8.12348e+13	2.03291e+15	1.78663e+15	3.03494e+15	2.13620e+11	2.13361e+13
1.04716e+18	3.02113e+21	6.82358e+14	4.27957e+16	1.91457e+16	7.11926e+13	9.29558e+15	1.15857e+15	3.22616e+11	1.08271e+17	1.94102e+15	6.60684e+14	1.32268e+12	8.12195e+13	1.99546e+15	1.70130e+15	2.88199e+15	2.27249e+11	2.17527e+13
1.04724e+18	2.87028e+21	6.88783e+14	4.15084e+16	1.79024e+16	7.28977e+13	9.07560e+15	1.06856e+15	3.48376e+11	1.03483e+17	1.72914e+15	5.65884e+14	1.35070e+12	8.11824e+13	1.95803e+15	1.61963e+15	2.73844e+15	2.41866e+11	2.21649e+13
1.04715e+18	2.72648e+21	6.94557e+14	4.02298e+16	1.67310e+16	7.45824e+13	8.85276e+15	9.84369e+14	3.76061e+11	9.88703e+16	1.53863e+15	4.84060e+14	1.37737e+12	8.10331e+13	1.91854e+15	1.54140e+15	2.60331e+15	2.57355e+11	2.25351e+13
1.04719e+18	2.59016e+21	7.00382e+14	3.89777e+16	1.56281e+16	7.63244e+13	8.63073e+15	9.05609e+14	4.06172e+11	9.44666e+16	1.36769e+15	4.13669e+14	1.40459e+12	8.08769e+13	1.87948e+15	1.46672e+15	2.47599e+15	2.73990e+11	2.28986e+13
1.04725e+18	2.46055e+21	7.05887e+14	3.77444e+16	1.45899e+16	7.80767e+13	8.40846e+15	8.32012e+14	4.38890e+11	9.02457e+16	1.21428e+15	3.53066e+14	1.43137e+12	8.06687e+13	1.83979e+15	1.39567e+15	2.35561e+15	2.91846e+11	2.32363e+13
1.04730e+18	2.33757e+21	7.11253e+14	3.65344e+16	1.36135e+16	7.98677e+13	8.18662e+15	7.63528e+14	4.74290e+11	8.62069e+16	1.07678e+15	3.00949e+14	1.45788e+12	8.04250e+13	1.79987e+15	1.32787e+15	2.24209e+15	3.10937e+11	2.35470e+13
1.04716e+18	2.22043e+21	7.16208e+14	3.53391e+16	1.26948e+16	8.16687e+13	7.96416e+15	6.99738e+14	5.12424e+11	8.23270e+16	9.53627e+14	2.56235e+14	1.48368e+12	8.01273e+13	1.75952e+15	1.26339e+15	2.13408e+15	3.31277e+11	2.38252e+13
1.04728e+18	2.10960e+21	7.21194e+14	3.41752e+16	1.18318e+16	8.35235e+13	7.74433e+15	6.40430e+14	5.54101e+11	7.86337e+16	8.43251e+14	2.17896e+14	1.51001e+12	7.98498e+13	1.72015e+15	1.20222e+15	2.03188e+15	3.53263e+11	2.40906e+13
1.04716e+18	2.00399e+21	7.25557e+14	3.30252e+16	1.10220e+16	8.53698e+13	7.52401e+15	5.85566e+14	5.98829e+11	7.50808e+16	7.44910e+14	1.85046e+14	1.53494e+12	7.95010e+13	1.67997e+15	1.14416e+15	1.93455e+15	3.76621e+11	2.43091e+13
1.04723e+18	1.90388e+21	7.29951e+14	3.19044e+16	1.02604e+16	8.72700e+13	7.30621e+15	5.34704e+14	6.47654e+11	7.16949e+16	6.57297e+14	1.56943e+14	1.56040e+12	7.91809e+13	1.64101e+15	1.08913e+15	1.84174e+15	4.01864e+11	2.45144e+13
1.04716e+18	1.80853e+21	7.33837e+14	3.07993e+16	9.54652e+15	8.91773e+13	7.08870e+15	4.87850e+14	7.00256e+11	6.84397e+16	5.79509e+14	1.32968e+14	1.58441e+12	7.88017e+13	1.60142e+15	1.03707e+15	1.75293e+15	4.28791e+11	2.46681e+13
1.04715e+18	1.71783e+21	7.37619e+14	2.97170e+16	8.87506e+15	9.11356e+13	6.87276e+15	4.44547e+14	7.57464e+11	6.53229e+16	5.10354e+14	1.12497e+14	1.60829e+12	7.84283e+13	1.56259e+15	9.87616e+14	1.66780e+15	4.57795e+11	2.47957e+13
1.04716e+18	1.63219e+21	7.41208e+14	2.86660e+16	8.24897e+15	9.31262e+13	6.66058e+15	4.04872e+14	8.19335e+11	6.23563e+16	4.49201e+14	9.51103e+13	1.63181e+12	7.80595e+13	1.52453e+15	9.40990e+14	1.58662e+15	4.88896e+11	2.48924e+13
1.04727e+18	1.55029e+21	7.44421e+14	2.76296e+16	7.65934e+15	9.51450e+13	6.44887e+15	3.68201e+14	8.86756e+11	5.95001e+16	3.94872e+14	8.02864e+13	1.65444e+12	7.76761e+13	1.48666e+15	8.96809e+14	1.50804e+15	5.22455e+11	2.49496e+13
1.04716e+18	1.47287e+21	7.47591e+14	2.66244e+16	7.10870e+15	9.72168e+13	6.24115e+15	3.34601e+14	9.59439e+11	5.67827e+16	3.46794e+14	6.76724e+13	1.67702e+12	7.73088e+13	1.44995e+15	8.54914e+14	1.43284e+15	5.58396e+11	2.49848e+13
1.04725e+18	1.39903e+21	7.50124e+14	2.56366e+16	6.59368e+15	9.92952e+13	6.03502e+15	3.03773e+14	1.03816e+12	5.41703e+16	3.04290e+14	5.69812e+13	1.69787e+12	7.69156e+13	1.41309e+15	8.15508e+14	1.36012e+15	5.96955e+11	2.49639e+13
1.04713e+18	1.32876e+21	7.52506e+14	2.46718e+16	6.11044e+15	1.01417e+14	5.83147e+15	2.75441e+14	1.12325e+12	5.16688e+16	2.66671e+14	4.79073e+13	1.71821e+12	7.65277e+13	1.37707e+15	7.78100e+14	1.28976e+15	6.38341e+11	2.49146e+13
1.04732e+18	1.26246e+21	7.54994e+14	2.37400e+16	5.66062e+15	1.03632e+14	5.63306e+15	2.49596e+14	1.21647e+12	4.92948e+16	2.33539e+14	4.02469e+13	1.73886e+12	7.61878e+13	1.34250e+15	7.42718e+14	1.22213e+15	6.83309e+11	2.48526e+13
1.04723e+18	1.19917e+21	7.56944e+14	2.28259e+16	5.23997e+15	1.05853e+14	5.43667e+15	2.25927e+14	1.31666e+12	4.70114e+16	2.04312e+14	3.37706e+13	1.75761e+12	7.58167e+13	1.30790e+15	7.09338e+14	1.15648e+15	7.31350e+11	2.47405e+13
1.04732e+18	1.13909e+21	7.58718e+14	2.19377e+16	4.84708e+15	1.08131e+14	5.24387e+15	2.04309e+14	1.42539e+12	4.48285e+16	1.78539e+14	2.82932e+13	1.77573e+12	7.54647e+13	1.27414e+15	6.77577e+14	1.09310e+15	7.82983e+11	2.45970e+13
1.04726e+18	1.08190e+21	7.59951e+14	2.10702e+16	4.48132e+15	1.10418e+14	5.05399e+15	1.84618e+14	1.54226e+12	4.27333e+16	1.55913e+14	2.36826e+13	1.79195e+12	7.50935e+13	1.24053e+15	6.47555e+14	1.03176e+15	8.38081e+11	2.44058e+13
1.04719e+18	1.02769e+21	7.61205e+14	2.02303e+16	4.14038e+15	1.12786e+14	4.86856e+15	1.66669e+14	1.66934e+12	4.07362e+16	1.36009e+14	1.98001e+13	1.80783e+12	7.47526e+13	1.20800e+15	6.18972e+14	9.72512e+14	8.97618e+11	2.41988e+13
1.04718e+18	9.76190e+20	7.62117e+14	1.94144e+16	3.82310e+15	1.15194e+14	4.68697e+15	1.50336e+14	1.80622e+12	3.88257e+16	1.18528e+14	1.65350e+13	1.82260e+12	7.44117e+13	1.17616e+15	5.91785e+14	9.15237e+14	9.61106e+11	2.39617e+13
1.04731e+18	9.27111e+20	7.62799e+14	1.86197e+16	3.52702e+15	1.17663e+14	4.50871e+15	1.35450e+14	1.95549e+12	3.69924e+16	1.03176e+14	1.37926e+13	1.83577e+12	7.40844e+13	1.14457e+15	5.66023e+14	8.59694e+14	1.02993e+12	2.36902e+13
1.04725e+18	8.80718e+20	7.63286e+14	1.78532e+16	3.25288e+15	1.20186e+14	4.33545e+15	1.21976e+14	2.11558e+12	3.52479e+16	8.97483e+13	1.14955e+13	1.84818e+12	7.37652e+13	1.11393e+15	5.41345e+14	8.06449e+14	1.10316e+12	2.34001e+13
1.04718e+18	8.36576e+20	7.63404e+14	1.71090e+16	2.99803e+15	1.22747e+14	4.16605e+15	1.09735e+14	2.28824e+12	3.35772e+16	7.79789e+13	9.56862e+12	1.85890e+12	7.34495e+13	1.08364e+15	5.17902e+14	7.55037e+14	1.18152e+12	2.30807e+13
1.04728e+18	7.94707e+20	7.63502e+14	1.63894e+16	2.76166e+15	1.25404e+14	4.00113e+15	9.86408e+13	2.47622e+12	3.19817e+16	6.76843e+13	7.95642e+12	1.86867e+12	7.31522e+13	1.05403e+15	4.95464e+14	7.05633e+14	1.26616e+12	2.27423e+13
1.04721e+18	7.54794e+20	7.63129e+14	1.56906e+16	2.54172e+15	1.28077e+14	3.83984e+15	8.85729e+13	2.67767e+12	3.04514e+16	5.86741e+13	6.60567e+12	1.87659e+12	7.28521e+13	1.02470e+15	4.74026e+14	6.57949e+14	1.35616e+12	2.23840e+13
1.04714e+18	7.16898e+20	7.62716e+14	1.50155e+16	2.33732e+15	1.30831e+14	3.68291e+15	7.94576e+13	2.89564e+12	2.89890e+16	5.08051e+13	5.47783e+12	1.88363e+12	7.25690e+13	9.96098e+14	4.53332e+14	6.12190e+14	1.45267e+12	2.20167e+13
1.04728e+18	6.80898e+20	7.62008e+14	1.43628e+16	2.14814e+15	1.33646e+14	3.53019e+15	7.12291e+13	3.13171e+12	2.75897e+16	4.39572e+13	4.53916e+12	1.88895e+12	7.22975e+13	9.67791e+14	4.33538e+14	5.68413e+14	1.55622e+12	2.16314e+13
1.04716e+18	6.46690e+20	7.61200e+14	1.37326e+16	1.97249e+15	1.36520e+14	3.38174e+15	6.37825e+13	3.38449e+12	2.62518e+16	3.79736e+13	3.75511e+12	1.89315e+12	7.20263e+13	9.40075e+14	4.14354e+14	5.26598e+14	1.66611e+12	2.12369e+13
1.04734e+18	6.14218e+20	7.60175e+14	1.31246e+16	1.81023e+15	1.39473e+14	3.23769e+15	5.70720e+13	3.65883e+12	2.49729e+16	3.27727e+13	3.10314e+12	1.89583e+12	7.17735e+13	9.12712e+14	3.95939e+14	4.86801e+14	1.78417e+12	2.08330e+13
1.04723e+18	5.83316e+20	7.58837e+14	1.25370e+16	1.65996e+15	1.42449e+14	3.09758e+15	5.10193e+13	3.95120e+12	2.37474e+16	2.82500e+13	2.56124e+12	1.89673e+12	7.15088e+13	8.85643e+14	3.78132e+14	4.48963e+14	1.90873e+12	2.04169e+13
1.04715e+18	5.53913e+20	7.57314e+14	1.19696e+16	1.52074e+15	1.45486e+14	2.96145e+15	4.55626e+13	4.26569e+12	2.25735e+16	2.43192e+13	2.11112e+12	1.89614e+12	7.12517e+13	8.58961e+14	3.60866e+14	4.13044e+14	2.04138e+12	1.99939e+13
1.04722e+18	5.26086e+20	7.55724e+14	1.14251e+16	1.39248e+15	1.48604e+14	2.83006e+15	4.06650e+13	4.60484e+12	2.14544e+16	2.09190e+13	1.73899e+12	1.89444e+12	7.10103e+13	8.32783e+14	3.44189e+14	3.79232e+14	2.18276e+12	1.95733e+13
1.04716e+18	4.99622e+20	7.53800e+14	1.09001e+16	1.27422e+15	1.51746e+14	2.70269e+15	3.62595e+13	4.96628e+12	2.03835e+16	1.79662e+13	1.42977e+12	1.89090e+12	7.07627e+13	8.06865e+14	3.28073e+14	3.47377e+14	2.33182e+12	1.91468e+13
1.04727e+18	4.74478e+20	7.51804e+14	1.03949e+16	1.16484e+15	1.54965e+14	2.57938e+15	3.23010e+13	5.35568e+12	1.93584e+16	1.54127e+13	1.17450e+12	1.88609e+12	7.05302e+13	7.81339e+14	3.12418e+14	3.17441e+14	2.49041e+12	1.87211e+13
1.04718e+18	4.50564e+20	7.49419e+14	9.90822e+15	1.06425e+15	1.58184e+14	2.45999e+15	2.87510e+13	5.76885e+12	1.83771e+16	1.32039e+13	9.63252e+11	1.87925e+12	7.02847e+13	7.56014e+14	2.97313e+14	2.89426e+14	2.65672e+12	1.82916e+13
1.04726e+18	4.27849e+20	7.47032e+14	9.44059e+15	9.71241e+14	1.61482e+14	2.34461e+15	2.55639e+13	6.21295e+12	1.74385e+16	1.12948e+13	7.88922e+11	1.87144e+12	7.00543e+13	7.31178e+14	2.82594e+14	2.63232e+14	2.83305e+12	1.78705e+13
1.04715e+18	4.06113e+20	7.44164e+14	8.98771e+15	8.85470e+14	1.64745e+14	2.23231e+15	2.26981e+13	6.68082e+12	1.65340e+16	9.64127e+12	6.44477e+11	1.86133e+12	6.97949e+13	7.06386e+14	2.68338e+14	2.38735e+14	3.01612e+12	1.74321e+13
1.04723e+18	3.85671e+20	7.41337e+14	8.55727e+15	8.07071e+14	1.68088e+14	2.12503e+15	2.01508e+13	7.18317e+12	1.56776e+16	8.22741e+12	5.26658e+11	1.85047e+12	6.95705e+13	6.82247e+14	2.54605e+14	2.16218e+14	3.21046e+12	1.70175e+13
1.04718e+18	3.66304e+20	7.38388e+14	8.14519e+15	7.35215e+14	1.71445e+14	2.02184e+15	1.78754e+13	7.71517e+12	1.48611e+16	7.01093e+12	4.29751e+11	1.83845e+12	6.93416e+13	6.58568e+14	2.41337e+14	1.95450e+14	3.41333e+12	1.66117e+13
1.04715e+18	3.47933e+20	7.35199e+14	7.75033e+15	6.69446e+14	1.74810e+14	1.92251e+15	1.58456e+13	8.27843e+12	1.40812e+16	5.96683e+12	3.50235e+11	1.82492e+12	6.91163e+13	6.35238e+14	2.28578e+14	1.76342e+14	3.62531e+12	1.62103e+13
1.04730e+18	3.30402e+20	7.31863e+14	7.37004e+15	6.08634e+14	1.78193e+14	1.82635e+15	1.40255e+13	8.87824e+12	1.33321e+16	5.06725e+12	2.84863e+11	1.81001e+12	6.88994e+13	6.12240e+14	2.16170e+14	1.58668e+14	3.84764e+12	1.58145e+13
1.04719e+18	3.13786e+20	7.28357e+14	7.00633e+15	5.52978e+14	1.81541e+14	1.73395e+15	1.24072e+13	9.50645e+12	1.26173e+16	4.29970e+12	2.31585e+11	1.79392e+12	6.86693e+13	5.89730e+14	2.04187e+14	1.42514e+14	4.07693e+12	1.54275e+13
1.04717e+18	2.98016e+20	7.24629e+14	6.65818e+15	5.02039e+14	1.84864e+14	1.64509e+15	1.09678e+13	1.01693e+13	1.19344e+16	3.64459e+12	1.88140e+11	1.77650e+12	6.84463e+13	5.67639e+14	1.92651e+14	1.27768e+14	4.31554e+12	1.50477e+13
1.04724e+18	2.82994e+20	7.20777e+14	6.32379e+15	4.55289e+14	1.88181e+14	1.55942e+15	9.67979e+12	1.08694e+13	1.12801e+16	3.08057e+12	1.52379e+11	1.75794e+12	6.82276e+13	5.45921e+14	1.81533e+14	1.14270e+14	4.56376e+12	1.46764e+13
1.04720e+18	2.68870e+20	7.16746e+14	6.00691e+15	4.13022e+14	1.91430e+14	1.47790e+15	8.54460e+12	1.15984e+13	1.06610e+16	2.60406e+12	1.23489e+11	1.73860e+12	6.80070e+13	5.24857e+14	1.70951e+14	1.02134e+14	4.81841e+12	1.43188e+13
1.04714e+18	2.55362e+20	7.12492e+14	5.70164e+15	3.74119e+14	1.94615e+14	1.39905e+15	7.53120e+12	1.23623e+13	1.00654e+16	2.19644e+12	9.98805e+10	1.71778e+12	6.77803e+13	5.04114e+14	1.60719e+14	9.10519e+13	5.08128e+12	1.39650e+13
1.04727e+18	2.42535e+20	7.08113e+14	5.40975e+15	3.38581e+14	1.97760e+14	1.32336e+15	6.63066e+12	1.31644e+13	9.49659e+15	1.84917e+12	8.06541e+10	1.69604e+12	6.75582e+13	4.83862e+14	1.50910e+14	8.10175e+13	5.35278e+12	1.36215e+13
1.04717e+18	2.30319e+20	7.03465e+14	5.13000e+15	3.06076e+14	2.00783e+14	1.25059e+15	5.82966e+12	1.39936e+13	8.95232e+15	1.55317e+12	6.49882e+10	1.67314e+12	6.73270e+13	4.64040e+14	1.41493e+14	7.19427e+13	5.62999e+12	1.32846e+13
1.04715e+18	2.18840e+20	6.98755e+14	4.86550e+15	2.76788e+14	2.03721e+14	1.18154e+15	5.12577e+12	1.48556e+13	8.43816e+15	1.30435e+12	5.23745e+10	1.64987e+12	6.71036e+13	4.44897e+14	1.32599e+14	6.38650e+13	5.91392e+12	1.29632e+13
1.04729e+18	2.07846e+20	6.93805e+14	4.61076e+15	2.49866e+14	2.06565e+14	1.11482e+15	4.49847e+12	1.57539e+13	7.94330e+15	1.09233e+12	4.20946e+10	1.62531e+12	6.68750e+13	4.26103e+14	1.24042e+14	5.65380e+13	6.20499e+12	1.26453e+13
1.04719e+18	1.97400e+20	6.88624e+14	4.36748e+15	2.25366e+14	2.09248e+14	1.05093e+15	3.94367e+12	1.66753e+13	7.47133e+15	9.13127e+11	3.37865e+10	1.59985e+12	6.66347e+13	4.07814e+14	1.15879e+14	4.99748e+13	6.50010e+12	1.23348e+13
1.04713e+18	1.87503e+20	6.83301e+14	4.13583e+15	2.03142e+14	2.11805e+14	9.89922e+14	3.45467e+12	1.76257e+13	7.02216e+15	7.62478e+11	2.70950e+10	1.57377e+12	6.63897e+13	3.90086e+14	1.08124e+14	4.41192e+13	6.79991e+12	1.20339e+13
1.04724e+18	1.78089e+20	6.77809e+14	3.91456e+15	1.82904e+14	2.14222e+14	9.31504e+14	3.02185e+12	1.86083e+13	6.59363e+15	6.35099e+11	2.16851e+10	1.54698e+12	6.61475e+13	3.72840e+14	1.00753e+14	3.88805e+13	7.10585e+12	1.17409e+13
1.04713e+18	1.69035e+20	6.71892e+14	3.70101e+15	1.64321e+14	2.16420e+14	8.75042e+14	2.63603e+12	1.96070e+13	6.18080e+15	5.26566e+11	1.72716e+10	1.51889e+12	6.58733e+13	3.55904e+14	9.36898e+13	3.41505e+13	7.41177e+12	1.14464e+13
1.04725e+18	1.60570e+20	6.66079e+14	3.50052e+15	1.47698e+14	2.18495e+14	8.21900e+14	2.30053e+12	2.06379e+13	5.79340e+15	4.37008e+11	1.37760e+10	1.49110e+12	6.56221e+13	3.39748e+14	8.70721e+13	3.00182e+13	7.72528e+12	1.11710e+13
1.04717e+18	1.52509e+20	6.60001e+14	3.30902e+15	1.32623e+14	2.20354e+14	7.71086e+14	2.00477e+12	2.16825e+13	5.42408e+15	3.61742e+11	1.09702e+10	1.46254e+12	6.53489e+13	3.24043e+14	8.08272e+13	2.63424e+13	8.03830e+12	1.09008e+13
1.04733e+18	1.44882e+20	6.53884e+14	3.12728e+15	1.18984e+14	2.22054e+14	7.22793e+14	1.74499e+12	2.27555e+13	5.07403e+15	2.98879e+11	8.70289e+09	1.43393e+12	6.50766e+13	3.08938e+14	7.49238e+13	2.30927e+13	8.35627e+12	1.06412e+13
1.04723e+18	1.37622e+20	6.47452e+14	2.95396e+15	1.06650e+14	2.23501e+14	6.76719e+14	1.51683e+12	2.38333e+13	4.74094e+15	2.46416e+11	6.90450e+09	1.40465e+12	6.47854e+13	2.94283e+14	6.93703e+13	2.02167e+13	8.67230e+12	1.03858e+13
1.04716e+18	1.30742e+20	6.40991e+14	2.78927e+15	9.55228e+13	2.24743e+14	6.32943e+14	1.31708e+12	2.49294e+13	4.42540e+15	2.02833e+11	5.47062e+09	1.37514e+12	6.44850e+13	2.80165e+14	6.41501e+13	1.76829e+13	8.98998e+12	1.01372e+13
1.04732e+18	1.24217e+20	6.34323e+14	2.63291e+15	8.54681e+13	2.25788e+14	5.91349e+14	1.14183e+12	2.60434e+13	4.12619e+15	1.66515e+11	4.29999e+09	1.34557e+12	6.41779e+13	2.66570e+14	5.92443e+13	1.54463e+13	9.30890e+12	9.89711e+12
1.04722e+18	1.18008e+20	6.27428e+14	2.48398e+15	7.63840e+13	2.26558e+14	5.51789e+14	9.88246e+11	2.71553e+13	3.84238e+15	1.36330e+11	3.38460e+09	1.31565e+12	6.38470e+13	2.53440e+14	5.46363e+13	1.34750e+13	9.62413e+12	9.66186e+12
1.04715e+18	1.12123e+20	6.20471e+14	2.34266e+15	6.82163e+13	2.27100e+14	5.14301e+14	8.54369e+11	2.82773e+13	3.57410e+15	1.11454e+11	2.65961e+09	1.28565e+12	6.35014e+13	2.40822e+14	5.03265e+13	1.17462e+13	9.93813e+12	9.43230e+12
1.04730e+18	1.06525e+20	6.13329e+14	2.20821e+15	6.08476e+13	2.27406e+14	4.78685e+14	7.37258e+11	2.94132e+13	3.31988e+15	9.08374e+10	2.08146e+09	1.25547e+12	6.31569e+13	2.28634e+14	4.62948e+13	1.02248e+13	1.02551e+13	9.20721e+12
1.04721e+18	1.01211e+20	6.05989e+14	2.08063e+15	5.42205e+13	2.27448e+14	4.44973e+14	6.35182e+11	3.05386e+13	3.07971e+15	7.38471e+10	1.62249e+09	1.22527e+12	6.27781e+13	2.16936e+14	4.25294e+13	8.89135e+12	1.05638e+13	8.98782e+12
1.04715e+18	9.61608e+19	5.98473e+14	1.95946e+15	4.82619e+13	2.27233e+14	4.13049e+14	5.46286e+11	3.16647e+13	2.85286e+15	5.98776e+10	1.23193e+09	1.19503e+12	6.23863e+13	2.05677e+14	3.90189e+13	7.72293e+12	1.08696e+13	8.77284e+12
1.04727e+18	9.13694e+19	5.90877e+14	1.84457e+15	4.29146e+13	2.26780e+14	3.82887e+14	4.69048e+11	3.27987e+13	2.63902e+15	4.84258e+10	9.45694e+08	1.16490e+12	6.19865e+13	1.94869e+14	3.57509e+13	6.70168e+12	1.11765e+13	8.56270e+12
1.04719e+18	8.68249e+19	5.83115e+14	1.73578e+15	3.81273e+13	2.26061e+14	3.54454e+14	4.02101e+11	3.39173e+13	2.43787e+15	3.90690e+10	7.16811e+08	1.13489e+12	6.15575e+13	1.84518e+14	3.27194e+13	5.81096e+12	1.14743e+13	8.35741e+12
1.04714e+18	8.25186e+19	5.75254e+14	1.63287e+15	3.38457e+13	2.25083e+14	3.27706e+14	3.44176e+11	3.50282e+13	2.24915e+15	3.14450e+10	5.26487e+08	1.10513e+12	6.11113e+13	1.74614e+14	2.99102e+13	5.03527e+12	1.17674e+13	8.15720e+12
1.04728e+18	7.84323e+19	5.67283e+14	1.53544e+15	3.00133e+13	2.23868e+14	3.02518e+14	2.94049e+11	3.61397e+13	2.07184e+15	2.52354e+10	4.14278e+08	1.07562e+12	6.06521e+13	1.65127e+14	2.73074e+13	4.35898e+12	1.20574e+13	7.96142e+12
1.04720e+18	7.45529e+19	5.59176e+14	1.44319e+15	2.65899e+13	2.22389e+14	2.78844e+14	2.50787e+11	3.72292e+13	1.90551e+15	2.02039e+10	2.87199e+08	1.04632e+12	6.01585e+13	1.56059e+14	2.48992e+13	3.77067e+12	1.23368e+13	7.76939e+12
1.04715e+18	7.08653e+19	5.50935e+14	1.35580e+15	2.35271e+13	2.20656e+14	2.56590e+14	2.13431e+11	3.83059e+13	1.74959e+15	1.61227e+10	1.88706e+08	1.01724e+12	5.96470e+13	1.47370e+14	2.26732e+13	3.25808e+12	1.26098e+13	7.58061e+12
1.04730e+18	6.73644e+19	5.42582e+14	1.27315e+15	2.07946e+13	2.18686e+14	2.35719e+14	1.81274e+11	3.93785e+13	1.60368e+15	1.28271e+10	1.48870e+08	9.88501e+11	5.91207e+13	1.39060e+14	2.06196e+13	2.81264e+12	1.28787e+13	7.39561e+12
1.04722e+18	6.40302e+19	5.34058e+14	1.19479e+15	1.83555e+13	2.16446e+14	2.16139e+14	1.53613e+11	4.04216e+13	1.46716e+15	1.01716e+10	0	9.59934e+11	5.85688e+13	1.31096e+14	1.87261e+13	2.42527e+12	1.31368e+13	7.21245e+12
1.04716e+18	6.08681e+19	5.25456e+14	1.12081e+15	1.61856e+13	2.13978e+14	1.97855e+14	1.29913e+11	4.14478e+13	1.33998e+15	8.04087e+09	0	9.31795e+11	5.79904e+13	1.23510e+14	1.69854e+13	2.08967e+12	1.33851e+13	7.03324e+12
1.04713e+18	5.78751e+19	5.16801e+14	1.05114e+15	1.42641e+13	2.11280e+14	1.80858e+14	1.09711e+11	4.24539e+13	1.22209e+15	6.34191e+09	0	9.04148e+11	5.73972e+13	1.16292e+14	1.53916e+13	1.80010e+12	1.36268e+13	6.85798e+12
1.04726e+18	5.50339e+19	5.08085e+14	9.85369e+14	1.25553e+13	2.08377e+14	1.65020e+14	9.24399e+10	4.34459e+13	1.11250e+15	4.98217e+09	0	8.76953e+11	5.67822e+13	1.09418e+14	1.39302e+13	1.54912e+12	1.38593e+13	6.68615e+12
1.04720e+18	5.23292e+19	4.99236e+14	9.23171e+14	1.10373e+13	2.05236e+14	1.50275e+14	7.77080e+10	4.44050e+13	1.01074e+15	3.89844e+09	0	8.50098e+11	5.61384e+13	1.02858e+14	1.25903e+13	1.33181e+12	1.40793e+13	6.51645e+12
1.04716e+18	4.97627e+19	4.90344e+14	8.64527e+14	9.69178e+12	2.01904e+14	1.36597e+14	6.51808e+10	4.53401e+13	9.16577e+14	3.05082e+09	0	8.23735e+11	5.54718e+13	9.66230e+13	1.13652e+13	1.14407e+12	1.42886e+13	6.34980e+12
1.04713e+18	4.73178e+19	4.81332e+14	8.09099e+14	8.49887e+12	1.98355e+14	1.23908e+14	5.45408e+10	4.62495e+13	8.29499e+14	2.37019e+09	0	7.97735e+11	5.47896e+13	9.06673e+13	1.02455e+13	9.81669e+11	1.44898e+13	6.18488e+12
1.04725e+18	4.49987e+19	4.72320e+14	7.56896e+14	7.44392e+12	1.94653e+14	1.12177e+14	4.55310e+10	4.71407e+13	7.49157e+14	1.83336e+09	0	7.72313e+11	5.40844e+13	8.50215e+13	9.22404e+12	8.41629e+11	1.46783e+13	6.02353e+12
1.04719e+18	4.27874e+19	4.63183e+14	7.07571e+14	6.51128e+12	1.90742e+14	1.01342e+14	3.79187e+10	4.79947e+13	6.75179e+14	1.41047e+09	0	7.47248e+11	5.33565e+13	7.96371e+13	8.29307e+12	7.20802e+11	1.48564e+13	5.86358e+12
1.04716e+18	4.06963e+19	4.54058e+14	6.61338e+14	5.69276e+12	1.86686e+14	9.14294e+13	3.15373e+10	4.88170e+13	6.07733e+14	1.09231e+09	0	7.22833e+11	5.26119e+13	7.45531e+13	7.45055e+12	6.17275e+11	1.50229e+13	5.70752e+12
1.04714e+18	3.87113e+19	4.44910e+14	6.17868e+14	4.97148e+12	1.82499e+14	8.23339e+13	2.61725e+10	4.96088e+13	5.46011e+14	8.32638e+08	0	6.98976e+11	5.18466e+13	6.97408e+13	6.68616e+12	5.28200e+11	1.51769e+13	5.55426e+12
1.04728e+18	3.68234e+19	4.35750e+14	5.76929e+14	4.33568e+12	1.78191e+14	7.39911e+13	2.16679e+10	5.03793e+13	4.89571e+14	6.26616e+08	0	6.75635e+11	5.10680e+13	6.51735e+13	5.99270e+12	4.51480e+11	1.53209e+13	5.40330e+12
1.04723e+18	3.50316e+19	4.26583e+14	5.38490e+14	3.77714e+12	1.73783e+14	6.63751e+13	1.79011e+10	5.11059e+13	4.38172e+14	4.81711e+08	0	6.52865e+11	5.02676e+13	6.08619e+13	5.36530e+12	3.85647e+11	1.54499e+13	5.25508e+12
1.04718e+18	3.33251e+19	4.17390e+14	5.02295e+14	3.28579e+12	1.69273e+14	5.94178e+13	1.47526e+10	5.18008e+13	3.91364e+14	3.55512e+08	0	6.30589e+11	4.94526e+13	5.67723e+13	4.79732e+12	3.29017e+11	1.55671e+13	5.10894e+12
1.04714e+18	3.16984e+19	4.08158e+14	4.68215e+14	2.85494e+12	1.64658e+14	5.30877e+13	1.21329e+10	5.24655e+13	3.48886e+14	2.72567e+08	0	6.08787e+11	4.86180e+13	5.28981e+13	4.28391e+12	2.80483e+11	1.56743e+13	4.96480e+12
1.04730e+18	3.01602e+19	3.99019e+14	4.36368e+14	2.47869e+12	1.60021e+14	4.73648e+13	9.96244e+09	5.31054e+13	3.10595e+14	1.95906e+08	0	5.87682e+11	4.77752e+13	4.92605e+13	3.82262e+12	2.39012e+11	1.57707e+13	4.82439e+12
1.04724e+18	2.87064e+19	3.89971e+14	4.06639e+14	2.15111e+12	1.55372e+14	4.22113e+13	8.17130e+09	5.36994e+13	2.76206e+14	1.34193e+08	0	5.67258e+11	4.69165e+13	4.58573e+13	3.40919e+12	2.03681e+11	1.58498e+13	4.68758e+12
1.04720e+18	2.73216e+19	3.80909e+14	3.78736e+14	1.86518e+12	1.50676e+14	3.75622e+13	6.69155e+09	5.42619e+13	2.45247e+14	1.03138e+08	0	5.47354e+11	4.60338e+13	4.26553e+13	3.03731e+12	1.73506e+11	1.59142e+13	4.55344e+12
1.04718e+18	2.59970e+19	3.71814e+14	3.52445e+14	1.61411e+12	1.45944e+14	3.33466e+13	5.46400e+09	5.47925e+13	2.17301e+14	6.58039e+07	0	5.27848e+11	4.51549e+13	3.96034e+13	2.70216e+12	1.47481e+11	1.59717e+13	4.42004e+12
1.04716e+18	2.47461e+19	3.62859e+14	3.27961e+14	1.39644e+12	1.41256e+14	2.95785e+13	4.45828e+09	5.52911e+13	1.92367e+14	0	0	5.09046e+11	4.42670e+13	3.67597e+13	2.40283e+12	1.25401e+11	1.60181e+13	4.29053e+12
1.04716e+18	2.35621e+19	3.54014e+14	3.05133e+14	1.20787e+12	1.36609e+14	2.62166e+13	3.63598e+09	5.57571e+13	1.70183e+14	0	0	4.90892e+11	4.33708e+13	3.41054e+13	2.13576e+12	1.06648e+11	1.60491e+13	4.16480e+12
1.04715e+18	2.24385e+19	3.45265e+14	2.83805e+14	1.04408e+12	1.32007e+14	2.32120e+13	2.96214e+09	5.61927e+13	1.50401e+14	0	0	4.73316e+11	4.24671e+13	3.16229e+13	1.89719e+12	9.06797e+10	1.60683e+13	4.04190e+12
1.04715e+18	2.13671e+19	3.36557e+14	2.63818e+14	9.01585e+11	1.27438e+14	2.05247e+13	2.40980e+09	5.65989e+13	1.32750e+14	0	0	4.56228e+11	4.15550e+13	2.92905e+13	1.68370e+12	7.70498e+10	1.60762e+13	3.92131e+12
1.04715e+18	2.03612e+19	3.28073e+14	2.45349e+14	7.78754e+11	1.22999e+14	1.81474e+13	1.96055e+09	5.69745e+13	1.17160e+14	0	0	4.39900e+11	4.06461e+13	2.71407e+13	1.49469e+12	6.55325e+10	1.60722e+13	3.80507e+12
1.04715e+18	1.93962e+19	3.19590e+14	2.27958e+14	6.71567e+11	1.18586e+14	1.60165e+13	1.59172e+09	5.73232e+13	1.03225e+14	0	0	4.23943e+11	3.97323e+13	2.51069e+13	1.32509e+12	5.56474e+10	1.60572e+13	3.69025e+12
1.04717e+18	1.84758e+19	3.11158e+14	2.11706e+14	5.78686e+11	1.14239e+14	1.41214e+13	1.29090e+09	5.76469e+13	9.08565e+13	0	0	4.08451e+11	3.88127e+13	2.32041e+13	1.17389e+12	4.72292e+10	1.60298e+13	3.57759e+12
1.04717e+18	1.76081e+19	3.02948e+14	1.96631e+14	4.98417e+11	1.10029e+14	1.24432e+13	1.04615e+09	5.79428e+13	7.99304e+13	0	0	3.93616e+11	3.79083e+13	2.14382e+13	1.03980e+12	4.00777e+10	1.59942e+13	3.46865e+12
1.04716e+18	1.67789e+19	2.94801e+14	1.82520e+14	4.28931e+11	1.05889e+14	1.09545e+13	8.47063e+08	5.82143e+13	7.02540e+13	0	0	3.79209e+11	3.69983e+13	1.97870e+13	9.20348e+11	3.39965e+10	1.59487e+13	3.36195e+12
1.04716e+18	1.59924e+19	2.86800e+14	1.69400e+14	3.68985e+11	1.01864e+14	9.63890e+12	6.85485e+08	5.84626e+13	6.17176e+13	0	0	3.65333e+11	3.60933e+13	1.82546e+13	8.14402e+11	2.88362e+10	1.58916e+13	3.25820e+12
1.04716e+18	1.52458e+19	2.78946e+14	1.57198e+14	3.17268e+11	9.79538e+13	8.47683e+12	5.54409e+08	5.86887e+13	5.41904e+13	0	0	3.51970e+11	3.51947e+13	1.68324e+13	7.20446e+11	2.44562e+10	1.58236e+13	3.15737e+12
1.04716e+18	1.45332e+19	2.71193e+14	1.45802e+14	2.72569e+11	9.41395e+13	7.44854e+12	4.47958e+08	5.88939e+13	4.75440e+13	0	0	3.39028e+11	3.43027e+13	1.55027e+13	6.36918e+11	2.07275e+10	1.57497e+13	3.05868e+12
1.04716e+18	1.38577e+19	2.63604e+14	1.35231e+14	2.34144e+11	9.04514e+13	6.54408e+12	3.61746e+08	5.90789e+13	4.17056e+13	0	0	3.26592e+11	3.34177e+13	1.42756e+13	5.63092e+11	1.75738e+10	1.56641e+13	2.96307e+12
1.04716e+18	1.32155e+19	2.56164e+14	1.25405e+14	2.01056e+11	8.68815e+13	5.74728e+12	2.91955e+08	5.92451e+13	3.65705e+13	0	0	3.14617e+11	3.25422e+13	1.31385e+13	4.97724e+11	1.48991e+10	1.55695e+13	2.87015e+12
1.04719e+18	1.26066e+19	2.48891e+14	1.16300e+14	1.72642e+11	8.34393e+13	5.04732e+12	2.35610e+08	5.93947e+13	3.20662e+13	0	0	3.03117e+11	3.16782e+13	1.20893e+13	4.39990e+11	1.26358e+10	1.54651e+13	2.78011e+12
1.04718e+18	1.20271e+19	2.41773e+14	1.07830e+14	1.48182e+11	8.01123e+13	4.43103e+12	1.90066e+08	5.95261e+13	2.81067e+13	0	0	2.92043e+11	3.08263e+13	1.11167e+13	3.88874e+11	1.07156e+10	1.53542e+13	2.69265e+12
1.04718e+18	1.14754e+19	2.34798e+14	9.99573e+13	1.27158e+11	7.68979e+13	3.88929e+12	1.53230e+08	5.96418e+13	2.46312e+13	0	0	2.81374e+11	2.99847e+13	1.02174e+13	3.43670e+11	9.08845e+09	1.52345e+13	2.60768e+12
1.04718e+18	1.09521e+19	2.28006e+14	9.26665e+13	1.09108e+11	7.38101e+13	3.41366e+12	1.23565e+08	5.97432e+13	2.15846e+13	0	0	2.71146e+11	2.91600e+13	9.38789e+12	3.03757e+11	7.71036e+09	1.51087e+13	2.52549e+12
1.04718e+18	1.04534e+19	2.21359e+14	8.58870e+13	9.35724e+10	7.08309e+13	2.99499e+12	9.93782e+07	5.98307e+13	1.89077e+13	0	0	2.61290e+11	2.83494e+13	8.61897e+12	2.68423e+11	6.53893e+09	1.49766e+13	2.44560e+12
1.04718e+18	9.98437e+18	2.14955e+14	7.96617e+13	8.03498e+10	6.79983e+13	2.63065e+12	8.00947e+07	5.99054e+13	1.65784e+13	0	0	2.51932e+11	2.75576e+13	7.92293e+12	2.37468e+11	5.55765e+09	1.48345e+13	2.36925e+12
1.04718e+18	9.53138e+18	2.08604e+14	7.38134e+13	6.88937e+10	6.52322e+13	2.30779e+12	6.43627e+07	5.99681e+13	1.45207e+13	0	0	2.42797e+11	2.67747e+13	7.26649e+12	2.09860e+11	4.71527e+09	1.46901e+13	2.29399e+12
1.04723e+18	9.10422e+18	2.02479e+14	6.84323e+13	5.91203e+10	6.25998e+13	2.02609e+12	5.19659e+07	6.00224e+13	1.27265e+13	0	0	2.34106e+11	2.60134e+13	6.66878e+12	1.85616e+11	4.00661e+09	1.45397e+13	2.22186e+12
1.04717e+18	8.69587e+18	1.96480e+14	6.34278e+13	5.07307e+10	6.00597e+13	1.77880e+12	4.17124e+07	6.00594e+13	1.11537e+13	0	0	2.25718e+11	2.52638e+13	6.11706e+12	1.64179e+11	3.40563e+09	1.43822e+13	2.15173e+12
1.04716e+18	8.30861e+18	1.90667e+14	5.88048e+13	4.35472e+10	5.76313e+13	1.56223e+12	3.33525e+07	6.00897e+13	9.77817e+12	0	0	2.17695e+11	2.45340e+13	5.61135e+12	1.45289e+11	2.89702e+09	1.42200e+13	2.08415e+12
1.04713e+18	7.94134e+18	1.85037e+14	5.45342e+13	3.73949e+10	5.53112e+13	1.37251e+12	2.69508e+07	6.01102e+13	8.57495e+12	0	0	2.10024e+11	2.38249e+13	5.14740e+12	1.28635e+11	2.46617e+09	1.40544e+13	2.01906e+12
1.04724e+18	7.59013e+18	1.79542e+14	5.05640e+13	3.21148e+10	5.30767e+13	1.20598e+12	2.13678e+07	6.01292e+13	7.52041e+12	0	0	2.02631e+11	2.31302e+13	4.71955e+12	1.13904e+11	2.10044e+09	1.38844e+13	1.95590e+12
1.04722e+18	7.25704e+18	1.74226e+14	4.68989e+13	2.75929e+10	5.09434e+13	1.06007e+12	1.72725e+07	6.01338e+13	6.59776e+12	0	0	1.95564e+11	2.24556e+13	4.32806e+12	1.00920e+11	1.79054e+09	1.37103e+13	1.89509e+12
1.04719e+18	6.94048e+18	1.69078e+14	4.35086e+13	2.37164e+10	4.89035e+13	9.32105e+11	1.34880e+07	6.01303e+13	5.78987e+12	0	0	1.88798e+11	2.18006e+13	3.96903e+12	8.94596e+10	1.52754e+09	1.35334e+13	1.83647e+12
1.04714e+18	6.64069e+18	1.64109e+14	4.03896e+13	2.04101e+10	4.69609e+13	8.20490e+11	1.09166e+07	6.01181e+13	5.08589e+12	0	0	1.82345e+11	2.11656e+13	3.64271e+12	7.93842e+10	1.30555e+09	1.33522e+13	1.78025e+12
1.04713e+18	6.35339e+18	1.59263e+14	3.74842e+13	1.75636e+10	4.50887e+13	7.22176e+11	8.36156e+06	6.01019e+13	4.46703e+12	0	0	1.76120e+11	2.05454e+13	3.34111e+12	7.04480e+10	1.11617e+09	1.31684e+13	1.72565e+12
1.04719e+18	6.08171e+18	1.54602e+14	3.48151e+13	1.51308e+10	4.33105e+13	6.36210e+11	6.76958e+06	6.00839e+13	3.92679e+12	0	0	1.70197e+11	1.99487e+13	3.06573e+12	6.25786e+10	9.55550e+08	1.29851e+13	1.67337e+12
1.04717e+18	5.82106e+18	1.50058e+14	3.23236e+13	1.30334e+10	4.15952e+13	5.60412e+11	5.08145e+06	6.00557e+13	3.45115e+12	0	0	1.64478e+11	1.93648e+13	2.81210e+12	5.55938e+10	8.18517e+08	1.27976e+13	1.62260e+12
1.04715e+18	5.57380e+18	1.45678e+14	3.00273e+13	1.12383e+10	3.99610e+13	4.94033e+11	4.11746e+06	6.00224e+13	3.03536e+12	0	0	1.59021e+11	1.88014e+13	2.58054e+12	4.94325e+10	7.02141e+08	1.26096e+13	1.57386e+12
1.04716e+18	5.33752e+18	1.41422e+14	2.79038e+13	9.69970e+09	3.83936e+13	4.35871e+11	2.95397e+06	5.99854e+13	2.67170e+12	0	0	1.53774e+11	1.82543e+13	2.36766e+12	4.39820e+10	6.02967e+08	1.24207e+13	1.52680e+12
1.04715e+18	5.11210e+18	1.37307e+14	2.59294e+13	8.37304e+09	3.68912e+13	3.84540e+11	1.96237e+06	5.99427e+13	2.35144e+12	0	0	1.48743e+11	1.77241e+13	2.17227e+12	3.91488e+10	5.18226e+08	1.22307e+13	1.48136e+12
1.04721e+18	4.90078e+18	1.33398e+14	2.41296e+13	7.24556e+09	3.54777e+13	3.39960e+11	1.59329e+06	5.99002e+13	2.07365e+12	0	0	1.44006e+11	1.72195e+13	1.99667e+12	3.49117e+10	4.46684e+08	1.20425e+13	1.43845e+12
1.04719e+18	4.69623e+18	1.29560e+14	2.24393e+13	6.26606e+09	3.41040e+13	3.00331e+11	0	5.98491e+13	1.82718e+12	0	0	1.39394e+11	1.67238e+13	1.83343e+12	3.11247e+10	3.85047e+08	1.18516e+13	1.39637e+12
1.04719e+18	4.50520e+18	1.25933e+14	2.09016e+13	5.43462e+09	3.28163e+13	2.65973e+11	0	5.97959e+13	1.61379e+12	0	0	1.35069e+11	1.62540e+13	1.68755e+12	2.78088e+10	3.33082e+08	1.16636e+13	1.35682e+12
1.04717e+18	4.31921e+18	1.22353e+14	1.94517e+13	4.70830e+09	3.15584e+13	2.35250e+11	0	5.97376e+13	1.42351e+12	0	0	1.30837e+11	1.57915e+13	1.55036e+12	2.48296e+10	2.87891e+08	1.14739e+13	1.31782e+12
1.04714e+18	4.14491e+18	1.18961e+14	1.81272e+13	4.09048e+09	3.03750e+13	2.08579e+11	0	5.96761e+13	1.25866e+12	0	0	1.26856e+11	1.53524e+13	1.42733e+12	2.22150e+10	2.49681e+08	1.12873e+13	1.28107e+12
1.04713e+18	3.97544e+18	1.15621e+14	1.68816e+13	3.55036e+09	2.92213e+13	1.84713e+11	0	5.96119e+13	1.11143e+12	0	0	1.22967e+11	1.49207e+13	1.31226e+12	1.98656e+10	2.16430e+08	1.10988e+13	1.24491e+12
1.04715e+18	3.81808e+18	1.12491e+14	1.57506e+13	3.09322e+09	2.81452e+13	1.64115e+11	0	5.95476e+13	9.84764e+11	0	0	1.19345e+11	1.45155e+13	1.20970e+12	1.78125e+10	1.88434e+08	1.09168e+13	1.21119e+12
1.04714e+18	3.66441e+18	1.09396e+14	1.46846e+13	2.69090e+09	2.70926e+13	1.45553e+11	0	5.94786e+13	8.70725e+11	0	0	1.15791e+11	1.41157e+13	1.11344e+12	1.59584e+10	1.63868e+08	1.07321e+13	1.17787e+12
1.04713e+18	3.51756e+18	1.06406e+14	1.36963e+13	2.34381e+09	2.60832e+13	1.29196e+11	0	5.94067e+13	7.70485e+11	0	0	1.12382e+11	1.37296e+13	1.02527e+12	1.43104e+10	1.42751e+08	1.05488e+13	1.14578e+12
1.04718e+18	3.37860e+18	1.03551e+14	1.27871e+13	2.04501e+09	2.51255e+13	1.14817e+11	0	5.93368e+13	6.82508e+11	0	0	1.09147e+11	1.33608e+13	9.45464e+11	1.28499e+10	1.24644e+08	1.03685e+13	1.11521e+12
1.04716e+18	3.24420e+18	1.00759e+14	1.19341e+13	1.78450e+09	2.41963e+13	1.02019e+11	0	5.92598e+13	6.04468e+11	0	0	1.06006e+11	1.30010e+13	8.71033e+11	1.15396e+10	1.08878e+08	1.01889e+13	1.08541e+12
1.04715e+18	3.11665e+18	9.80863e+13	1.11470e+13	1.55958e+09	2.33117e+13	9.07403e+10	0	5.91819e+13	5.35859e+11	0	0	1.03015e+11	1.26567e+13	8.03288e+11	1.03753e+10	9.52958e+07	1.00125e+13	1.05694e+12
1.04714e+18	2.99449e+18	9.55024e+13	1.04151e+13	1.36433e+09	2.24618e+13	8.07502e+10	0	5.91022e+13	4.75256e+11	0	0	1.00142e+11	1.23242e+13	7.40957e+11	9.33535e+09	8.35239e+07	9.83834e+12	1.02948e+12
1.04713e+18	2.87797e+18	9.30164e+13	9.73684e+12	1.19518e+09	2.16487e+13	7.19221e+10	0	5.90209e+13	4.21849e+11	0	0	9.73935e+10	1.20045e+13	6.83951e+11	8.40820e+09	7.33400e+07	9.66695e+12	1.00314e+12
1.04719e+18	2.76687e+18	9.06277e+13	9.10824e+12	1.04843e+09	2.08712e+13	6.41127e+10	0	5.89420e+13	3.74732e+11	0	0	9.47673e+10	1.16978e+13	6.31783e+11	7.58088e+09	6.45123e+07	9.49887e+12	9.77883e+11
1.04716e+18	2.66044e+18	8.83184e+13	8.52327e+12	9.20633e+08	2.01240e+13	5.71816e+10	0	5.88573e+13	3.33031e+11	0	0	9.22425e+10	1.14015e+13	5.83805e+11	6.84017e+09	5.68289e+07	9.33302e+12	9.53524e+11
1.04714e+18	2.55910e+18	8.61022e+13	7.98196e+12	8.09786e+08	1.94102e+13	5.10535e+10	0	5.87715e+13	2.96292e+11	0	0	8.98324e+10	1.11177e+13	5.39864e+11	6.17923e+09	5.01593e+07	9.17106e+12	9.30203e+11
1.04714e+18	2.46188e+18	8.39597e+13	7.47712e+12	7.13007e+08	1.87232e+13	4.56073e+10	0	5.86849e+13	2.63723e+11	0	0	8.75147e+10	1.08437e+13	4.99498e+11	5.58636e+09	4.43389e+07	9.01127e+12	9.07713e+11
1.04713e+18	2.36907e+18	8.18994e+13	7.00855e+12	6.28673e+08	1.80654e+13	4.07743e+10	0	5.85978e+13	2.34920e+11	0	0	8.52970e+10	1.05806e+13	4.62395e+11	5.05548e+09	3.92601e+07	8.85524e+12	8.86132e+11
1.04719e+18	2.28049e+18	7.99204e+13	6.57324e+12	5.55061e+08	1.74356e+13	3.64827e+10	0	5.85135e+13	2.09410e+11	0	0	8.31773e+10	1.03281e+13	4.28454e+11	4.57964e+09	3.48246e+07	8.70263e+12	8.65452e+11
1.04717e+18	2.19570e+18	7.80107e+13	6.16809e+12	4.90755e+08	1.68308e+13	3.26709e+10	0	5.84237e+13	1.86814e+11	0	0	8.11420e+10	1.00849e+13	3.97370e+11	4.15263e+09	3.09465e+07	8.55258e+12	8.45545e+11
1.04715e+18	2.11406e+18	7.61589e+13	5.78893e+12	4.34277e+08	1.62464e+13	2.92649e+10	0	5.83329e+13	1.66715e+11	0	0	7.91778e+10	9.84961e+12	3.68391e+11	3.76774e+09	2.75284e+07	8.40564e+12	8.26281e+11
1.04714e+18	2.03630e+18	7.43837e+13	5.43728e+12	3.84946e+08	1.56880e+13	2.62420e+10	0	5.82422e+13	1.48931e+11	0	0	7.73036e+10	9.62441e+12	3.41929e+11	3.42261e+09	2.45371e+07	8.26251e+12	8.07858e+11
1.04714e+18	1.96226e+18	7.26830e+13	5.11119e+12	3.41741e+08	1.51545e+13	2.35523e+10	0	5.81520e+13	1.33155e+11	0	0	7.55161e+10	9.40904e+12	3.17697e+11	3.11258e+09	2.19105e+07	8.12353e+12	7.90241e+11
1.04713e+18	1.89063e+18	7.10265e+13	4.80442e+12	3.03624e+08	1.46367e+13	2.11436e+10	0	5.80603e+13	1.19082e+11	0	0	7.37831e+10	9.19976e+12	2.95122e+11	2.83209e+09	1.95859e+07	7.98661e+12	7.73127e+11
1.04718e+18	1.82251e+18	6.94428e+13	4.52004e+12	2.70221e+08	1.41425e+13	1.90015e+10	0	5.79715e+13	1.06607e+11	0	0	7.21337e+10	9.00005e+12	2.74493e+11	2.58005e+09	1.75424e+07	7.85404e+12	7.56802e+11
1.04716e+18	1.75716e+18	6.79126e+13	4.25464e+12	2.40810e+08	1.36668e+13	1.70880e+10	0	5.78790e+13	9.55045e+10	0	0	7.05471e+10	8.80753e+12	2.55439e+11	2.35256e+09	1.57357e+07	7.72451e+12	7.41066e+11
1.04715e+18	1.69444e+18	6.64353e+13	4.00620e+12	2.14856e+08	1.32085e+13	1.53769e+10	0	5.77864e+13	8.56125e+10	0	0	6.90220e+10	8.62205e+12	2.37844e+11	2.14694e+09	1.41358e+07	7.59807e+12	7.25911e+11
1.04714e+18	1.63453e+18	6.50161e+13	3.77485e+12	1.91972e+08	1.27693e+13	1.38482e+10	0	5.76944e+13	7.68031e+10	0	0	6.75633e+10	8.44425e+12	2.21676e+11	1.96126e+09	1.27193e+07	7.47530e+12	7.11387e+11
1.04714e+18	1.57665e+18	6.36365e+13	3.55713e+12	1.71688e+08	1.23433e+13	1.24760e+10	0	5.76014e+13	6.89315e+10	0	0	6.61515e+10	8.27191e+12	2.06589e+11	1.79279e+09	1.14577e+07	7.35503e+12	6.97305e+11
1.04713e+18	1.52161e+18	6.23174e+13	3.35509e+12	1.53806e+08	1.19367e+13	1.12516e+10	0	5.75094e+13	6.19288e+10	0	0	6.48074e+10	8.10748e+12	1.92798e+11	1.64075e+09	1.03404e+07	7.23884e+12	6.83874e+11
1.04713e+18	1.46863e+18	6.10405e+13	3.16547e+12	1.37939e+08	1.15440e+13	1.01524e+10	0	5.74174e+13	5.56682e+10	0	0	6.35119e+10	7.94875e+12	1.79984e+11	1.50276e+09	9.34391e+06	7.12554e+12	6.70907e+11
1.04713e+18	1.41774e+18	5.98069e+13	2.98779e+12	1.23857e+08	1.11654e+13	9.16599e+09	0	5.73255e+13	5.00715e+10	0	0	6.22658e+10	7.79584e+12	1.68102e+11	1.37751e+09	8.45473e+06	7.01527e+12	6.58413e+11
1.04713e+18	1.36919e+18	5.86235e+13	2.82222e+12	1.11394e+08	1.08027e+13	8.28414e+09	0	5.72337e+13	4.50866e+10	0	0	6.10756e+10	7.64951e+12	1.57197e+11	1.26414e+09	7.66366e+06	6.90860e+12	6.46460e+11
1.04713e+18	1.32241e+18	5.74767e+13	2.66654e+12	1.00278e+08	1.04520e+13	7.48942e+09	0	5.71425e+13	4.06099e+10	0	0	5.99273e+10	7.50815e+12	1.47045e+11	1.16085e+09	6.95398e+06	6.80458e+12	6.34912e+11
1.04713e+18	1.27750e+18	5.63697e+13	2.52062e+12	9.03870e+07	1.01141e+13	6.77562e+09	0	5.70511e+13	3.66056e+10	0	0	5.88236e+10	7.37209e+12	1.37639e+11	1.06694e+09	6.31876e+06	6.70354e+12	6.23794e+11
1.04714e+18	1.23430e+18	5.52989e+13	2.38345e+12	8.15653e+07	9.78774e+12	6.13342e+09	0	5.69604e+13	3.30185e+10	0	0	5.77609e+10	7.24095e+12	1.28877e+11	9.81419e+08	5.74876e+06	6.60538e+12	6.13077e+11
1.04713e+18	1.19285e+18	5.42658e+13	2.25490e+12	7.36964e+07	9.47339e+12	5.55574e+09	0	5.68697e+13	2.98034e+10	0	0	5.67401e+10	7.11478e+12	1.20776e+11	9.03529e+08	5.23719e+06	6.51008e+12	6.02766e+11
1.04714e+18	1.15327e+18	5.32737e+13	2.13470e+12	6.66788e+07	9.17213e+12	5.03670e+09	0	5.67807e+13	2.69244e+10	0	0	5.57647e+10	6.99407e+12	1.13298e+11	8.32644e+08	4.77803e+06	6.41814e+12	5.92902e+11
1.04713e+18	1.11500e+18	5.23090e+13	2.02128e+12	6.03866e+07	8.87967e+12	4.56773e+09	0	5.66909e+13	2.43343e+10	0	0	5.48202e+10	6.87708e+12	1.06304e+11	7.67809e+08	4.36363e+06	6.32836e+12	5.83337e+11
1.04715e+18	1.07827e+18	5.13781e+13	1.91471e+12	5.47531e+07	8.59791e+12	4.14510e+09	0	5.66028e+13	2.20092e+10	0	0	5.39133e+10	6.76464e+12	9.97993e+10	7.08620e+08	3.99010e+06	6.24148e+12	5.74144e+11
1.04714e+18	1.04275e+18	5.04723e+13	1.81413e+12	4.96885e+07	8.32437e+12	3.76240e+09	0	5.65135e+13	1.99126e+10	0	0	5.30347e+10	6.65559e+12	9.37071e+10	6.54381e+08	3.65191e+06	6.15662e+12	5.65223e+11
1.04715e+18	1.00884e+18	4.96029e+13	1.71995e+12	4.51552e+07	8.06222e+12	3.41818e+09	0	5.64267e+13	1.80332e+10	0	0	5.21959e+10	6.55139e+12	8.80820e+10	6.04893e+08	3.34715e+06	6.07496e+12	5.56699e+11
1.04715e+18	9.76068e+17	4.87577e+13	1.63100e+12	4.10735e+07	7.80789e+12	3.10654e+09	0	5.63391e+13	1.63386e+10	0	0	5.13842e+10	6.45045e+12	8.28222e+10	5.59502e+08	3.07082e+06	5.99532e+12	5.48440e+11
1.04713e+18	9.44810e+17	4.79459e+13	1.54771e+12	3.74131e+07	7.56442e+12	2.82635e+09	0	5.62522e+13	1.48183e+10	0	0	5.06090e+10	6.35392e+12	7.79991e+10	5.18028e+08	2.82139e+06	5.91854e+12	5.40548e+11
1.04713e+18	9.14516e+17	4.71552e+13	1.46885e+12	3.41056e+07	7.32754e+12	2.57170e+09	0	5.61662e+13	1.34437e+10	0	0	4.98575e+10	6.26030e+12	7.34390e+10	4.79890e+08	2.59424e+06	5.84375e+12	5.32886e+11
1.04714e+18	8.85328e+17	4.63887e+13	1.39438e+12	3.11199e+07	7.09843e+12	2.34090e+09	0	5.60817e+13	1.22038e+10	0	0	4.91331e+10	6.17002e+12	6.91472e+10	4.44862e+08	2.38762e+06	5.77132e+12	5.25494e+11
1.04713e+18	8.57207e+17	4.56457e+13	1.32416e+12	2.84241e+07	6.87689e+12	2.13193e+09	0	5.59971e+13	1.10842e+10	0	0	4.84343e+10	6.08285e+12	6.51647e+10	4.12677e+08	2.19975e+06	5.70089e+12	5.18355e+11
1.04714e+18	8.30205e+17	4.49276e+13	1.25796e+12	2.59897e+07	6.66341e+12	1.94289e+09	0	5.59144e+13	1.00749e+10	0	0	4.77634e+10	5.99908e+12	6.14521e+10	3.83117e+08	2.02885e+06	5.63286e+12	5.11497e+11
1.04714e+18	8.04126e+17	4.42297e+13	1.19539e+12	2.37850e+07	6.45644e+12	1.77122e+09	0	5.58314e+13	9.16180e+09	0	0	4.71145e+10	5.91801e+12	5.79753e+10	3.55892e+08	1.87289e+06	5.56667e+12	5.04856e+11
1.04713e+18	7.79110e+17	4.35552e+13	1.13642e+12	2.17905e+07	6.25718e+12	1.61582e+09	0	5.57493e+13	8.33797e+09	0	0	4.64915e+10	5.84011e+12	5.47341e+10	3.30857e+08	1.73075e+06	5.50276e+12	4.98476e+11
1.04715e+18	7.54850e+17	4.28979e+13	1.08046e+12	1.99779e+07	6.06325e+12	1.47427e+09	0	5.56694e+13	7.59043e+09	0	0	4.58877e+10	5.76459e+12	5.16794e+10	3.07742e+08	1.60058e+06	5.44053e+12	4.92287e+11
1.04715e+18	7.31462e+17	4.22594e+13	1.02756e+12	1.83322e+07	5.87567e+12	1.34568e+09	0	5.55889e+13	6.91360e+09	0	0	4.53047e+10	5.69162e+12	4.88177e+10	2.86421e+08	1.48149e+06	5.38012e+12	4.86305e+11
1.04713e+18	7.08966e+17	4.16400e+13	9.77527e+11	1.68380e+07	5.69457e+12	1.22903e+09	0	5.55089e+13	6.30173e+09	0	0	4.47432e+10	5.62130e+12	4.61381e+10	2.66759e+08	1.37254e+06	5.32166e+12	4.80541e+11
1.04713e+18	6.87201e+17	4.10374e+13	9.30128e+11	1.54773e+07	5.51882e+12	1.12274e+09	0	5.54304e+13	5.74592e+09	0	0	4.42000e+10	5.55324e+12	4.36207e+10	2.48581e+08	1.27256e+06	5.26483e+12	4.74960e+11
1.04713e+18	6.66313e+17	4.04543e+13	8.85347e+11	1.42408e+07	5.34946e+12	1.02634e+09	0	5.53536e+13	5.24349e+09	0	0	4.36786e+10	5.48786e+12	4.12674e+10	2.31810e+08	1.18101e+06	5.21005e+12	4.69601e+11
1.04713e+18	6.46041e+17	3.98847e+13	8.42811e+11	1.31114e+07	5.18468e+12	9.38289e+08	0	5.52770e+13	4.78597e+09	0	0	4.31722e+10	5.42434e+12	3.90463e+10	2.16269e+08	1.09673e+06	5.15660e+12	4.64390e+11
1.04715e+18	6.26614e+17	3.93338e+13	8.02604e+11	1.20836e+07	5.02612e+12	8.58465e+08	0	5.52024e+13	4.37242e+09	0	0	4.26870e+10	5.36344e+12	3.69733e+10	2.01918e+08	1.01947e+06	5.10518e+12	4.59397e+11
1.04714e+18	6.07717e+17	3.87945e+13	7.64370e+11	1.11426e+07	4.87155e+12	7.85380e+08	0	5.51276e+13	3.99488e+09	0	0	4.22143e+10	5.30410e+12	3.50094e+10	1.88593e+08	9.48154e+05	5.05489e+12	4.54527e+11
1.04714e+18	5.89455e+17	3.82690e+13	7.28079e+11	1.02824e+07	4.72169e+12	7.18744e+08	0	5.50537e+13	3.65165e+09	0	0	4.17573e+10	5.24670e+12	3.31598e+10	1.76242e+08	8.82460e+05	5.00608e+12	4.49815e+11
1.04713e+18	5.72005e+17	3.77610e+13	6.93765e+11	9.49822e+06	4.57778e+12	6.58363e+08	0	5.49810e+13	3.34170e+09	0	0	4.13203e+10	5.19177e+12	3.14333e+10	1.64826e+08	7.23993e+05	4.95924e+12	4.45310e+11
1.04715e+18	5.54972e+17	3.72631e+13	6.61093e+11	8.77778e+06	4.43720e+12	6.02904e+08	0	5.49102e+13	3.05752e+09	0	0	4.08942e+10	5.13820e+12	2.97931e+10	1.54197e+08	5.83462e+05	4.91341e+12	4.40912e+11
1.04715e+18	5.38532e+17	3.67775e+13	6.30041e+11	8.11782e+06	4.30101e+12	5.52335e+08	0	5.48395e+13	2.79919e+09	0	0	4.04823e+10	5.08640e+12	2.82474e+10	1.44331e+08	4.87175e+05	4.86896e+12	4.36659e+11
1.04715e+18	5.22601e+17	3.63031e+13	6.00540e+11	7.51208e+06	4.16883e+12	5.06090e+08	0	5.47696e+13	2.56338e+09	0	0	4.00829e+10	5.03616e+12	2.67883e+10	1.35157e+08	4.00876e+05	4.82571e+12	4.32532e+11
1.04715e+18	5.07206e+17	3.58405e+13	5.72517e+11	6.95621e+06	4.04071e+12	4.63845e+08	0	5.47008e+13	2.34849e+09	0	0	3.96969e+10	4.98757e+12	2.54107e+10	1.26629e+08	3.22569e+05	4.78377e+12	4.28541e+11
1.04714e+18	4.92307e+17	3.53885e+13	5.45858e+11	6.44544e+06	3.91643e+12	4.25231e+08	0	5.46329e+13	2.15249e+09	0	0	3.93230e+10	4.94050e+12	2.41096e+10	1.18693e+08	2.48595e+05	4.74304e+12	4.24674e+11
1.04714e+18	4.77895e+17	3.49472e+13	5.20508e+11	5.02781e+06	3.79587e+12	3.89926e+08	0	5.45659e+13	1.97369e+09	0	0	3.89613e+10	4.89494e+12	2.28795e+10	1.11308e+08	1.78135e+05	4.70351e+12	4.20930e+11
1.04714e+18	4.63961e+17	3.45163e+13	4.96406e+11	3.84253e+06	3.67907e+12	3.57648e+08	0	5.45000e+13	1.81050e+09	0	0	3.86114e+10	4.85086e+12	2.17183e+10	1.04430e+08	0	4.66517e+12	4.17307e+11
1.04714e+18	4.50467e+17	3.40947e+13	4.73455e+11	2.85497e+06	3.56564e+12	3.28103e+08	0	5.44351e+13	1.66146e+09	0	0	3.82725e+10	4.80814e+12	2.06179e+10	9.80202e+07	0	4.62793e+12	4.13796e+11
1.04714e+18	4.37411e+17	3.36827e+13	4.51619e+11	1.95246e+06	3.45565e+12	3.01066e+08	0	5.43712e+13	1.52531e+09	0	0	3.79444e+10	4.76678e+12	1.95769e+10	9.20444e+07	0	4.59180e+12	4.10397e+11
1.04713e+18	4.24765e+17	3.32792e+13	4.30818e+11	1.17514e+06	3.34887e+12	2.76307e+08	0	5.43082e+13	1.40084e+09	0	0	3.76265e+10	4.72669e+12	1.85906e+10	8.64689e+07	0	4.55669e+12	4.07101e+11
1.04713e+18	4.12516e+17	3.28842e+13	4.11002e+11	0	3.24523e+12	2.53629e+08	0	5.42463e+13	1.28700e+09	0	0	3.73185e+10	4.68783e+12	1.76560e+10	8.12645e+07	0	4.52260e+12	4.03906e+11
1.04713e+18	4.00664e+17	3.24979e+13	3.92141e+11	0	3.14471e+12	2.32857e+08	0	5.41854e+13	1.18288e+09	0	0	3.70203e+10	4.65021e+12	1.67701e+10	7.64058e+07	0	4.48953e+12	4.00813e+11
1.04713e+18	3.89169e+17	3.21189e+13	3.74152e+11	0	3.04703e+12	2.13811e+08	0	5.41254e+13	1.08755e+09	0	0	3.67311e+10	4.61370e+12	1.59290e+10	7.18647e+07	0	4.45737e+12	3.97811e+11
1.04713e+18	3.78037e+17	3.17476e+13	3.57014e+11	0	2.95223e+12	1.96353e+08	0	5.40665e+13	1.00028e+09	0	0	3.64509e+10	4.57832e+12	1.51309e+10	6.76204e+07	0	4.42616e+12	3.94902e+11
1.04713e+18	3.67249e+17	3.13836e+13	3.40675e+11	0	2.86019e+12	1.80344e+08	0	5.40084e+13	9.20324e+08	0	0	3.61793e+10	4.54402e+12	1.43731e+10	6.36510e+07	0	4.39584e+12	3.92081e+11
1.04713e+18	3.56792e+17	3.10264e+13	3.25096e+11	0	2.77078e+12	1.65658e+08	0	5.39514e+13	8.47059e+08	0	0	3.59159e+10	4.51074e+12	1.36527e+10	5.99370e+07	0	4.36638e+12	3.89344e+11
1.04713e+18	3.46651e+17	3.06758e+13	3.10237e+11	0	2.68392e+12	1.52180e+08	0	5.38953e+13	7.79879e+08	0	0	3.56604e+10	4.47846e+12	1.29676e+10	5.64599e+07	0	4.33776e+12	3.86689e+11
1.04713e+18	3.36813e+17	3.03314e+13	2.96056e+11	0	2.59947e+12	1.39807e+08	0	5.38401e+13	7.18262e+08	0	0	3.54124e+10	4.44711e+12	1.23154e+10	5.32033e+07	0	4.30993e+12	3.84111e+11
1.04713e+18	3.27274e+17	2.99931e+13	2.82531e+11	0	2.51744e+12	1.28449e+08	0	5.37859e+13	6.61727e+08	0	0	3.51719e+10	4.41670e+12	1.16948e+10	5.01522e+07	0	4.28289e+12	3.81611e+11
1.04713e+18	3.18017e+17	2.96606e+13	2.69622e+11	0	2.43769e+12	1.18017e+08	0	5.37326e+13	6.09837e+08	0	0	3.49385e+10	4.38718e+12	1.11035e+10	4.72920e+07	0	4.25660e+12	3.79183e+11
1.04713e+18	3.09038e+17	2.93339e+13	2.57307e+11	0	2.36016e+12	1.08434e+08	0	5.36803e+13	5.62192e+08	0	0	3.47120e+10	4.35852e+12	1.05397e+10	4.46101e+07	0	4.23106e+12	3.76826e+11
1.04713e+18	3.00309e+17	2.90121e+13	2.45540e+11	0	2.28459e+12	9.96209e+07	0	5.36287e+13	5.18415e+08	0	0	3.44917e+10	4.33065e+12	9.99997e+09	4.20937e+07	0	4.20618e+12	3.74534e+11
1.04713e+18	2.91842e+17	2.86956e+13	2.34311e+11	0	2.21119e+12	9.15257e+07	0	5.35781e+13	4.78193e+08	0	0	3.42780e+10	4.30359e+12	9.48631e+09	3.97320e+07	0	4.18201e+12	3.72309e+11
1.04714e+18	2.83614e+17	2.83841e+13	2.23587e+11	0	2.13968e+12	8.40807e+07	0	5.35289e+13	4.41218e+08	0	0	3.40705e+10	4.27732e+12	8.99481e+09	3.75148e+07	0	4.15852e+12	3.70149e+11
1.04714e+18	2.75621e+17	2.80771e+13	2.13345e+11	0	2.07001e+12	7.72319e+07	0	5.34801e+13	4.07223e+08	0	0	3.38686e+10	4.25176e+12	8.52411e+09	3.54323e+07	0	4.13565e+12	3.68047e+11
1.04714e+18	2.67855e+17	2.77746e+13	2.03565e+11	0	2.00216e+12	7.09336e+07	0	5.34321e+13	3.75953e+08	0	0	3.36724e+10	4.22690e+12	8.07411e+09	3.34756e+07	0	4.11338e+12	3.66004e+11
1.04714e+18	2.60298e+17	2.74761e+13	1.94217e+11	0	1.93597e+12	6.51354e+07	0	5.33848e+13	3.47166e+08	0	0	3.34813e+10	4.20269e+12	7.64274e+09	3.16359e+07	0	4.09168e+12	3.64014e+11
1.04713e+18	2.52990e+17	2.71829e+13	1.85311e+11	0	1.87168e+12	5.98170e+07	0	5.33381e+13	3.20748e+08	0	0	3.32963e+10	4.17924e+12	7.23182e+09	2.99081e+07	0	4.07064e+12	3.62087e+11
1.04713e+18	2.45844e+17	2.68927e+13	1.76784e+11	0	1.80862e+12	5.49026e+07	0	5.32925e+13	2.96365e+08	0	0	3.31155e+10	4.15632e+12	6.83398e+09	2.82817e+07	0	4.05008e+12	3.60204e+11
1.04713e+18	2.38863e+17	2.66054e+13	1.68621e+11	0	1.74665e+12	5.03645e+07	0	5.32476e+13	2.73888e+08	0	0	3.29388e+10	4.13392e+12	6.44811e+09	2.67512e+07	0	4.02998e+12	3.58364e+11
1.04714e+18	2.32080e+17	2.63223e+13	1.60835e+11	0	1.68601e+12	4.61828e+07	0	5.32039e+13	2.53215e+08	0	0	3.27672e+10	4.11216e+12	6.07499e+09	2.53120e+07	0	4.01047e+12	3.56578e+11
1.04713e+18	2.25546e+17	2.60435e+13	1.53428e+11	0	1.62813e+12	4.23780e+07	0	5.31606e+13	2.34163e+08	0	0	3.26017e+10	4.09114e+12	5.73378e+09	2.39560e+07	0	3.99154e+12	3.54854e+11
1.04714e+18	2.19113e+17	2.57679e+13	1.46332e+11	0	1.57005e+12	3.88295e+07	0	5.31185e+13	2.16603e+08	0	0	3.24388e+10	4.07047e+12	5.38929e+09	2.26806e+07	0	3.97300e+12	3.53158e+11
1.04713e+18	2.12750e+17	2.54923e+13	1.39513e+11	0	1.51149e+12	3.55218e+07	0	5.30755e+13	2.00399e+08	0	0	3.22770e+10	4.04995e+12	5.04308e+09	2.14799e+07	0	3.95463e+12	3.51476e+11
1.04713e+18	2.06349e+17	2.52184e+13	1.33025e+11	0	1.44979e+12	3.24168e+07	0	5.30329e+13	1.85482e+08	0	0	3.21141e+10	4.02927e+12	4.69199e+09	2.03569e+07	0	3.93622e+12	3.49790e+11
1.04713e+18	1.99235e+17	2.49343e+13	1.26643e+11	0	1.37279e+12	2.93530e+07	0	5.29873e+13	1.71779e+08	0	0	3.19319e+10	4.00599e+12	4.30660e+09	1.93267e+07	0	3.91580e+12	3.47933e+11
1.04713e+18	1.92235e+17	2.46500e+13	1.20435e+11	0	1.29756e+12	2.65422e+07	0	5.29425e+13	1.59106e+08	0	0	3.17528e+10	3.98297e+12	3.94730e+09	1.83534e+07	0	3.89562e+12	3.46106e+11
1.04713e+18	1.85240e+17	2.43630e+13	1.14391e+11	0	1.22204e+12	2.39291e+07	0	5.28981e+13	1.47384e+08	0	0	3.15738e+10	3.95982e+12	3.59955e+09	1.74350e+07	0	3.87542e+12	3.44279e+11
1.04713e+18	1.78361e+17	2.40779e+13	1.08593e+11	0	1.14792e+12	2.15214e+07	0	5.28547e+13	1.36548e+08	0	0	3.13980e+10	3.93696e+12	3.26730e+09	1.65669e+07	0	3.85552e+12	3.42480e+11
1.04713e+18	1.71631e+17	2.37918e+13	1.03002e+11	0	1.07607e+12	1.93237e+07	0	5.28124e+13	1.26544e+08	0	0	3.12260e+10	3.91445e+12	2.95843e+09	1.57452e+07	0	3.83598e+12	3.40718e+11
1.04713e+18	1.65011e+17	2.35051e+13	9.76281e+10	0	1.00531e+12	1.73009e+07	0	5.27707e+13	1.17323e+08	0	0	3.10567e+10	3.89213e+12	2.66361e+09	1.49687e+07	0	3.81672e+12	3.38981e+11
1.04713e+18	1.58604e+17	2.32188e+13	9.24799e+10	0	9.37101e+11	1.54600e+07	0	5.27310e+13	1.08858e+08	0	0	3.08930e+10	3.87039e+12	2.38841e+09	1.42340e+07	0	3.79805e+12	3.37301e+11
1.04713e+18	1.52145e+17	2.29269e+13	8.74696e+10	0	8.67805e+11	1.37335e+07	0	5.26914e+13	1.01006e+08	0	0	3.07280e+10	3.84825e+12	2.11948e+09	1.35388e+07	0	3.77921e+12	3.35604e+11
1.04713e+18	1.45820e+17	2.26370e+13	8.27816e+10	0	8.03330e+11	1.21756e+07	0	5.26523e+13	9.35018e+07	0	0	3.05664e+10	3.82658e+12	1.87534e+09	1.28719e+07	0	3.76065e+12	3.33933e+11
1.04713e+18	1.39562e+17	2.23433e+13	7.82745e+10	0	7.40111e+11	1.07446e+07	0	5.26140e+13	8.65392e+07	0	0	3.04065e+10	3.80494e+12	1.64521e+09	1.22394e+07	0	3.74225e+12	3.32278e+11
1.04713e+18	1.33304e+17	2.20455e+13	7.39371e+10	0	6.76684e+11	9.41646e+06	0	5.25763e+13	8.00789e+07	0	0	3.02466e+10	3.78308e+12	1.42593e+09	1.16401e+07	0	3.72382e+12	3.30620e+11
1.04713e+18	1.27248e+17	2.17460e+13	6.98288e+10	0	6.17144e+11	8.22593e+06	0	5.25398e+13	7.40500e+07	0	0	3.00918e+10	3.76176e+12	1.22743e+09	1.10690e+07	0	3.70591e+12	3.29012e+11
1.04713e+18	1.21319e+17	2.14450e+13	6.59276e+10	0	5.59450e+11	7.14291e+06	0	5.25044e+13	6.84591e+07	0	0	2.99402e+10	3.74067e+12	1.04396e+09	1.05269e+07	0	3.68834e+12	3.27436e+11
1.04713e+18	1.15493e+17	2.11392e+13	6.21957e+10	0	5.04047e+11	6.16430e+06	0	5.24699e+13	6.32398e+07	0	0	2.97912e+10	3.71971e+12	8.78254e+08	1.00110e+07	0	3.67101e+12	3.25884e+11
1.04713e+18	1.09059e+17	2.08132e+13	5.84375e+10	0	4.40722e+11	5.17614e+06	0	5.24341e+13	5.82874e+07	0	0	2.96265e+10	3.69610e+12	7.10621e+08	9.52103e+06	0	3.65185e+12	3.24167e+11
1.04713e+18	1.04072e+17	2.05148e+13	5.52401e+10	0	3.98147e+11	4.46496e+06	0	5.24037e+13	5.38167e+07	0	0	2.94989e+10	3.67788e+12	5.89656e+08	9.05321e+06	0	3.63692e+12	3.22837e+11
1.04713e+18	9.87290e+16	2.02024e+13	5.20749e+10	0	3.51140e+11	3.76620e+06	0	5.23726e+13	4.95926e+07	0	0	2.93619e+10	3.65796e+12	4.72390e+08	8.60872e+06	0	3.62088e+12	3.21409e+11
1.04713e+18	9.32536e+16	1.98798e+13	4.90028e+10	0	3.02977e+11	3.10817e+06	0	5.23419e+13	4.56198e+07	0	0	2.92215e+10	3.63721e+12	3.63415e+08	8.18571e+06	0	3.60442e+12	3.19943e+11
1.04713e+18	8.88022e+16	1.95773e+13	4.63124e+10	0	2.68748e+11	2.62958e+06	0	5.23149e+13	4.20274e+07	0	0	2.91073e+10	3.62031e+12	2.85015e+08	7.78398e+06	0	3.59097e+12	3.18754e+11
1.04713e+18	8.41689e+16	1.92625e+13	4.36675e+10	0	2.32198e+11	2.16765e+06	0	5.22881e+13	3.86598e+07	0	0	2.89883e+10	3.60233e+12	2.10831e+08	7.40225e+06	0	3.57697e+12	3.17515e+11
1.04713e+18	7.97472e+16	1.89471e+13	4.11767e+10	0	1.98912e+11	1.76984e+06	0	5.22626e+13	3.55243e+07	0	0	2.88746e+10	3.58495e+12	1.48512e+08	7.03912e+06	0	3.56358e+12	3.16333e+11
1.04713e+18	7.56753e+16	1.86374e+13	3.88757e+10	0	1.70160e+11	1.44193e+06	0	5.22385e+13	3.26372e+07	0	0	2.87698e+10	3.56877e+12	9.88055e+07	6.69432e+06	0	3.55121e+12	3.15245e+11
1.04713e+18	7.19305e+16	1.83284e+13	3.67109e+10	0	1.45056e+11	1.17091e+06	0	5.22161e+13	3.00035e+07	0	0	2.86732e+10	3.55357e+12	5.89713e+07	6.36755e+06	0	3.53982e+12	3.14245e+11
1.04713e+18	6.71164e+16	1.79900e+13	3.44561e+10	0	1.07443e+11	8.15893e+05	0	5.21905e+13	2.73539e+07	0	0	2.85491e+10	3.53395e+12	2.44728e+06	6.05473e+06	0	3.52526e+12	3.12955e+11
1.04713e+18	6.46899e+16	1.77085e+13	3.27297e+10	0	1.00553e+11	7.36703e+05	0	5.21725e+13	2.51746e+07	0	0	2.84861e+10	3.52396e+12	2.28792e+06	5.76004e+06	0	3.51775e+12	3.12314e+11
1.04713e+18	6.24104e+16	1.74276e+13	3.10885e+10	0	9.43434e+10	6.67486e+05	0	5.21557e+13	2.31854e+07	0	0	2.84269e+10	3.51436e+12	2.15485e+06	5.48034e+06	0	3.51070e+12	3.11714e+11
1.04713e+18	6.02256e+16	1.71479e+13	2.95309e+10	0	8.86472e+10	6.06064e+05	0	5.21395e+13	2.13480e+07	0	0	2.83699e+10	3.50504e+12	2.03836e+06	5.21447e+06	0	3.50396e+12	3.11139e+11
1.04713e+18	5.81341e+16	1.68680e+13	2.80475e+10	0	8.34049e+10	5.51431e+05	0	5.21239e+13	1.96552e+07	0	0	2.83153e+10	3.49594e+12	1.93342e+06	4.96174e+06	0	3.49752e+12	3.10591e+11
1.04713e+18	5.61319e+16	1.65892e+13	2.66371e+10	0	7.85610e+10	5.02640e+05	0	5.21090e+13	1.80957e+07	0	0	2.82628e+10	3.48708e+12	1.83719e+06	4.72149e+06	0	3.49135e+12	3.10066e+11
1.04713e+18	5.42056e+16	1.63110e+13	2.52931e+10	0	7.40594e+10	4.58868e+05	0	5.20945e+13	1.66562e+07	0	0	2.82122e+10	3.47841e+12	1.74776e+06	4.49302e+06	0	3.48543e+12	3.09563e+11
1.04713e+18	5.23540e+16	1.60333e+13	2.40122e+10	0	6.98708e+10	4.19542e+05	0	5.20805e+13	1.53291e+07	0	0	2.81633e+10	3.46990e+12	1.66401e+06	4.27574e+06	0	3.47974e+12	3.09080e+11
1.04713e+18	5.05800e+16	1.57569e+13	2.27938e+10	0	6.59701e+10	3.84163e+05	0	5.20671e+13	1.41079e+07	0	0	2.81164e+10	3.46159e+12	1.58520e+06	4.06914e+06	0	3.47430e+12	3.08619e+11
1.04713e+18	4.88617e+16	1.54801e+13	2.16281e+10	0	6.23113e+10	3.52178e+05	0	5.20541e+13	1.29790e+07	0	0	2.80708e+10	3.45337e+12	1.51061e+06	3.87253e+06	0	3.46904e+12	3.08174e+11
1.04713e+18	4.72146e+16	1.52049e+13	2.05183e+10	0	5.88906e+10	3.23292e+05	0	5.20416e+13	1.19409e+07	0	0	2.80269e+10	3.44531e+12	1.43998e+06	3.68569e+06	0	3.46400e+12	3.07748e+11
1.04713e+18	4.56295e+16	1.49304e+13	1.94588e+10	0	5.56805e+10	2.97135e+05	0	5.20295e+13	1.09852e+07	0	0	2.79845e+10	3.43738e+12	1.37293e+06	3.50820e+06	0	3.45916e+12	3.07341e+11
1.04713e+18	4.41028e+16	1.46570e+13	1.84481e+10	0	5.26644e+10	2.73411e+05	0	5.20180e+13	1.01051e+07	0	0	2.79435e+10	3.42956e+12	1.30920e+06	3.33956e+06	0	3.45451e+12	3.06950e+11
1.04713e+18	4.26339e+16	1.43851e+13	1.74840e+10	0	4.98280e+10	2.51862e+05	0	5.20068e+13	9.29540e+06	0	0	2.79039e+10	3.42186e+12	1.24859e+06	3.17931e+06	0	3.45004e+12	3.06575e+11
1.04713e+18	4.12166e+16	1.41137e+13	1.65630e+10	0	4.71584e+10	2.32269e+05	0	5.19960e+13	8.54985e+06	0	0	2.78656e+10	3.41422e+12	1.19091e+06	3.02698e+06	0	3.44573e+12	3.06215e+11
1.04713e+18	3.98518e+16	1.38439e+13	1.56842e+10	0	4.46415e+10	2.14423e+05	0	5.19857e+13	7.86429e+06	0	0	2.78285e+10	3.40668e+12	1.13598e+06	2.88219e+06	0	3.44160e+12	3.05870e+11
1.04713e+18	3.85385e+16	1.35756e+13	1.48461e+10	0	4.22710e+10	1.98162e+05	0	5.19757e+13	7.23434e+06	0	0	2.77927e+10	3.39923e+12	1.08366e+06	2.74456e+06	0	3.43762e+12	3.05540e+11
1.04713e+18	3.72733e+16	1.33090e+13	1.40464e+10	0	4.00336e+10	1.83316e+05	0	5.19661e+13	6.65533e+06	0	0	2.77580e+10	3.39185e+12	1.03381e+06	2.61370e+06	0	3.43381e+12	3.05224e+11
1.04713e+18	3.60548e+16	1.30442e+13	1.32838e+10	0	3.79217e+10	1.69745e+05	0	5.19569e+13	6.12349e+06	0	0	2.77244e+10	3.38455e+12	9.86314e+05	2.48926e+06	0	3.43014e+12	3.04921e+11
1.04713e+18	3.48862e+16	1.27814e+13	1.25573e+10	0	3.59340e+10	1.57351e+05	0	5.19482e+13	5.63602e+06	0	0	2.76921e+10	3.37733e+12	9.41105e+05	2.37095e+06	0	3.42663e+12	3.04633e+11
1.04713e+18	3.37551e+16	1.25203e+13	1.18641e+10	0	3.40496e+10	1.45972e+05	0	5.19397e+13	5.18736e+06	0	0	2.76606e+10	3.37015e+12	8.97950e+05	2.25839e+06	0	3.42325e+12	3.04355e+11
1.04713e+18	3.26665e+16	1.22616e+13	1.12038e+10	0	3.22679e+10	1.35529e+05	0	5.19316e+13	4.77574e+06	0	0	2.76301e+10	3.36305e+12	8.56810e+05	2.15132e+06	0	3.42000e+12	3.04090e+11
1.04713e+18	3.16155e+16	1.20049e+13	1.05743e+10	0	3.05816e+10	1.25927e+05	0	5.19237e+13	4.39772e+06	0	0	2.76006e+10	3.35597e+12	8.17578e+05	2.04945e+06	0	3.41686e+12	3.03835e+11
