H	H+	C+	C+2	C+3	N+2	N+4	O	O+2	O+5	O+6	Si+	Si+2	Si+3	Si+4
5.88839e+15	9.33940e+20	3.35697e+10	1.26941e+13	1.42122e+14	1.70711e+12	2.47396e+14	8.72198e+04	4.59889e+12	6.12543e+15	2.85878e+16	3.01913e+06	3.13209e+08	3.83987e+09	1.49680e+12
5.88840e+15	8.79606e+20	3.75774e+10	1.38480e+13	1.48685e+14	1.85747e+12	2.51826e+14	9.77111e+04	5.01268e+12	6.06689e+15	2.67736e+16	3.77434e+06	3.79494e+08	4.48563e+09	1.64878e+12
5.88839e+15	8.28720e+20	4.19738e+10	1.50769e+13	1.55293e+14	2.01860e+12	2.55957e+14	1.09436e+05	5.45988e+12	5.99853e+15	2.50410e+16	4.70429e+06	4.58686e+08	5.22894e+09	1.81290e+12
5.88839e+15	7.81067e+20	4.67907e+10	1.63831e+13	1.61925e+14	2.19130e+12	2.59775e+14	1.22575e+05	5.94356e+12	5.92067e+15	2.33897e+16	5.84615e+06	5.53066e+08	6.08240e+09	1.98976e+12
5.88843e+15	7.36410e+20	5.20597e+10	1.77693e+13	1.68570e+14	2.37625e+12	2.63275e+14	1.37299e+05	6.46617e+12	5.83371e+15	2.18179e+16	7.24473e+06	6.65326e+08	7.06068e+09	2.18005e+12
5.88840e+15	6.94535e+20	5.78149e+10	1.92373e+13	1.75207e+14	2.57422e+12	2.66443e+14	1.53820e+05	7.03064e+12	5.73788e+15	2.03239e+16	8.95323e+06	7.98553e+08	8.17955e+09	2.38438e+12
5.88841e+15	6.55264e+20	6.40945e+10	2.07901e+13	1.81826e+14	2.78609e+12	2.69276e+14	1.72373e+05	7.64010e+12	5.63368e+15	1.89064e+16	1.10354e+07	9.56353e+08	9.45687e+09	2.60343e+12
5.88840e+15	6.18414e+20	7.09400e+10	2.24304e+13	1.88407e+14	3.01281e+12	2.71765e+14	1.93230e+05	8.29765e+12	5.52151e+15	1.75633e+16	1.35669e+07	1.14289e+09	1.09123e+10	2.83786e+12
5.88840e+15	5.83821e+20	7.83884e+10	2.41589e+13	1.94935e+14	3.25509e+12	2.73905e+14	2.16691e+05	9.00654e+12	5.40183e+15	1.62927e+16	1.66375e+07	1.36295e+09	1.25672e+10	3.08828e+12
5.88840e+15	5.51335e+20	8.64880e+10	2.59787e+13	2.01395e+14	3.51396e+12	2.75691e+14	2.43103e+05	9.77016e+12	5.27519e+15	1.50924e+16	2.03537e+07	1.62207e+09	1.44457e+10	3.35531e+12
5.88841e+15	5.20810e+20	9.52847e+10	2.78917e+13	2.07772e+14	3.79036e+12	2.77118e+14	2.72837e+05	1.05915e+13	5.14203e+15	1.39603e+16	2.48413e+07	1.92661e+09	1.65739e+10	3.63959e+12
5.88842e+15	4.92117e+20	1.04833e+11	2.98996e+13	2.14045e+14	4.08540e+12	2.78176e+14	3.06396e+05	1.14748e+13	5.00283e+15	1.28942e+16	3.02486e+07	2.28380e+09	1.89795e+10	3.94153e+12
5.88840e+15	4.65133e+20	1.15182e+11	3.20049e+13	2.20210e+14	4.39989e+12	2.78874e+14	3.44152e+05	1.24222e+13	4.85835e+15	1.18916e+16	3.67512e+07	2.70217e+09	2.16960e+10	4.26197e+12
5.88841e+15	4.39745e+20	1.26391e+11	3.42094e+13	2.26250e+14	4.73489e+12	2.79204e+14	3.86691e+05	1.34376e+13	4.70911e+15	1.09503e+16	4.45547e+07	3.19127e+09	2.47575e+10	4.60136e+12
5.88841e+15	4.15848e+20	1.38518e+11	3.65147e+13	2.32151e+14	5.09142e+12	2.79164e+14	4.34630e+05	1.45243e+13	4.55579e+15	1.00678e+16	5.38997e+07	3.76202e+09	2.82012e+10	4.96013e+12
5.88842e+15	3.93348e+20	1.51631e+11	3.89221e+13	2.37898e+14	5.47056e+12	2.78753e+14	4.88658e+05	1.56853e+13	4.39884e+15	9.24204e+15	6.50684e+07	4.42689e+09	3.20679e+10	5.33871e+12
5.88842e+15	3.72153e+20	1.65795e+11	4.14332e+13	2.43479e+14	5.87324e+12	2.77971e+14	5.49530e+05	1.69237e+13	4.23900e+15	8.47052e+15	7.83900e+07	5.20008e+09	3.64022e+10	5.73748e+12
5.88842e+15	3.52179e+20	1.81083e+11	4.40499e+13	2.48885e+14	6.30045e+12	2.76819e+14	6.18108e+05	1.82426e+13	4.07692e+15	7.75087e+15	9.42489e+07	6.09776e+09	4.12524e+10	6.15680e+12
5.88841e+15	3.33347e+20	1.97568e+11	4.67725e+13	2.54101e+14	6.75305e+12	2.75295e+14	6.95331e+05	1.96440e+13	3.91319e+15	7.08073e+15	1.13091e+08	7.13818e+09	4.66705e+10	6.59687e+12
5.88841e+15	3.15586e+20	2.15334e+11	4.96021e+13	2.59119e+14	7.23189e+12	2.73405e+14	7.82257e+05	2.11307e+13	3.74850e+15	6.45778e+15	1.35434e+08	8.34211e+09	5.27134e+10	7.05796e+12
5.88841e+15	2.98827e+20	2.34454e+11	5.25393e+13	2.63926e+14	7.73775e+12	2.71150e+14	8.80049e+05	2.27045e+13	3.58347e+15	5.87974e+15	1.61878e+08	9.73293e+09	5.94418e+10	7.54013e+12
5.88841e+15	2.83009e+20	2.55015e+11	5.55846e+13	2.68514e+14	8.27128e+12	2.68535e+14	9.90010e+05	2.43671e+13	3.41874e+15	5.34429e+15	1.93115e+08	1.13371e+10	6.69213e+10	8.04345e+12
5.88842e+15	2.68073e+20	2.77103e+11	5.87384e+13	2.72875e+14	8.83308e+12	2.65565e+14	1.11356e+06	2.61193e+13	3.25488e+15	4.84936e+15	2.29943e+08	1.31842e+10	7.52221e+10	8.56783e+12
5.88842e+15	2.53964e+20	3.00810e+11	6.19998e+13	2.76996e+14	9.42349e+12	2.62243e+14	1.25230e+06	2.79623e+13	3.09247e+15	4.39258e+15	2.73276e+08	1.53074e+10	8.44180e+10	9.11299e+12
5.88842e+15	2.40636e+20	3.26237e+11	6.53695e+13	2.80874e+14	1.00431e+13	2.58585e+14	1.40807e+06	2.98970e+13	2.93213e+15	3.97199e+15	3.24172e+08	1.77447e+10	9.45915e+10	9.67891e+12
5.88842e+15	2.28040e+20	3.53479e+11	6.88464e+13	2.84499e+14	1.06921e+13	2.54597e+14	1.58280e+06	3.19234e+13	2.77439e+15	3.58529e+15	3.83832e+08	2.05376e+10	1.05827e+11	1.02651e+13
5.88841e+15	2.16131e+20	3.82635e+11	7.24288e+13	2.87863e+14	1.13704e+13	2.50287e+14	1.77869e+06	3.40406e+13	2.61968e+15	3.23058e+15	4.53628e+08	2.37327e+10	1.18216e+11	1.08709e+13
5.88842e+15	2.04867e+20	4.13790e+11	7.61140e+13	2.90958e+14	1.20773e+13	2.45665e+14	1.99799e+06	3.62469e+13	2.46849e+15	2.90576e+15	5.35117e+08	2.73821e+10	1.31855e+11	1.14959e+13
5.88842e+15	1.94210e+20	4.47046e+11	7.98995e+13	2.93775e+14	1.28125e+13	2.40744e+14	2.24332e+06	3.85406e+13	2.32120e+15	2.60897e+15	6.30066e+08	3.15432e+10	1.46847e+11	1.21392e+13
5.88842e+15	1.84123e+20	4.82490e+11	8.37828e+13	2.96310e+14	1.35751e+13	2.35539e+14	2.51736e+06	4.09188e+13	2.17820e+15	2.33826e+15	7.40478e+08	3.62806e+10	1.63305e+11	1.28000e+13
5.88842e+15	1.74576e+20	5.20244e+11	8.77593e+13	2.98555e+14	1.43644e+13	2.30066e+14	2.82375e+06	4.33807e+13	2.03979e+15	2.09195e+15	8.68623e+08	4.16648e+10	1.81335e+11	1.34772e+13
5.88842e+15	1.65538e+20	5.60392e+11	9.18251e+13	3.00504e+14	1.51790e+13	2.24341e+14	3.16583e+06	4.59226e+13	1.90628e+15	1.86822e+15	1.01704e+09	4.77741e+10	2.01060e+11	1.41695e+13
5.88842e+15	1.56978e+20	6.03034e+11	9.59753e+13	3.02153e+14	1.60176e+13	2.18384e+14	3.54753e+06	4.85408e+13	1.77788e+15	1.66543e+15	1.18860e+09	5.46948e+10	2.22606e+11	1.48757e+13
5.88842e+15	1.48870e+20	6.48262e+11	1.00204e+14	3.03496e+14	1.68782e+13	2.12215e+14	3.97320e+06	5.12315e+13	1.65477e+15	1.48199e+15	1.38649e+09	6.25215e+10	2.46105e+11	1.55944e+13
5.88843e+15	1.41188e+20	6.96160e+11	1.04505e+14	3.04527e+14	1.77591e+13	2.05856e+14	4.44764e+06	5.39899e+13	1.53710e+15	1.31640e+15	1.61427e+09	7.13578e+10	2.71691e+11	1.63238e+13
5.88842e+15	1.33908e+20	7.46819e+11	1.08871e+14	3.05242e+14	1.86578e+13	1.99328e+14	4.97629e+06	5.68118e+13	1.42495e+15	1.16720e+15	1.87594e+09	8.13174e+10	2.99507e+11	1.70621e+13
5.88842e+15	1.27009e+20	8.00299e+11	1.13293e+14	3.05638e+14	1.95718e+13	1.92655e+14	5.56494e+06	5.96915e+13	1.31838e+15	1.03304e+15	2.17585e+09	9.25230e+10	3.29699e+11	1.78074e+13
5.88843e+15	1.20471e+20	8.56716e+11	1.17764e+14	3.05710e+14	2.04989e+13	1.85863e+14	6.22073e+06	6.26252e+13	1.21741e+15	9.12663e+14	2.51894e+09	1.05109e+11	3.62410e+11	1.85575e+13
5.88842e+15	1.14272e+20	9.16111e+11	1.22274e+14	3.05455e+14	2.14358e+13	1.78976e+14	6.95087e+06	6.56061e+13	1.12199e+15	8.04882e+14	2.91055e+09	1.19222e+11	3.97797e+11	1.93103e+13
5.88842e+15	1.08396e+20	9.78553e+11	1.26811e+14	3.04871e+14	2.23798e+13	1.72020e+14	7.76385e+06	6.86287e+13	1.03208e+15	7.08571e+14	3.35658e+09	1.35018e+11	4.36012e+11	2.00631e+13
5.88842e+15	1.02825e+20	1.04411e+12	1.31366e+14	3.03956e+14	2.33276e+13	1.65020e+14	8.66929e+06	7.16872e+13	9.47579e+14	6.22689e+14	3.86354e+09	1.52667e+11	4.77208e+11	2.08136e+13
5.88842e+15	9.75437e+19	1.11282e+12	1.35927e+14	3.02709e+14	2.42759e+13	1.58003e+14	9.67780e+06	7.47756e+13	8.68372e+14	5.46256e+14	4.43849e+09	1.72352e+11	5.21540e+11	2.15588e+13
5.88842e+15	9.25353e+19	1.18471e+12	1.40480e+14	3.01128e+14	2.52214e+13	1.50993e+14	1.08012e+07	7.78872e+13	7.94318e+14	4.78363e+14	5.08914e+09	1.94266e+11	5.69166e+11	2.22962e+13
5.88842e+15	8.77867e+19	1.25985e+12	1.45014e+14	2.99213e+14	2.61608e+13	1.44016e+14	1.20535e+07	8.10167e+13	7.25259e+14	4.18180e+14	5.82390e+09	2.18619e+11	6.20231e+11	2.30226e+13
5.88842e+15	8.32839e+19	1.33822e+12	1.49513e+14	2.96966e+14	2.70905e+13	1.37096e+14	1.34497e+07	8.41573e+13	6.61017e+14	3.64927e+14	6.65183e+09	2.45632e+11	6.74885e+11	2.37351e+13
5.88842e+15	7.90140e+19	1.41985e+12	1.53964e+14	2.94388e+14	2.80070e+13	1.30253e+14	1.50071e+07	8.73022e+13	6.01395e+14	3.17914e+14	7.58274e+09	2.75542e+11	7.33271e+11	2.44307e+13
5.88842e+15	7.49654e+19	1.50475e+12	1.58352e+14	2.91482e+14	2.89069e+13	1.23512e+14	1.67453e+07	9.04453e+13	5.46195e+14	2.76494e+14	8.62718e+09	3.08596e+11	7.95515e+11	2.51059e+13
5.88842e+15	7.11260e+19	1.59285e+12	1.62659e+14	2.88253e+14	2.97864e+13	1.16891e+14	1.86860e+07	9.35797e+13	4.95207e+14	2.40062e+14	9.79630e+09	3.45054e+11	8.61749e+11	2.57577e+13
5.88842e+15	6.74852e+19	1.68416e+12	1.66872e+14	2.84705e+14	3.06425e+13	1.10411e+14	2.08543e+07	9.66989e+13	4.48216e+14	2.08087e+14	1.11021e+10	3.85187e+11	9.32075e+11	2.63827e+13
5.88842e+15	6.40325e+19	1.77859e+12	1.70972e+14	2.80845e+14	3.14720e+13	1.04089e+14	2.32779e+07	9.97963e+13	4.05004e+14	1.80075e+14	1.25574e+10	4.29281e+11	1.00660e+12	2.69777e+13
5.88842e+15	6.07590e+19	1.87615e+12	1.74945e+14	2.76677e+14	3.22724e+13	9.79415e+13	2.59895e+07	1.02867e+14	3.65356e+14	1.55585e+14	1.41759e+10	4.77634e+11	1.08538e+12	2.75393e+13
5.88842e+15	5.76553e+19	1.97678e+12	1.78775e+14	2.72212e+14	3.30410e+13	9.19812e+13	2.90255e+07	1.05903e+14	3.29055e+14	1.34213e+14	1.59720e+10	5.30552e+11	1.16848e+12	2.80645e+13
5.88842e+15	5.47119e+19	2.08027e+12	1.82442e+14	2.67459e+14	3.37744e+13	8.62207e+13	3.24246e+07	1.08899e+14	2.95887e+14	1.15596e+14	1.79604e+10	5.88346e+11	1.25596e+12	2.85501e+13
5.88842e+15	5.19205e+19	2.18653e+12	1.85930e+14	2.62432e+14	3.44703e+13	8.06695e+13	3.62329e+07	1.11848e+14	2.65642e+14	9.94108e+13	2.01566e+10	6.51330e+11	1.34782e+12	2.89932e+13
5.88841e+15	4.92743e+19	2.29558e+12	1.89226e+14	2.57138e+14	3.51272e+13	7.53360e+13	4.05040e+07	1.14744e+14	2.38121e+14	8.53691e+13	2.25778e+10	7.19836e+11	1.44402e+12	2.93905e+13
5.88841e+15	4.67646e+19	2.40705e+12	1.92309e+14	2.51595e+14	3.57424e+13	7.02260e+13	4.52940e+07	1.17582e+14	2.13125e+14	7.32035e+13	2.52398e+10	7.94182e+11	1.54456e+12	2.97396e+13
5.88842e+15	4.43849e+19	2.52089e+12	1.95167e+14	2.45816e+14	3.63144e+13	6.53441e+13	5.06697e+07	1.20355e+14	1.90468e+14	6.26827e+13	2.81605e+10	8.74690e+11	1.64934e+12	3.00378e+13
5.88842e+15	4.21283e+19	2.63689e+12	1.97785e+14	2.39818e+14	3.68416e+13	6.06926e+13	5.67056e+07	1.23059e+14	1.69968e+14	5.35991e+13	3.13574e+10	9.61677e+11	1.75824e+12	3.02827e+13
5.88841e+15	3.99885e+19	2.75486e+12	2.00149e+14	2.33617e+14	3.73226e+13	5.62723e+13	6.34850e+07	1.25687e+14	1.51455e+14	4.57690e+13	3.48486e+10	1.05544e+12	1.87108e+12	3.04719e+13
5.88842e+15	3.79573e+19	2.87404e+12	2.02229e+14	2.27230e+14	3.77538e+13	5.20819e+13	7.10949e+07	1.28230e+14	1.34761e+14	3.90283e+13	3.86483e+10	1.15623e+12	1.98779e+12	3.06031e+13
5.88842e+15	3.60327e+19	2.99517e+12	2.04045e+14	2.20679e+14	3.81389e+13	4.81206e+13	7.96556e+07	1.30690e+14	1.19741e+14	3.32417e+13	4.27808e+10	1.26439e+12	2.10789e+12	3.06750e+13
5.88841e+15	3.42076e+19	3.11751e+12	2.05570e+14	2.13984e+14	3.84751e+13	4.43849e+13	8.92789e+07	1.33059e+14	1.06248e+14	2.82789e+13	4.72606e+10	1.38014e+12	2.23120e+12	3.06863e+13
5.88842e+15	3.24767e+19	3.24079e+12	2.06798e+14	2.07165e+14	3.87620e+13	4.08705e+13	1.00099e+08	1.35334e+14	9.41479e+13	2.40285e+13	5.21047e+10	1.50367e+12	2.35738e+12	3.06357e+13
5.88842e+15	3.08352e+19	3.36470e+12	2.07719e+14	2.00245e+14	3.89991e+13	3.75719e+13	1.12265e+08	1.37508e+14	8.33134e+13	2.03930e+13	5.73287e+10	1.63517e+12	2.48602e+12	3.05225e+13
5.88841e+15	2.92783e+19	3.48892e+12	2.08328e+14	1.93245e+14	3.91862e+13	3.44828e+13	1.25946e+08	1.39578e+14	7.36283e+13	1.72874e+13	6.29475e+10	1.77474e+12	2.61667e+12	3.03462e+13
5.88841e+15	2.78016e+19	3.61319e+12	2.08623e+14	1.86188e+14	3.93235e+13	3.15966e+13	1.41331e+08	1.41540e+14	6.49843e+13	1.46381e+13	6.89751e+10	1.92247e+12	2.74881e+12	3.01067e+13
5.88842e+15	2.64009e+19	3.73713e+12	2.08600e+14	1.79098e+14	3.94112e+13	2.89057e+13	1.58632e+08	1.43390e+14	5.72813e+13	1.23807e+13	7.54219e+10	2.07835e+12	2.88190e+12	2.98042e+13
5.88842e+15	2.50721e+19	3.86042e+12	2.08258e+14	1.71996e+14	3.94494e+13	2.64021e+13	1.78085e+08	1.45123e+14	5.04269e+13	1.04595e+13	8.22974e+10	2.24229e+12	3.01528e+12	2.94393e+13
5.88842e+15	2.38114e+19	3.98269e+12	2.07599e+14	1.64905e+14	3.94388e+13	2.40776e+13	1.99955e+08	1.46736e+14	4.43367e+13	8.82648e+12	8.96073e+10	2.41414e+12	3.14832e+12	2.90131e+13
5.88842e+15	2.26152e+19	4.10361e+12	2.06627e+14	1.57847e+14	3.93799e+13	2.19239e+13	2.24539e+08	1.48225e+14	3.89331e+13	7.43999e+12	9.73547e+10	2.59364e+12	3.28027e+12	2.85268e+13
5.88842e+15	2.14801e+19	4.22279e+12	2.05347e+14	1.50843e+14	3.92735e+13	1.99322e+13	2.52166e+08	1.49588e+14	3.41456e+13	6.26420e+12	1.05539e+11	2.78045e+12	3.41037e+12	2.79824e+13
5.88843e+15	2.04029e+19	4.33986e+12	2.03762e+14	1.43911e+14	3.91206e+13	1.80940e+13	2.83204e+08	1.50821e+14	2.99097e+13	5.26823e+12	1.14154e+11	2.97407e+12	3.53781e+12	2.73820e+13
5.88842e+15	1.93805e+19	4.45449e+12	2.01882e+14	1.37071e+14	3.89221e+13	1.64006e+13	3.18066e+08	1.51920e+14	2.61668e+13	4.42552e+12	1.23191e+11	3.17395e+12	3.66171e+12	2.67282e+13
5.88842e+15	1.84100e+19	4.56635e+12	1.99720e+14	1.30343e+14	3.86792e+13	1.48435e+13	3.57206e+08	1.52883e+14	2.28642e+13	3.71331e+12	1.32636e+11	3.37935e+12	3.78122e+12	2.60240e+13
5.88843e+15	1.74888e+19	4.67517e+12	1.97287e+14	1.23743e+14	3.83934e+13	1.34144e+13	4.01141e+08	1.53708e+14	1.99538e+13	3.11208e+12	1.42470e+11	3.58948e+12	3.89541e+12	2.52728e+13
5.88842e+15	1.66141e+19	4.78062e+12	1.94595e+14	1.17287e+14	3.80656e+13	1.21051e+13	4.50429e+08	1.54392e+14	1.73923e+13	2.60509e+12	1.52666e+11	3.80333e+12	4.00336e+12	2.44783e+13
5.88842e+15	1.57836e+19	4.88248e+12	1.91663e+14	1.10991e+14	3.76978e+13	1.09076e+13	5.05706e+08	1.54932e+14	1.51409e+13	2.17808e+12	1.63194e+11	4.01986e+12	4.10417e+12	2.36448e+13
5.88843e+15	1.49950e+19	4.98045e+12	1.88504e+14	1.04866e+14	3.72912e+13	9.81437e+12	5.67668e+08	1.55327e+14	1.31644e+13	1.81881e+12	1.74016e+11	4.23781e+12	4.19694e+12	2.27765e+13
5.88843e+15	1.42461e+19	5.07435e+12	1.85136e+14	9.89244e+13	3.68476e+13	8.81794e+12	6.37091e+08	1.55574e+14	1.14315e+13	1.51690e+12	1.85092e+11	4.45589e+12	4.28080e+12	2.18783e+13
5.88843e+15	1.35348e+19	5.16397e+12	1.81577e+14	9.31751e+13	3.63686e+13	7.91128e+12	7.14830e+08	1.55672e+14	9.91415e+12	1.26349e+12	1.96373e+11	4.67265e+12	4.35491e+12	2.09550e+13
5.88843e+15	1.28591e+19	5.24916e+12	1.77846e+14	8.76266e+13	3.58561e+13	7.08775e+12	8.01830e+08	1.55620e+14	8.58717e+12	1.05103e+12	2.07805e+11	4.88658e+12	4.41851e+12	2.00120e+13
5.88842e+15	1.22173e+19	5.32981e+12	1.73960e+14	8.22852e+13	3.53120e+13	6.34092e+12	8.99137e+08	1.55415e+14	7.42818e+12	8.73138e+11	2.19333e+11	5.09610e+12	4.47091e+12	1.90545e+13
5.88842e+15	1.16077e+19	5.40591e+12	1.69940e+14	7.71550e+13	3.47384e+13	5.66477e+12	1.00792e+09	1.55059e+14	6.41718e+12	7.24368e+11	2.30900e+11	5.29965e+12	4.51147e+12	1.80881e+13
5.88843e+15	1.10285e+19	5.47733e+12	1.65805e+14	7.22395e+13	3.41372e+13	5.05358e+12	1.12944e+09	1.54549e+14	5.53639e+12	6.00107e+11	2.42439e+11	5.49555e+12	4.53972e+12	1.71182e+13
5.88842e+15	1.04783e+19	5.54405e+12	1.61571e+14	6.75401e+13	3.35102e+13	4.50200e+12	1.26510e+09	1.53886e+14	4.77001e+12	4.96450e+11	2.53887e+11	5.68216e+12	4.55524e+12	1.61501e+13
5.88842e+15	9.95546e+18	5.60595e+12	1.57255e+14	6.30597e+13	3.28588e+13	4.00511e+12	1.41642e+09	1.53069e+14	4.10407e+12	4.10098e+11	2.65177e+11	5.85791e+12	4.55783e+12	1.51893e+13
5.88843e+15	9.45877e+18	5.66340e+12	1.52882e+14	5.87930e+13	3.21871e+13	3.55804e+12	1.58514e+09	1.52099e+14	3.52619e+12	3.38264e+11	2.76252e+11	6.02140e+12	4.54731e+12	1.42408e+13
5.88843e+15	8.98684e+18	5.71625e+12	1.48464e+14	5.47401e+13	3.14959e+13	3.15649e+12	1.77308e+09	1.50977e+14	3.02537e+12	2.78586e+11	2.87046e+11	6.17117e+12	4.52374e+12	1.33094e+13
5.88843e+15	8.53844e+18	5.76463e+12	1.44017e+14	5.08980e+13	3.07875e+13	2.79641e+12	1.98226e+09	1.49704e+14	2.59193e+12	2.29081e+11	2.97502e+11	6.30598e+12	4.48728e+12	1.23997e+13
5.88842e+15	8.11240e+18	5.80860e+12	1.39558e+14	4.72630e+13	3.00639e+13	2.47401e+12	2.21488e+09	1.48282e+14	2.21732e+12	1.88073e+11	3.07565e+11	6.42474e+12	4.43824e+12	1.15159e+13
5.88843e+15	7.70770e+18	5.84816e+12	1.35100e+14	4.38319e+13	2.93276e+13	2.18591e+12	2.47328e+09	1.46713e+14	1.89412e+12	1.54165e+11	3.17176e+11	6.52645e+12	4.37722e+12	1.06618e+13
5.88842e+15	7.32310e+18	5.88374e+12	1.30657e+14	4.05961e+13	2.85801e+13	1.92867e+12	2.76021e+09	1.45000e+14	1.61550e+12	1.26156e+11	3.26315e+11	6.61061e+12	4.30457e+12	9.84025e+12
5.88842e+15	6.95759e+18	5.91541e+12	1.26240e+14	3.75509e+13	2.78234e+13	1.69936e+12	3.07854e+09	1.43145e+14	1.37565e+12	1.03056e+11	3.34948e+11	6.67668e+12	4.22101e+12	9.05391e+12
5.88843e+15	6.61042e+18	5.94315e+12	1.21863e+14	3.46910e+13	2.70601e+13	1.49538e+12	3.43118e+09	1.41153e+14	1.16963e+12	8.40466e+10	3.43027e+11	6.72427e+12	4.12756e+12	8.30538e+12
5.88842e+15	6.28055e+18	5.96716e+12	1.17535e+14	3.20091e+13	2.62919e+13	1.31415e+12	3.82152e+09	1.39027e+14	9.92869e+11	6.84245e+10	3.50540e+11	6.75336e+12	4.02501e+12	7.59604e+12
5.88843e+15	5.96717e+18	5.98761e+12	1.13264e+14	2.94984e+13	2.55205e+13	1.15339e+12	4.25318e+09	1.36772e+14	8.41456e+11	5.56082e+10	3.57477e+11	6.76413e+12	3.91436e+12	6.92706e+12
5.88842e+15	5.66942e+18	6.00462e+12	1.09059e+14	2.71516e+13	2.47476e+13	1.01099e+12	4.72999e+09	1.34394e+14	7.11950e+11	4.51112e+10	3.63833e+11	6.75691e+12	3.79659e+12	6.29898e+12
5.88842e+15	5.38642e+18	6.01814e+12	1.04926e+14	2.49608e+13	2.39748e+13	8.85010e+11	5.25631e+09	1.31895e+14	6.01337e+11	3.65267e+10	3.69603e+11	6.73201e+12	3.67283e+12	5.71177e+12
5.88842e+15	5.11767e+18	6.02875e+12	1.00874e+14	2.29196e+13	2.32044e+13	7.73778e+11	5.83632e+09	1.29286e+14	5.07063e+11	2.95232e+10	3.74817e+11	6.69062e+12	3.54403e+12	5.16549e+12
5.88842e+15	4.86234e+18	6.03639e+12	9.69082e+13	2.10198e+13	2.24377e+13	6.75680e+11	6.47500e+09	1.26571e+14	4.26825e+11	2.38179e+10	3.79483e+11	6.63334e+12	3.41128e+12	4.65923e+12
5.88842e+15	4.61977e+18	6.04116e+12	9.30316e+13	1.92546e+13	2.16760e+13	5.89297e+11	7.17743e+09	1.23758e+14	3.58651e+11	1.91789e+10	3.83621e+11	6.56117e+12	3.27562e+12	4.19198e+12
5.88843e+15	4.38934e+18	6.04322e+12	8.92487e+13	1.76165e+13	2.09208e+13	5.13334e+11	7.94912e+09	1.20853e+14	3.00829e+11	1.54140e+10	3.87262e+11	6.47517e+12	3.13802e+12	3.76241e+12
5.88842e+15	4.17040e+18	6.04266e+12	8.55623e+13	1.60985e+13	2.01733e+13	4.46627e+11	8.79589e+09	1.17864e+14	2.51870e+11	1.23643e+10	3.90433e+11	6.37648e+12	2.99941e+12	3.36893e+12
5.88842e+15	3.96232e+18	6.03926e+12	8.19729e+13	1.46938e+13	1.94344e+13	3.88128e+11	9.72387e+09	1.14798e+14	2.10485e+11	9.89813e+09	3.93159e+11	6.26597e+12	2.86079e+12	3.00974e+12
5.88842e+15	3.76475e+18	6.03383e+12	7.84867e+13	1.33956e+13	1.87059e+13	3.36906e+11	1.07397e+10	1.11666e+14	1.75579e+11	7.90894e+09	3.95502e+11	6.14552e+12	2.72270e+12	2.68314e+12
5.88843e+15	3.57706e+18	6.02611e+12	7.51029e+13	1.21976e+13	1.79885e+13	2.92113e+11	1.18503e+10	1.08476e+14	1.46187e+11	6.30713e+09	3.97486e+11	6.01602e+12	2.58601e+12	2.38706e+12
5.88842e+15	3.39890e+18	6.01614e+12	7.18245e+13	1.10943e+13	1.72836e+13	2.53023e+11	1.30622e+10	1.05238e+14	1.21500e+11	5.02066e+09	3.99138e+11	5.87877e+12	2.45151e+12	2.11964e+12
5.88842e+15	3.22939e+18	6.00411e+12	6.86442e+13	1.00770e+13	1.65902e+13	2.18873e+11	1.43852e+10	1.01952e+14	1.00760e+11	3.98739e+09	4.00526e+11	5.73462e+12	2.31929e+12	1.87837e+12
5.88842e+15	3.06855e+18	5.98976e+12	6.55707e+13	9.14335e+12	1.59111e+13	1.89169e+11	1.58246e+10	9.86379e+13	8.34176e+10	3.16134e+09	4.01647e+11	5.58493e+12	2.19053e+12	1.66180e+12
5.88842e+15	2.91569e+18	5.97363e+12	6.25989e+13	8.28554e+12	1.52459e+13	1.63309e+11	1.73907e+10	9.52980e+13	6.89178e+10	2.50121e+09	4.02569e+11	5.43083e+12	2.06509e+12	1.46765e+12
5.88842e+15	2.77050e+18	5.95558e+12	5.97290e+13	7.49907e+12	1.45953e+13	1.40838e+11	1.90916e+10	9.19426e+13	5.68255e+10	1.97501e+09	4.03316e+11	5.27328e+12	1.94350e+12	1.29409e+12
5.88842e+15	2.63259e+18	5.93570e+12	5.69606e+13	6.77900e+12	1.39599e+13	1.21338e+11	2.09361e+10	8.85807e+13	4.67620e+10	1.55648e+09	4.03920e+11	5.11327e+12	1.82603e+12	1.13933e+12
5.88843e+15	2.50159e+18	5.91396e+12	5.42918e+13	6.12057e+12	1.33399e+13	1.04434e+11	2.29336e+10	8.52201e+13	3.84031e+10	1.22422e+09	4.04408e+11	4.95158e+12	1.71291e+12	1.00162e+12
5.88843e+15	2.37702e+18	5.89051e+12	5.17182e+13	5.51859e+12	1.27351e+13	8.97827e+10	2.50957e+10	8.18649e+13	3.14682e+10	9.60789e+08	4.04818e+11	4.78889e+12	1.60411e+12	8.79246e+11
5.88843e+15	2.25897e+18	5.86519e+12	4.92472e+13	4.97089e+12	1.21477e+13	7.71391e+10	2.74258e+10	7.85353e+13	2.57432e+10	7.52935e+08	4.05147e+11	4.62642e+12	1.50030e+12	7.71007e+11
5.88843e+15	2.14671e+18	5.83818e+12	4.68678e+13	4.47146e+12	1.15758e+13	6.62028e+10	2.99398e+10	7.52264e+13	2.10120e+10	5.88769e+08	4.05442e+11	4.46427e+12	1.40097e+12	6.75178e+11
5.88843e+15	2.04006e+18	5.80944e+12	4.45809e+13	4.01721e+12	1.10201e+13	5.67646e+10	3.26453e+10	7.19491e+13	1.71145e+10	4.59509e+08	4.05714e+11	4.30319e+12	1.30634e+12	5.90566e+11
5.88843e+15	1.93871e+18	5.77884e+12	4.23833e+13	3.60455e+12	1.04806e+13	4.86260e+10	3.55525e+10	6.87090e+13	1.39098e+10	3.57914e+08	4.05982e+11	4.14354e+12	1.21640e+12	5.15961e+11
5.88843e+15	1.84237e+18	5.74676e+12	4.02725e+13	3.22985e+12	9.95704e+12	4.16107e+10	3.86731e+10	6.55115e+13	1.12794e+10	2.78206e+08	4.06257e+11	3.98590e+12	1.13092e+12	4.50262e+11
5.88843e+15	1.75110e+18	5.71294e+12	3.82536e+13	2.89133e+12	9.45122e+12	3.55895e+10	4.20071e+10	6.23738e+13	9.13103e+09	2.15961e+08	4.06536e+11	3.83106e+12	1.05030e+12	3.92644e+11
5.88843e+15	1.66430e+18	5.67749e+12	3.63157e+13	2.58470e+12	8.96101e+12	3.04072e+10	4.55726e+10	5.92888e+13	7.37427e+09	1.67289e+08	4.06844e+11	3.67877e+12	9.73997e+11	3.42024e+11
5.88843e+15	1.58183e+18	5.64038e+12	3.44592e+13	2.30771e+12	8.48697e+12	2.59567e+10	4.93748e+10	5.62656e+13	5.94250e+09	1.29350e+08	4.07181e+11	3.52947e+12	9.02046e+11	2.97658e+11
5.88843e+15	1.50352e+18	5.60165e+12	3.26821e+13	2.05786e+12	8.02906e+12	2.21385e+10	5.34205e+10	5.33097e+13	4.77830e+09	9.98367e+07	4.07546e+11	3.38345e+12	8.34317e+11	2.58824e+11
5.88843e+15	1.42913e+18	5.56130e+12	3.09819e+13	1.83278e+12	7.58709e+12	1.88656e+10	5.77161e+10	5.04253e+13	3.83371e+09	7.69221e+07	4.07941e+11	3.24087e+12	7.70676e+11	2.24870e+11
5.88843e+15	1.35847e+18	5.51931e+12	2.93560e+13	1.63029e+12	7.16085e+12	1.60622e+10	6.22671e+10	4.76159e+13	3.06894e+09	5.91628e+07	4.08368e+11	3.10184e+12	7.10977e+11	1.95212e+11
5.88843e+15	1.29134e+18	5.47569e+12	2.78022e+13	1.44838e+12	6.75018e+12	1.36632e+10	6.70770e+10	4.48854e+13	2.45120e+09	4.54259e+07	4.08819e+11	2.96649e+12	6.55065e+11	1.69336e+11
5.88843e+15	1.22759e+18	5.43048e+12	2.63182e+13	1.28520e+12	6.35491e+12	1.16122e+10	7.21479e+10	4.22371e+13	1.95336e+09	3.48203e+07	4.09289e+11	2.83494e+12	6.02783e+11	1.46782e+11
5.88843e+15	1.16703e+18	5.38366e+12	2.49015e+13	1.13903e+12	5.97482e+12	9.86000e+09	7.74801e+10	3.96738e+13	1.55306e+09	2.66468e+07	4.09774e+11	2.70720e+12	5.53973e+11	1.27141e+11
5.88843e+15	1.10950e+18	5.33523e+12	2.35497e+13	1.00825e+12	5.60968e+12	8.36434e+09	8.30723e+10	3.71978e+13	1.23192e+09	2.03590e+07	4.10264e+11	2.58331e+12	5.08473e+11	1.10051e+11
5.88843e+15	1.05487e+18	5.28530e+12	2.22613e+13	8.91447e+11	5.25945e+12	7.08901e+09	8.89196e+10	3.48122e+13	9.74962e+08	1.55316e+07	4.10737e+11	2.46338e+12	4.66122e+11	9.51981e+10
5.88844e+15	1.00296e+18	5.23375e+12	2.10330e+13	7.87226e+11	4.92368e+12	6.00209e+09	9.50174e+10	3.25172e+13	7.69756e+08	1.18303e+07	4.11201e+11	2.34726e+12	4.26762e+11	8.22936e+10
5.88844e+15	9.53651e+17	5.18064e+12	1.98629e+13	6.94368e+11	4.60223e+12	5.07663e+09	1.01357e+11	3.03148e+13	6.06295e+08	8.99753e+06	4.11637e+11	2.23498e+12	3.90234e+11	7.10922e+10
5.88844e+15	9.06811e+17	5.12603e+12	1.87492e+13	6.11757e+11	4.29497e+12	4.28943e+09	1.07927e+11	2.82063e+13	4.76418e+08	0	4.12026e+11	2.12657e+12	3.56385e+11	6.13779e+10
5.88842e+15	8.62317e+17	5.06994e+12	1.76894e+13	5.38358e+11	4.00163e+12	3.62039e+09	1.14713e+11	2.61922e+13	3.73471e+08	0	4.12353e+11	2.02195e+12	3.25062e+11	5.29589e+10
5.88842e+15	8.20040e+17	5.01234e+12	1.66815e+13	4.73219e+11	3.72196e+12	3.05223e+09	1.21702e+11	2.42725e+13	2.92058e+08	0	4.12617e+11	1.92105e+12	2.96121e+11	4.56661e+10
5.88842e+15	7.79890e+17	4.95336e+12	1.57237e+13	4.15503e+11	3.45587e+12	2.57033e+09	1.28872e+11	2.24480e+13	2.27855e+08	0	4.12785e+11	1.82389e+12	2.69422e+11	3.93555e+10
5.88842e+15	7.41743e+17	4.89297e+12	1.48138e+13	3.64422e+11	3.20302e+12	2.16193e+09	1.36202e+11	2.07178e+13	1.77338e+08	0	4.12857e+11	1.73035e+12	2.44824e+11	3.38967e+10
5.88842e+15	7.05501e+17	4.83120e+12	1.39499e+13	3.19274e+11	2.96321e+12	1.81618e+09	1.43669e+11	1.90813e+13	1.37691e+08	0	4.12810e+11	1.64037e+12	2.22197e+11	2.91782e+10
5.88842e+15	6.71086e+17	4.76818e+12	1.31304e+13	2.79430e+11	2.73630e+12	1.52384e+09	1.51248e+11	1.75379e+13	1.06661e+08	0	4.12614e+11	1.55396e+12	2.01412e+11	2.51032e+10
5.88842e+15	6.38359e+17	4.70373e+12	1.23525e+13	2.44287e+11	2.52178e+12	1.27682e+09	1.58913e+11	1.60849e+13	8.24208e+07	0	4.12299e+11	1.47086e+12	1.82346e+11	2.15833e+10
5.88842e+15	6.07277e+17	4.63810e+12	1.16154e+13	2.13348e+11	2.31960e+12	1.06844e+09	1.66635e+11	1.47218e+13	6.35437e+07	0	4.11807e+11	1.39117e+12	1.64882e+11	1.85470e+10
5.88842e+15	5.77655e+17	4.57109e+12	1.09149e+13	1.86077e+11	2.12896e+12	8.92488e+08	1.74400e+11	1.34431e+13	4.88519e+07	0	4.11136e+11	1.31452e+12	1.48867e+11	1.59236e+10
5.88842e+15	5.49679e+17	4.50334e+12	1.02556e+13	1.62236e+11	1.95093e+12	7.45056e+08	1.82138e+11	1.22555e+13	3.75104e+07	0	4.10279e+11	1.24155e+12	1.34323e+11	1.36725e+10
5.88842e+15	5.23012e+17	4.43431e+12	9.62965e+12	1.41265e+11	1.78381e+12	6.20849e+08	1.89859e+11	1.11473e+13	2.87231e+07	0	4.09216e+11	1.17147e+12	1.21019e+11	1.17291e+10
5.88842e+15	4.97671e+17	4.36426e+12	9.03756e+12	1.22886e+11	1.62773e+12	5.16606e+08	1.97520e+11	1.01189e+13	2.19468e+07	0	4.07937e+11	1.10444e+12	1.08905e+11	1.00564e+10
5.88842e+15	4.73588e+17	4.29325e+12	8.47778e+12	1.06798e+11	1.48232e+12	4.29243e+08	2.05093e+11	9.16708e+12	1.67338e+07	0	4.06431e+11	1.04038e+12	9.78889e+10	8.61735e+09
5.88842e+15	4.50705e+17	4.22138e+12	7.94889e+12	9.27304e+10	1.34722e+12	3.56136e+08	2.12553e+11	8.28859e+12	1.27330e+07	0	4.04685e+11	9.79222e+11	8.78864e+10	7.38023e+09
5.88842e+15	4.28954e+17	4.14869e+12	7.44936e+12	8.04423e+10	1.22199e+12	2.95047e+08	2.19875e+11	7.47987e+12	9.66948e+06	0	4.02698e+11	9.20871e+11	7.88160e+10	6.31711e+09
5.88842e+15	4.08282e+17	4.07524e+12	6.97789e+12	6.97216e+10	1.10624e+12	2.44083e+08	2.27032e+11	6.73755e+12	7.32913e+06	0	4.00457e+11	8.65260e+11	7.06034e+10	5.40417e+09
5.88842e+15	3.88632e+17	4.00113e+12	6.53312e+12	6.03776e+10	9.99533e+11	2.01632e+08	2.34006e+11	6.05796e+12	5.54512e+06	0	3.97960e+11	8.12303e+11	6.31776e+10	4.62061e+09
5.88842e+15	3.69954e+17	3.92641e+12	6.11374e+12	5.22419e+10	9.01411e+11	1.66326e+08	2.40778e+11	5.43735e+12	4.18803e+06	0	3.95204e+11	7.61916e+11	5.64720e+10	3.94847e+09
5.88842e+15	3.52200e+17	3.85120e+12	5.71860e+12	4.51660e+10	8.11435e+11	1.37012e+08	2.47330e+11	4.87213e+12	3.15793e+06	0	3.92181e+11	7.14038e+11	5.04260e+10	3.37231e+09
5.88842e+15	3.35324e+17	3.77555e+12	5.34648e+12	3.90177e+10	7.29141e+11	1.12711e+08	2.53650e+11	4.35863e+12	0	0	3.88893e+11	6.68581e+11	4.49817e+10	2.87869e+09
5.88842e+15	3.19276e+17	3.69953e+12	4.99616e+12	3.36798e+10	6.54054e+11	9.25951e+07	2.59727e+11	3.89316e+12	0	0	3.85345e+11	6.25453e+11	4.00851e+10	2.45597e+09
5.88842e+15	3.04023e+17	3.62328e+12	4.66668e+12	2.90511e+10	5.85735e+11	7.59731e+07	2.65551e+11	3.47231e+12	0	0	3.81530e+11	5.84602e+11	3.56880e+10	2.09429e+09
5.88842e+15	2.89520e+17	3.54683e+12	4.35691e+12	2.50404e+10	5.23717e+11	6.22576e+07	2.71116e+11	3.09262e+12	0	0	3.77459e+11	5.45934e+11	3.17439e+10	1.78496e+09
5.88842e+15	2.75733e+17	3.47031e+12	4.06588e+12	2.15687e+10	4.67559e+11	5.09582e+07	2.76420e+11	2.75080e+12	0	0	3.73131e+11	5.09385e+11	2.82110e+10	1.52060e+09
5.88842e+15	2.62625e+17	3.39380e+12	3.79261e+12	1.85662e+10	4.16826e+11	4.16629e+07	2.81461e+11	2.44373e+12	0	0	3.68555e+11	4.74874e+11	2.50502e+10	1.29479e+09
5.88842e+15	2.50167e+17	3.31743e+12	3.53624e+12	1.59721e+10	3.71105e+11	3.40278e+07	2.86238e+11	2.16843e+12	0	0	3.63723e+11	4.42354e+11	2.22263e+10	1.10210e+09
5.88842e+15	2.38291e+17	3.24098e+12	3.29526e+12	1.37286e+10	3.29904e+11	2.77568e+07	2.90759e+11	1.92171e+12	0	0	3.58707e+11	4.11578e+11	1.97016e+10	9.37349e+08
5.88842e+15	2.27026e+17	3.16499e+12	3.06988e+12	1.17963e+10	2.92984e+11	2.26263e+07	2.95018e+11	1.70162e+12	0	0	3.53457e+11	3.82711e+11	1.74547e+10	7.97139e+08
5.88842e+15	2.16307e+17	3.08931e+12	2.85861e+12	1.01297e+10	2.59891e+11	1.84262e+07	2.99028e+11	1.50522e+12	0	0	3.47991e+11	3.55565e+11	1.54526e+10	6.77603e+08
5.88842e+15	2.06110e+17	3.01402e+12	2.66075e+12	8.69385e+09	2.30289e+11	1.49931e+07	3.02794e+11	1.33030e+12	0	0	3.42339e+11	3.30058e+11	1.36711e+10	5.75756e+08
5.88842e+15	1.96371e+17	2.93892e+12	2.47483e+12	7.45415e+09	2.03786e+11	1.21834e+07	3.06329e+11	1.17430e+12	0	0	3.36473e+11	3.06044e+11	1.20826e+10	4.88820e+08
5.88842e+15	1.87195e+17	2.86509e+12	2.30258e+12	6.39516e+09	1.80318e+11	9.90560e+06	3.09620e+11	1.03668e+12	0	0	3.30511e+11	2.83745e+11	1.06827e+10	4.15323e+08
5.88842e+15	1.78424e+17	2.79155e+12	2.14076e+12	5.48121e+09	1.59356e+11	8.04345e+06	3.12698e+11	9.14169e+11	0	0	3.24367e+11	2.62775e+11	9.43574e+09	3.52585e+08
5.88842e+15	1.70080e+17	2.71873e+12	1.98958e+12	4.69599e+09	1.40726e+11	6.52763e+06	3.15565e+11	8.05641e+11	0	0	3.18092e+11	2.43170e+11	8.33046e+09	2.99250e+08
5.88842e+15	1.62142e+17	2.64671e+12	1.84843e+12	4.02179e+09	1.24190e+11	5.29481e+06	3.18231e+11	7.09601e+11	0	0	3.11702e+11	2.24863e+11	7.35161e+09	2.53930e+08
5.88842e+15	1.54593e+17	2.57556e+12	1.71675e+12	3.44333e+09	1.09534e+11	4.29303e+06	3.20704e+11	6.24709e+11	0	0	3.05213e+11	2.07793e+11	6.48556e+09	2.15445e+08
5.88842e+15	1.47409e+17	2.50532e+12	1.59391e+12	2.94714e+09	9.65549e+10	3.47939e+06	3.22995e+11	5.49723e+11	0	0	2.98644e+11	1.91882e+11	5.71960e+09	1.82763e+08
5.88842e+15	1.40575e+17	2.43607e+12	1.47942e+12	2.52183e+09	8.50751e+10	2.81911e+06	3.25113e+11	4.83560e+11	0	0	2.92009e+11	1.77077e+11	5.04283e+09	1.55029e+08
5.88842e+15	1.34073e+17	2.36786e+12	1.37276e+12	2.15742e+09	7.49306e+10	2.28356e+06	3.27068e+11	4.25223e+11	0	0	2.85326e+11	1.63312e+11	4.44517e+09	1.31499e+08
5.88842e+15	1.27845e+17	2.30028e+12	1.27278e+12	1.84387e+09	6.59337e+10	1.84774e+06	3.28872e+11	3.73597e+11	0	0	2.78564e+11	1.50443e+11	3.91506e+09	1.11452e+08
5.88842e+15	1.22002e+17	2.23477e+12	1.18103e+12	1.57818e+09	5.80720e+10	1.49758e+06	3.30521e+11	3.28565e+11	0	0	2.71882e+11	1.38669e+11	3.45240e+09	9.46202e+07
5.88842e+15	1.16401e+17	2.16998e+12	1.09506e+12	1.34956e+09	5.11053e+10	1.21260e+06	3.32039e+11	2.88734e+11	0	0	2.65151e+11	1.27675e+11	3.04213e+09	8.02742e+07
5.88842e+15	1.11069e+17	2.10639e+12	1.01510e+12	1.15392e+09	4.49653e+10	9.81781e+05	3.33428e+11	2.53691e+11	0	0	2.58436e+11	1.17488e+11	2.68045e+09	6.81103e+07
5.88842e+15	1.06009e+17	2.04422e+12	9.40980e+11	9.86889e+08	3.95674e+10	7.95165e+05	3.34695e+11	2.22926e+11	0	0	2.51760e+11	1.08093e+11	2.36238e+09	5.78213e+07
5.88842e+15	1.01184e+17	1.98324e+12	8.72003e+11	8.43884e+08	3.48103e+10	6.43932e+05	3.35849e+11	1.95852e+11	0	0	2.45112e+11	9.93978e+10	2.08186e+09	4.90916e+07
5.88843e+15	9.65924e+16	1.92356e+12	8.07953e+11	7.21633e+08	3.06244e+10	5.21525e+05	3.36898e+11	1.72062e+11	0	0	2.38520e+11	9.13651e+10	1.83482e+09	4.16927e+07
5.88842e+15	9.22222e+16	1.86523e+12	7.48509e+11	6.17155e+08	2.69426e+10	4.22464e+05	3.37847e+11	1.51166e+11	0	0	2.31994e+11	8.39532e+10	1.61735e+09	3.54228e+07
5.88843e+15	8.80609e+16	1.80824e+12	6.93339e+11	5.27851e+08	2.37043e+10	3.42281e+05	3.38704e+11	1.32811e+11	0	0	2.25546e+11	7.71140e+10	1.42587e+09	3.01069e+07
5.88843e+15	8.40835e+16	1.75238e+12	6.41968e+11	4.51336e+08	2.08500e+10	2.77247e+05	3.39475e+11	1.16654e+11	0	0	2.19160e+11	7.07856e+10	1.25686e+09	2.55888e+07
5.88842e+15	8.02778e+16	1.69762e+12	5.94104e+11	3.85753e+08	1.83336e+10	2.24483e+05	3.40164e+11	1.02425e+11	0	0	2.12830e+11	6.49378e+10	1.10763e+09	2.17487e+07
5.88843e+15	7.67235e+16	1.64527e+12	5.50591e+11	3.30495e+08	1.61499e+10	1.82262e+05	3.40774e+11	9.00935e+10	0	0	2.06736e+11	5.96468e+10	9.78105e+08	1.85336e+07
5.88843e+15	7.33055e+16	1.59379e+12	5.09866e+11	2.82925e+08	1.42177e+10	1.47860e+05	3.41314e+11	7.91942e+10	0	0	2.00689e+11	5.47369e+10	8.63258e+08	1.57875e+07
5.88842e+15	7.00512e+16	1.54371e+12	4.72147e+11	2.42282e+08	1.25198e+10	1.20003e+05	3.41788e+11	6.96274e+10	0	0	1.94760e+11	5.02247e+10	7.62180e+08	1.34578e+07
5.88842e+15	6.69526e+16	1.49502e+12	4.37223e+11	2.07555e+08	1.10277e+10	9.74409e+04	3.42199e+11	6.12304e+10	0	0	1.88955e+11	4.60805e+10	6.73212e+08	1.14805e+07
5.88842e+15	6.40013e+16	1.44770e+12	4.04888e+11	1.77875e+08	9.71637e+09	7.91595e+04	3.42551e+11	5.38589e+10	0	0	1.83279e+11	4.22742e+10	5.94878e+08	9.80138e+06
5.88842e+15	6.11908e+16	1.40175e+12	3.74963e+11	1.52507e+08	8.56381e+09	0	3.42848e+11	4.73880e+10	0	0	1.77736e+11	3.87815e+10	5.25905e+08	8.37498e+06
5.88842e+15	5.85138e+16	1.35716e+12	3.47271e+11	1.30820e+08	7.55066e+09	0	3.43093e+11	4.17067e+10	0	0	1.72329e+11	3.55770e+10	4.65155e+08	7.16251e+06
5.88842e+15	5.59640e+16	1.31392e+12	3.21654e+11	1.12275e+08	6.65996e+09	0	3.43290e+11	3.67182e+10	0	0	1.67060e+11	3.26387e+10	4.11638e+08	6.13139e+06
5.88842e+15	5.35147e+16	1.27166e+12	2.97762e+11	9.63234e+07	5.87266e+09	0	3.43439e+11	3.23146e+10	0	0	1.61887e+11	2.99246e+10	3.64218e+08	5.24928e+06
5.88843e+15	5.12202e+16	1.23139e+12	2.76036e+11	8.28370e+07	5.18771e+09	0	3.43549e+11	2.84888e+10	0	0	1.56945e+11	2.74753e+10	3.22897e+08	4.50643e+06
5.88843e+15	4.90152e+16	1.19208e+12	2.55767e+11	7.12193e+07	4.58162e+09	0	3.43616e+11	2.51080e+10	0	0	1.52100e+11	2.52132e+10	2.86235e+08	3.86956e+06
5.88842e+15	4.69142e+16	1.15403e+12	2.37027e+11	6.12717e+07	4.04828e+09	0	3.43645e+11	2.21372e+10	0	0	1.47398e+11	2.31413e+10	2.53894e+08	3.32642e+06
5.88842e+15	4.49120e+16	1.11723e+12	2.19700e+11	5.27503e+07	3.57879e+09	0	3.43638e+11	1.95260e+10	0	0	1.42838e+11	2.12437e+10	2.25352e+08	2.86281e+06
5.88842e+15	4.30036e+16	1.08164e+12	2.03679e+11	4.54467e+07	3.16534e+09	0	3.43597e+11	1.72301e+10	0	0	1.38419e+11	1.95058e+10	2.00149e+08	2.46671e+06
5.88843e+15	4.11665e+16	1.04691e+12	1.88723e+11	3.91426e+07	2.79890e+09	0	3.43521e+11	1.51985e+10	0	0	1.34097e+11	1.78998e+10	1.77745e+08	2.12591e+06
5.88843e+15	3.94505e+16	1.01403e+12	1.75173e+11	3.38098e+07	2.48014e+09	0	3.43421e+11	1.34343e+10	0	0	1.30000e+11	1.64574e+10	1.58210e+08	1.83810e+06
5.88843e+15	3.77880e+16	9.81767e+11	1.62444e+11	2.91804e+07	2.19622e+09	0	3.43286e+11	1.18656e+10	0	0	1.25973e+11	1.51163e+10	1.40750e+08	1.58887e+06
5.88843e+15	3.62039e+16	9.50639e+11	1.50685e+11	2.52075e+07	1.94597e+09	0	3.43124e+11	1.04856e+10	0	0	1.22084e+11	1.38896e+10	1.25314e+08	1.37529e+06
5.88843e+15	3.47009e+16	9.20754e+11	1.39869e+11	2.18058e+07	1.72592e+09	0	3.42938e+11	9.27434e+09	0	0	1.18346e+11	1.27720e+10	1.11697e+08	1.19257e+06
5.88843e+15	3.32675e+16	8.91924e+11	1.29868e+11	1.88802e+07	1.53166e+09	0	3.42727e+11	8.20726e+09	0	0	1.14739e+11	1.17486e+10	9.96362e+07	1.03554e+06
5.88843e+15	3.19009e+16	8.64133e+11	1.20625e+11	1.63632e+07	1.36016e+09	0	3.42492e+11	7.26702e+09	0	0	1.11259e+11	1.08124e+10	8.89502e+07	9.00474e+05
5.88843e+15	3.05965e+16	8.37323e+11	1.12072e+11	1.41947e+07	1.20855e+09	0	3.42235e+11	6.43775e+09	0	0	1.07902e+11	9.95412e+09	7.94703e+07	7.84069e+05
5.88843e+15	2.93519e+16	8.11478e+11	1.04160e+11	1.23256e+07	1.07452e+09	0	3.41957e+11	5.70624e+09	0	0	1.04665e+11	9.16789e+09	7.10577e+07	6.83672e+05
5.88843e+15	2.81624e+16	7.86532e+11	9.68307e+10	1.07118e+07	9.55845e+08	0	3.41658e+11	5.06009e+09	0	0	1.01541e+11	8.44656e+09	6.35805e+07	5.96898e+05
5.88843e+15	2.70369e+16	7.62702e+11	9.01060e+10	9.32636e+06	8.51360e+08	0	3.41343e+11	4.49259e+09	0	0	9.85584e+10	7.79054e+09	5.69711e+07	5.22264e+05
5.88843e+15	2.59552e+16	7.39589e+11	8.38396e+10	8.12353e+06	7.58432e+08	0	3.41008e+11	3.98903e+09	0	0	9.56655e+10	7.18588e+09	5.10680e+07	4.57375e+05
5.88843e+15	2.49215e+16	7.17304e+11	7.80343e+10	7.08279e+06	6.76038e+08	0	3.40655e+11	3.54381e+09	0	0	9.28785e+10	6.63024e+09	4.58123e+07	4.01083e+05
5.88843e+15	2.39354e+16	6.95860e+11	7.26637e+10	6.18246e+06	6.03038e+08	0	3.40285e+11	3.15029e+09	0	0	9.01976e+10	6.12197e+09	4.11347e+07	3.52272e+05
5.88843e+15	2.29926e+16	6.75189e+11	6.76860e+10	5.40208e+06	5.38237e+08	0	3.39899e+11	2.80202e+09	0	0	8.76161e+10	5.65448e+09	3.69642e+07	3.09815e+05
5.88843e+15	2.20926e+16	6.55294e+11	6.30769e+10	4.72558e+06	4.80738e+08	0	3.39499e+11	2.49382e+09	0	0	8.51333e+10	5.22602e+09	3.32461e+07	2.72888e+05
5.88843e+15	2.12327e+16	6.36137e+11	5.88062e+10	4.13842e+06	4.29667e+08	0	3.39085e+11	2.22088e+09	0	0	8.27452e+10	4.83268e+09	2.99278e+07	2.40712e+05
5.88843e+15	2.04110e+16	6.17692e+11	5.48479e+10	3.62829e+06	3.84279e+08	0	3.38657e+11	1.97903e+09	0	0	8.04483e+10	4.47143e+09	2.69641e+07	2.12638e+05
5.88843e+15	1.96256e+16	5.99932e+11	5.11778e+10	3.18464e+06	3.43914e+08	0	3.38217e+11	1.76461e+09	0	0	7.82394e+10	4.13950e+09	2.43150e+07	1.88110e+05
5.88843e+15	1.88748e+16	5.82833e+11	4.77740e+10	2.79844e+06	3.07994e+08	0	3.37765e+11	1.57440e+09	0	0	7.61156e+10	3.83441e+09	2.19454e+07	1.66651e+05
5.88843e+15	1.81570e+16	5.66371e+11	4.46161e+10	2.46190e+06	2.76011e+08	0	3.37301e+11	1.40558e+09	0	0	7.40738e+10	3.55387e+09	1.98240e+07	1.47851e+05
5.88843e+15	1.74706e+16	5.50520e+11	4.16853e+10	2.16834e+06	2.47513e+08	0	3.36827e+11	1.25565e+09	0	0	7.21108e+10	3.29579e+09	1.79234e+07	1.31360e+05
5.88843e+15	1.68140e+16	5.35258e+11	3.89644e+10	1.91200e+06	2.22105e+08	0	3.36343e+11	1.12243e+09	0	0	7.02238e+10	3.05826e+09	1.62192e+07	1.16873e+05
5.88843e+15	1.61838e+16	5.20515e+11	3.64293e+10	1.68747e+06	1.99397e+08	0	3.35847e+11	1.00375e+09	0	0	6.84038e+10	2.83915e+09	1.46872e+07	1.04109e+05
5.88843e+15	1.55847e+16	5.06411e+11	3.40894e+10	1.49184e+06	1.79200e+08	0	3.35348e+11	8.98603e+08	0	0	6.66663e+10	2.63805e+09	1.33165e+07	9.29057e+04
5.88843e+15	1.50094e+16	4.92782e+11	3.19071e+10	1.32007e+06	1.61121e+08	0	3.34837e+11	8.04797e+08	0	0	6.49903e+10	2.45232e+09	1.20819e+07	8.30055e+04
5.88843e+15	1.44586e+16	4.79656e+11	2.98780e+10	1.16943e+06	1.44960e+08	0	3.34320e+11	7.21243e+08	0	0	6.33793e+10	2.28104e+09	1.09714e+07	7.42615e+04
5.88843e+15	1.39313e+16	4.67011e+11	2.79904e+10	1.03719e+06	1.30503e+08	0	3.33796e+11	6.46775e+08	0	0	6.18306e+10	2.12301e+09	9.97154e+06	6.65282e+04
5.88843e+15	1.34262e+16	4.54829e+11	2.62339e+10	9.20973e+05	1.17562e+08	0	3.33265e+11	5.80366e+08	0	0	6.03419e+10	1.97712e+09	9.07065e+06	5.96799e+04
5.88843e+15	1.29423e+16	4.43091e+11	2.45986e+10	8.18718e+05	1.05972e+08	0	3.32729e+11	5.21105e+08	0	0	5.89107e+10	1.84237e+09	8.25822e+06	5.36070e+04
5.88843e+15	1.24787e+16	4.31780e+11	2.30755e+10	7.28654e+05	9.55831e+07	0	3.32187e+11	4.68193e+08	0	0	5.75348e+10	1.71784e+09	7.52498e+06	4.82147e+04
5.88843e+15	1.20344e+16	4.20877e+11	2.16562e+10	6.49238e+05	8.62656e+07	0	3.31641e+11	4.20918e+08	0	0	5.62118e+10	1.60268e+09	6.86265e+06	4.34204e+04
5.88843e+15	1.16084e+16	4.10367e+11	2.03332e+10	5.79134e+05	7.79036e+07	0	3.31091e+11	3.78654e+08	0	0	5.49397e+10	1.49614e+09	6.26388e+06	3.91524e+04
5.88843e+15	1.12000e+16	4.00232e+11	1.90992e+10	5.17183e+05	7.03942e+07	0	3.30537e+11	3.40848e+08	0	0	5.37164e+10	1.39751e+09	5.72214e+06	3.53478e+04
5.88843e+15	1.08082e+16	3.90458e+11	1.79478e+10	4.62374e+05	6.36457e+07	0	3.29981e+11	3.07006e+08	0	0	5.25398e+10	1.30614e+09	5.23156e+06	3.19520e+04
5.88843e+15	1.04325e+16	3.81029e+11	1.68731e+10	4.13833e+05	5.75778e+07	0	3.29421e+11	2.76696e+08	0	0	5.14082e+10	1.22147e+09	4.78698e+06	2.89175e+04
5.88843e+15	1.00719e+16	3.71931e+11	1.58692e+10	3.70792e+05	5.21174e+07	0	3.28860e+11	2.49529e+08	0	0	5.03195e+10	1.14294e+09	4.38373e+06	2.62020e+04
5.88843e+15	9.72575e+15	3.63150e+11	1.49312e+10	3.32588e+05	4.72011e+07	0	3.28296e+11	2.25164e+08	0	0	4.92720e+10	1.07007e+09	4.01767e+06	2.37693e+04
5.88843e+15	9.39352e+15	3.54675e+11	1.40545e+10	2.98643e+05	4.27725e+07	0	3.27732e+11	2.03303e+08	0	0	4.82642e+10	1.00243e+09	3.68513e+06	2.15874e+04
5.88843e+15	9.07451e+15	3.46491e+11	1.32346e+10	2.68448e+05	3.87803e+07	0	3.27167e+11	1.83675e+08	0	0	4.72943e+10	9.39590e+08	3.38279e+06	1.96279e+04
5.88843e+15	8.76819e+15	3.38589e+11	1.24677e+10	2.41564e+05	3.51800e+07	0	3.26602e+11	1.66044e+08	0	0	4.63611e+10	8.81212e+08	3.10770e+06	1.78664e+04
5.88843e+15	8.47383e+15	3.30952e+11	1.17496e+10	2.17594e+05	3.19300e+07	0	3.26037e+11	1.50191e+08	0	0	4.54624e+10	8.26886e+08	2.85715e+06	1.62804e+04
5.88843e+15	8.19096e+15	3.23572e+11	1.10770e+10	1.96203e+05	2.89950e+07	0	3.25472e+11	1.35932e+08	0	0	4.45972e+10	7.76329e+08	2.62880e+06	1.48511e+04
5.88843e+15	7.91907e+15	3.16437e+11	1.04469e+10	1.77093e+05	2.63430e+07	0	3.24908e+11	1.23098e+08	0	0	4.37641e+10	7.29250e+08	2.42051e+06	1.35615e+04
5.88843e+15	7.65767e+15	3.09538e+11	9.85617e+09	1.60003e+05	2.39451e+07	0	3.24346e+11	1.11539e+08	0	0	4.29616e+10	6.85386e+08	2.23039e+06	1.23966e+04
5.88843e+15	7.40630e+15	3.02865e+11	9.30220e+09	1.44704e+05	2.17760e+07	0	3.23784e+11	1.01123e+08	0	0	4.21887e+10	6.44490e+08	2.05669e+06	1.13432e+04
5.88843e+15	7.16451e+15	2.96408e+11	8.78243e+09	1.30994e+05	1.98125e+07	0	3.23225e+11	9.17312e+07	0	0	4.14440e+10	6.06342e+08	1.89790e+06	1.03896e+04
5.88843e+15	6.93188e+15	2.90158e+11	8.29453e+09	1.18696e+05	1.80343e+07	0	3.22668e+11	8.32576e+07	0	0	4.07263e+10	5.70735e+08	1.75260e+06	9.52539e+03
5.88843e+15	6.70802e+15	2.84106e+11	7.83634e+09	1.07652e+05	1.64230e+07	0	3.22114e+11	7.56082e+07	0	0	4.00347e+10	5.37480e+08	1.61957e+06	8.74139e+03
5.88843e+15	6.49252e+15	2.78244e+11	7.40585e+09	9.77253e+04	1.49622e+07	0	3.21563e+11	6.86985e+07	0	0	3.93680e+10	5.06403e+08	1.49766e+06	8.02939e+03
5.88843e+15	6.28504e+15	2.72565e+11	7.00121e+09	8.87938e+04	1.36370e+07	0	3.21014e+11	6.24536e+07	0	0	3.87251e+10	4.77345e+08	1.38587e+06	7.38212e+03
5.88843e+15	6.08523e+15	2.67060e+11	6.62069e+09	8.07498e+04	1.24343e+07	0	3.20469e+11	5.68063e+07	0	0	3.81052e+10	4.50159e+08	1.28328e+06	6.79309e+03
5.88843e+15	5.89276e+15	2.61722e+11	6.26271e+09	7.34982e+04	1.13423e+07	0	3.19928e+11	5.16963e+07	0	0	3.75073e+10	4.24710e+08	1.18907e+06	6.25653e+03
5.88843e+15	5.70730e+15	2.56545e+11	5.92578e+09	6.69547e+04	1.03502e+07	0	3.19391e+11	4.70702e+07	0	0	3.69305e+10	4.00872e+08	1.10249e+06	5.76730e+03
5.88843e+15	5.52859e+15	2.51522e+11	5.60855e+09	6.10448e+04	9.44847e+06	0	3.18858e+11	4.28796e+07	0	0	3.63740e+10	3.78538e+08	1.02286e+06	5.32080e+03
5.88843e+15	5.35631e+15	2.46645e+11	5.30971e+09	5.57018e+04	8.62846e+06	0	3.18329e+11	3.90815e+07	0	0	3.58369e+10	3.57589e+08	9.49582e+05	0
5.88843e+15	5.19019e+15	2.41911e+11	5.02809e+09	5.08672e+04	7.88244e+06	0	3.17804e+11	3.56372e+07	0	0	3.53185e+10	3.37934e+08	8.82092e+05	0
5.88843e+15	5.02999e+15	2.37311e+11	4.76259e+09	4.64887e+04	7.20342e+06	0	3.17284e+11	3.25121e+07	0	0	3.48180e+10	3.19483e+08	8.19894e+05	0
5.88843e+15	4.87546e+15	2.32841e+11	4.51219e+09	4.25196e+04	6.58511e+06	0	3.16770e+11	2.96751e+07	0	0	3.43346e+10	3.02153e+08	7.62534e+05	0
5.88843e+15	4.72636e+15	2.28497e+11	4.27595e+09	3.89186e+04	6.02185e+06	0	3.16260e+11	2.70983e+07	0	0	3.38679e+10	2.85867e+08	7.09601e+05	0
5.88843e+15	4.58249e+15	2.24272e+11	4.05298e+09	0	5.50857e+06	0	3.15755e+11	2.47567e+07	0	0	3.34170e+10	2.70560e+08	6.60722e+05	0
5.88843e+15	4.44346e+15	2.20157e+11	3.84228e+09	0	5.04019e+06	0	3.15256e+11	2.26271e+07	0	0	3.29809e+10	2.56108e+08	6.15544e+05	0
5.88843e+15	4.30936e+15	2.16157e+11	3.64340e+09	0	4.61329e+06	0	3.14762e+11	2.06904e+07	0	0	3.25599e+10	2.42544e+08	5.73782e+05	0
5.88843e+15	4.17985e+15	2.12261e+11	3.45548e+09	0	4.22374e+06	0	3.14274e+11	1.89276e+07	0	0	3.21530e+10	2.29770e+08	5.35142e+05	0
5.88843e+15	4.05474e+15	2.08466e+11	3.27782e+09	0	3.86810e+06	0	3.13791e+11	1.73225e+07	0	0	3.17595e+10	2.17725e+08	4.99368e+05	0
5.88843e+15	3.93349e+15	2.04758e+11	3.10940e+09	0	3.54290e+06	0	3.13313e+11	1.58580e+07	0	0	3.13778e+10	2.06344e+08	4.66195e+05	0
5.88843e+15	3.81672e+15	2.01154e+11	2.95055e+09	0	3.24632e+06	0	3.12842e+11	1.45253e+07	0	0	3.10100e+10	1.95640e+08	4.35482e+05	0
5.88843e+15	3.70386e+15	1.97641e+11	2.80026e+09	0	2.97529e+06	0	3.12377e+11	1.33102e+07	0	0	3.06541e+10	1.85539e+08	4.06996e+05	0
5.88843e+15	3.59474e+15	1.94214e+11	2.65800e+09	0	2.72752e+06	0	3.11918e+11	1.22015e+07	0	0	3.03099e+10	1.75999e+08	3.80561e+05	0
5.88843e+15	3.48935e+15	1.90873e+11	2.52343e+09	0	2.50106e+06	0	3.11465e+11	1.11901e+07	0	0	2.99771e+10	1.66995e+08	3.56023e+05	0
5.88843e+15	3.38748e+15	1.87614e+11	2.39605e+09	0	2.29395e+06	0	3.11020e+11	1.02668e+07	0	0	2.96552e+10	1.58489e+08	3.33229e+05	0
5.88843e+15	3.28876e+15	1.84425e+11	2.27519e+09	0	2.10425e+06	0	3.10579e+11	9.42262e+06	0	0	2.93431e+10	1.50426e+08	3.12028e+05	0
5.88843e+15	3.19324e+15	1.81310e+11	2.16065e+09	0	1.93061e+06	0	3.10144e+11	8.65100e+06	0	0	2.90408e+10	1.42802e+08	2.92308e+05	0
5.88843e+15	3.10079e+15	1.78265e+11	2.05208e+09	0	1.77161e+06	0	3.09716e+11	7.94547e+06	0	0	2.87481e+10	1.35582e+08	2.73955e+05	0
5.88843e+15	3.01133e+15	1.75289e+11	1.94915e+09	0	1.62601e+06	0	3.09294e+11	7.30012e+06	0	0	2.84646e+10	1.28750e+08	2.56868e+05	0
5.88843e+15	2.92470e+15	1.72377e+11	1.85153e+09	0	1.49258e+06	0	3.08878e+11	6.70953e+06	0	0	2.81899e+10	1.22270e+08	2.40948e+05	0
5.88843e+15	2.84082e+15	1.69529e+11	1.75894e+09	0	1.37033e+06	0	3.08468e+11	6.16888e+06	0	0	2.79238e+10	1.16130e+08	2.26111e+05	0
5.88843e+15	2.75959e+15	1.66742e+11	1.67108e+09	0	1.25826e+06	0	3.08064e+11	5.67371e+06	0	0	2.76658e+10	1.10309e+08	2.12274e+05	0
5.88843e+15	2.68091e+15	1.64013e+11	1.58771e+09	0	1.15551e+06	0	3.07667e+11	5.22003e+06	0	0	2.74158e+10	1.04787e+08	1.99364e+05	0
5.88843e+15	2.60472e+15	1.61342e+11	1.50860e+09	0	1.06131e+06	0	3.07276e+11	4.80425e+06	0	0	2.71736e+10	9.95528e+07	1.87314e+05	0
5.88843e+15	2.53086e+15	1.58724e+11	1.43348e+09	0	9.74867e+05	0	3.06891e+11	4.42301e+06	0	0	2.69387e+10	9.45730e+07	1.76061e+05	0
5.88843e+15	2.45897e+15	1.56148e+11	1.36192e+09	0	8.95363e+05	0	3.06511e+11	4.07272e+06	0	0	2.67098e+10	8.98129e+07	1.65535e+05	0
5.88843e+15	2.38956e+15	1.53633e+11	1.29417e+09	0	8.22558e+05	0	3.06138e+11	3.75184e+06	0	0	2.64887e+10	8.53134e+07	1.55706e+05	0
5.88843e+15	2.32238e+15	1.51172e+11	1.22991e+09	0	7.55739e+05	0	3.05773e+11	3.45759e+06	0	0	2.62746e+10	8.10269e+07	1.46519e+05	0
5.88843e+15	2.25697e+15	1.48747e+11	1.16865e+09	0	6.94325e+05	0	3.05411e+11	3.18680e+06	0	0	2.60659e+10	7.69558e+07	1.37913e+05	0
5.88843e+15	2.19365e+15	1.46372e+11	1.11054e+09	0	6.37948e+05	0	3.05056e+11	2.93834e+06	0	0	2.58638e+10	7.30756e+07	1.29862e+05	0
5.88843e+15	2.13220e+15	1.44042e+11	1.05531e+09	0	5.86146e+05	0	3.04708e+11	2.71001e+06	0	0	2.56676e+10	6.93768e+07	1.22323e+05	0
5.88843e+15	2.07259e+15	1.41754e+11	1.00283e+09	0	5.38563e+05	0	3.04365e+11	2.50015e+06	0	0	2.54771e+10	6.58555e+07	1.15261e+05	0
5.88844e+15	2.01474e+15	1.39508e+11	9.52938e+08	0	4.94838e+05	0	3.04028e+11	2.30718e+06	0	0	2.52921e+10	6.24993e+07	1.08642e+05	0
5.88844e+15	1.95858e+15	1.37300e+11	9.05503e+08	0	4.54638e+05	0	3.03697e+11	2.12968e+06	0	0	2.51124e+10	5.92951e+07	1.02436e+05	0
5.88844e+15	1.90402e+15	1.35131e+11	8.60391e+08	0	4.17668e+05	0	3.03371e+11	1.96634e+06	0	0	2.49377e+10	5.62329e+07	9.66147e+04	0
5.88844e+15	1.85106e+15	1.33000e+11	8.17508e+08	0	3.83684e+05	0	3.03052e+11	1.81602e+06	0	0	2.47680e+10	5.33123e+07	9.11527e+04	0
5.88844e+15	1.79961e+15	1.30905e+11	7.76726e+08	0	3.52426e+05	0	3.02737e+11	1.67762e+06	0	0	2.46030e+10	5.05209e+07	8.60258e+04	0
5.88844e+15	1.74962e+15	1.28844e+11	7.37940e+08	0	3.23672e+05	0	3.02429e+11	1.55017e+06	0	0	2.44425e+10	4.78516e+07	8.12112e+04	0
5.88844e+15	1.70103e+15	1.26818e+11	7.01049e+08	0	2.97214e+05	0	3.02125e+11	1.43275e+06	0	0	2.42864e+10	4.52972e+07	7.66887e+04	0
5.88844e+15	1.65380e+15	1.24825e+11	6.65963e+08	0	2.72868e+05	0	3.01827e+11	1.32455e+06	0	0	2.41346e+10	4.28521e+07	7.24388e+04	0
5.88844e+15	1.60779e+15	1.22860e+11	6.32543e+08	0	2.50440e+05	0	3.01534e+11	1.22474e+06	0	0	2.39866e+10	4.05058e+07	6.84422e+04	0
5.88844e+15	1.56330e+15	1.20938e+11	6.00893e+08	0	2.29835e+05	0	3.01248e+11	1.13296e+06	0	0	2.38433e+10	3.82609e+07	6.46890e+04	0
5.88844e+15	1.51977e+15	1.19036e+11	5.70662e+08	0	2.10813e+05	0	3.00965e+11	1.04811e+06	0	0	2.37030e+10	3.60966e+07	6.11544e+04	0
5.88844e+15	1.47747e+15	1.17163e+11	5.41918e+08	0	1.93343e+05	0	3.00687e+11	9.69820e+05	0	0	2.35665e+10	3.40427e+07	5.78279e+04	0
5.88844e+15	1.43631e+15	1.15323e+11	5.14600e+08	0	1.77233e+05	0	3.00415e+11	8.97642e+05	0	0	2.34335e+10	3.20560e+07	5.46983e+04	0
5.88844e+15	1.39622e+15	1.13510e+11	4.88612e+08	0	1.62385e+05	0	3.00148e+11	8.31023e+05	0	0	2.33039e+10	3.01436e+07	5.17515e+04	0
5.88844e+15	1.35719e+15	1.11725e+11	4.63900e+08	0	1.48715e+05	0	2.99885e+11	7.69525e+05	0	0	2.31775e+10	2.83086e+07	4.89762e+04	0
5.88844e+15	1.31909e+15	1.09970e+11	4.40405e+08	0	1.36057e+05	0	2.99627e+11	7.12804e+05	0	0	2.30540e+10	2.65074e+07	4.63633e+04	0
