H	H+	C+	C+2	C+3	N+	N+2	N+4	O	O+2	O+5	O+6	P+	Si+	Si+2	Si+3	Si+4	Fe+	Al+
4.07380e+14	7.02051e+18	9.69865e+11	3.08222e+14	1.81930e+15	7.79863e+10	5.58421e+13	1.25785e+15	6.35606e+06	1.72946e+14	1.10862e+16	7.87112e+15	4.39385e+07	1.50503e+09	1.54422e+11	2.02163e+12	9.45758e+13	1.17286e+06	1.61611e+08
4.07380e+14	6.57388e+18	1.03997e+12	3.17917e+14	1.82787e+15	8.71763e+10	5.99861e+13	1.21739e+15	7.79921e+06	1.88007e+14	1.02517e+16	6.86025e+15	5.09187e+07	1.69624e+09	1.73030e+11	2.28929e+12	9.97983e+13	1.45729e+06	1.84511e+08
4.07380e+14	6.15031e+18	1.11821e+12	3.27928e+14	1.83367e+15	9.76807e+10	6.43918e+13	1.17469e+15	9.59265e+06	2.03972e+14	9.44322e+15	5.95290e+15	5.91034e+07	1.91174e+09	1.93564e+11	2.59030e+12	1.05118e+14	1.81031e+06	2.09685e+08
4.07380e+14	5.74779e+18	1.20610e+12	3.38357e+14	1.83653e+15	1.09724e+11	6.90687e+13	1.12975e+15	1.18262e+07	2.20829e+14	8.66251e+15	5.14047e+15	6.87328e+07	2.15583e+09	2.16246e+11	2.92916e+12	1.10521e+14	2.24879e+06	2.37104e+08
4.07380e+14	5.36507e+18	1.30577e+12	3.49385e+14	1.83619e+15	1.23577e+11	7.40237e+13	1.08263e+15	1.46117e+07	2.38540e+14	7.91159e+15	4.41589e+15	8.01243e+07	2.43511e+09	2.41397e+11	3.31044e+12	1.15981e+14	2.79381e+06	2.66711e+08
4.07379e+14	4.99831e+18	1.41969e+12	3.61161e+14	1.83237e+15	1.39597e+11	7.92756e+13	1.03311e+15	1.81061e+07	2.57102e+14	7.18875e+15	3.76839e+15	9.36510e+07	2.75659e+09	2.69386e+11	3.74245e+12	1.21505e+14	3.47384e+06	2.98168e+08
4.07380e+14	4.64764e+18	1.55179e+12	3.74066e+14	1.82470e+15	1.58185e+11	8.48226e+13	9.81348e+14	2.24932e+07	2.76399e+14	6.49740e+15	3.19412e+15	1.09867e+08	3.13422e+09	3.00885e+11	4.23090e+12	1.27044e+14	4.32302e+06	3.31273e+08
4.07380e+14	4.31097e+18	1.70701e+12	3.88489e+14	1.81262e+15	1.79850e+11	9.06655e+13	9.27274e+14	2.80224e+07	2.96310e+14	5.83764e+15	2.68615e+15	1.29486e+08	3.58671e+09	3.36827e+11	4.78510e+12	1.32570e+14	5.38704e+06	3.65610e+08
4.07380e+14	3.98609e+18	1.89244e+12	4.04999e+14	1.79540e+15	2.05250e+11	9.68035e+13	8.70772e+14	3.50296e+07	3.16664e+14	5.20909e+15	2.23795e+15	1.53504e+08	4.14307e+09	3.78664e+11	5.41699e+12	1.38050e+14	6.72746e+06	4.00763e+08
4.07379e+14	3.66831e+18	2.11960e+12	4.24471e+14	1.77183e+15	2.35400e+11	1.03252e+14	8.11251e+14	4.40310e+07	3.37270e+14	4.60793e+15	1.84085e+15	1.83440e+08	4.85066e+09	4.28814e+11	6.14822e+12	1.43473e+14	8.43642e+06	4.36176e+08
4.07381e+14	3.35486e+18	2.40523e+12	4.48083e+14	1.73986e+15	2.71434e+11	1.09942e+14	7.48330e+14	5.57083e+07	3.57575e+14	4.03365e+15	1.49041e+15	2.21644e+08	5.79202e+09	4.91288e+11	7.00254e+12	1.48778e+14	1.06390e+07	4.72427e+08
4.07379e+14	3.04040e+18	2.77905e+12	4.77906e+14	1.69680e+15	3.15156e+11	1.16811e+14	6.81175e+14	7.11691e+07	3.76858e+14	3.48159e+15	1.18034e+15	2.72170e+08	7.12047e+09	5.73287e+11	8.02170e+12	1.53881e+14	1.35411e+07	5.12721e+08
4.07377e+14	2.71426e+18	3.29867e+12	5.17431e+14	1.63680e+15	3.69564e+11	1.23686e+14	6.07881e+14	9.24206e+07	3.93608e+14	2.94184e+15	9.02826e+14	3.43126e+08	9.16207e+09	6.89024e+11	9.28858e+12	1.58666e+14	1.75253e+07	5.68133e+08
4.07380e+14	2.35430e+18	4.10055e+12	5.73512e+14	1.54647e+15	4.40063e+11	1.29962e+14	5.24362e+14	1.23902e+08	4.04270e+14	2.38919e+15	6.46867e+14	4.54785e+08	1.27813e+10	8.71139e+11	1.09959e+13	1.62820e+14	2.34642e+07	6.78304e+08
4.07377e+14	2.04932e+18	5.06210e+12	6.30336e+14	1.44637e+15	5.12737e+11	1.34190e+14	4.51468e+14	1.63146e+08	4.09511e+14	1.92803e+15	4.62797e+14	6.05705e+08	1.80952e+10	1.09801e+12	1.27940e+13	1.64880e+14	3.12347e+07	8.79910e+08
4.07380e+14	1.80138e+18	6.12057e+12	6.80320e+14	1.34501e+15	5.83466e+11	1.36508e+14	3.91322e+14	2.10382e+08	4.11958e+14	1.55404e+15	3.34479e+14	7.97792e+08	2.52716e+10	1.35153e+12	1.45710e+13	1.64924e+14	4.10122e+07	1.17367e+09
4.07380e+14	1.56685e+18	7.44412e+12	7.27877e+14	1.22848e+15	6.57402e+11	1.36467e+14	3.35520e+14	2.74027e+08	4.09982e+14	1.21093e+15	2.32422e+14	1.07239e+09	3.61986e+10	1.65820e+12	1.65571e+13	1.62823e+14	5.44983e+07	1.62438e+09
4.07380e+14	1.34587e+18	9.09583e+12	7.68000e+14	1.09735e+15	7.32516e+11	1.33531e+14	2.84730e+14	3.63321e+08	4.04810e+14	8.99367e+14	1.53118e+14	1.48184e+09	5.31613e+10	2.01622e+12	1.87453e+13	1.58039e+14	7.35689e+07	2.30644e+09
4.07380e+14	1.14395e+18	1.10651e+13	7.93817e+14	9.57918e+14	8.06343e+11	1.27634e+14	2.39796e+14	4.92737e+08	3.99624e+14	6.31936e+14	9.51455e+13	2.10446e+09	7.90840e+10	2.40877e+12	2.10344e+13	1.50258e+14	1.00799e+08	3.29998e+09
4.07380e+14	9.76027e+17	1.30877e+13	8.00120e+14	8.27513e+14	8.77811e+11	1.20346e+14	2.02195e+14	6.73091e+08	3.98827e+14	4.32405e+14	5.78894e+13	2.97415e+09	1.14833e+11	2.79705e+12	2.31293e+13	1.40395e+14	1.37645e+08	4.57841e+09
4.07380e+14	8.47601e+17	1.48498e+13	7.90640e+14	7.19464e+14	9.49016e+11	1.13738e+14	1.71887e+14	9.02907e+08	4.03004e+14	3.01375e+14	3.63524e+13	4.02642e+09	1.58402e+11	3.15557e+12	2.48004e+13	1.30184e+14	1.83514e+08	6.00012e+09
4.07377e+14	7.49021e+17	1.62861e+13	7.72146e+14	6.32137e+14	1.02239e+12	1.08351e+14	1.47142e+14	1.18093e+09	4.09637e+14	2.16702e+14	2.38247e+13	5.19994e+09	2.08774e+11	3.48769e+12	2.60682e+13	1.20459e+14	2.38444e+08	7.48193e+09
4.07379e+14	6.70744e+17	1.74423e+13	7.48977e+14	5.60424e+14	1.09882e+12	1.03982e+14	1.26553e+14	1.50952e+09	4.16743e+14	1.60192e+14	1.62134e+13	6.46521e+09	2.66056e+11	3.80066e+12	2.70177e+13	1.11405e+14	3.03378e+08	8.99981e+09
4.07381e+14	6.06301e+17	1.83769e+13	7.23341e+14	5.00093e+14	1.17852e+12	1.00313e+14	1.09154e+14	1.89459e+09	4.23304e+14	1.20910e+14	1.13459e+13	7.81288e+09	3.30919e+11	4.09898e+12	2.77190e+13	1.02977e+14	3.79909e+08	1.05549e+10
4.07379e+14	5.51826e+17	1.91290e+13	6.96312e+14	4.48373e+14	1.26130e+12	9.71159e+13	9.43225e+13	2.34300e+09	4.28851e+14	9.27247e+13	8.10836e+12	9.23658e+09	4.04011e+11	4.38403e+12	2.82169e+13	9.51144e+13	4.69835e+08	1.21506e+10
4.07379e+14	5.04843e+17	1.97319e+13	6.68652e+14	4.03423e+14	1.34708e+12	9.42384e+13	8.16050e+13	2.86326e+09	4.33208e+14	7.19761e+13	5.88742e+12	1.07314e+10	4.86017e+11	4.65602e+12	2.85427e+13	8.77638e+13	5.75273e+08	1.37915e+10
4.07378e+14	4.63872e+17	2.02109e+13	6.41003e+14	3.64093e+14	1.43551e+12	9.15995e+13	7.06910e+13	3.46257e+09	4.36307e+14	5.64546e+13	4.33300e+12	1.22863e+10	5.77207e+11	4.91422e+12	2.87189e+13	8.09079e+13	6.98180e+08	1.54771e+10
4.07378e+14	4.27703e+17	2.05859e+13	6.13636e+14	3.29369e+14	1.52646e+12	8.91238e+13	6.12913e+13	4.15107e+09	4.38172e+14	4.46478e+13	3.22333e+12	1.38945e+10	6.78117e+11	5.15805e+12	2.87637e+13	7.45044e+13	8.41083e+08	1.72116e+10
4.07379e+14	3.95472e+17	2.08716e+13	5.86729e+14	2.98499e+14	1.61974e+12	8.67592e+13	5.31755e+13	4.93984e+09	4.38853e+14	3.55478e+13	2.41869e+12	1.55471e+10	7.89198e+11	5.38665e+12	2.86910e+13	6.85204e+13	1.00673e+09	1.89980e+10
4.07379e+14	3.66505e+17	2.10805e+13	5.60395e+14	2.70898e+14	1.71528e+12	8.44653e+13	4.61491e+13	5.84208e+09	4.38410e+14	2.84528e+13	1.82735e+12	1.72353e+10	9.10956e+11	5.59906e+12	2.85116e+13	6.29234e+13	1.19834e+09	2.08398e+10
4.07379e+14	3.40377e+17	2.12248e+13	5.34829e+14	2.46168e+14	1.81273e+12	8.22281e+13	4.00691e+13	6.86902e+09	4.36910e+14	2.28857e+13	1.38930e+12	1.89452e+10	1.04340e+12	5.79432e+12	2.82360e+13	5.77036e+13	1.41892e+09	2.27373e+10
4.07379e+14	3.16664e+17	2.13130e+13	5.10061e+14	2.23922e+14	1.91195e+12	8.00243e+13	3.47969e+13	8.03626e+09	4.34424e+14	1.84799e+13	1.06155e+12	2.06664e+10	1.18687e+12	5.97153e+12	2.78727e+13	5.28342e+13	1.67227e+09	2.46935e+10
4.07379e+14	2.95085e+17	2.13549e+13	4.86190e+14	2.03873e+14	2.01267e+12	7.78483e+13	3.02264e+13	9.35770e+09	4.31024e+14	1.49762e+13	8.14883e+11	2.23854e+10	1.34123e+12	6.13000e+12	2.74306e+13	4.83029e+13	1.96210e+09	2.67097e+10
4.07379e+14	2.75376e+17	2.13576e+13	4.63242e+14	1.85760e+14	2.11393e+12	7.56917e+13	2.62616e+13	1.08507e+10	4.26775e+14	1.21748e+13	6.28032e+11	2.40902e+10	1.50639e+12	6.26905e+12	2.69171e+13	4.40917e+13	2.29262e+09	2.87876e+10
4.07380e+14	2.57311e+17	2.13267e+13	4.41210e+14	1.69358e+14	2.21604e+12	7.35470e+13	2.28185e+13	1.25332e+10	4.21742e+14	9.92304e+12	4.85637e+11	2.57693e+10	1.68224e+12	6.38802e+12	2.63394e+13	4.01813e+13	2.66856e+09	3.09291e+10
4.07379e+14	2.40746e+17	2.12705e+13	4.20160e+14	1.54497e+14	2.31873e+12	7.14195e+13	1.98330e+13	1.44198e+10	4.15997e+14	8.10971e+12	3.76829e+11	2.74105e+10	1.86798e+12	6.48675e+12	2.57057e+13	3.65635e+13	3.09414e+09	3.31343e+10
4.07379e+14	2.25475e+17	2.11903e+13	4.00000e+14	1.40987e+14	2.42198e+12	6.92985e+13	1.72368e+13	1.65356e+10	4.09595e+14	6.63981e+12	2.93088e+11	2.90045e+10	2.06370e+12	6.56465e+12	2.50207e+13	3.32123e+13	3.57555e+09	3.54073e+10
4.07379e+14	2.11382e+17	2.10911e+13	3.80738e+14	1.28697e+14	2.52549e+12	6.71867e+13	1.49808e+13	1.89007e+10	4.02590e+14	5.44579e+12	2.28470e+11	3.05414e+10	2.26850e+12	6.62127e+12	2.42918e+13	3.01160e+13	4.11811e+09	3.77455e+10
4.07380e+14	1.98346e+17	2.09760e+13	3.62340e+14	1.17499e+14	2.62910e+12	6.50846e+13	1.30191e+13	2.15393e+10	3.95039e+14	4.47281e+12	1.78428e+11	3.20124e+10	2.48173e+12	6.65654e+12	2.35247e+13	2.72590e+13	4.72819e+09	4.01508e+10
4.07380e+14	1.86264e+17	2.08473e+13	3.44777e+14	1.07285e+14	2.73262e+12	6.29936e+13	1.13132e+13	2.44768e+10	3.86992e+14	3.67792e+12	1.39561e+11	3.34097e+10	2.70249e+12	6.67032e+12	2.27250e+13	2.46269e+13	5.41243e+09	4.26227e+10
4.07380e+14	1.75043e+17	2.07071e+13	3.28009e+14	9.79587e+13	2.83593e+12	6.09145e+13	9.82887e+12	2.77419e+10	3.78497e+14	3.02688e+12	1.09289e+11	3.47265e+10	2.92982e+12	6.66258e+12	2.18980e+13	2.22053e+13	6.17830e+09	4.51611e+10
4.07380e+14	1.64606e+17	2.05570e+13	3.12008e+14	8.94360e+13	2.93881e+12	5.88501e+13	8.53747e+12	3.13634e+10	3.69601e+14	2.49273e+12	8.56638e+10	3.59568e+10	3.16253e+12	6.63350e+12	2.10493e+13	1.99816e+13	7.03335e+09	4.77643e+10
4.07380e+14	1.54882e+17	2.03984e+13	2.96738e+14	8.16420e+13	3.04113e+12	5.68025e+13	7.41376e+12	3.53730e+10	3.60349e+14	2.05373e+12	6.71909e+10	3.70957e+10	3.39933e+12	6.58334e+12	2.01838e+13	1.79431e+13	7.98592e+09	5.04307e+10
4.07380e+14	1.45814e+17	2.02323e+13	2.82169e+14	7.45126e+13	3.14273e+12	5.47748e+13	6.43620e+12	3.98038e+10	3.50786e+14	1.69252e+12	5.27281e+10	3.81389e+10	3.63874e+12	6.51255e+12	1.93067e+13	1.60784e+13	9.04458e+09	5.31571e+10
4.07380e+14	1.37338e+17	2.00596e+13	2.68260e+14	6.79838e+13	3.24355e+12	5.27682e+13	5.58524e+12	4.46941e+10	3.40946e+14	1.39479e+12	4.13834e+10	3.90840e+10	3.87938e+12	6.42169e+12	1.84221e+13	1.43750e+13	1.02195e+10	5.59429e+10
4.07380e+14	1.29411e+17	1.98808e+13	2.54985e+14	6.20052e+13	3.34341e+12	5.07856e+13	4.84479e+12	5.00818e+10	3.30871e+14	1.14925e+12	3.24788e+10	3.99280e+10	4.11957e+12	6.31149e+12	1.75348e+13	1.28226e+13	1.15205e+10	5.87836e+10
4.07380e+14	1.21984e+17	1.96962e+13	2.42308e+14	5.65281e+13	3.44223e+12	4.88286e+13	4.20041e+12	5.60096e+10	3.20597e+14	9.46559e+11	2.54831e+10	4.06697e+10	4.35766e+12	6.18278e+12	1.66488e+13	1.14105e+13	1.29587e+10	6.16760e+10
4.07380e+14	1.15027e+17	1.95082e+13	2.30225e+14	5.15071e+13	3.53991e+12	4.69028e+13	3.63967e+12	6.25235e+10	3.10205e+14	7.79194e+11	1.99861e+10	4.13111e+10	4.59236e+12	6.03784e+12	1.57716e+13	1.01266e+13	1.45638e+10	6.46177e+10
4.07380e+14	1.08504e+17	1.93174e+13	2.18708e+14	4.68989e+13	3.63640e+12	4.50102e+13	3.15130e+12	6.96786e+10	2.99753e+14	6.40841e+11	1.56624e+10	4.18536e+10	4.82256e+12	5.87835e+12	1.49082e+13	8.95878e+12	1.63755e+10	6.76067e+10
4.07380e+14	1.02383e+17	1.91236e+13	2.07725e+14	4.26784e+13	3.73140e+12	4.31524e+13	2.72715e+12	7.75056e+10	2.89212e+14	5.26706e+11	1.22675e+10	4.22964e+10	5.04494e+12	5.70416e+12	1.40576e+13	7.90578e+12	1.83770e+10	7.06325e+10
4.07380e+14	9.66328e+16	1.89266e+13	1.97246e+14	3.88127e+13	3.82483e+12	4.13304e+13	2.35873e+12	8.60570e+10	2.78610e+14	4.32520e+11	9.60120e+09	4.26406e+10	5.25781e+12	5.51665e+12	1.32227e+13	6.95844e+12	2.05856e+10	7.36896e+10
4.07380e+14	9.12275e+16	1.87268e+13	1.87249e+14	3.52728e+13	3.91655e+12	3.95462e+13	2.03889e+12	9.53831e+10	2.67983e+14	3.54832e+11	7.50801e+09	4.28889e+10	5.45935e+12	5.31753e+12	1.24070e+13	6.10864e+12	2.30188e+10	7.67715e+10
4.07380e+14	8.61444e+16	1.85249e+13	1.77715e+14	3.20322e+13	4.00642e+12	3.78018e+13	1.76138e+12	1.05535e+11	2.57366e+14	2.90797e+11	5.86585e+09	4.30446e+10	5.64788e+12	5.10863e+12	1.16133e+13	5.34870e+12	2.56950e+10	7.98711e+10
4.07380e+14	8.13627e+16	1.83213e+13	1.68626e+14	2.90669e+13	4.09429e+12	3.60990e+13	1.52074e+12	1.16564e+11	2.46791e+14	2.38058e+11	4.57855e+09	4.31116e+10	5.82182e+12	4.89186e+12	1.08446e+13	4.67124e+12	2.86336e+10	8.29809e+10
4.07380e+14	7.68642e+16	1.81169e+13	1.59967e+14	2.63550e+13	4.18005e+12	3.44400e+13	1.31225e+12	1.28522e+11	2.36293e+14	1.94669e+11	3.57050e+09	4.30951e+10	5.97973e+12	4.66921e+12	1.01032e+13	4.06935e+12	3.18546e+10	8.60926e+10
4.07380e+14	7.26319e+16	1.79125e+13	1.51720e+14	2.38763e+13	4.26351e+12	3.28264e+13	1.13175e+12	1.41457e+11	2.25905e+14	1.59014e+11	2.78192e+09	4.29999e+10	6.12042e+12	4.44267e+12	9.39134e+12	3.53637e+12	3.53787e+10	8.91972e+10
4.07380e+14	6.86498e+16	1.77088e+13	1.43870e+14	2.16122e+13	4.34452e+12	3.12597e+13	9.75590e+11	1.55418e+11	2.15658e+14	1.29749e+11	2.16571e+09	4.28317e+10	6.24289e+12	4.21420e+12	8.71073e+12	3.06599e+12	3.92273e+10	9.22855e+10
4.07380e+14	6.49032e+16	1.75065e+13	1.36403e+14	1.95454e+13	4.42295e+12	2.97410e+13	8.40586e+11	1.70453e+11	2.05580e+14	1.05756e+11	1.68467e+09	4.25961e+10	6.34644e+12	3.98565e+12	8.06265e+12	2.65221e+12	4.34227e+10	9.53475e+10
4.07380e+14	6.13788e+16	1.73062e+13	1.29304e+14	1.76606e+13	4.49865e+12	2.82716e+13	7.23968e+11	1.86605e+11	1.95701e+14	8.61129e+10	1.30960e+09	4.22991e+10	6.43064e+12	3.75880e+12	7.44811e+12	2.28944e+12	4.79873e+10	9.83730e+10
4.07380e+14	5.80652e+16	1.71086e+13	1.22561e+14	1.59439e+13	4.57145e+12	2.68529e+13	6.23343e+11	2.03910e+11	1.86049e+14	7.00564e+10	1.01753e+09	4.19466e+10	6.49533e+12	3.53539e+12	6.86795e+12	1.97251e+12	5.29421e+10	1.01350e+11
4.07380e+14	5.49473e+16	1.69142e+13	1.16153e+14	1.43803e+13	4.64124e+12	2.54839e+13	5.36492e+11	2.22416e+11	1.76638e+14	5.69372e+10	7.90134e+08	4.15442e+10	6.54065e+12	3.31666e+12	6.32176e+12	1.69626e+12	5.83145e+10	1.04271e+11
4.07380e+14	5.20154e+16	1.67235e+13	1.10072e+14	1.29582e+13	4.70789e+12	2.41657e+13	4.61617e+11	2.42151e+11	1.67492e+14	4.62362e+10	6.13328e+08	4.10978e+10	6.56697e+12	3.10399e+12	5.80972e+12	1.45629e+12	6.41261e+10	1.07124e+11
4.07380e+14	4.92586e+16	1.65368e+13	1.04300e+14	1.16662e+13	4.77125e+12	2.28983e+13	3.97099e+11	2.63143e+11	1.58628e+14	3.75174e+10	4.75958e+08	4.06125e+10	6.57490e+12	2.89843e+12	5.33131e+12	1.24839e+12	7.04009e+10	1.09898e+11
4.07380e+14	4.66638e+16	1.63537e+13	9.88205e+13	1.04929e+13	4.83119e+12	2.16799e+13	3.41483e+11	2.85438e+11	1.50051e+14	3.04149e+10	3.69208e+08	4.00917e+10	6.56523e+12	2.70060e+12	4.88530e+12	1.06860e+12	7.71685e+10	1.12585e+11
4.07380e+14	4.42270e+16	1.61757e+13	9.36306e+13	9.42998e+12	4.88763e+12	2.05129e+13	2.93654e+11	3.09016e+11	1.41790e+14	2.46463e+10	2.86456e+08	3.95433e+10	6.53904e+12	2.51170e+12	4.47165e+12	9.13773e+11	8.44426e+10	1.15171e+11
4.07380e+14	4.19362e+16	1.60023e+13	8.87115e+13	8.46749e+12	4.94042e+12	1.93953e+13	2.52497e+11	3.33908e+11	1.33844e+14	1.99607e+10	2.22269e+08	3.89703e+10	6.49742e+12	2.33196e+12	4.08868e+12	7.80617e+11	9.22517e+10	1.17648e+11
4.07380e+14	3.97823e+16	1.58334e+13	8.40495e+13	7.59688e+12	4.98951e+12	1.83261e+13	2.17088e+11	3.60125e+11	1.26218e+14	1.61575e+10	1.72491e+08	3.83761e+10	6.44162e+12	2.16165e+12	3.73498e+12	6.66308e+11	1.00621e+11	1.20008e+11
4.07380e+14	3.77568e+16	1.56689e+13	7.96320e+13	6.81027e+12	5.03478e+12	1.73042e+13	1.86631e+11	3.87671e+11	1.18915e+14	1.30729e+10	1.33892e+08	3.77645e+10	6.37295e+12	2.00091e+12	3.40906e+12	5.68349e+11	1.09575e+11	1.22244e+11
4.07380e+14	3.58515e+16	1.55084e+13	7.54464e+13	6.10031e+12	5.07614e+12	1.63284e+13	1.60436e+11	4.16546e+11	1.11932e+14	1.05726e+10	1.03963e+08	3.71381e+10	6.29272e+12	1.84974e+12	3.10935e+12	4.84527e+11	1.19137e+11	1.24347e+11
4.07380e+14	3.40590e+16	1.53519e+13	7.14806e+13	5.46021e+12	5.11355e+12	1.53972e+13	1.37909e+11	4.46745e+11	1.05270e+14	8.54703e+09	8.07528e+07	3.64999e+10	6.20227e+12	1.70802e+12	2.83424e+12	4.12892e+11	1.29333e+11	1.26313e+11
4.07380e+14	3.23717e+16	1.51988e+13	6.77230e+13	4.88369e+12	5.14690e+12	1.45094e+13	1.18537e+11	4.78259e+11	9.89216e+13	6.90691e+09	6.27504e+07	3.58520e+10	6.10287e+12	1.57552e+12	2.58209e+12	3.51740e+11	1.40186e+11	1.28135e+11
4.07380e+14	3.07792e+16	1.50485e+13	6.41537e+13	4.36388e+12	5.17603e+12	1.36616e+13	1.01843e+11	5.11121e+11	9.28682e+13	5.57709e+09	4.87584e+07	3.51949e+10	5.99542e+12	1.45169e+12	2.35081e+12	2.99489e+11	1.51741e+11	1.29815e+11
4.07380e+14	2.92865e+16	1.49019e+13	6.07885e+13	3.89865e+12	5.20116e+12	1.28580e+13	8.75530e+10	5.45164e+11	8.71456e+13	4.50542e+09	3.79436e+07	3.45355e+10	5.88218e+12	1.33700e+12	2.14036e+12	2.55133e+11	1.63962e+11	1.31337e+11
4.07380e+14	2.78763e+16	1.47575e+13	5.75911e+13	3.47989e+12	5.22200e+12	1.20915e+13	7.52343e+10	5.80509e+11	8.17031e+13	3.63688e+09	2.95282e+07	3.38704e+10	5.76320e+12	1.23024e+12	1.94773e+12	2.17274e+11	1.76932e+11	1.32711e+11
4.07380e+14	2.65460e+16	1.46148e+13	5.45597e+13	3.10408e+12	5.23851e+12	1.13622e+13	6.46379e+10	6.17088e+11	7.65435e+13	2.93451e+09	0	3.32021e+10	5.63980e+12	1.13124e+12	1.77192e+12	1.85034e+11	1.90653e+11	1.33930e+11
4.07380e+14	2.52907e+16	1.44738e+13	5.16855e+13	2.76712e+12	5.25069e+12	1.06688e+13	5.55239e+10	6.54863e+11	7.16584e+13	2.36679e+09	0	3.25322e+10	5.51295e+12	1.03957e+12	1.61160e+12	1.57590e+11	2.05148e+11	1.34996e+11
4.07380e+14	2.41055e+16	1.43340e+13	4.89600e+13	2.46524e+12	5.25847e+12	1.00099e+13	4.76844e+10	6.93798e+11	6.70372e+13	1.90803e+09	0	3.18616e+10	5.38349e+12	9.54800e+11	1.46549e+12	1.34235e+11	2.20437e+11	1.35907e+11
4.07380e+14	2.29856e+16	1.41951e+13	4.63749e+13	2.19497e+12	5.26183e+12	9.38399e+12	4.09412e+10	7.33850e+11	6.26697e+13	1.53746e+09	0	3.11913e+10	5.25218e+12	8.76495e+11	1.33239e+12	1.14360e+11	2.36536e+11	1.36666e+11
4.07380e+14	2.19268e+16	1.40567e+13	4.39226e+13	1.95319e+12	5.26071e+12	8.78981e+12	3.51410e+10	7.74974e+11	5.85453e+13	1.23820e+09	0	3.05221e+10	5.11970e+12	8.04224e+11	1.21118e+12	9.74479e+10	2.53464e+11	1.37273e+11
4.07380e+14	2.09247e+16	1.39183e+13	4.15950e+13	1.73699e+12	5.25507e+12	8.22586e+12	3.01509e+10	8.17129e+11	5.46521e+13	9.96583e+08	0	2.98546e+10	4.98661e+12	7.37554e+11	1.10081e+12	8.30526e+10	2.71235e+11	1.37730e+11
4.07380e+14	1.99759e+16	1.37797e+13	3.93862e+13	1.54383e+12	5.24489e+12	7.69107e+12	2.58590e+10	8.60248e+11	5.09811e+13	8.01619e+08	0	2.91896e+10	4.85347e+12	6.76110e+11	1.00035e+12	7.08010e+10	2.89855e+11	1.38039e+11
4.07380e+14	1.90769e+16	1.36405e+13	3.72893e+13	1.37135e+12	5.23018e+12	7.18414e+12	2.21678e+10	9.04285e+11	4.75210e+13	6.44352e+08	0	2.85277e+10	4.72073e+12	6.19510e+11	9.08916e+11	6.03717e+10	3.09335e+11	1.38205e+11
4.07380e+14	1.82243e+16	1.35005e+13	3.52982e+13	1.21742e+12	5.21090e+12	6.70391e+12	1.89934e+10	9.49175e+11	4.42617e+13	5.17545e+08	0	2.78694e+10	4.58876e+12	5.67390e+11	8.25702e+11	5.14913e+10	3.29674e+11	1.38229e+11
4.07380e+14	1.74152e+16	1.33594e+13	3.34073e+13	1.08013e+12	5.18704e+12	6.24929e+12	1.62642e+10	9.94854e+11	4.11935e+13	4.15356e+08	0	2.72152e+10	4.45790e+12	5.19417e+11	7.49974e+11	4.39282e+10	3.50868e+11	1.38116e+11
4.07380e+14	1.66467e+16	1.32167e+13	3.16112e+13	9.57751e+11	5.15859e+12	5.81920e+12	1.39182e+10	1.04125e+12	3.83067e+13	3.33048e+08	0	2.65654e+10	4.32844e+12	4.75274e+11	6.81058e+11	3.74852e+10	3.72905e+11	1.37868e+11
4.07380e+14	1.59165e+16	1.30725e+13	2.99053e+13	8.48740e+11	5.12559e+12	5.41272e+12	1.19026e+10	1.08830e+12	3.55928e+13	2.66807e+08	0	2.59207e+10	4.20064e+12	4.34678e+11	6.18356e+11	3.19960e+10	3.95762e+11	1.37490e+11
4.07380e+14	1.52217e+16	1.29261e+13	2.82839e+13	7.51651e+11	5.08801e+12	5.02868e+12	1.01707e+10	1.13593e+12	3.30414e+13	2.13510e+08	0	2.52809e+10	4.07462e+12	3.97332e+11	5.61279e+11	2.73159e+10	4.19419e+11	1.36986e+11
4.07380e+14	1.45579e+16	1.27769e+13	2.67377e+13	6.65007e+11	5.04552e+12	4.66517e+12	8.67951e+09	1.18415e+12	3.06373e+13	1.70573e+08	0	2.46444e+10	3.95009e+12	3.62891e+11	5.09179e+11	2.33159e+10	4.43873e+11	1.36356e+11
4.07380e+14	1.39278e+16	1.26259e+13	2.52735e+13	5.88172e+11	4.99890e+12	4.32349e+12	7.40374e+09	1.23271e+12	2.83876e+13	1.36184e+08	0	2.40159e+10	3.82814e+12	3.31334e+11	4.61915e+11	1.99139e+10	4.68998e+11	1.35610e+11
4.07380e+14	1.33270e+16	1.24722e+13	2.38817e+13	5.19867e+11	4.94784e+12	4.00166e+12	6.30941e+09	1.28161e+12	2.62769e+13	1.08590e+08	0	2.33936e+10	3.70840e+12	3.02333e+11	4.18901e+11	1.70115e+10	4.94773e+11	1.34749e+11
4.07380e+14	1.27555e+16	1.23162e+13	2.25628e+13	4.59317e+11	4.89277e+12	3.69960e+12	5.37350e+09	1.33071e+12	2.43030e+13	8.65121e+07	0	2.27795e+10	3.59132e+12	2.75756e+11	3.79852e+11	1.45397e+10	5.21090e+11	1.33782e+11
4.07380e+14	1.22082e+16	1.21566e+13	2.13053e+13	4.05411e+11	4.83307e+12	3.41498e+12	4.56965e+09	1.38006e+12	2.24484e+13	6.87912e+07	0	2.21700e+10	3.47617e+12	2.51279e+11	3.44219e+11	1.24249e+10	5.47925e+11	1.32705e+11
4.07380e+14	1.16854e+16	1.19940e+13	2.01104e+13	3.57585e+11	4.76925e+12	3.14790e+12	3.88180e+09	1.42951e+12	2.07123e+13	5.46209e+07	0	2.15677e+10	3.36344e+12	2.28815e+11	3.11805e+11	1.06198e+10	5.75141e+11	1.31526e+11
4.07380e+14	1.11836e+16	1.18273e+13	1.89705e+13	3.15047e+11	4.70092e+12	2.89676e+12	3.29188e+09	1.47906e+12	1.90826e+13	4.32737e+07	0	2.09698e+10	3.25266e+12	2.08131e+11	2.82221e+11	9.07443e+09	6.02657e+11	1.30243e+11
4.07380e+14	1.07052e+16	1.16579e+13	1.78911e+13	2.77451e+11	4.62906e+12	2.66235e+12	2.78937e+09	1.52845e+12	1.75639e+13	3.42454e+07	0	2.03814e+10	3.14470e+12	1.89215e+11	2.55389e+11	7.75792e+09	6.30268e+11	1.28871e+11
4.07380e+14	1.02473e+16	1.14851e+13	1.68655e+13	2.44150e+11	4.55345e+12	2.44323e+12	2.36049e+09	1.57770e+12	1.61456e+13	2.70535e+07	0	1.98005e+10	3.03917e+12	1.71871e+11	2.30986e+11	6.63329e+09	6.57861e+11	1.27409e+11
4.07380e+14	9.81079e+15	1.13097e+13	1.58960e+13	2.14783e+11	4.47488e+12	2.23952e+12	1.99618e+09	1.62659e+12	1.48277e+13	2.13506e+07	0	1.92301e+10	2.93662e+12	1.56042e+11	2.08884e+11	5.67552e+09	6.85233e+11	1.25869e+11
4.07380e+14	9.39039e+15	1.11300e+13	1.49707e+13	1.88700e+11	4.39231e+12	2.04891e+12	1.68466e+09	1.67527e+12	1.35940e+13	1.68051e+07	0	1.86648e+10	2.83594e+12	1.41484e+11	1.88708e+11	4.85406e+09	7.12279e+11	1.24240e+11
4.07380e+14	8.98735e+15	1.09469e+13	1.40922e+13	1.65647e+11	4.30659e+12	1.87160e+12	1.41974e+09	1.72355e+12	1.24456e+13	1.32020e+07	0	1.81076e+10	2.73769e+12	1.28163e+11	1.70374e+11	4.15210e+09	7.38769e+11	1.22533e+11
4.07380e+14	8.60074e+15	1.07604e+13	1.32584e+13	1.45286e+11	4.21791e+12	1.70693e+12	1.19473e+09	1.77134e+12	1.13776e+13	1.03507e+07	0	1.75589e+10	2.64184e+12	1.15983e+11	1.53721e+11	3.55211e+09	7.64505e+11	1.20753e+11
4.07380e+14	8.22997e+15	1.05709e+13	1.24677e+13	1.27322e+11	4.12661e+12	1.55434e+12	1.00395e+09	1.81856e+12	1.03864e+13	0	0	1.70191e+10	2.54843e+12	1.04860e+11	1.38608e+11	3.03946e+09	7.89277e+11	1.18906e+11
4.07380e+14	7.87421e+15	1.03784e+13	1.17182e+13	1.11484e+11	4.03291e+12	1.41318e+12	8.42400e+08	1.86512e+12	9.46752e+12	0	0	1.64883e+10	2.45744e+12	9.47103e+10	1.24897e+11	2.60130e+09	8.12874e+11	1.16996e+11
4.07380e+14	7.53261e+15	1.01830e+13	1.10076e+13	9.75285e+10	3.93705e+12	1.28279e+12	7.05765e+08	1.91097e+12	8.61658e+12	0	0	1.59666e+10	2.36880e+12	8.54545e+10	1.12461e+11	2.22670e+09	8.35089e+11	1.15026e+11
4.07380e+14	7.20488e+15	9.98526e+12	1.03349e+13	8.52493e+10	3.83942e+12	1.16268e+12	5.90454e+08	1.95600e+12	7.83049e+12	0	0	1.54547e+10	2.28260e+12	7.70297e+10	1.01197e+11	1.90662e+09	8.55717e+11	1.13003e+11
4.07380e+14	6.89032e+15	9.78531e+12	9.69827e+12	7.44529e+10	3.74030e+12	1.05222e+12	4.93272e+08	2.00015e+12	7.10529e+12	0	0	1.49529e+10	2.19879e+12	6.93678e+10	9.09980e+10	1.63304e+09	8.74568e+11	1.10933e+11
4.07380e+14	6.58897e+15	9.58388e+12	9.09728e+12	6.49820e+10	3.64023e+12	9.50976e+11	4.11606e+08	2.04334e+12	6.43842e+12	0	0	1.44622e+10	2.11752e+12	6.24179e+10	8.17845e+10	1.39947e+09	8.91478e+11	1.08823e+11
4.07380e+14	6.29928e+15	9.38058e+12	8.52828e+12	5.66591e+10	3.53909e+12	8.58125e+11	3.42909e+08	2.08554e+12	5.82452e+12	0	0	1.39811e+10	2.03849e+12	5.61038e+10	7.34440e+10	1.19957e+09	9.06273e+11	1.06673e+11
4.07380e+14	6.01898e+15	9.17445e+12	7.98631e+12	4.93165e+10	3.43635e+12	7.72730e+11	2.84964e+08	2.12680e+12	5.25756e+12	0	0	1.35070e+10	1.96116e+12	5.03467e+10	6.58622e+10	1.02776e+09	9.18751e+11	1.04473e+11
4.07380e+14	5.75467e+15	8.97086e+12	7.48377e+12	4.29715e+10	3.33546e+12	6.95834e+11	2.37055e+08	2.16670e+12	4.74540e+12	0	0	1.30518e+10	1.88753e+12	4.52055e+10	5.91122e+10	8.82561e+08	9.29049e+11	1.02284e+11
4.07380e+14	5.49908e+15	8.76538e+12	7.00577e+12	3.73819e+10	3.23368e+12	6.25384e+11	1.96746e+08	2.20554e+12	4.27415e+12	0	0	1.26042e+10	1.81562e+12	4.05289e+10	5.29852e+10	7.57666e+08	9.36865e+11	1.00057e+11
4.07380e+14	5.25410e+15	8.55998e+12	6.55546e+12	3.24967e+10	3.13229e+12	5.61385e+11	1.63107e+08	2.24315e+12	3.84433e+12	0	0	1.21682e+10	1.74606e+12	3.63086e+10	4.74667e+10	6.50860e+08	9.42240e+11	9.78158e+10
4.07380e+14	5.01863e+15	8.35448e+12	6.13020e+12	2.82214e+10	3.03122e+12	5.03228e+11	1.35019e+08	2.27954e+12	3.45215e+12	0	0	1.17427e+10	1.67862e+12	3.24962e+10	4.24891e+10	5.59320e+08	9.45123e+11	9.55590e+10
4.07380e+14	4.79381e+15	8.15045e+12	5.73153e+12	2.45019e+10	2.93146e+12	4.50724e+11	1.11707e+08	2.31459e+12	3.09675e+12	0	0	1.13304e+10	1.61372e+12	2.90730e+10	3.80253e+10	4.81171e+08	9.45641e+11	9.33059e+10
4.07380e+14	4.57857e+15	7.94767e+12	5.35684e+12	2.12607e+10	2.83291e+12	4.03294e+11	9.23389e+07	2.34833e+12	2.77446e+12	0	0	1.09302e+10	1.55110e+12	2.59951e+10	3.40155e+10	4.14278e+08	9.43812e+11	9.10550e+10
4.07380e+14	4.37257e+15	7.74656e+12	5.00489e+12	1.84385e+10	2.73578e+12	3.60520e+11	7.62675e+07	2.38072e+12	2.48273e+12	0	0	1.05421e+10	1.49075e+12	2.32308e+10	3.04164e+10	3.56994e+08	9.39730e+11	8.88120e+10
4.07380e+14	4.17549e+15	7.54756e+12	4.67441e+12	1.59829e+10	2.64027e+12	3.22003e+11	6.29477e+07	2.41177e+12	2.21911e+12	0	0	1.01661e+10	1.43262e+12	2.07508e+10	2.71885e+10	3.07912e+08	9.33512e+11	8.65833e+10
4.07380e+14	3.98702e+15	7.35064e+12	4.36468e+12	1.38491e+10	2.54657e+12	2.87382e+11	5.19226e+07	2.44144e+12	1.98136e+12	0	0	9.80222e+09	1.37668e+12	1.85282e+10	2.42958e+10	2.65836e+08	9.25291e+11	8.43683e+10
4.07380e+14	3.80685e+15	7.15628e+12	4.07440e+12	1.19958e+10	2.45484e+12	2.56304e+11	4.28055e+07	2.46975e+12	1.76727e+12	0	0	9.45035e+09	1.32289e+12	1.65380e+10	2.17052e+10	2.29741e+08	9.15224e+11	8.21740e+10
4.07380e+14	3.63314e+15	6.96310e+12	3.80003e+12	1.03770e+10	2.36434e+12	2.28270e+11	3.52309e+07	2.49673e+12	1.57354e+12	0	0	9.10740e+09	1.27073e+12	1.47462e+10	1.93719e+10	1.98583e+08	9.03260e+11	7.99848e+10
4.07380e+14	3.47014e+15	6.77622e+12	3.54794e+12	8.99199e+09	2.27775e+12	2.03491e+11	2.90549e+07	2.52227e+12	1.40196e+12	0	0	8.78221e+09	1.22155e+12	1.31653e+10	1.73127e+10	1.72128e+08	8.90221e+11	7.78626e+10
4.07380e+14	3.31197e+15	6.58982e+12	3.30814e+12	7.77666e+09	2.19200e+12	1.81076e+11	2.39045e+07	2.54651e+12	1.24632e+12	0	0	8.46360e+09	1.17359e+12	1.17366e+10	1.54500e+10	1.49142e+08	8.75470e+11	7.57382e+10
4.07380e+14	3.16309e+15	6.40933e+12	3.08723e+12	6.73516e+09	2.10989e+12	1.61252e+11	1.97000e+07	2.56939e+12	1.10844e+12	0	0	8.16082e+09	1.12824e+12	1.04742e+10	1.38032e+10	1.29542e+08	8.59922e+11	7.36779e+10
4.07380e+14	3.01889e+15	6.23000e+12	2.87759e+12	5.82324e+09	2.02895e+12	1.43375e+11	1.62020e+07	2.59097e+12	9.83844e+11	0	0	7.86499e+09	1.08412e+12	9.33586e+09	1.23166e+10	1.12499e+08	8.43038e+11	7.16249e+10
4.07380e+14	2.88353e+15	6.05718e+12	2.68506e+12	5.04364e+09	1.95182e+12	1.27616e+11	1.33529e+07	2.61124e+12	8.73923e+11	0	0	7.58488e+09	1.04256e+12	8.33262e+09	1.10054e+10	9.79583e+07	8.25763e+11	6.96442e+10
4.07380e+14	2.75320e+15	5.88673e+12	2.50358e+12	4.36427e+09	1.87644e+12	1.13481e+11	1.09925e+07	2.63024e+12	7.75195e+11	0	0	7.31301e+09	1.00238e+12	7.43220e+09	9.82717e+09	8.53308e+07	8.07620e+11	6.76871e+10
4.07380e+14	2.62889e+15	5.72024e+12	2.33418e+12	3.77666e+09	1.80354e+12	1.00896e+11	9.05015e+06	2.64800e+12	6.87231e+11	0	0	7.05168e+09	9.63928e+11	6.62984e+09	8.77609e+09	7.44209e+07	7.88985e+11	6.57730e+10
4.07380e+14	2.51034e+15	5.55778e+12	2.17612e+12	3.26855e+09	1.73311e+12	8.96959e+10	7.45224e+06	2.66454e+12	6.08935e+11	0	0	6.80060e+09	9.27136e+11	5.91509e+09	7.83866e+09	6.49851e+07	7.69997e+11	6.39034e+10
4.07380e+14	2.39640e+15	5.39823e+12	2.02744e+12	2.82673e+09	1.66459e+12	7.96819e+10	6.13147e+06	2.67984e+12	5.38927e+11	0	0	6.55760e+09	8.91662e+11	5.27510e+09	6.99814e+09	5.67757e+07	7.50585e+11	6.20648e+10
4.07380e+14	2.28953e+15	5.24519e+12	1.89124e+12	2.44961e+09	1.59962e+12	7.08812e+10	5.05682e+06	2.69408e+12	4.77450e+11	0	0	6.32811e+09	8.58304e+11	4.71173e+09	6.25754e+09	4.97344e+07	7.31463e+11	6.03022e+10
4.07380e+14	2.18591e+15	5.09385e+12	1.76192e+12	2.11940e+09	1.53592e+12	6.29675e+10	4.16296e+06	2.70709e+12	4.22203e+11	0	0	6.10418e+09	8.25864e+11	4.20412e+09	5.58923e+09	4.35574e+07	7.11928e+11	5.85569e+10
4.07380e+14	2.08805e+15	4.94798e+12	1.64258e+12	1.83608e+09	1.47516e+12	5.59843e+10	3.43242e+06	2.71903e+12	3.73529e+11	0	0	5.89139e+09	7.95155e+11	3.75524e+09	4.99754e+09	3.82243e+07	6.92698e+11	5.68752e+10
4.07380e+14	1.99505e+15	4.80662e+12	1.53174e+12	1.59174e+09	1.41688e+12	4.97944e+10	2.83243e+06	2.72995e+12	3.30458e+11	0	0	5.68799e+09	7.65904e+11	3.35637e+09	4.47114e+09	3.35941e+07	6.73702e+11	5.52463e+10
4.07380e+14	1.90615e+15	4.66897e+12	1.42811e+12	1.38001e+09	1.36066e+12	4.42859e+10	2.33761e+06	2.73980e+12	2.92210e+11	0	0	5.49245e+09	7.37878e+11	3.00047e+09	4.00081e+09	2.95540e+07	6.54873e+11	5.36603e+10
4.07380e+14	1.82167e+15	4.53577e+12	1.33187e+12	1.19734e+09	1.30677e+12	3.94044e+10	1.93097e+06	2.74866e+12	2.58404e+11	0	0	5.30564e+09	7.11190e+11	2.68403e+09	3.58230e+09	2.60381e+07	6.36401e+11	5.21265e+10
4.07380e+14	1.74121e+15	4.40678e+12	1.24217e+12	1.03935e+09	1.25506e+12	3.50710e+10	1.59608e+06	2.75643e+12	2.28502e+11	0	0	5.12687e+09	6.85726e+11	2.40082e+09	3.20919e+09	2.29695e+07	6.18286e+11	5.06412e+10
4.07380e+14	1.66456e+15	4.28179e+12	1.15865e+12	9.02716e+08	1.20541e+12	3.12240e+10	1.32017e+06	2.76326e+12	2.02046e+11	0	0	4.95573e+09	6.61422e+11	2.14864e+09	2.87646e+09	2.02883e+07	6.00563e+11	4.92033e+10
4.07380e+14	1.59105e+15	4.15991e+12	1.08036e+12	7.83977e+08	1.15743e+12	2.77939e+10	1.09186e+06	2.76911e+12	1.78539e+11	0	0	4.79081e+09	6.38070e+11	1.92309e+09	2.57836e+09	1.79334e+07	5.83131e+11	4.78029e+10
4.07380e+14	1.52151e+15	4.04274e+12	1.00801e+12	6.81770e+08	1.11173e+12	2.47630e+10	9.04445e+05	2.77413e+12	1.57862e+11	0	0	4.63410e+09	6.15944e+11	1.72316e+09	2.31369e+09	1.58801e+07	5.66286e+11	4.64587e+10
4.07380e+14	1.45524e+15	3.92934e+12	9.40618e+11	5.93270e+08	1.06788e+12	2.20709e+10	7.49754e+05	2.77827e+12	1.39582e+11	0	0	4.48413e+09	5.94825e+11	1.54499e+09	2.07742e+09	1.40793e+07	5.49905e+11	4.51596e+10
4.07380e+14	1.39243e+15	3.82020e+12	8.78224e+11	5.16902e+08	1.02604e+12	1.96878e+10	6.22401e+05	2.78165e+12	1.23483e+11	0	0	4.34142e+09	5.74781e+11	1.38670e+09	1.86719e+09	1.25031e+07	5.34100e+11	4.39119e+10
4.07380e+14	1.33230e+15	3.71418e+12	8.19851e+11	4.50497e+08	9.85731e+11	1.75637e+10	5.16844e+05	2.78419e+12	1.09208e+11	0	0	4.20426e+09	5.55564e+11	1.24507e+09	1.67879e+09	1.11135e+07	5.18706e+11	4.27021e+10
4.07380e+14	1.27502e+15	3.61171e+12	7.65515e+11	3.92938e+08	9.47089e+11	1.56763e+10	4.29568e+05	2.78597e+12	9.65972e+10	0	0	4.07309e+09	5.37231e+11	1.11874e+09	1.51047e+09	9.89069e+06	5.03813e+11	4.15354e+10
4.07380e+14	1.22062e+15	3.51299e+12	7.15095e+11	3.43120e+08	9.10158e+11	1.40018e+10	3.57475e+05	2.78706e+12	8.54790e+10	0	0	3.94806e+09	5.19795e+11	1.00621e+09	1.36030e+09	8.81528e+06	4.89469e+11	4.04143e+10
4.07380e+14	1.16846e+15	3.41705e+12	6.67856e+11	2.99701e+08	8.74547e+11	1.25070e+10	2.97559e+05	2.78735e+12	7.56182e+10	0	0	3.82779e+09	5.03059e+11	9.05329e+08	1.22547e+09	7.86329e+06	4.75534e+11	3.93274e+10
4.07380e+14	1.11892e+15	3.32469e+12	6.24027e+11	2.62089e+08	8.40520e+11	1.11803e+10	2.48004e+05	2.78700e+12	6.69273e+10	0	0	3.71317e+09	4.87142e+11	8.15393e+08	1.10509e+09	7.02429e+06	4.62142e+11	3.82840e+10
4.07380e+14	1.07158e+15	3.23526e+12	5.83109e+11	2.29350e+08	8.07820e+11	9.99783e+09	2.06843e+05	2.78597e+12	5.92373e+10	0	0	3.60329e+09	4.71915e+11	7.34867e+08	9.97144e+08	6.28142e+06	4.49204e+11	3.72768e+10
4.07380e+14	1.02661e+15	3.14918e+12	5.45126e+11	2.00945e+08	7.76567e+11	8.94720e+09	1.72734e+05	2.78434e+12	5.24580e+10	0	0	3.49857e+09	4.57429e+11	6.62979e+08	9.00638e+08	5.62507e+06	4.36789e+11	3.63104e+10
4.07380e+14	9.83859e+14	3.06631e+12	5.09860e+11	1.76276e+08	7.46693e+11	8.01314e+09	1.44436e+05	2.78217e+12	4.64795e+10	0	0	3.39875e+09	4.43646e+11	5.98750e+08	8.14292e+08	5.04438e+06	4.24884e+11	3.53833e+10
4.07380e+14	9.42997e+14	2.98610e+12	4.76919e+11	1.54752e+08	7.17977e+11	7.17933e+09	1.20861e+05	2.77938e+12	4.11870e+10	0	0	3.30305e+09	4.30455e+11	5.41122e+08	7.36712e+08	4.52834e+06	4.13404e+11	3.44892e+10
4.07380e+14	9.04044e+14	2.90869e+12	4.46240e+11	1.35995e+08	6.90449e+11	6.43605e+09	0	2.77604e+12	3.65101e+10	0	0	3.21159e+09	4.17866e+11	4.89479e+08	6.67093e+08	4.07001e+06	4.02376e+11	3.36296e+10
4.07380e+14	8.66910e+14	2.83399e+12	4.17663e+11	1.19637e+08	6.64059e+11	5.77316e+09	0	2.77219e+12	3.23768e+10	0	0	3.12415e+09	4.05851e+11	4.43166e+08	6.04578e+08	3.66248e+06	3.91787e+11	3.28034e+10
4.07380e+14	8.31503e+14	2.76190e+12	3.91041e+11	1.05360e+08	6.38756e+11	5.18164e+09	0	2.76785e+12	2.87228e+10	0	0	3.04058e+09	3.94381e+11	4.01605e+08	5.48403e+08	3.29971e+06	3.81624e+11	3.20096e+10
4.07380e+14	7.97739e+14	2.69233e+12	3.66236e+11	9.28870e+07	6.14493e+11	4.65352e+09	0	2.76304e+12	2.54920e+10	0	0	2.96068e+09	3.83432e+11	3.64278e+08	4.97888e+08	2.97640e+06	3.71872e+11	3.12469e+10
4.07380e+14	7.65535e+14	2.62518e+12	3.43119e+11	8.19809e+07	5.91222e+11	4.18173e+09	0	2.75779e+12	2.26343e+10	0	0	2.88430e+09	3.72975e+11	3.30728e+08	4.52429e+08	2.68793e+06	3.62519e+11	3.05142e+10
4.07380e+14	7.34816e+14	2.56038e+12	3.21572e+11	7.24362e+07	5.68902e+11	3.76005e+09	0	2.75213e+12	2.01062e+10	0	0	2.81127e+09	3.62990e+11	3.00551e+08	4.11491e+08	2.43025e+06	3.53551e+11	2.98106e+10
4.07380e+14	7.05508e+14	2.49782e+12	3.01483e+11	6.40748e+07	5.47489e+11	3.38292e+09	0	2.74606e+12	1.78688e+10	0	0	2.74144e+09	3.53451e+11	2.73383e+08	3.74593e+08	2.19982e+06	3.44953e+11	2.91349e+10
4.07380e+14	6.77463e+14	2.43726e+12	2.82698e+11	5.67304e+07	5.26890e+11	3.04490e+09	0	2.73958e+12	1.58848e+10	0	0	2.67447e+09	3.44312e+11	2.48869e+08	3.41261e+08	1.99322e+06	3.36687e+11	2.84843e+10
4.07380e+14	6.50851e+14	2.37912e+12	2.65278e+11	5.03080e+07	5.07229e+11	2.74328e+09	0	2.73286e+12	1.41339e+10	0	0	2.61079e+09	3.35628e+11	2.26836e+08	3.11270e+08	1.80862e+06	3.28814e+11	2.78633e+10
4.07380e+14	6.25372e+14	2.32281e+12	2.48977e+11	4.46540e+07	4.88305e+11	2.47256e+09	0	2.72576e+12	1.25798e+10	0	0	2.54971e+09	3.27304e+11	2.06917e+08	2.84129e+08	1.64270e+06	3.21246e+11	2.72654e+10
4.07380e+14	6.01045e+14	2.26842e+12	2.33764e+11	3.96811e+07	4.70139e+11	2.22987e+09	0	2.71837e+12	1.12024e+10	0	0	2.49126e+09	3.19345e+11	1.88925e+08	2.59587e+08	1.49366e+06	3.13994e+11	2.66913e+10
4.07380e+14	5.77750e+14	2.21572e+12	2.19525e+11	3.52957e+07	4.52654e+11	2.01183e+09	0	2.71064e+12	9.97915e+09	0	0	2.43519e+09	3.11713e+11	1.72635e+08	2.37346e+08	1.35944e+06	3.07026e+11	2.61388e+10
4.07380e+14	5.55563e+14	2.16494e+12	2.06268e+11	3.14377e+07	4.35907e+11	1.81648e+09	0	2.70271e+12	8.89599e+09	0	0	2.38169e+09	3.04433e+11	1.57919e+08	2.17234e+08	1.23879e+06	3.00370e+11	2.56099e+10
4.07380e+14	5.34416e+14	2.11597e+12	1.93914e+11	2.80385e+07	4.19855e+11	1.64125e+09	0	2.69460e+12	7.93593e+09	0	0	2.33060e+09	2.97484e+11	1.44607e+08	1.99026e+08	1.13016e+06	2.94008e+11	2.51034e+10
4.07380e+14	5.14168e+14	2.06852e+12	1.82348e+11	2.50322e+07	4.04410e+11	1.48360e+09	0	2.68622e+12	7.08257e+09	0	0	2.28160e+09	2.90819e+11	1.32528e+08	1.82487e+08	1.03205e+06	2.87899e+11	2.46162e+10
4.07380e+14	4.94805e+14	2.02261e+12	1.71533e+11	2.23731e+07	3.89564e+11	1.34180e+09	0	2.67765e+12	6.32424e+09	0	0	2.23466e+09	2.84436e+11	1.21565e+08	1.67465e+08	9.43411e+05	2.82044e+11	2.41483e+10
4.07380e+14	4.76293e+14	1.97819e+12	1.61420e+11	2.00192e+07	3.75297e+11	1.21422e+09	0	2.66890e+12	5.65028e+09	0	0	2.18971e+09	2.78322e+11	1.11610e+08	1.53813e+08	8.63257e+05	2.76432e+11	2.36991e+10
4.07380e+14	4.58590e+14	1.93519e+12	1.51962e+11	1.79333e+07	3.61586e+11	1.09936e+09	0	2.65999e+12	5.05100e+09	0	0	2.14665e+09	2.72465e+11	1.02561e+08	1.41394e+08	7.90699e+05	2.71054e+11	2.32678e+10
4.07380e+14	4.41650e+14	1.89354e+12	1.43108e+11	1.60823e+07	3.48400e+11	9.95881e+08	0	2.65095e+12	4.51771e+09	0	0	2.10538e+09	2.66850e+11	9.43273e+07	1.30086e+08	7.24939e+05	2.65898e+11	2.28535e+10
4.07380e+14	4.25451e+14	1.85321e+12	1.34826e+11	1.44388e+07	3.35732e+11	9.02634e+08	0	2.64179e+12	4.04319e+09	0	0	2.06586e+09	2.61469e+11	8.68319e+07	1.19784e+08	6.65299e+05	2.60958e+11	2.24559e+10
4.07380e+14	4.09949e+14	1.81413e+12	1.27069e+11	1.29774e+07	3.23547e+11	8.18529e+08	0	2.63252e+12	3.62061e+09	0	0	2.02797e+09	2.56310e+11	8.00008e+07	1.10388e+08	6.11143e+05	2.56222e+11	2.20740e+10
4.07380e+14	3.95109e+14	1.77624e+12	1.19803e+11	1.16766e+07	3.11834e+11	7.42643e+08	0	2.62316e+12	3.24406e+09	0	0	1.99165e+09	2.51360e+11	7.37692e+07	1.01812e+08	5.61914e+05	2.51681e+11	2.17073e+10
4.07380e+14	3.80895e+14	1.73948e+12	1.12991e+11	1.05172e+07	3.00564e+11	6.74112e+08	0	2.61372e+12	2.90827e+09	0	0	1.95681e+09	2.46608e+11	6.80786e+07	9.39758e+07	5.17112e+05	2.47324e+11	2.13548e+10
4.07380e+14	3.67297e+14	1.70386e+12	1.06612e+11	9.48341e+06	2.89736e+11	6.12238e+08	0	2.60424e+12	2.60894e+09	0	0	1.92343e+09	2.42051e+11	6.28810e+07	8.68141e+07	4.76324e+05	2.43150e+11	2.10166e+10
4.07380e+14	3.54256e+14	1.66923e+12	1.00622e+11	8.55960e+06	2.79309e+11	5.56279e+08	0	2.59470e+12	2.34159e+09	0	0	1.89137e+09	2.37670e+11	5.81244e+07	8.02567e+07	4.39119e+05	2.39142e+11	2.06913e+10
4.07380e+14	3.41762e+14	1.63562e+12	9.50027e+10	7.73372e+06	2.69279e+11	5.05677e+08	0	2.58514e+12	2.10286e+09	0	0	1.86062e+09	2.33462e+11	5.37704e+07	7.42514e+07	4.05167e+05	2.35297e+11	2.03788e+10
4.07380e+14	3.29751e+14	1.60286e+12	8.97128e+10	6.99337e+06	2.59604e+11	4.59820e+08	0	2.57551e+12	1.88924e+09	0	0	1.83100e+09	2.29405e+11	4.97757e+07	6.87389e+07	3.74112e+05	2.31596e+11	2.00774e+10
4.07380e+14	3.18273e+14	1.57111e+12	8.47607e+10	6.33121e+06	2.50322e+11	4.18379e+08	0	2.56592e+12	1.69862e+09	0	0	1.80267e+09	2.25517e+11	4.61181e+07	6.36895e+07	3.45758e+05	2.28055e+11	1.97888e+10
4.07380e+14	3.07300e+14	1.54033e+12	8.01212e+10	5.73816e+06	2.41413e+11	3.80897e+08	0	2.55639e+12	1.52836e+09	0	0	1.77555e+09	2.21789e+11	4.27655e+07	5.90591e+07	3.19839e+05	2.24666e+11	1.95121e+10
4.07380e+14	2.96739e+14	1.51028e+12	7.57466e+10	5.20467e+06	2.32815e+11	3.46871e+08	0	2.54682e+12	1.37570e+09	0	0	1.74941e+09	2.18189e+11	3.96811e+07	5.47976e+07	2.96061e+05	2.21402e+11	1.92451e+10
4.07380e+14	2.86606e+14	1.48103e+12	7.16331e+10	4.72513e+06	2.24540e+11	3.16019e+08	0	2.53728e+12	1.23899e+09	0	0	1.72429e+09	2.14724e+11	3.68454e+07	5.08784e+07	2.74259e+05	2.18266e+11	1.89884e+10
4.07380e+14	2.76880e+14	1.45254e+12	6.77627e+10	4.29359e+06	2.16574e+11	2.88031e+08	0	2.52777e+12	1.11648e+09	0	0	1.70015e+09	2.11387e+11	3.42361e+07	4.72709e+07	2.54250e+05	2.15254e+11	1.87415e+10
4.07380e+14	2.67559e+14	1.42483e+12	6.41268e+10	3.90526e+06	2.08925e+11	2.62654e+08	0	2.51830e+12	1.00682e+09	0	0	1.67700e+09	2.08178e+11	3.18352e+07	4.39504e+07	2.35883e+05	2.12365e+11	1.85043e+10
4.07380e+14	2.58654e+14	1.39798e+12	6.07214e+10	3.55604e+06	2.01614e+11	2.39672e+08	0	2.50884e+12	9.08857e+08	0	0	1.65486e+09	2.05101e+11	2.96275e+07	4.08954e+07	2.19031e+05	2.09603e+11	1.82772e+10
4.07380e+14	2.50096e+14	1.37178e+12	5.75112e+10	3.24066e+06	1.94571e+11	2.18784e+08	0	2.49944e+12	8.20856e+08	0	0	1.63356e+09	2.02133e+11	2.75902e+07	3.80758e+07	2.03518e+05	2.06946e+11	1.80585e+10
4.07380e+14	2.41869e+14	1.34620e+12	5.44843e+10	2.95559e+06	1.87787e+11	1.99790e+08	0	2.49011e+12	7.41768e+08	0	0	1.61305e+09	1.99267e+11	2.57089e+07	3.54716e+07	1.89227e+05	2.04391e+11	1.78480e+10
4.07380e+14	2.33959e+14	1.32122e+12	5.16292e+10	2.69768e+06	1.81252e+11	1.82513e+08	0	2.48087e+12	6.70650e+08	0	0	1.59331e+09	1.96501e+11	2.39703e+07	3.30647e+07	1.76052e+05	2.01932e+11	1.76451e+10
4.07380e+14	2.26350e+14	1.29681e+12	4.89341e+10	2.46408e+06	1.74954e+11	1.66787e+08	0	2.47170e+12	6.06653e+08	0	0	1.57430e+09	1.93828e+11	2.23621e+07	3.08383e+07	1.63894e+05	1.99565e+11	1.74496e+10
4.07380e+14	2.19032e+14	1.27294e+12	4.63907e+10	2.25239e+06	1.68889e+11	1.52472e+08	0	2.46262e+12	5.49056e+08	0	0	1.55599e+09	1.91245e+11	2.08740e+07	2.87780e+07	1.52669e+05	1.97287e+11	1.72613e+10
4.07380e+14	2.11992e+14	1.24961e+12	4.39890e+10	2.06035e+06	1.63046e+11	1.39435e+08	0	2.45365e+12	4.97183e+08	0	0	1.53836e+09	1.88749e+11	1.94958e+07	2.68698e+07	1.42298e+05	1.95095e+11	1.70798e+10
4.07380e+14	2.05216e+14	1.22677e+12	4.17198e+10	1.88597e+06	1.57415e+11	1.27556e+08	0	2.44477e+12	4.50435e+08	0	0	1.52136e+09	1.86334e+11	1.82185e+07	2.51012e+07	1.32706e+05	1.92983e+11	1.69049e+10
4.07380e+14	1.98695e+14	1.20443e+12	3.95760e+10	1.72753e+06	1.51992e+11	1.16729e+08	0	2.43599e+12	4.08295e+08	0	0	1.50499e+09	1.83998e+11	1.70341e+07	2.34612e+07	1.23831e+05	1.90950e+11	1.67363e+10
4.07380e+14	1.92393e+14	1.18247e+12	3.75426e+10	1.58320e+06	1.46749e+11	1.06840e+08	0	2.42729e+12	3.70208e+08	0	0	1.48914e+09	1.81728e+11	1.59334e+07	2.19374e+07	1.15602e+05	1.88984e+11	1.65731e+10
4.07380e+14	1.86344e+14	1.16102e+12	3.56254e+10	1.45202e+06	1.41712e+11	9.78337e+07	0	2.41873e+12	3.35895e+08	0	0	1.47391e+09	1.79537e+11	1.49125e+07	2.05241e+07	1.07985e+05	1.87096e+11	1.64162e+10
4.07380e+14	1.80516e+14	1.14000e+12	3.38116e+10	1.33252e+06	1.36857e+11	8.96147e+07	0	2.41028e+12	3.04910e+08	0	0	1.45922e+09	1.77413e+11	1.39639e+07	1.92108e+07	1.00921e+05	1.85277e+11	1.62649e+10
4.07380e+14	1.74901e+14	1.11939e+12	3.20949e+10	1.22356e+06	1.32178e+11	8.21114e+07	0	2.40195e+12	2.76914e+08	0	0	1.44505e+09	1.75355e+11	1.30817e+07	1.79898e+07	9.43664e+04	1.83522e+11	1.61189e+10
4.07380e+14	1.69488e+14	1.09918e+12	3.04697e+10	1.12415e+06	1.27669e+11	7.52589e+07	0	2.39373e+12	2.51605e+08	0	0	1.43137e+09	1.73358e+11	1.22609e+07	1.68539e+07	8.82797e+04	1.81831e+11	1.59780e+10
4.07380e+14	1.64269e+14	1.07934e+12	2.89307e+10	1.03338e+06	1.23322e+11	6.89989e+07	0	2.38563e+12	2.28716e+08	0	0	1.41817e+09	1.71420e+11	1.14968e+07	1.57965e+07	8.26243e+04	1.80199e+11	1.58419e+10
4.07380e+14	1.59248e+14	1.05991e+12	2.74757e+10	9.50519e+05	1.19140e+11	6.32833e+07	0	2.37768e+12	2.08024e+08	0	0	1.40545e+09	1.69543e+11	1.07855e+07	1.48124e+07	7.73697e+04	1.78629e+11	1.57109e+10
4.07380e+14	1.54398e+14	1.04080e+12	2.60950e+10	8.74697e+05	1.15104e+11	5.80543e+07	0	2.36982e+12	1.89280e+08	0	0	1.39314e+09	1.67717e+11	1.01221e+07	1.38948e+07	7.24788e+04	1.77111e+11	1.55841e+10
4.07380e+14	1.49719e+14	1.02203e+12	2.47857e+10	8.05312e+05	1.11212e+11	5.32718e+07	0	2.36443e+12	1.71220e+08	0	0	1.38126e+09	1.65943e+11	9.50343e+06	1.30391e+07	6.79262e+04	1.75647e+11	1.54618e+10
4.07380e+14	1.45208e+14	1.00359e+12	2.35447e+10	7.41794e+05	1.07460e+11	4.88974e+07	0	2.36119e+12	1.53993e+08	0	0	1.36979e+09	1.64219e+11	8.92623e+06	1.22411e+07	6.36869e+04	1.74235e+11	1.53437e+10
4.07380e+14	1.40851e+14	9.85457e+11	2.23670e+10	6.83577e+05	1.03840e+11	4.48929e+07	0	2.35775e+12	1.38518e+08	0	0	1.35869e+09	1.62541e+11	8.38717e+06	1.14959e+07	5.97352e+04	1.72870e+11	1.52295e+10
4.07380e+14	1.36646e+14	9.67638e+11	2.12504e+10	6.30216e+05	1.00352e+11	4.12280e+07	0	2.35411e+12	1.24635e+08	0	0	1.34797e+09	1.60908e+11	7.88368e+06	1.08001e+07	5.60509e+04	1.71552e+11	1.51191e+10
4.07380e+14	1.32588e+14	9.50123e+11	2.01915e+10	5.81274e+05	9.69886e+10	3.78726e+07	0	2.35033e+12	1.12165e+08	0	0	1.33761e+09	1.59319e+11	7.41316e+06	1.01501e+07	5.26141e+04	1.70281e+11	1.50125e+10
4.07380e+14	1.28661e+14	9.32874e+11	1.91858e+10	5.36329e+05	9.37424e+10	3.47978e+07	0	2.34400e+12	1.01801e+08	0	0	1.32757e+09	1.57769e+11	6.97298e+06	9.54217e+06	4.94048e+04	1.69050e+11	1.49093e+10
4.07380e+14	1.24853e+14	9.15840e+11	1.82278e+10	4.94986e+05	9.06014e+10	3.19759e+07	0	2.33751e+12	9.24688e+07	0	0	1.31782e+09	1.56252e+11	6.56067e+06	8.97292e+06	4.64043e+04	1.67856e+11	1.48091e+10
4.07380e+14	1.21189e+14	8.99145e+11	1.73218e+10	4.57065e+05	8.75829e+10	2.93944e+07	0	2.33112e+12	8.40370e+07	0	0	1.30842e+09	1.54779e+11	6.17526e+06	8.44099e+06	4.36042e+04	1.66706e+11	1.47126e+10
4.07380e+14	1.17648e+14	8.82714e+11	1.64616e+10	4.22200e+05	8.46713e+10	2.70277e+07	0	2.32481e+12	7.63997e+07	0	0	1.29933e+09	1.53342e+11	5.81435e+06	7.94304e+06	4.09867e+04	1.65595e+11	1.46192e+10
4.07380e+14	1.14226e+14	8.66539e+11	1.56446e+10	3.90128e+05	8.18627e+10	2.48574e+07	0	2.31858e+12	6.94795e+07	0	0	1.29053e+09	1.51940e+11	5.47623e+06	7.47670e+06	3.85387e+04	1.64521e+11	1.45289e+10
4.07380e+14	1.10917e+14	8.50613e+11	1.48686e+10	3.60611e+05	7.91530e+10	2.28666e+07	0	2.31242e+12	6.32071e+07	0	0	1.28201e+09	1.50571e+11	5.15931e+06	7.03977e+06	3.62482e+04	1.63483e+11	1.44416e+10
4.07380e+14	1.07730e+14	8.34995e+11	1.41340e+10	3.33477e+05	7.65484e+10	2.10430e+07	0	2.30637e+12	5.75316e+07	0	0	1.27381e+09	1.49239e+11	4.86248e+06	6.63071e+06	3.41064e+04	1.62482e+11	1.43574e+10
4.07380e+14	1.04622e+14	8.19485e+11	1.34307e+10	3.08395e+05	7.40163e+10	1.93634e+07	0	2.30034e+12	5.23614e+07	0	0	1.26577e+09	1.47925e+11	4.58337e+06	6.24622e+06	3.20961e+04	1.61506e+11	1.42751e+10
4.07380e+14	1.01628e+14	8.04271e+11	1.27649e+10	2.85320e+05	7.15821e+10	1.78242e+07	0	2.29442e+12	4.76811e+07	0	0	1.25803e+09	1.46646e+11	4.32176e+06	5.88599e+06	3.02149e+04	1.60565e+11	1.41959e+10
4.07380e+14	9.87316e+13	7.89283e+11	1.21320e+10	2.64043e+05	6.92328e+10	1.64108e+07	0	2.28859e+12	4.34328e+07	0	0	1.25053e+09	1.45395e+11	4.07614e+06	5.54793e+06	2.84517e+04	1.59655e+11	1.41192e+10
4.07380e+14	9.59394e+13	7.74574e+11	1.15326e+10	2.44447e+05	6.69733e+10	1.51147e+07	0	2.28286e+12	3.95835e+07	0	0	1.24330e+09	1.44175e+11	3.84570e+06	5.23090e+06	2.68000e+04	1.58778e+11	1.40452e+10
4.07380e+14	9.32152e+13	7.59968e+11	1.09587e+10	2.26307e+05	6.47771e+10	1.39200e+07	0	2.27716e+12	3.60733e+07	0	0	1.23621e+09	1.42970e+11	3.62873e+06	4.93254e+06	2.52476e+04	1.57922e+11	1.39729e+10
4.07380e+14	9.05985e+13	7.45683e+11	1.04168e+10	2.09612e+05	6.26712e+10	1.28255e+07	0	2.27159e+12	3.28967e+07	0	0	1.22941e+09	1.41799e+11	3.42521e+06	4.65282e+06	2.37937e+04	1.57099e+11	1.39034e+10
4.07380e+14	8.80549e+13	7.31555e+11	9.89973e+09	1.94171e+05	6.06312e+10	1.18178e+07	0	2.26608e+12	3.00038e+07	0	0	1.22279e+09	1.40647e+11	3.23366e+06	4.38967e+06	2.24275e+04	1.56299e+11	1.38359e+10
4.07380e+14	8.55824e+13	7.17581e+11	9.40643e+09	1.79886e+05	5.86554e+10	1.08901e+07	0	2.26064e+12	2.73692e+07	0	0	1.21633e+09	1.39511e+11	3.05333e+06	4.14206e+06	2.11435e+04	1.55521e+11	1.37701e+10
4.07380e+14	8.31964e+13	7.03860e+11	8.93889e+09	0	5.67536e+10	1.00382e+07	0	2.25530e+12	2.49776e+07	0	0	1.21009e+09	1.38401e+11	2.88383e+06	3.90943e+06	0	1.54771e+11	1.37067e+10
4.07380e+14	8.08856e+13	6.90339e+11	8.49428e+09	0	5.49173e+10	9.25461e+06	0	2.25005e+12	2.28025e+07	0	0	1.20404e+09	1.37312e+11	2.72430e+06	3.69061e+06	0	1.54044e+11	1.36452e+10
4.07380e+14	7.86464e+13	6.77012e+11	8.07138e+09	0	5.31437e+10	8.53370e+06	0	2.24488e+12	2.08230e+07	0	0	1.19817e+09	1.36242e+11	2.57411e+06	3.48470e+06	0	1.53339e+11	1.35856e+10
4.07380e+14	7.64766e+13	6.63879e+11	7.66914e+09	0	5.14306e+10	7.87029e+06	0	2.23979e+12	1.90212e+07	0	0	1.19247e+09	1.35190e+11	2.43266e+06	3.29088e+06	0	1.52656e+11	1.35277e+10
4.07380e+14	7.43736e+13	6.50934e+11	7.28652e+09	0	4.97756e+10	7.25965e+06	0	2.23479e+12	1.73804e+07	0	0	1.18694e+09	1.34156e+11	2.29941e+06	3.10839e+06	0	1.51994e+11	1.34717e+10
4.07380e+14	7.23349e+13	6.38176e+11	6.92256e+09	0	4.81768e+10	6.69748e+06	0	2.22987e+12	1.58860e+07	0	0	1.18157e+09	1.33138e+11	2.17385e+06	2.93652e+06	0	1.51353e+11	1.34173e+10
4.07380e+14	7.03588e+13	6.25606e+11	6.57639e+09	0	4.66323e+10	6.17985e+06	0	2.22504e+12	1.45247e+07	0	0	1.17635e+09	1.32137e+11	2.05549e+06	2.77462e+06	0	1.50730e+11	1.33646e+10
4.07380e+14	6.84422e+13	6.13214e+11	6.24704e+09	0	4.51395e+10	5.70308e+06	0	2.22029e+12	1.32837e+07	0	0	1.17129e+09	1.31150e+11	1.94390e+06	2.62204e+06	0	1.50127e+11	1.33134e+10
4.07380e+14	6.65831e+13	6.01000e+11	5.93366e+09	0	4.36965e+10	5.26385e+06	0	2.21562e+12	1.21521e+07	0	0	1.16636e+09	1.30178e+11	1.83865e+06	2.47823e+06	0	1.49541e+11	1.32637e+10
4.07380e+14	6.47803e+13	5.88966e+11	5.63560e+09	0	4.23021e+10	4.85918e+06	0	2.21103e+12	1.11202e+07	0	0	1.16158e+09	1.29220e+11	1.73937e+06	2.34265e+06	0	1.48973e+11	1.32155e+10
4.07380e+14	6.30322e+13	5.77058e+11	5.35169e+09	0	4.09521e+10	4.48601e+06	0	2.20652e+12	1.01797e+07	0	0	1.15693e+09	1.28275e+11	1.64570e+06	2.21479e+06	0	1.48422e+11	1.31687e+10
4.07380e+14	6.13352e+13	5.65371e+11	5.08194e+09	0	3.96491e+10	4.14230e+06	0	2.20210e+12	9.32074e+06	0	0	1.15241e+09	1.27342e+11	1.55728e+06	2.09419e+06	0	1.47888e+11	1.31233e+10
4.07380e+14	5.96886e+13	5.53855e+11	4.82533e+09	0	3.83892e+10	3.82543e+06	0	2.19775e+12	8.53660e+06	0	0	1.14802e+09	1.26421e+11	1.47381e+06	1.98040e+06	0	1.47369e+11	1.30792e+10
4.07380e+14	5.80906e+13	5.42510e+11	4.58123e+09	0	3.71710e+10	3.53327e+06	0	2.19349e+12	7.82070e+06	0	0	1.14374e+09	1.25512e+11	1.39500e+06	1.87303e+06	0	1.46865e+11	1.30364e+10
4.07380e+14	5.65478e+13	5.31387e+11	4.35004e+09	0	3.59978e+10	3.26432e+06	0	2.18933e+12	7.16815e+06	0	0	1.13962e+09	1.24619e+11	1.32064e+06	1.77180e+06	0	1.46379e+11	1.29951e+10
4.07380e+14	5.50334e+13	5.20319e+11	4.12812e+09	0	3.48536e+10	3.01531e+06	0	2.18519e+12	6.56939e+06	0	0	1.13555e+09	1.23724e+11	1.25024e+06	1.67600e+06	0	1.45901e+11	1.29545e+10
4.07380e+14	5.35784e+13	5.09517e+11	3.91881e+09	0	3.37554e+10	2.78641e+06	0	2.18119e+12	6.02423e+06	0	0	1.13164e+09	1.22850e+11	1.18387e+06	1.58575e+06	0	1.45442e+11	1.29155e+10
4.07380e+14	5.21583e+13	4.98830e+11	3.71890e+09	0	3.26890e+10	2.57484e+06	0	2.17723e+12	5.52502e+06	0	0	1.12781e+09	1.21980e+11	1.12107e+06	1.50041e+06	0	1.44994e+11	1.28774e+10
4.07380e+14	5.07791e+13	4.88304e+11	3.52876e+09	0	3.16574e+10	2.37961e+06	0	2.17335e+12	5.06854e+06	0	0	1.12409e+09	1.21118e+11	1.06172e+06	1.41980e+06	0	1.44559e+11	1.28403e+10
4.07380e+14	4.94395e+13	4.77938e+11	3.34793e+09	0	3.06593e+10	2.19942e+06	0	2.16954e+12	4.65098e+06	0	0	1.12046e+09	1.20265e+11	1.00561e+06	1.34364e+06	0	1.44137e+11	1.28044e+10
4.07380e+14	4.81324e+13	4.67691e+11	3.17541e+09	0	2.96905e+10	2.03285e+06	0	2.16579e+12	4.26848e+06	0	0	1.11691e+09	1.19413e+11	9.52498e+05	1.27161e+06	0	1.43724e+11	1.27692e+10
4.07380e+14	4.68686e+13	4.57641e+11	3.01191e+09	0	2.87560e+10	1.87932e+06	0	2.16213e+12	3.91891e+06	0	0	1.11347e+09	1.18575e+11	9.02323e+05	1.20360e+06	0	1.43326e+11	1.27353e+10
4.07380e+14	4.56405e+13	4.47747e+11	2.85644e+09	0	2.78515e+10	1.73756e+06	0	2.15854e+12	3.59889e+06	0	0	1.11012e+09	1.17742e+11	8.54862e+05	1.13931e+06	0	1.42938e+11	1.27022e+10
4.07380e+14	4.44473e+13	4.38006e+11	2.70862e+09	0	2.69762e+10	1.60665e+06	0	2.15503e+12	3.30586e+06	0	0	1.10687e+09	1.16916e+11	8.09962e+05	1.07853e+06	0	1.42561e+11	1.26701e+10
4.07380e+14	4.32874e+13	4.28417e+11	2.56807e+09	0	2.61287e+10	1.48573e+06	0	2.15158e+12	3.03742e+06	0	0	1.10369e+09	1.16096e+11	7.67477e+05	1.02106e+06	0	1.42195e+11	1.26389e+10
4.07380e+14	4.21601e+13	4.18979e+11	2.43445e+09	0	2.53083e+10	1.37405e+06	0	2.14820e+12	2.79149e+06	0	0	1.10059e+09	1.15281e+11	7.27272e+05	9.66706e+05	0	1.41839e+11	1.26086e+10
4.07380e+14	4.10644e+13	4.09692e+11	2.30744e+09	0	2.45140e+10	1.27087e+06	0	2.14490e+12	2.56610e+06	0	0	1.09758e+09	1.14471e+11	6.89218e+05	9.15298e+05	0	1.41493e+11	1.25791e+10
4.07380e+14	3.99986e+13	4.00549e+11	2.18668e+09	0	2.37447e+10	1.17553e+06	0	2.14165e+12	2.35944e+06	0	0	1.09464e+09	1.13665e+11	6.53194e+05	8.66666e+05	0	1.41157e+11	1.25504e+10
4.07380e+14	3.89627e+13	3.91555e+11	2.07193e+09	0	2.29999e+10	1.08744e+06	0	2.13847e+12	2.16997e+06	0	0	1.09177e+09	1.12863e+11	6.19089e+05	8.20655e+05	0	1.40830e+11	1.25224e+10
4.07380e+14	3.79554e+13	3.82706e+11	1.96288e+09	0	2.22786e+10	1.00603e+06	0	2.13536e+12	1.99619e+06	0	0	1.08897e+09	1.12065e+11	5.86796e+05	7.77120e+05	0	1.40511e+11	1.24953e+10
4.07380e+14	3.69757e+13	3.73999e+11	1.85923e+09	0	2.15799e+10	9.30788e+05	0	2.13231e+12	1.83672e+06	0	0	1.08625e+09	1.11270e+11	5.56213e+05	7.35919e+05	0	1.40202e+11	1.24688e+10
4.07380e+14	3.60228e+13	3.65436e+11	1.76078e+09	0	2.09032e+10	8.61238e+05	0	2.12933e+12	1.69041e+06	0	0	1.08359e+09	1.10478e+11	5.27249e+05	6.96927e+05	0	1.39901e+11	1.24431e+10
4.07380e+14	3.50960e+13	3.57014e+11	1.66723e+09	0	2.02477e+10	7.96942e+05	0	2.12640e+12	1.55610e+06	0	0	1.08099e+09	1.09689e+11	4.99813e+05	6.60017e+05	0	1.39608e+11	1.24181e+10
4.07380e+14	3.41944e+13	3.48732e+11	1.57838e+09	0	1.96127e+10	7.37497e+05	0	2.12354e+12	1.43279e+06	0	0	1.07846e+09	1.08902e+11	4.73822e+05	6.25077e+05	0	1.39323e+11	1.23938e+10
4.07380e+14	3.33205e+13	3.40614e+11	1.49422e+09	0	1.89990e+10	6.82592e+05	0	2.12074e+12	1.31968e+06	0	0	1.07601e+09	1.08121e+11	4.49215e+05	5.92024e+05	0	1.39047e+11	1.23702e+10
4.07380e+14	3.24669e+13	3.32606e+11	1.41405e+09	0	1.84029e+10	6.31760e+05	0	2.11800e+12	1.21564e+06	0	0	1.07359e+09	1.07337e+11	4.25881e+05	5.60700e+05	0	1.38777e+11	1.23471e+10
4.07380e+14	3.16361e+13	3.24733e+11	1.33792e+09	0	1.78252e+10	5.84749e+05	0	2.11531e+12	1.12004e+06	0	0	1.07123e+09	1.06554e+11	4.03768e+05	5.31039e+05	0	1.38514e+11	1.23246e+10
4.07380e+14	3.08277e+13	3.16994e+11	1.26564e+09	0	1.72654e+10	5.41271e+05	0	2.11267e+12	1.03217e+06	0	0	1.06893e+09	1.05772e+11	3.82812e+05	5.02950e+05	0	1.38259e+11	1.23028e+10
4.07380e+14	3.00408e+13	3.09388e+11	1.19702e+09	0	1.67229e+10	5.01055e+05	0	2.11010e+12	9.51396e+05	0	0	1.06668e+09	1.04991e+11	3.62951e+05	4.76347e+05	0	1.38010e+11	1.22815e+10
4.07380e+14	2.92748e+13	3.01911e+11	1.13188e+09	0	1.61972e+10	4.63854e+05	0	2.10757e+12	8.77113e+05	0	0	1.06448e+09	1.04210e+11	3.44124e+05	4.51150e+05	0	1.37767e+11	1.22607e+10
4.07380e+14	2.85290e+13	2.94565e+11	1.07007e+09	0	1.56876e+10	4.29440e+05	0	2.10510e+12	8.08805e+05	0	0	1.06233e+09	1.03428e+11	3.26278e+05	4.27283e+05	0	1.37531e+11	1.22406e+10
4.07380e+14	2.78033e+13	2.87349e+11	1.01142e+09	0	1.51938e+10	3.97601e+05	0	2.10268e+12	7.45969e+05	0	0	1.06023e+09	1.02647e+11	3.09359e+05	4.04674e+05	0	1.37302e+11	1.22209e+10
4.07380e+14	2.70965e+13	2.80258e+11	9.55768e+08	0	1.47151e+10	3.68140e+05	0	2.10032e+12	6.88142e+05	0	0	1.05818e+09	1.01865e+11	2.93317e+05	3.83253e+05	0	1.37078e+11	1.22018e+10
4.07380e+14	2.64083e+13	2.73297e+11	9.02989e+08	0	1.42512e+10	3.40883e+05	0	2.09800e+12	6.34920e+05	0	0	1.05617e+09	1.01082e+11	2.78108e+05	3.62961e+05	0	1.36860e+11	1.21831e+10
4.07380e+14	2.57382e+13	2.66457e+11	8.52921e+08	0	1.38014e+10	3.15658e+05	0	2.09573e+12	5.85932e+05	0	0	1.05420e+09	1.00298e+11	2.63687e+05	3.43734e+05	0	1.36648e+11	1.21649e+10
4.07380e+14	2.50858e+13	2.59741e+11	8.05451e+08	0	1.33655e+10	2.92315e+05	0	2.09352e+12	5.40833e+05	0	0	1.05228e+09	9.95134e+10	2.50012e+05	3.25518e+05	0	1.36442e+11	1.21472e+10
4.07380e+14	2.44500e+13	2.53143e+11	7.60423e+08	0	1.29427e+10	2.70710e+05	0	2.09134e+12	4.99280e+05	0	0	1.05039e+09	9.87263e+10	2.37043e+05	3.08255e+05	0	1.36240e+11	1.21300e+10
4.07380e+14	2.38308e+13	2.46667e+11	7.17749e+08	0	1.25329e+10	2.50714e+05	0	2.08922e+12	4.61020e+05	0	0	1.04854e+09	9.79377e+10	2.24744e+05	2.91899e+05	0	1.36044e+11	1.21132e+10
4.07380e+14	2.32278e+13	2.40309e+11	6.77300e+08	0	1.21355e+10	2.32206e+05	0	2.08714e+12	4.25762e+05	0	0	1.04674e+09	9.71471e+10	2.13079e+05	2.76398e+05	0	1.35853e+11	1.20968e+10
4.07380e+14	2.26402e+13	2.34068e+11	6.38966e+08	0	1.17503e+10	2.15073e+05	0	2.08511e+12	3.93268e+05	0	0	1.04496e+09	9.63542e+10	2.02016e+05	2.61710e+05	0	1.35667e+11	1.20809e+10
4.07380e+14	2.20678e+13	2.27943e+11	6.02646e+08	0	1.13768e+10	1.99214e+05	0	2.08312e+12	3.63316e+05	0	0	1.04323e+09	9.55590e+10	1.91523e+05	2.47790e+05	0	1.35485e+11	1.20653e+10
4.07380e+14	2.15101e+13	2.21934e+11	5.68250e+08	0	1.10147e+10	1.84533e+05	0	2.08117e+12	3.35706e+05	0	0	1.04152e+09	9.47617e+10	1.81571e+05	2.34599e+05	0	1.35309e+11	1.20501e+10
4.07380e+14	2.09665e+13	2.16035e+11	5.35660e+08	0	1.06634e+10	1.70940e+05	0	2.07926e+12	3.10240e+05	0	0	1.03985e+09	9.39611e+10	1.72130e+05	2.22097e+05	0	1.35136e+11	1.20354e+10
4.07380e+14	2.04369e+13	2.10250e+11	5.04812e+08	0	1.03230e+10	1.58357e+05	0	2.07740e+12	2.86756e+05	0	0	1.03821e+09	9.31582e+10	1.63176e+05	2.10251e+05	0	1.34968e+11	1.20209e+10
4.07380e+14	1.99207e+13	2.04575e+11	4.75604e+08	0	9.99283e+09	1.46706e+05	0	2.07558e+12	2.65092e+05	0	0	1.03660e+09	9.23521e+10	1.54682e+05	1.99023e+05	0	1.34805e+11	1.20069e+10
4.07380e+14	1.94176e+13	1.99008e+11	4.47957e+08	0	9.67269e+09	1.35918e+05	0	2.07379e+12	2.45100e+05	0	0	1.03502e+09	9.15430e+10	1.46624e+05	1.88383e+05	0	1.34645e+11	1.19932e+10
4.07380e+14	1.89259e+13	1.93538e+11	4.21752e+08	0	9.36179e+09	1.25923e+05	0	2.07204e+12	2.26638e+05	0	0	1.03346e+09	9.07278e+10	1.38978e+05	1.78293e+05	0	1.34489e+11	1.19798e+10
4.07380e+14	1.84479e+13	1.88186e+11	3.97005e+08	0	9.06080e+09	1.16673e+05	0	2.07034e+12	2.09610e+05	0	0	1.03193e+09	8.99123e+10	1.31728e+05	1.68737e+05	0	1.34337e+11	1.19668e+10
4.07380e+14	1.79819e+13	1.82940e+11	3.73605e+08	0	8.76895e+09	1.08109e+05	0	2.06867e+12	1.93891e+05	0	0	1.03043e+09	8.90937e+10	1.24851e+05	1.59682e+05	0	1.34189e+11	1.19541e+10
4.07380e+14	1.75286e+13	1.77808e+11	3.51506e+08	0	8.48634e+09	1.00181e+05	0	2.06704e+12	1.79386e+05	0	0	1.02896e+09	8.82744e+10	1.18331e+05	1.51105e+05	0	1.34045e+11	1.19417e+10
4.07380e+14	1.70856e+13	1.72768e+11	3.30579e+08	0	8.21192e+09	9.28357e+04	0	2.06544e+12	1.65980e+05	0	0	1.02750e+09	8.74490e+10	1.12143e+05	1.42973e+05	0	1.33904e+11	1.19296e+10
4.07380e+14	1.66536e+13	1.67829e+11	3.10800e+08	0	7.94583e+09	8.60327e+04	0	2.06387e+12	1.53596e+05	0	0	1.02607e+09	8.66203e+10	1.06273e+05	1.35268e+05	0	1.33767e+11	1.19178e+10
4.07380e+14	1.62323e+13	1.62991e+11	2.92111e+08	0	7.68783e+09	7.97322e+04	0	2.06234e+12	1.42156e+05	0	0	1.02466e+09	8.57882e+10	1.00706e+05	1.27966e+05	0	1.33633e+11	1.19063e+10
4.07380e+14	1.58215e+13	1.58253e+11	2.74457e+08	0	7.43768e+09	7.38969e+04	0	2.06085e+12	1.31585e+05	0	0	1.02326e+09	8.49528e+10	9.54247e+04	1.21048e+05	0	1.33502e+11	1.18951e+10
4.07380e+14	1.54208e+13	1.53612e+11	2.57784e+08	0	7.19513e+09	6.84921e+04	0	2.05938e+12	1.21815e+05	0	0	1.02189e+09	8.41139e+10	9.04157e+04	1.14494e+05	0	1.33375e+11	1.18841e+10
4.07380e+14	1.50301e+13	1.49067e+11	2.42042e+08	0	6.95998e+09	6.34861e+04	0	2.05795e+12	1.12784e+05	0	0	1.02053e+09	8.32719e+10	8.56647e+04	1.08284e+05	0	1.33250e+11	1.18734e+10
4.07380e+14	1.46489e+13	1.44619e+11	2.27185e+08	0	6.73199e+09	5.88493e+04	0	2.05655e+12	1.04436e+05	0	0	1.01919e+09	8.24267e+10	8.11587e+04	1.02401e+05	0	1.33129e+11	1.18630e+10
4.07380e+14	1.42770e+13	1.40266e+11	2.13167e+08	0	6.51097e+09	5.45545e+04	0	2.05518e+12	9.67174e+04	0	0	1.01786e+09	8.15784e+10	7.68854e+04	9.68284e+04	0	1.33010e+11	1.18528e+10
4.07380e+14	1.39142e+13	1.36007e+11	1.99944e+08	0	6.29671e+09	5.05761e+04	0	2.05384e+12	8.95798e+04	0	0	1.01655e+09	8.07269e+10	7.28326e+04	9.15499e+04	0	1.32894e+11	1.18428e+10
4.07380e+14	1.35603e+13	1.31840e+11	1.87475e+08	0	6.08900e+09	4.68909e+04	0	2.05253e+12	8.29783e+04	0	0	1.01525e+09	7.98726e+10	6.89893e+04	8.65503e+04	0	1.32781e+11	1.18331e+10
4.07380e+14	1.32148e+13	1.27765e+11	1.75721e+08	0	5.88765e+09	4.34771e+04	0	2.05125e+12	7.68713e+04	0	0	1.01397e+09	7.90153e+10	6.53449e+04	8.18153e+04	0	1.32671e+11	1.18236e+10
4.07380e+14	1.28779e+13	1.23782e+11	1.64645e+08	0	5.69250e+09	4.03147e+04	0	2.04999e+12	7.12221e+04	0	0	1.01269e+09	7.81556e+10	6.18891e+04	7.73313e+04	0	1.32563e+11	1.18144e+10
4.07380e+14	1.25490e+13	1.19889e+11	1.54229e+08	0	5.50338e+09	3.73852e+04	0	2.04876e+12	6.59948e+04	0	0	1.01142e+09	7.72934e+10	5.86124e+04	7.30855e+04	0	1.32458e+11	1.18054e+10
4.07380e+14	1.22279e+13	1.16104e+11	1.44666e+08	0	5.32031e+09	3.46731e+04	0	2.04756e+12	6.11524e+04	0	0	1.01016e+09	7.64300e+10	5.55064e+04	6.90687e+04	0	1.32356e+11	1.17965e+10
4.07380e+14	1.19145e+13	1.12405e+11	1.35650e+08	0	5.14288e+09	3.21603e+04	0	2.04639e+12	5.66714e+04	0	0	1.00891e+09	7.55644e+10	5.25616e+04	6.52656e+04	0	1.32256e+11	1.17878e+10
4.07380e+14	1.16087e+13	1.08792e+11	1.27151e+08	0	4.97093e+09	2.98321e+04	0	2.04524e+12	5.25242e+04	0	0	1.00766e+09	7.46969e+10	4.97700e+04	6.16652e+04	0	1.32158e+11	1.17794e+10
4.07380e+14	1.13101e+13	1.05263e+11	1.19144e+08	0	4.80429e+09	2.76749e+04	0	2.04411e+12	4.86858e+04	0	0	1.00642e+09	7.38276e+10	4.71236e+04	5.82569e+04	0	1.32062e+11	1.17711e+10
4.07380e+14	1.10187e+13	1.01818e+11	1.11602e+08	0	4.64282e+09	2.56761e+04	0	2.04301e+12	4.51327e+04	0	0	1.00518e+09	7.29569e+10	4.46152e+04	5.50310e+04	0	1.31969e+11	1.17630e+10
4.07380e+14	1.07343e+13	9.84556e+10	1.04501e+08	0	4.48637e+09	2.38238e+04	0	2.04194e+12	4.18434e+04	0	0	1.00394e+09	7.20847e+10	4.22375e+04	5.19778e+04	0	1.31877e+11	1.17552e+10
4.07380e+14	1.04566e+13	9.51748e+10	9.78174e+07	0	4.33480e+09	2.21075e+04	0	2.04088e+12	3.87983e+04	0	0	1.00271e+09	7.12115e+10	3.99842e+04	4.90887e+04	0	1.31788e+11	1.17475e+10
4.07380e+14	1.01854e+13	9.19746e+10	9.15296e+07	0	4.18796e+09	2.05171e+04	0	2.03985e+12	3.59790e+04	0	0	1.00147e+09	7.03374e+10	3.78487e+04	4.63549e+04	0	1.31701e+11	1.17399e+10
4.07380e+14	9.92073e+12	8.88544e+10	8.56162e+07	0	4.04572e+09	1.90432e+04	0	2.03884e+12	3.33685e+04	0	0	1.00024e+09	6.94627e+10	3.58252e+04	4.37685e+04	0	1.31616e+11	1.17326e+10
