      1.00000       0.0000000
      2.00000   6.4444971e-06
      3.00000   6.5924614e-06
      4.00000   6.6872381e-06
      5.00000   6.7728192e-06
      6.00000   6.8341787e-06
      7.00000   6.8769341e-06
      8.00000   6.9104008e-06
      9.00000   6.9474968e-06
      10.0000   7.0052201e-06
      11.0000   7.0916767e-06
      12.0000   7.1882514e-06
      13.0000   7.2631601e-06
      14.0000   7.3042024e-06
      15.0000   7.3307983e-06
      16.0000   7.3707984e-06
      17.0000   7.4364407e-06
      18.0000   7.5338044e-06
      19.0000   7.6776105e-06
      20.0000   7.8817238e-06
      21.0000   8.1475810e-06
      22.0000   8.4583025e-06
      23.0000   8.7771214e-06
      24.0000   9.0600315e-06
      25.0000   9.2835835e-06
      26.0000   9.4575435e-06
      27.0000   9.6041813e-06
      28.0000   9.7417906e-06
      29.0000   9.8760611e-06
      30.0000   9.9926965e-06
      31.0000   1.0073683e-05
      32.0000   1.0112218e-05
      33.0000   1.0116346e-05
      34.0000   1.0109698e-05
      35.0000   1.0113679e-05
      36.0000   1.0142173e-05
      37.0000   1.0215783e-05
      38.0000   1.0364141e-05
      39.0000   1.0604587e-05
      40.0000   1.0919412e-05
      41.0000   1.1280192e-05
      42.0000   1.1678800e-05
      43.0000   1.2107468e-05
      44.0000   1.2543452e-05
      45.0000   1.2971962e-05
      46.0000   1.3402277e-05
      47.0000   1.3853311e-05
      48.0000   1.4325517e-05
      49.0000   1.4786856e-05
      50.0000   1.5185877e-05
      51.0000   1.5485688e-05
      52.0000   1.5685428e-05
      53.0000   1.5803906e-05
      54.0000   1.5870481e-05
      55.0000   1.5939002e-05
      56.0000   1.6082447e-05
      57.0000   1.6356233e-05
      58.0000   1.6752736e-05
      59.0000   1.7222594e-05
      60.0000   1.7731072e-05
      61.0000   1.8256447e-05
      62.0000   1.8774201e-05
      63.0000   1.9264415e-05
      64.0000   1.9756319e-05
      65.0000   2.0331971e-05
      66.0000   2.1039446e-05
      67.0000   2.1872544e-05
      68.0000   2.2811382e-05
      69.0000   2.3805462e-05
      70.0000   2.4757468e-05
      71.0000   2.5565923e-05
      72.0000   2.6186501e-05
      73.0000   2.6641650e-05
      74.0000   2.7002723e-05
      75.0000   2.7374079e-05
      76.0000   2.7825696e-05
      77.0000   2.8322860e-05
      78.0000   2.8759719e-05
      79.0000   2.9059011e-05
      80.0000   2.9242408e-05
      81.0000   2.9434672e-05
      82.0000   2.9812678e-05
      83.0000   3.0518495e-05
      84.0000   3.1565738e-05
      85.0000   3.2875159e-05
      86.0000   3.4374774e-05
      87.0000   3.5975820e-05
      88.0000   3.7552418e-05
      89.0000   3.9030383e-05
      90.0000   4.0517847e-05
      91.0000   4.2311240e-05
      92.0000   4.4714339e-05
      93.0000   4.7849298e-05
      94.0000   5.1625051e-05
      95.0000   5.5840952e-05
      96.0000   6.0292969e-05
      97.0000   6.4908221e-05
      98.0000   6.9800306e-05
      99.0000   7.5107360e-05
      100.000   8.0768550e-05
      101.000   8.6544467e-05
      102.000   9.2325390e-05
      103.000   9.8379067e-05
      104.000   0.00010516871
      105.000   0.00011285508
      106.000   0.00012113156
      107.000   0.00012965608
      108.000   0.00013868170
      109.000   0.00014922653
      110.000   0.00016255047
      111.000   0.00017927648
      112.000   0.00019899350
      113.000   0.00022078346
      114.000   0.00024419167
      115.000   0.00026970578
      116.000   0.00029834633
      117.000   0.00033075566
      118.000   0.00036631385
      119.000   0.00040309143
      120.000   0.00043879251
      121.000   0.00047192938
      122.000   0.00050213502
      123.000   0.00052998512
      124.000   0.00055674586
      125.000   0.00058362907
      126.000   0.00061172206
      127.000   0.00064268371
      128.000   0.00067952537
      129.000   0.00072644744
      130.000   0.00078654703
      131.000   0.00085972564
      132.000   0.00094598980
      133.000    0.0010495821
      134.000    0.0011763682
      135.000    0.0013271066
      136.000    0.0014943205
      137.000    0.0016694526
      138.000    0.0018532838
      139.000    0.0020513914
      140.000    0.0022574312
      141.000    0.0024527868
      142.000    0.0026303655
      143.000    0.0028068619
      144.000    0.0030113095
      145.000    0.0032729739
      146.000    0.0036082121
      147.000    0.0040252893
      148.000    0.0045606527
      149.000    0.0052982657
      150.000    0.0063359011
      151.000    0.0077416729
      152.000    0.0096007865
      153.000     0.012119939
      154.000     0.015655786
      155.000     0.020753914
      156.000     0.028366636
      157.000     0.039835181
      158.000     0.055858277
      159.000     0.074880749
      160.000     0.092468902
      161.000      0.10256423
      162.000      0.10070007
      163.000     0.087504119
      164.000     0.068504386
      165.000     0.049913585
      166.000     0.035107058
      167.000     0.024537256
      168.000     0.017397854
      169.000     0.012728725
      170.000    0.0097092371
      171.000    0.0077235294
      172.000    0.0063748932
      173.000    0.0054306672
      174.000    0.0047614016
      175.000    0.0042948434
      176.000    0.0039677229
      177.000    0.0037003006
      178.000    0.0034197280
      179.000    0.0030998758
      180.000    0.0027643011
      181.000    0.0024469474
      182.000    0.0021561333
      183.000    0.0018840189
      184.000    0.0016343716
      185.000    0.0014208632
      186.000    0.0012455495
      187.000    0.0011004682
      188.000   0.00098172447
      189.000   0.00088708714
      190.000   0.00080830476
      191.000   0.00073459389
      192.000   0.00065995485
      193.000   0.00058490946
      194.000   0.00051369326
      195.000   0.00045086016
      196.000   0.00039856430
      197.000   0.00035597564
      198.000   0.00032079872
      199.000   0.00029104319
      200.000   0.00026580787
      201.000   0.00024437375
      202.000   0.00022519003
      203.000   0.00020643012
      204.000   0.00018728459
      205.000   0.00016827616
      206.000   0.00015059236
      207.000   0.00013529240
      208.000   0.00012273843
      209.000   0.00011271488
      210.000   0.00010489324
      211.000   9.8981509e-05
      212.000   9.4586641e-05
      213.000   9.1210510e-05
      214.000   8.8423825e-05
      215.000   8.5896063e-05
      216.000   8.3327926e-05
      217.000   8.0473219e-05
      218.000   7.7249184e-05
      219.000   7.3788106e-05
      220.000   7.0264126e-05
      221.000   6.6777553e-05
      222.000   6.3364780e-05
      223.000   6.0029739e-05
      224.000   5.6836147e-05
      225.000   5.3909193e-05
      226.000   5.1299401e-05
      227.000   4.8882554e-05
      228.000   4.6429253e-05
      229.000   4.3783912e-05
      230.000   4.0988289e-05
      231.000   3.8260754e-05
      232.000   3.5865396e-05
      233.000   3.3936933e-05
      234.000   3.2429965e-05
      235.000   3.1215604e-05
      236.000   3.0156900e-05
      237.000   2.9180050e-05
      238.000   2.8309469e-05
      239.000   2.7610215e-05
      240.000   2.7113614e-05
      241.000   2.6804732e-05
      242.000   2.6646103e-05
      243.000   2.6584208e-05
      244.000   2.6561585e-05
      245.000   2.6522344e-05
      246.000   2.6408183e-05
      247.000   2.6153739e-05
      248.000   2.5675146e-05
      249.000   2.4936178e-05
      250.000   2.4032433e-05
      251.000   2.3104101e-05
      252.000   2.2189899e-05
      253.000   2.1242233e-05
      254.000   2.0250363e-05
      255.000   1.9270097e-05
      256.000   1.8364104e-05
      257.000   1.7568325e-05
      258.000   1.6891681e-05
      259.000   1.6350334e-05
      260.000   1.5960295e-05
      261.000   1.5705169e-05
      262.000   1.5553365e-05
      263.000   1.5464941e-05
      264.000   1.5392232e-05
      265.000   1.5306558e-05
      266.000   1.5204866e-05
      267.000   1.5094243e-05
      268.000   1.4982616e-05
      269.000   1.4876882e-05
      270.000   1.4782187e-05
      271.000   1.4686620e-05
      272.000   1.4544681e-05
      273.000   1.4301775e-05
      274.000   1.3934938e-05
      275.000   1.3455950e-05
      276.000   1.2893165e-05
      277.000   1.2282783e-05
      278.000   1.1661236e-05
      279.000   1.1054778e-05
      280.000   1.0485062e-05
      281.000   9.9686822e-06
      282.000   9.5124669e-06
      283.000   9.1253050e-06
      284.000   8.8299103e-06
      285.000   8.6525570e-06
      286.000   8.6006321e-06
      287.000   8.6501841e-06
      288.000   8.7501267e-06
      289.000   8.8489442e-06
      290.000   8.9301002e-06
      291.000   9.0041640e-06
      292.000   9.0707135e-06
      293.000   9.1198053e-06
      294.000   9.1515803e-06
      295.000   9.1703860e-06
      296.000   9.1690945e-06
      297.000   9.1186648e-06
      298.000   8.9861096e-06
      299.000   8.7674598e-06
      300.000   8.4882167e-06
      301.000   8.1850030e-06
      302.000   7.8875537e-06
      303.000   7.6018118e-06
      304.000   7.3236752e-06
      305.000   7.0638598e-06
      306.000   6.8426252e-06
      307.000   6.6746807e-06
      308.000   6.5640997e-06
      309.000   6.5011350e-06
      310.000   6.4672095e-06
      311.000   6.4458345e-06
      312.000   6.4281830e-06
      313.000   6.4136266e-06
      314.000   6.4038682e-06
      315.000   6.3984908e-06
      316.000   6.3942125e-06
      317.000   6.3848911e-06
      318.000   6.3590714e-06
      319.000   6.2988593e-06
      320.000   6.2134477e-06
      321.000   6.0850243e-06
