      1.00000       0.0000000
      2.00000   6.8186650e-06
      3.00000   6.8019026e-06
      4.00000   6.7476581e-06
      5.00000   6.6907683e-06
      6.00000   6.6675589e-06
      7.00000   6.7012361e-06
      8.00000   6.7863261e-06
      9.00000   6.9041125e-06
      10.0000   7.0447945e-06
      11.0000   7.2137195e-06
      12.0000   7.4248410e-06
      13.0000   7.6840606e-06
      14.0000   7.9728488e-06
      15.0000   8.2564557e-06
      16.0000   8.5108959e-06
      17.0000   8.7312173e-06
      18.0000   8.9217310e-06
      19.0000   9.0919702e-06
      20.0000   9.2473756e-06
      21.0000   9.3841763e-06
      22.0000   9.4977613e-06
      23.0000   9.5896094e-06
      24.0000   9.6663034e-06
      25.0000   9.7378270e-06
      26.0000   9.8191513e-06
      27.0000   9.9243580e-06
      28.0000   1.0060072e-05
      29.0000   1.0230252e-05
      30.0000   1.0447124e-05
      31.0000   1.0723511e-05
      32.0000   1.1054394e-05
      33.0000   1.1411510e-05
      34.0000   1.1763464e-05
      35.0000   1.2104186e-05
      36.0000   1.2439377e-05
      37.0000   1.2760024e-05
      38.0000   1.3057144e-05
      39.0000   1.3340598e-05
      40.0000   1.3618306e-05
      41.0000   1.3878720e-05
      42.0000   1.4113070e-05
      43.0000   1.4328799e-05
      44.0000   1.4535349e-05
      45.0000   1.4736926e-05
      46.0000   1.4944260e-05
      47.0000   1.5167147e-05
      48.0000   1.5401922e-05
      49.0000   1.5661839e-05
      50.0000   1.5985717e-05
      51.0000   1.6392360e-05
      52.0000   1.6850405e-05
      53.0000   1.7302675e-05
      54.0000   1.7696340e-05
      55.0000   1.7993945e-05
      56.0000   1.8215806e-05
      57.0000   1.8459685e-05
      58.0000   1.8828210e-05
      59.0000   1.9362456e-05
      60.0000   2.0043699e-05
      61.0000   2.0827863e-05
      62.0000   2.1654965e-05
      63.0000   2.2442722e-05
      64.0000   2.3137587e-05
      65.0000   2.3731693e-05
      66.0000   2.4232091e-05
      67.0000   2.4658721e-05
      68.0000   2.5032576e-05
      69.0000   2.5367599e-05
      70.0000   2.5673478e-05
      71.0000   2.5973595e-05
      72.0000   2.6308782e-05
      73.0000   2.6715888e-05
      74.0000   2.7207332e-05
      75.0000   2.7750939e-05
      76.0000   2.8317287e-05
      77.0000   2.8913113e-05
      78.0000   2.9541830e-05
      79.0000   3.0179064e-05
      80.0000   3.0805215e-05
      81.0000   3.1460353e-05
      82.0000   3.2262600e-05
      83.0000   3.3360211e-05
      84.0000   3.4838977e-05
      85.0000   3.6704834e-05
      86.0000   3.8926752e-05
      87.0000   4.1464649e-05
      88.0000   4.4283977e-05
      89.0000   4.7362377e-05
      90.0000   5.0723535e-05
      91.0000   5.4401040e-05
      92.0000   5.8305068e-05
      93.0000   6.2248670e-05
      94.0000   6.6172601e-05
      95.0000   7.0229078e-05
      96.0000   7.4657575e-05
      97.0000   7.9593927e-05
      98.0000   8.4967505e-05
      99.0000   9.0579058e-05
      100.000   9.6270502e-05
      101.000   0.00010215457
      102.000   0.00010870727
      103.000   0.00011655930
      104.000   0.00012612808
      105.000   0.00013740842
      106.000   0.00015025852
      107.000   0.00016489321
      108.000   0.00018193274
      109.000   0.00020190494
      110.000   0.00022470980
      111.000   0.00024971840
      112.000   0.00027616831
      113.000   0.00030305225
      114.000   0.00032879724
      115.000   0.00035167905
      116.000   0.00037063763
      117.000   0.00038613542
      118.000   0.00040041644
      119.000   0.00041622246
      120.000   0.00043473730
      121.000   0.00045526546
      122.000   0.00047761557
      123.000   0.00050426665
      124.000   0.00053947238
      125.000   0.00058566540
      126.000   0.00064190041
      127.000   0.00070735748
      128.000   0.00078445254
      129.000   0.00087572442
      130.000   0.00097825215
      131.000    0.0010845726
      132.000    0.0011909427
      133.000    0.0013034920
      134.000    0.0014298491
      135.000    0.0015638461
      136.000    0.0016860923
      137.000    0.0017824904
      138.000    0.0018603466
      139.000    0.0019444983
      140.000    0.0020589894
      141.000    0.0022163515
      142.000    0.0024216436
      143.000    0.0026698355
      144.000    0.0029479077
      145.000    0.0032633450
      146.000    0.0036631171
      147.000    0.0042107729
      148.000    0.0049418211
      149.000    0.0058476981
      150.000    0.0069222506
      151.000    0.0082407584
      152.000     0.010021248
      153.000     0.012669589
      154.000     0.016771602
      155.000     0.022887843
      156.000     0.031299859
      157.000     0.042112194
      158.000     0.055329930
      159.000     0.070121922
      160.000     0.083907038
      161.000     0.092576854
      162.000     0.092580140
      163.000     0.083518088
      164.000     0.068642117
      165.000     0.052575044
      166.000     0.038714387
      167.000     0.028297851
      168.000     0.020948030
      169.000     0.015769718
      170.000     0.012042455
      171.000    0.0093487138
      172.000    0.0074198460
      173.000    0.0060360036
      174.000    0.0050316518
      175.000    0.0042919195
      176.000    0.0037221822
      177.000    0.0032555093
      178.000    0.0028710975
      179.000    0.0025791104
      180.000    0.0023798195
      181.000    0.0022378399
      182.000    0.0021074584
      183.000    0.0019670979
      184.000    0.0018151362
      185.000    0.0016491036
      186.000    0.0014669613
      187.000    0.0012822305
      188.000    0.0011194706
      189.000   0.00099155470
      190.000   0.00089001155
      191.000   0.00079759187
      192.000   0.00070534006
      193.000   0.00061615161
      194.000   0.00053626933
      195.000   0.00046968338
      196.000   0.00041729299
      197.000   0.00037671733
      198.000   0.00034382674
      199.000   0.00031546291
      200.000   0.00029011321
      201.000   0.00026665768
      202.000   0.00024414170
      203.000   0.00022256034
      204.000   0.00020248225
      205.000   0.00018396786
      206.000   0.00016661541
      207.000   0.00015043349
      208.000   0.00013597828
      209.000   0.00012361212
      210.000   0.00011319742
      211.000   0.00010431513
      212.000   9.6634329e-05
      213.000   9.0143563e-05
      214.000   8.4875144e-05
      215.000   8.0720718e-05
      216.000   7.7585188e-05
      217.000   7.5297161e-05
      218.000   7.3431329e-05
      219.000   7.1495931e-05
      220.000   6.9252281e-05
      221.000   6.6752982e-05
      222.000   6.4136722e-05
      223.000   6.1579114e-05
      224.000   5.9316466e-05
      225.000   5.7455167e-05
      226.000   5.5797038e-05
      227.000   5.3991418e-05
      228.000   5.1838873e-05
      229.000   4.9408740e-05
      230.000   4.6932393e-05
      231.000   4.4619283e-05
      232.000   4.2554424e-05
      233.000   4.0707022e-05
      234.000   3.8975006e-05
      235.000   3.7286303e-05
      236.000   3.5663543e-05
      237.000   3.4133860e-05
      238.000   3.2671054e-05
      239.000   3.1258827e-05
      240.000   2.9899491e-05
      241.000   2.8597649e-05
      242.000   2.7389293e-05
      243.000   2.6318688e-05
      244.000   2.5409494e-05
      245.000   2.4698180e-05
      246.000   2.4217101e-05
      247.000   2.3950373e-05
      248.000   2.3857354e-05
      249.000   2.3897204e-05
      250.000   2.4011302e-05
      251.000   2.4098119e-05
      252.000   2.4053425e-05
      253.000   2.3856239e-05
      254.000   2.3554598e-05
      255.000   2.3180059e-05
      256.000   2.2722917e-05
      257.000   2.2168842e-05
      258.000   2.1509346e-05
      259.000   2.0734584e-05
      260.000   1.9873471e-05
      261.000   1.8998597e-05
      262.000   1.8165958e-05
      263.000   1.7388626e-05
      264.000   1.6673201e-05
      265.000   1.6053662e-05
      266.000   1.5566102e-05
      267.000   1.5215644e-05
      268.000   1.4978214e-05
      269.000   1.4807909e-05
      270.000   1.4640506e-05
      271.000   1.4441104e-05
      272.000   1.4248457e-05
      273.000   1.4119536e-05
      274.000   1.4060925e-05
      275.000   1.4045297e-05
      276.000   1.4039759e-05
      277.000   1.4016465e-05
      278.000   1.3966926e-05
      279.000   1.3892968e-05
      280.000   1.3792448e-05
      281.000   1.3646012e-05
      282.000   1.3426463e-05
      283.000   1.3121223e-05
      284.000   1.2733376e-05
      285.000   1.2278723e-05
      286.000   1.1786069e-05
      287.000   1.1286073e-05
      288.000   1.0790491e-05
      289.000   1.0308340e-05
      290.000   9.8692644e-06
      291.000   9.5005535e-06
      292.000   9.1973034e-06
      293.000   8.9369842e-06
      294.000   8.7200688e-06
      295.000   8.5680203e-06
      296.000   8.4866952e-06
      297.000   8.4523226e-06
      298.000   8.4399953e-06
      299.000   8.4479670e-06
      300.000   8.4775475e-06
      301.000   8.5155398e-06
      302.000   8.5394931e-06
      303.000   8.5252741e-06
      304.000   8.4550456e-06
      305.000   8.3299310e-06
      306.000   8.1671678e-06
      307.000   7.9833017e-06
      308.000   7.7872537e-06
      309.000   7.5822431e-06
      310.000   7.3696297e-06
      311.000   7.1504701e-06
      312.000   6.9329026e-06
      313.000   6.7391870e-06
      314.000   6.5920121e-06
      315.000   6.4942192e-06
      316.000   6.4315104e-06
      317.000   6.3937364e-06
      318.000   6.3789271e-06
      319.000   6.3854327e-06
      320.000   6.4065493e-06
      321.000   6.4455121e-06
