! -------------------------
   1206.4360351562500        5.8887939900159836E-002   4.7718426212668419E-003   1.0000000000000000     
   1206.4659423828125        5.8563314378261566E-002   4.5839329250156879E-003   1.0000000000000000     
   1206.4958496093750        5.5533204227685928E-002   4.4758110307157040E-003   1.0000000000000000     
   1206.5257568359375        5.2705574780702591E-002   4.3209493160247803E-003   1.0000000000000000     
   1206.5556640625000        6.7801624536514282E-002   5.1334835588932037E-003   1.0000000000000000     
   1206.5855712890625       0.10733050107955933        6.2877456657588482E-003   1.0000000000000000     
   1206.6154785156250       0.14121159911155701        7.6161036267876625E-003   1.0000000000000000     
   1206.6453857421875       0.22048708796501160        9.6700955182313919E-003   1.0000000000000000     
   1206.6752929687500       0.41124117374420166        1.2439274229109287E-002   1.0000000000000000     
   1206.7052001953125       0.59051698446273804        1.4396755024790764E-002   1.0000000000000000     
   1206.7351074218750       0.75459110736846924        1.5752993524074554E-002   1.0000000000000000     
   1206.7650146484375       0.83163112401962280        1.6437711194157600E-002   1.0000000000000000     
   1206.7949218750000       0.91109228134155273        1.7179228365421295E-002   1.0000000000000000     
   1206.8248291015625       0.91997087001800537        1.7285572364926338E-002   1.0000000000000000     
   1206.8547363281250       0.93422204256057739        1.7400398850440979E-002   1.0000000000000000     
   1206.8846435546875       0.91069161891937256        1.7200546339154243E-002   1.0000000000000000     
   1206.9145507812500       0.89281433820724487        1.7025144770741463E-002   1.0000000000000000     
   1206.9444580078125       0.90294528007507324        1.7132705077528954E-002   1.0000000000000000     
   1206.9743652343750       0.90034979581832886        1.7122628167271614E-002   1.0000000000000000     
   1207.0042724609375       0.87682700157165527        1.6917921602725983E-002   1.0000000000000000     
   1207.0341796875000       0.88549768924713135        1.6986733302474022E-002   1.0000000000000000     
   1207.0640869140625       0.89151012897491455        1.7033180221915245E-002   1.0000000000000000     
   1207.0939941406250       0.88057309389114380        1.6983939334750175E-002   1.0000000000000000     
   1207.1239013671875       0.93795585632324219        1.7523093149065971E-002   1.0000000000000000     
   1207.1539306640625       0.98913389444351196        1.7960082739591599E-002   1.0000000000000000     
   1207.1838378906250        1.0044382810592651        1.8121927976608276E-002   1.0000000000000000     
   1207.2137451171875       0.98331582546234131        1.7907977104187012E-002   1.0000000000000000     
   1207.2436523437500       0.96826791763305664        1.7786130309104919E-002   1.0000000000000000     
   1207.2735595703125       0.99206423759460449        1.7996275797486305E-002   1.0000000000000000     
   1207.3034667968750       0.98834383487701416        1.8004748970270157E-002   1.0000000000000000     
   1207.3333740234375       0.98211812973022461        1.7940223217010498E-002   1.0000000000000000     
   1207.3632812500000        1.0125631093978882        1.8232401460409164E-002   1.0000000000000000     
   1207.3931884765625        1.0025123357772827        1.8125001341104507E-002   1.0000000000000000     
   1207.4230957031250       0.98356211185455322        1.7982080578804016E-002   1.0000000000000000     
   1207.4530029296875       0.97627621889114380        1.7930245026946068E-002   1.0000000000000000     
   1207.4829101562500       0.99200958013534546        1.8047099933028221E-002   1.0000000000000000     
   1207.5128173828125       0.98409205675125122        1.8008582293987274E-002   1.0000000000000000     
   1207.5427246093750       0.97797441482543945        1.7920374870300293E-002   1.0000000000000000     
   1207.5726318359375       0.97912716865539551        1.7958225682377815E-002   1.0000000000000000     
   1207.6025390625000       0.97381299734115601        1.7916267737746239E-002   1.0000000000000000     
   1207.6324462890625        1.0026218891143799        1.8176918849349022E-002   1.0000000000000000     
   1207.6623535156250       0.97152662277221680        1.7931863665580750E-002   1.0000000000000000     
   1207.6922607421875       0.99405133724212646        1.8110862001776695E-002   1.0000000000000000     
   1207.7221679687500       0.95042169094085693        1.7717460170388222E-002   1.0000000000000000     
   1207.7520751953125       0.98569530248641968        1.8062992021441460E-002   1.0000000000000000     
   1207.7819824218750       0.95111089944839478        1.7760526388883591E-002   1.0000000000000000     
   1207.8118896484375       0.96592414379119873        1.7927125096321106E-002   1.0000000000000000     
   1207.8417968750000       0.98280221223831177        1.8094778060913086E-002   1.0000000000000000     
   1207.8717041015625        1.0012242794036865        1.8258845433592796E-002   1.0000000000000000     
   1207.9016113281250       0.98405402898788452        1.8110215663909912E-002   1.0000000000000000     
   1207.9315185546875       0.99141037464141846        1.8164951354265213E-002  0.99974316118361450     
   1207.9614257812500        1.0166635513305664        1.8406970426440239E-002  0.99971730125447300     
   1207.9913330078125       0.97743868827819824        1.8083738163113594E-002  0.99969081965717377     
   1208.0212402343750       0.96210563182830811        1.7944311723113060E-002  0.99967209106553812     
   1208.0511474609375       0.98294550180435181        1.8137872219085693E-002  0.99965895853356235     
   1208.0810546875000       0.99305057525634766        1.8233686685562134E-002  0.99964431966968770     
   1208.1109619140625       0.96944189071655273        1.8047811463475227E-002  0.99962818980791923     
   1208.1408691406250       0.97653579711914062        1.8120599910616875E-002  0.99961114278788532     
   1208.1707763671875        1.0002416372299194        1.8365662544965744E-002  0.99959400285841593     
   1208.2006835937500        1.0098021030426025        1.8476668745279312E-002  0.99957706098641042     
   1208.2305908203125       0.99921160936355591        1.8376510590314865E-002  0.99955941933531023     
   1208.2604980468750        1.0027242898941040        1.8410205841064453E-002  0.99953928856253660     
   1208.2904052734375       0.97632282972335815        1.8163131549954414E-002  0.99951494771515248     
   1208.3203125000000       0.96234983205795288        1.8088756129145622E-002  0.99948691059700645     
   1208.3502197265625       0.98328965902328491        1.8265454098582268E-002  0.99945699623432560     
   1208.3801269531250       0.98813402652740479        1.8381126224994659E-002  0.99942719269432823     
   1208.4100341796875       0.98961347341537476        1.8389431759715080E-002  0.99939856844151576     
   1208.4399414062500       0.98768568038940430        1.8382340669631958E-002  0.99936905856882507     
   1208.4699707031250        1.0025352239608765        1.8502512946724892E-002  0.99933431267574235     
   1208.4998779296875       0.97639793157577515        1.8326807767152786E-002  0.99929099601685190     
   1208.5297851562500        1.0113145112991333        1.8649615347385406E-002  0.99923860410365917     
   1208.5596923828125       0.97085011005401611        1.8253132700920105E-002  0.99917942221728417     
   1208.5895996093750       0.98925602436065674        1.8452173098921776E-002  0.99911651018432190     
   1208.6195068359375       0.96860218048095703        1.8258119001984596E-002  0.99905090797211926     
   1208.6494140625000       0.96228390932083130        1.8213512375950813E-002  0.99898179784506425     
   1208.6793212890625       0.99868834018707275        1.8552556633949280E-002  0.99890559098487952     
   1208.7092285156250       0.97551429271697998        1.8344536423683167E-002  0.99881648778301646     
   1208.7391357421875       0.95286208391189575        1.8175218254327774E-002  0.99871201300337942     
   1208.7690429687500       0.97316169738769531        1.8383957445621490E-002  0.99859385782925170     
   1208.7989501953125       0.91741174459457397        1.7910499125719070E-002  0.99846304917764395     
   1208.8288574218750       0.92973911762237549        1.7986427992582321E-002  0.99831724557591295     
   1208.8587646484375       0.95119601488113403        1.8210055306553841E-002  0.99814953727203470     
   1208.8886718750000       0.96015000343322754        1.8301608040928841E-002  0.99794712365915217     
   1208.9185791015625       0.89954072237014771        1.7743574455380440E-002  0.99769451524210362     
   1208.9484863281250       0.91093939542770386        1.7874030396342278E-002  0.99737736444787606     
   1208.9783935546875       0.90425276756286621        1.7816593870520592E-002  0.99697986130783056     
   1209.0083007812500       0.90617048740386963        1.7853168770670891E-002  0.99649471635107389     
   1209.0382080078125       0.90032756328582764        1.7776720225811005E-002  0.99591488369664150     
   1209.0681152343750       0.88851052522659302        1.7712324857711792E-002  0.99519609275679821     
   1209.0980224609375       0.88697063922882080        1.7718698829412460E-002  0.99423879425570683     
   1209.1279296875000       0.90148180723190308        1.7874561250209808E-002  0.99294928309651265     
   1209.1578369140625       0.90281778573989868        1.7894800752401352E-002  0.99117902735727481     
   1209.1877441406250       0.89483487606048584        1.7832955345511436E-002  0.98854008630248913     
   1209.2176513671875       0.87076139450073242        1.7641318961977959E-002  0.98472789754235290     
   1209.2475585937500       0.87667793035507202        1.7705375328660011E-002  0.97953115555159276     
   1209.2774658203125       0.84255415201187134        1.7341088503599167E-002  0.97197494833971787     
   1209.3073730468750       0.74632346630096436        1.6411649063229561E-002  0.96079704661281495     
   1209.3372802734375       0.67780017852783203        1.5668464824557304E-002  0.94540414921645022     
   1209.3671875000000       0.60602241754531860        1.4806732535362244E-002  0.92315322710208791     
   1209.3970947265625       0.61325442790985107        1.4917588792741299E-002  0.88176932391357388     
   1209.4270019531250       0.56790894269943237        1.4427292160689831E-002  0.79076601092193755     
   1209.4569091796875       0.42764401435852051        1.2693988159298897E-002  0.60853096092933900     
   1209.4868164062500       0.29134258627891541        1.0505589656531811E-002  0.38192353038115917     
   1209.5167236328125       0.29612848162651062        1.0541654191911221E-002  0.25559347514491965     
   1209.5466308593750       0.35696381330490112        1.1819946579635143E-002  0.26230496092069155     
   1209.5765380859375       0.47305610775947571        1.3535963371396065E-002  0.39785756931369226     
   1209.6064453125000       0.65489280223846436        1.5787476673722267E-002  0.62580768184263214     
   1209.6363525390625       0.76895511150360107        1.6889255493879318E-002  0.80239382389590019     
   1209.6662597656250       0.79783678054809570        1.7172008752822876E-002  0.88616667161451990     
   1209.6961669921875       0.84189122915267944        1.7616618424654007E-002  0.92524189303420090     
   1209.7260742187500       0.85446530580520630        1.7844300717115402E-002  0.94714060917718934     
   1209.7559814453125       0.86295092105865479        1.7949128523468971E-002  0.96184518303431432     
   1209.7860107421875       0.84839600324630737        1.7869748175144196E-002  0.97176964565390600     
   1209.8159179687500       0.83275645971298218        1.7655329778790474E-002  0.97817580376606805     
   1209.8458251953125       0.82471591234207153        1.7625238746404648E-002  0.98247098412034106     
   1209.8757324218750       0.85884720087051392        1.7985779792070389E-002  0.98570887795344031     
   1209.9056396484375       0.84169530868530273        1.7854144796729088E-002  0.98845178311050352     
   1209.9355468750000       0.88266670703887939        1.8346244469285011E-002  0.99076986327127470     
   1209.9654541015625       0.88236236572265625        1.8375253304839134E-002  0.99259998760858215     
   1209.9953613281250       0.87940067052841187        1.8414406105875969E-002  0.99399111257800910     
   1210.0252685546875       0.87482249736785889        1.8395794555544853E-002  0.99506396433922617     
   1210.0551757812500       0.88378053903579712        1.8505895510315895E-002  0.99590367109539935     
   1210.0850830078125       0.88092613220214844        1.8508715555071831E-002  0.99656510179359137     
   1210.1149902343750       0.89372420310974121        1.8672706559300423E-002  0.99709189597306225     
   1210.1448974609375       0.92168891429901123        1.9009372219443321E-002  0.99750155738160606     
   1210.1748046875000       0.93962860107421875        1.9241755828261375E-002  0.99781293885094191     
   1210.2047119140625       0.93196493387222290        1.9220955669879913E-002  0.99805267603080317     
   1210.2346191406250       0.92924869060516357        1.9194429740309715E-002  0.99823778900381566     
   1210.2645263671875       0.93662959337234497        1.9330386072397232E-002  0.99838882878631585     
   1210.2944335937500       0.89417016506195068        1.8992472440004349E-002  0.99852295514869527     
   1210.3243408203125       0.87456536293029785        1.8813323229551315E-002  0.99864519697443954     
   1210.3542480468750       0.84177476167678833        1.8542559817433357E-002  0.99875784941398804     
   1210.3841552734375       0.83136296272277832        1.8462387844920158E-002  0.99885745282348903     
   1210.4140625000000       0.77321368455886841        1.7892146483063698E-002  0.99894298278605553     
   1210.4439697265625       0.73238331079483032        1.7411354929208755E-002  0.99901851227541538     
   1210.4738769531250       0.73731994628906250        1.7553221434354782E-002  0.99908691273592798     
   1210.5037841796875       0.74289709329605103        1.7718756571412086E-002  0.99915103298081487     
   1210.5336914062500       0.75380104780197144        1.7876870930194855E-002  0.99921028986431504     
   1210.5635986328125       0.75033605098724365        1.7885088920593262E-002  0.99926346913046249     
   1210.5935058593750       0.74654912948608398        1.7923822626471519E-002  0.99930898884420560     
   1210.6234130859375       0.69821506738662720        1.7423968762159348E-002  0.99934643833672376     
   1210.6533203125000       0.70722746849060059        1.7594503238797188E-002  0.99937897947002974     
   1210.6832275390625       0.67506462335586548        1.7354352399706841E-002  0.99940991226031650     
   1210.7131347656250       0.66162884235382080        1.7220497131347656E-002  0.99944125279201046     
   1210.7430419921875       0.61699950695037842        1.6689846292138100E-002  0.99947279801009736     
   1210.7729492187500       0.60464620590209961        1.6540538519620895E-002  0.99950238111487744     
   1210.8028564453125       0.57465809583663940        1.6226761043071747E-002  0.99952811929829866     
   1210.8327636718750       0.58195751905441284        1.6398118808865547E-002  0.99954953494533028     
   1210.8626708984375       0.57511150836944580        1.6387470066547394E-002  0.99956799746618363     
   1210.8925781250000       0.56791657209396362        1.6300687566399574E-002  0.99958576956742995     
   1210.9224853515625       0.52133953571319580        1.5800142660737038E-002   1.0000000000000000     
   1210.9523925781250       0.50751894712448120        1.5596186742186546E-002   1.0000000000000000     
   1210.9822998046875       0.50329560041427612        1.5697527676820755E-002   1.0000000000000000     
   1211.0122070312500       0.49165019392967224        1.5534198842942715E-002   1.0000000000000000     
   1211.0421142578125       0.52391654253005981        1.6068561002612114E-002   1.0000000000000000     
   1211.0720214843750       0.53606122732162476        1.6446601599454880E-002   1.0000000000000000     
   1211.1020507812500       0.58661574125289917        1.7246948555111885E-002   1.0000000000000000     
   1211.1319580078125       0.64446818828582764        1.8137257546186447E-002   1.0000000000000000     
   1211.1618652343750       0.73368233442306519        1.9461471587419510E-002   1.0000000000000000     
   1211.1917724609375       0.80511724948883057        2.0472990348935127E-002   1.0000000000000000     
   1211.2216796875000       0.84891152381896973        2.1115019917488098E-002   1.0000000000000000     
   1211.2515869140625       0.84910565614700317        2.1328622475266457E-002   1.0000000000000000     
   1211.2814941406250       0.89821404218673706        2.1925641223788261E-002   1.0000000000000000     
   1211.3114013671875       0.88125991821289062        2.1889127790927887E-002   1.0000000000000000     
   1211.3413085937500       0.90810877084732056        2.2387873381376266E-002   1.0000000000000000     
   1211.3712158203125       0.95974135398864746        2.3109637200832367E-002   1.0000000000000000     
   1211.4011230468750       0.97488391399383545        2.3492105305194855E-002   1.0000000000000000     
   1211.4310302734375       0.96086078882217407        2.3494588211178780E-002   1.0000000000000000     
   1211.4609375000000       0.97992217540740967        2.3806823417544365E-002   1.0000000000000000     
   1211.4908447265625        1.0081669092178345        2.4310898035764694E-002   1.0000000000000000     
   1211.5207519531250        1.0025960206985474        2.4403559044003487E-002   1.0000000000000000     
   1211.5506591796875        1.0493264198303223        2.5160724297165871E-002   1.0000000000000000     
   1211.5805664062500       0.97599041461944580        2.4397574365139008E-002   1.0000000000000000     
   1211.6104736328125       0.99806910753250122        2.4859664961695671E-002   1.0000000000000000     
   1211.6403808593750       0.99267530441284180        2.4935256689786911E-002   1.0000000000000000     
   1211.6702880859375        1.0006579160690308        2.5237953290343285E-002   1.0000000000000000     
   1211.7001953125000       0.98920983076095581        2.5315949693322182E-002   1.0000000000000000     
   1211.7301025390625       0.98286992311477661        2.5412268936634064E-002   1.0000000000000000     
   1211.7600097656250        1.0355252027511597        2.6269119232892990E-002   1.0000000000000000     
   1211.7899169921875        1.0278787612915039        2.6357451453804970E-002   1.0000000000000000     
   1211.8198242187500       0.99697816371917725        2.6175782084465027E-002   1.0000000000000000     
   1211.8497314453125        1.0207083225250244        2.6708213612437248E-002   1.0000000000000000     
   1211.8796386718750        1.0106972455978394        2.6771737262606621E-002   1.0000000000000000     
   1211.9095458984375        1.0041506290435791        2.6904430240392685E-002   1.0000000000000000     
   1211.9394531250000        1.0402747392654419        2.7730675414204597E-002   1.0000000000000000     
   1211.9693603515625        1.0104262828826904        2.7608463540673256E-002   1.0000000000000000     
   1211.9992675781250       0.98673754930496216        2.7395104989409447E-002   1.0000000000000000     
   1212.0291748046875        1.0244032144546509        2.8200469911098480E-002   1.0000000000000000     
   1212.0590820312500        1.0327599048614502        2.8591485694050789E-002   1.0000000000000000     
   1212.0889892578125       0.99535804986953735        2.8331229463219643E-002   1.0000000000000000     
   1212.1188964843750        1.0408089160919189        2.9306083917617798E-002   1.0000000000000000     
   1212.1488037109375        1.0495945215225220        2.9790703207254410E-002   1.0000000000000000     
   1212.1787109375000        1.0659688711166382        3.0211169272661209E-002   1.0000000000000000     
   1212.2086181640625        1.0774384737014771        3.0698122456669807E-002   1.0000000000000000     
   1212.2385253906250        1.0632470846176147        3.0933577567338943E-002   1.0000000000000000     
   1212.2684326171875        1.0479670763015747        3.1083466485142708E-002   1.0000000000000000     
   1212.2983398437500        1.0185166597366333        3.0915949493646622E-002   1.0000000000000000     
   1212.3282470703125        1.0116001367568970        3.1238023191690445E-002   1.0000000000000000     
   1212.3581542968750        1.0672700405120850        3.2584197819232941E-002   1.0000000000000000     
   1212.3880615234375       0.94500660896301270        3.0970105901360512E-002   1.0000000000000000     
!  ---- tick mark positions for above ----
!      1209.53222     2     1
