! -------------------------
   1194.2327880859375       0.87589955329895020        1.7571153119206429E-002   1.0000000000000000     
   1194.2626953125000       0.85571581125259399        1.7406461760401726E-002   1.0000000000000000     
   1194.2926025390625       0.84857213497161865        1.7338758334517479E-002   1.0000000000000000     
   1194.3225097656250       0.85906147956848145        1.7390973865985870E-002   1.0000000000000000     
   1194.3524169921875       0.86496657133102417        1.7361629754304886E-002   1.0000000000000000     
   1194.3823242187500       0.86485874652862549        1.7143597826361656E-002   1.0000000000000000     
   1194.4122314453125       0.82806056737899780        1.6845425590872765E-002   1.0000000000000000     
   1194.4421386718750       0.83419209718704224        1.6920521855354309E-002   1.0000000000000000     
   1194.4720458984375       0.87985986471176147        1.7244169488549232E-002   1.0000000000000000     
   1194.5019531250000       0.85692650079727173        1.7106022685766220E-002   1.0000000000000000     
   1194.5318603515625       0.88657444715499878        1.7346436157822609E-002   1.0000000000000000     
   1194.5617675781250       0.92838633060455322        1.7694314941763878E-002   1.0000000000000000     
   1194.5916748046875       0.94757252931594849        1.7901685088872910E-002   1.0000000000000000     
   1194.6215820312500       0.92507582902908325        1.7642814666032791E-002   1.0000000000000000     
   1194.6514892578125       0.95608294010162354        1.7875140532851219E-002   1.0000000000000000     
   1194.6813964843750       0.97062999010086060        1.8020819872617722E-002   1.0000000000000000     
   1194.7113037109375       0.96773290634155273        1.7989894375205040E-002   1.0000000000000000     
   1194.7412109375000       0.98315250873565674        1.8110062927007675E-002   1.0000000000000000     
   1194.7711181640625       0.96582323312759399        1.7998483031988144E-002   1.0000000000000000     
   1194.8010253906250       0.93361532688140869        1.7792077735066414E-002   1.0000000000000000     
   1194.8309326171875       0.97554689645767212        1.8028395250439644E-002   1.0000000000000000     
   1194.8608398437500       0.96941846609115601        1.7974892631173134E-002   1.0000000000000000     
   1194.8907470703125       0.97906744480133057        1.8037697300314903E-002   1.0000000000000000     
   1194.9206542968750       0.94227200746536255        1.7641633749008179E-002   1.0000000000000000     
   1194.9505615234375       0.95852196216583252        1.7775708809494972E-002   1.0000000000000000     
   1194.9804687500000        1.0018719434738159        1.8163798376917839E-002   1.0000000000000000     
   1195.0103759765625       0.98062318563461304        1.8059322610497475E-002   1.0000000000000000     
   1195.0402832031250       0.95064133405685425        1.7714496701955795E-002   1.0000000000000000     
   1195.0701904296875       0.95907080173492432        1.7804484814405441E-002   1.0000000000000000     
   1195.1000976562500       0.96481764316558838        1.7825083807110786E-002   1.0000000000000000     
   1195.1300048828125       0.97175103425979614        1.7988933250308037E-002   1.0000000000000000     
   1195.1599121093750       0.97068774700164795        1.7898406833410263E-002   1.0000000000000000     
   1195.1898193359375       0.99381762742996216        1.8082354217767715E-002   1.0000000000000000     
   1195.2197265625000       0.97745954990386963        1.8008619546890259E-002   1.0000000000000000     
   1195.2496337890625       0.99342364072799683        1.8106956034898758E-002   1.0000000000000000     
   1195.2795410156250       0.96303075551986694        1.7774470150470734E-002   1.0000000000000000     
   1195.3095703125000       0.94468462467193604        1.7657538875937462E-002   1.0000000000000000     
   1195.3394775390625       0.94881916046142578        1.7666088417172432E-002   1.0000000000000000     
   1195.3693847656250       0.99953645467758179        1.8138557672500610E-002   1.0000000000000000     
   1195.3992919921875       0.98055028915405273        1.7953805625438690E-002   1.0000000000000000     
   1195.4291992187500        1.0093001127243042        1.8241947516798973E-002   1.0000000000000000     
   1195.4591064453125       0.99836128950119019        1.8121693283319473E-002   1.0000000000000000     
   1195.4890136718750        1.0043948888778687        1.8200399354100227E-002   1.0000000000000000     
   1195.5189208984375       0.96733462810516357        1.7810868099331856E-002   1.0000000000000000     
   1195.5488281250000       0.94846010208129883        1.7638172954320908E-002   1.0000000000000000     
   1195.5787353515625       0.97226029634475708        1.7848050221800804E-002   1.0000000000000000     
   1195.6086425781250       0.95713174343109131        1.7728576436638832E-002   1.0000000000000000     
   1195.6385498046875       0.96908187866210938        1.7818825319409370E-002   1.0000000000000000     
   1195.6684570312500       0.95552074909210205        1.7691006883978844E-002   1.0000000000000000     
   1195.6983642578125       0.96986192464828491        1.7812998965382576E-002   1.0000000000000000     
   1195.7282714843750       0.97637730836868286        1.7862593755125999E-002  0.99929209516253081     
   1195.7581787109375       0.97266173362731934        1.7845397815108299E-002  0.99923499767239765     
   1195.7880859375000       0.97076416015625000        1.7857866361737251E-002  0.99917291951602250     
   1195.8179931640625       0.98489922285079956        1.7958382144570351E-002  0.99910961937317511     
   1195.8479003906250       0.97732698917388916        1.7893651500344276E-002  0.99904100584902567     
   1195.8778076171875       0.96163326501846313        1.7865922302007675E-002  0.99895837124292319     
   1195.9077148437500       0.96466797590255737        1.7803223803639412E-002  0.99885378779305134     
   1195.9376220703125       0.97941541671752930        1.7929829657077789E-002  0.99871760705695944     
   1195.9675292968750       0.94292533397674561        1.7534421756863594E-002  0.99853721944826457     
   1195.9974365234375       0.93432301282882690        1.7435794696211815E-002  0.99829453945283630     
   1196.0273437500000       0.96002984046936035        1.7688998952507973E-002  0.99796427708708679     
   1196.0572509765625       0.99282467365264893        1.7973694950342178E-002  0.99751361054630572     
   1196.0871582031250       0.96355986595153809        1.7702009528875351E-002  0.99690163527829700     
   1196.1170654296875       0.95479023456573486        1.7591916024684906E-002  0.99607834963323383     
   1196.1469726562500       0.97027909755706787        1.7724419012665749E-002  0.99498744782962778     
   1196.1768798828125        1.0106980800628662        1.8094051629304886E-002  0.99357265802186634     
   1196.2067871093750       0.97174447774887085        1.7763897776603699E-002  0.99178174542851760     
   1196.2366943359375       0.98910880088806152        1.7886772751808167E-002  0.98956841350153957     
   1196.2666015625000       0.99702090024948120        1.7988292500376701E-002  0.98689677976642154     
   1196.2965087890625       0.95196789503097534        1.7570577561855316E-002  0.98374346462517825     
   1196.3264160156250       0.96563458442687988        1.7718588933348656E-002  0.98007922740883291     
   1196.3563232421875       0.95399111509323120        1.7568739131093025E-002  0.97580692528387181     
   1196.3862304687500       0.94006526470184326        1.7419751733541489E-002  0.97065490524791953     
   1196.4161376953125       0.94494265317916870        1.7535522580146790E-002  0.96405172363188374     
   1196.4460449218750       0.98149973154067993        1.7817424610257149E-002  0.95508795615783137     
   1196.4759521484375       0.93084573745727539        1.7340317368507385E-002  0.94274962845536370     
   1196.5058593750000       0.91763174533843994        1.7248569056391716E-002  0.92656383455032876     
   1196.5357666015625       0.92444944381713867        1.7326915636658669E-002  0.90750313690675777     
   1196.5656738281250       0.88306015729904175        1.6882311552762985E-002  0.88838725957026543     
   1196.5955810546875       0.82801765203475952        1.6347475349903107E-002  0.87295527344441048     
   1196.6256103515625       0.79316037893295288        1.6024004667997360E-002  0.86382352452659850     
   1196.6555175781250       0.84118932485580444        1.6490237787365913E-002  0.86017572560466160     
   1196.6854248046875       0.82250201702117920        1.6288347542285919E-002  0.85624956220179460     
   1196.7153320312500       0.83682930469512939        1.6434531658887863E-002  0.84309202559272800     
   1196.7452392578125       0.82381719350814819        1.6300370916724205E-002  0.81419019465812636     
   1196.7751464843750       0.77747237682342529        1.5838254243135452E-002  0.76884815765151593     
   1196.8050537109375       0.70208323001861572        1.5086471103131771E-002  0.70471817606545673     
   1196.8349609375000       0.58227121829986572        1.4039047993719578E-002  0.60419934077491033     
   1196.8648681640625       0.42170619964599609        1.2253332883119583E-002  0.44768652710575169     
   1196.8947753906250       0.24623839557170868        9.8524549975991249E-003  0.27203340929365755     
   1196.9246826171875       0.16833440959453583        7.7383047901093960E-003  0.14871571607612102     
   1196.9545898437500       0.10425054281949997        6.1590969562530518E-003   8.8145216974391830E-002
   1196.9844970703125        6.8275734782218933E-002   5.1746857352554798E-003   6.0061872210080053E-002
   1197.0144042968750        5.3505044430494308E-002   4.4231051579117775E-003   4.4684951272440022E-002
   1197.0443115234375        4.6324022114276886E-002   4.1658720001578331E-003   3.4895997994127854E-002
   1197.0742187500000        3.3032014966011047E-002   3.6547989584505558E-003   2.8580916931230990E-002
   1197.1041259765625        2.7843736112117767E-002   3.3125206828117371E-003   2.5181566204912621E-002
   1197.1340332031250        3.2739698886871338E-002   3.4444965422153473E-003   2.4331519614427369E-002
   1197.1639404296875        3.5426862537860870E-002   3.5450647119432688E-003   2.5731326895025827E-002
   1197.1938476562500        2.8338393196463585E-002   3.3834404312074184E-003   2.9520182872670844E-002
   1197.2237548828125        4.2522910982370377E-002   4.1134860366582870E-003   3.6400040336290608E-002
   1197.2536621093750        5.3940337151288986E-002   4.7038802877068520E-003   4.7228901268709454E-002
   1197.2835693359375        8.4125339984893799E-002   5.6502791121602058E-003   6.4849401733751519E-002
   1197.3134765625000       0.11957944184541702        6.9285328499972820E-003  0.10004684827120724     
   1197.3433837890625       0.18126946687698364        8.5017895326018333E-003  0.17825495968526420     
   1197.3732910156250       0.32146742939949036        1.0822921991348267E-002  0.33179377711850860     
   1197.4031982421875       0.50179314613342285        1.3070169836282730E-002  0.53475691461631369     
   1197.4331054687500       0.66173881292343140        1.4719795435667038E-002  0.70252539805423764     
   1197.4630126953125       0.77027547359466553        1.5833947807550430E-002  0.80519278590961407     
   1197.4929199218750       0.81234318017959595        1.6232112422585487E-002  0.86637930820827069     
   1197.5228271484375       0.87669336795806885        1.6835965216159821E-002  0.90669576263196572     
   1197.5527343750000       0.89462965726852417        1.6951233148574829E-002  0.93479785569977747     
   1197.5826416015625       0.92765992879867554        1.7241159453988075E-002  0.95417526990810175     
   1197.6125488281250       0.94311642646789551        1.7413120716810226E-002  0.96695242047286634     
   1197.6424560546875       0.96268302202224731        1.7565479502081871E-002  0.97521603989102024     
   1197.6723632812500       0.98147523403167725        1.7723718658089638E-002  0.98076157221185822     
   1197.7022705078125       0.98022198677062988        1.7712198197841644E-002  0.98481863230276012     
   1197.7321777343750        1.0021905899047852        1.7924575135111809E-002  0.98798006546705752     
   1197.7620849609375       0.98142927885055542        1.7728520557284355E-002  0.99043342522695699     
   1197.7919921875000        1.0078377723693848        1.7974220216274261E-002  0.99229415387906583     
   1197.8218994140625       0.97585403919219971        1.7699312418699265E-002  0.99370892176194203     
   1197.8518066406250       0.98625260591506958        1.7811087891459465E-002  0.99479875059612077     
   1197.8817138671875       0.95348191261291504        1.7521349713206291E-002  0.99564775897785773     
   1197.9116210937500       0.99116170406341553        1.7831956967711449E-002  0.99631001425753540     
   1197.9416503906250        1.0119992494583130        1.8006874248385429E-002  0.99682171693508714     
   1197.9715576171875       0.99040001630783081        1.7862899228930473E-002  0.99721542561469423     
   1198.0014648437500       0.97194302082061768        1.7631419003009796E-002  0.99752286133784862     
   1198.0313720703125       0.98038703203201294        1.7692942172288895E-002  0.99776757308137010     
   1198.0612792968750       0.98506718873977661        1.7776291817426682E-002  0.99796667112390780     
   1198.0911865234375       0.98850703239440918        1.7805282026529312E-002  0.99813567744203613     
   1198.1210937500000       0.99685645103454590        1.7847193405032158E-002  0.99828500251850383     
   1198.1510009765625        1.0337393283843994        1.8192362040281296E-002  0.99841857210708362     
   1198.1809082031250        1.0416195392608643        1.8266778439283371E-002  0.99853660127714683     
   1198.2108154296875        1.0044080018997192        1.7900034785270691E-002  0.99864060782268982     
   1198.2407226562500       0.99953567981719971        1.7867278307676315E-002  0.99873330641212654     
   1198.2706298828125        1.0176490545272827        1.8022624775767326E-002  0.99881657885435382     
   1198.3005371093750       0.99898272752761841        1.7859695479273796E-002  0.99889164559249488     
   1198.3304443359375        1.0325998067855835        1.8137009814381599E-002  0.99895948163539583     
   1198.3603515625000        1.0216889381408691        1.8074674531817436E-002  0.99902124854933938     
   1198.3902587890625       0.99907958507537842        1.7886172980070114E-002  0.99907750487933278     
   1198.4201660156250        1.0068470239639282        1.7942363396286964E-002  0.99912879228646823     
   1198.4500732421875        1.0093528032302856        1.7931716516613960E-002  0.99917611135834861     
   1198.4799804687500        1.0320395231246948        1.8125781789422035E-002  0.99922317604183242     
   1198.5098876953125        1.0178418159484863        1.7997127026319504E-002  0.99927372748051224     
   1198.5397949218750        1.0149087905883789        1.8002923578023911E-002   1.0000000000000000     
   1198.5697021484375       0.96834695339202881        1.7584066838026047E-002   1.0000000000000000     
   1198.5996093750000       0.99514037370681763        1.7828982323408127E-002   1.0000000000000000     
   1198.6295166015625        1.0318470001220703        1.8131829798221588E-002   1.0000000000000000     
   1198.6594238281250        1.0050516128540039        1.7933508381247520E-002   1.0000000000000000     
   1198.6893310546875        1.0161838531494141        1.7976751551032066E-002   1.0000000000000000     
   1198.7192382812500       0.98806828260421753        1.7756521701812744E-002   1.0000000000000000     
   1198.7491455078125        1.0036749839782715        1.7904505133628845E-002   1.0000000000000000     
   1198.7790527343750        1.0210902690887451        1.8057489767670631E-002   1.0000000000000000     
   1198.8089599609375        1.0080862045288086        1.7935197800397873E-002   1.0000000000000000     
   1198.8388671875000       0.98492825031280518        1.7694400623440742E-002   1.0000000000000000     
   1198.8687744140625        1.0111268758773804        1.7959358170628548E-002   1.0000000000000000     
   1198.8986816406250       0.99881285429000854        1.7841218039393425E-002   1.0000000000000000     
   1198.9285888671875       0.97761529684066772        1.7712781205773354E-002   1.0000000000000000     
   1198.9584960937500        1.0002168416976929        1.7855791375041008E-002   1.0000000000000000     
   1198.9884033203125        1.0139454603195190        1.7957936972379684E-002   1.0000000000000000     
   1199.0183105468750       0.99867153167724609        1.7853822559118271E-002   1.0000000000000000     
   1199.0482177734375        1.0085935592651367        1.7917511984705925E-002   1.0000000000000000     
   1199.0781250000000        1.0183576345443726        1.7979120835661888E-002   1.0000000000000000     
   1199.1080322265625        1.0112284421920776        1.7923790961503983E-002   1.0000000000000000     
   1199.1379394531250       0.99010181427001953        1.7764545977115631E-002   1.0000000000000000     
   1199.1678466796875       0.97908270359039307        1.7665745690464973E-002   1.0000000000000000     
   1199.1977539062500       0.97602587938308716        1.7619207501411438E-002   1.0000000000000000     
   1199.2276611328125       0.97349423170089722        1.7619358375668526E-002   1.0000000000000000     
   1199.2576904296875       0.98924499750137329        1.7747133970260620E-002   1.0000000000000000     
   1199.2875976562500       0.97484606504440308        1.7581393942236900E-002   1.0000000000000000     
   1199.3175048828125       0.93878990411758423        1.7280971631407738E-002   1.0000000000000000     
   1199.3474121093750       0.88887631893157959        1.6866469755768776E-002   1.0000000000000000     
   1199.3773193359375       0.85294955968856812        1.6479764133691788E-002   1.0000000000000000     
   1199.4072265625000       0.78159326314926147        1.5798415988683701E-002   1.0000000000000000     
   1199.4371337890625       0.67304658889770508        1.4739176258444786E-002   1.0000000000000000     
   1199.4670410156250       0.53199368715286255        1.3473245315253735E-002   1.0000000000000000     
   1199.4969482421875       0.38089528679847717        1.1548061855137348E-002   1.0000000000000000     
   1199.5268554687500       0.23230129480361938        9.1253779828548431E-003   1.0000000000000000     
   1199.5567626953125       0.17911644279956818        7.7835558913648129E-003   1.0000000000000000     
   1199.5866699218750       0.14480365812778473        6.9241202436387539E-003   1.0000000000000000     
   1199.6165771484375       0.15124234557151794        7.1068527176976204E-003   1.0000000000000000     
   1199.6464843750000       0.16881096363067627        7.7491607517004013E-003   1.0000000000000000     
   1199.6763916015625       0.26681372523307800        9.8852599039673805E-003   1.0000000000000000     
   1199.7062988281250       0.45254969596862793        1.2806313112378120E-002   1.0000000000000000     
   1199.7362060546875       0.64719527959823608        1.4690813608467579E-002   1.0000000000000000     
   1199.7661132812500       0.82422173023223877        1.6308829188346863E-002   1.0000000000000000     
   1199.7960205078125       0.89722508192062378        1.6907470300793648E-002   1.0000000000000000     
   1199.8259277343750       0.93936944007873535        1.7262175679206848E-002   1.0000000000000000     
   1199.8558349609375       0.92966938018798828        1.7186721786856651E-002   1.0000000000000000     
   1199.8857421875000       0.94091784954071045        1.7283070832490921E-002   1.0000000000000000     
   1199.9156494140625       0.97560220956802368        1.7600843682885170E-002   1.0000000000000000     
   1199.9455566406250       0.98274213075637817        1.7663802951574326E-002   1.0000000000000000     
   1199.9754638671875       0.95682537555694580        1.7480371519923210E-002   1.0000000000000000     
   1200.0053710937500       0.95237606763839722        1.7434068024158478E-002   1.0000000000000000     
!  ---- tick mark positions for above ----
!      1196.49993     2     1
!      1196.62610     2     2
!      1196.81791     2     3
!      1197.02305     2     4
!      1197.17794     2     5
!      1197.36564     2     6
