! -------------------------
   1132.4387207031250        0.0000000000000000        1.3382165692746639E-002   1.0000000000000000     
   1132.4686279296875       0.82933521270751953       0.11039805412292480        1.0000000000000000     
   1132.4985351562500       0.77762949466705322       0.10692840814590454        1.0000000000000000     
   1132.5284423828125       0.95097494125366211       0.11801171302795410        1.0000000000000000     
   1132.5583496093750       0.84147906303405762       0.11108394712209702        1.0000000000000000     
   1132.5882568359375        1.0565586090087891       0.12422943115234375        1.0000000000000000     
   1132.6181640625000       0.87041324377059937       0.11289893835783005        1.0000000000000000     
   1132.6480712890625       0.82880157232284546       0.11019289493560791        1.0000000000000000     
   1132.6779785156250       0.80978316068649292       0.10891609638929367        1.0000000000000000     
   1132.7078857421875       0.80390226840972900       0.10849663615226746        1.0000000000000000     
   1132.7377929687500       0.74350386857986450       0.10438599437475204        1.0000000000000000     
   1132.7677001953125       0.81999969482421875       0.10949616134166718        1.0000000000000000     
   1132.7976074218750       0.76484435796737671       0.10578648000955582        1.0000000000000000     
   1132.8275146484375       0.91368889808654785       0.11541732400655746        1.0000000000000000     
   1132.8574218750000       0.83111625909805298       0.11014447361230850        1.0000000000000000     
   1132.8873291015625       0.78924006223678589       0.10735204815864563        1.0000000000000000     
   1132.9172363281250        1.0181455612182617       0.12165500968694687        1.0000000000000000     
   1132.9471435546875       0.97672510147094727       0.11915509402751923        1.0000000000000000     
   1132.9770507812500       0.77972179651260376       0.10662150382995605        1.0000000000000000     
   1133.0069580078125       0.92991179227828979       0.11623326689004898        1.0000000000000000     
   1133.0368652343750       0.98499149084091187       0.11954364180564880        1.0000000000000000     
   1133.0667724609375       0.98428529500961304       0.11946840584278107        1.0000000000000000     
   1133.0966796875000       0.76380491256713867       0.10539934784173965        1.0000000000000000     
   1133.1265869140625       0.78459161520004272       0.10675818473100662        1.0000000000000000     
   1133.1564941406250       0.68708974123001099       0.10001031309366226        1.0000000000000000     
   1133.1864013671875       0.81988775730133057       0.10905506461858749        1.0000000000000000     
   1133.2163085937500       0.87404388189315796       0.11252555996179581        1.0000000000000000     
   1133.2462158203125       0.68794864416122437       0.10001783072948456        1.0000000000000000     
   1133.2761230468750       0.79203605651855469       0.10714063048362732        1.0000000000000000     
   1133.3060302734375       0.70900392532348633       0.10142890363931656        1.0000000000000000     
   1133.3359375000000       0.56113207340240479        9.0428747236728668E-002   1.0000000000000000     
   1133.3658447265625       0.61056673526763916        9.4213493168354034E-002   1.0000000000000000     
   1133.3957519531250       0.66571545600891113        9.8261535167694092E-002   1.0000000000000000     
   1133.4257812500000       0.68056541681289673        9.9302351474761963E-002   1.0000000000000000     
   1133.4556884765625       0.88729441165924072       0.11308863013982773        1.0000000000000000     
   1133.4855957031250       0.68234145641326904        9.9363327026367188E-002   1.0000000000000000     
   1133.5155029296875       0.89334642887115479       0.11341425776481628        1.0000000000000000     
   1133.5454101562500       0.86507958173751831       0.11161520332098007        1.0000000000000000     
   1133.5753173828125       0.75700086355209351       0.10450044274330139        1.0000000000000000     
   1133.6052246093750       0.73676973581314087       0.10309000313282013       0.99015556934565030     
   1133.6351318359375       0.57811737060546875        9.1525591909885406E-002  0.98901909861225767     
   1133.6650390625000       0.82207435369491577       0.10873553901910782       0.98765805069779933     
   1133.6949462890625       0.72489762306213379       0.10219375044107437       0.98596843384043142     
   1133.7248535156250       0.80057364702224731       0.10727225244045258       0.98386830099557487     
   1133.7547607421875       0.84028446674346924       0.10983896255493164       0.98121696052909357     
   1133.7846679687500       0.81767112016677856       0.10835937410593033       0.97755132325633909     
   1133.8145751953125       0.85826545953750610       0.11094529926776886       0.97248175110487223     
   1133.8444824218750       0.97210687398910522       0.11792274564504623       0.96587323889797760     
   1133.8743896484375       0.82028871774673462       0.10843741893768311       0.95677386989581314     
   1133.9042968750000       0.75997787714004517       0.10443460941314697       0.94322576674043335     
   1133.9342041015625       0.91930776834487915       0.11464799940586090       0.92404750027637717     
   1133.9641113281250       0.83622437715530396       0.10939669609069824       0.89745246199650897     
   1133.9940185546875       0.93174636363983154       0.11534499377012253       0.85337404525637550     
   1134.0239257812500       0.89533054828643799       0.11307111382484436       0.76088329337471594     
   1134.0538330078125       0.53882151842117310        8.8138520717620850E-002  0.57780599572139268     
   1134.0837402343750       0.39739885926246643        7.6016068458557129E-002  0.34337127524336958     
   1134.1136474609375       0.28832516074180603        6.5147005021572113E-002  0.19245235349130516     
   1134.1435546875000       0.16937771439552307        5.0706461071968079E-002  0.13176283186902318     
   1134.1734619140625       0.13414452970027924        4.5543022453784943E-002  0.11928842860103438     
   1134.2033691406250       0.18098665773868561        5.2216745913028717E-002  0.15956169142424656     
   1134.2332763671875       0.19672226905822754        5.4253306239843369E-002  0.28150059023806412     
   1134.2631835937500       0.47366347908973694        8.2569651305675507E-002  0.42794703022100644     
   1134.2930908203125       0.35718402266502380        7.2003662586212158E-002  0.43151681213809528     
   1134.3229980468750       0.37131914496421814        7.3345944285392761E-002  0.28821820914590929     
   1134.3529052734375       0.17980962991714478        5.1968209445476532E-002  0.16060546213565391     
   1134.3828125000000       0.17940011620521545        5.1928047090768814E-002  0.11268612326232939     
   1134.4127197265625       0.10968879610300064        4.1538193821907043E-002  0.11002616698957053     
   1134.4426269531250       0.23237475752830505        5.8644354343414307E-002  0.14614478368210787     
   1134.4725341796875       0.28569498658180237        6.4657010138034821E-002  0.25301660897905015     
   1134.5024414062500       0.41215407848358154        7.7069975435733795E-002  0.45150629065021969     
   1134.5323486328125       0.73766237497329712       0.10233069211244583       0.64262636062747092     
   1134.5622558593750       0.92487841844558716       0.11432169377803802       0.74758616504518416     
   1134.5921630859375       0.91623705625534058       0.11376778781414032       0.79915605213888741     
   1134.6220703125000       0.88763487339019775       0.11197782307863235       0.82554805827972932     
   1134.6519775390625       0.60526299476623535        9.2771656811237335E-002  0.83647496271569854     
   1134.6818847656250       0.62686997652053833        9.4350807368755341E-002  0.83152449451749522     
   1134.7117919921875       0.77708637714385986       0.10480687022209167       0.81087177945641209     
   1134.7418212890625       0.63465511798858643        9.4874933362007141E-002  0.77413510719669321     
   1134.7717285156250       0.47984483838081360        8.2744404673576355E-002  0.70870413221878248     
   1134.8016357421875       0.32799345254898071        6.8849407136440277E-002  0.58617586828261170     
   1134.8315429687500        8.1431888043880463E-002   3.6363895982503891E-002  0.40268649578526056     
   1134.8614501953125        5.7290785014629364E-002   3.1425490975379944E-002  0.22670134845128861     
   1134.8913574218750        5.8874543756246567E-002   3.1732488423585892E-002  0.12242880876065537     
   1134.9212646484375        8.1439346075057983E-002   3.6298699676990509E-002   7.4741491613975655E-002
   1134.9511718750000        4.5905791223049164E-002   2.8779661282896996E-002   5.2099416526963954E-002
   1134.9810791015625        5.9031702578067780E-002   3.1840737909078598E-002   3.9607995725878836E-002
   1135.0109863281250        4.4748775660991669E-002   2.8567526489496231E-002   3.2729275128400202E-002
   1135.0408935546875        5.5746685713529587E-002   3.1139533966779709E-002   2.9941872615568115E-002
   1135.0708007812500        1.8561428412795067E-002   2.9159715399146080E-002   3.0023803300012714E-002
   1135.1007080078125       0.11124906688928604        3.4514784812927246E-002   3.2972257540913597E-002
   1135.1306152343750       0.16514654457569122        4.9804937094449997E-002   4.0156626711791869E-002
   1135.1605224609375       0.26733061671257019        5.0183430314064026E-002   5.2438229484844084E-002
   1135.1904296875000       0.29504582285881042        6.0714580118656158E-002   7.1716339616265209E-002
   1135.2203369140625       0.44959178566932678        6.3448488712310791E-002  0.10874257191531149     
   1135.2502441406250       0.52333086729049683        6.8357922136783600E-002  0.19549496363213123     
   1135.2801513671875       0.73689919710159302        7.7824197709560394E-002  0.37296953152179663     
   1135.3100585937500       0.78045940399169922        7.9997159540653229E-002  0.60118198539711154     
   1135.3399658203125       0.84492993354797363        8.3158910274505615E-002  0.76459472910934834     
   1135.3698730468750       0.88455682992935181        8.5287712514400482E-002  0.85087024962541002     
   1135.3997802734375       0.99170643091201782        8.9991018176078796E-002  0.89723326620019739     
   1135.4296875000000       0.82289427518844604        8.4770008921623230E-002  0.92601360593883575     
   1135.4595947265625       0.76189815998077393        8.0406680703163147E-002  0.94546315163036232     
   1135.4895019531250        1.0723596811294556        9.4185769557952881E-002  0.95843582648825787     
   1135.5194091796875        1.1286489963531494        9.5802985131740570E-002  0.96713171444978041     
   1135.5493164062500        1.1366471052169800        9.6292346715927124E-002  0.97341231075908785     
   1135.5792236328125       0.93363994359970093        8.7467007339000702E-002  0.97828477958395066     
   1135.6091308593750       0.95740580558776855        7.4454002082347870E-002   1.0000000000000000     
   1135.6390380859375       0.87819701433181763        5.6882098317146301E-002   1.0000000000000000     
   1135.6689453125000       0.99674963951110840        6.1949707567691803E-002   1.0000000000000000     
   1135.6988525390625        1.0225969552993774        6.1508089303970337E-002   1.0000000000000000     
   1135.7287597656250       0.91916686296463013        5.8250062167644501E-002   1.0000000000000000     
   1135.7586669921875        1.0185179710388184        6.1108909547328949E-002   1.0000000000000000     
   1135.7885742187500       0.91002988815307617        5.7506468147039413E-002   1.0000000000000000     
   1135.8184814453125       0.87396425008773804        5.6819848716259003E-002   1.0000000000000000     
   1135.8483886718750       0.87423187494277954        5.6644417345523834E-002   1.0000000000000000     
   1135.8782958984375       0.98566251993179321        6.0071352869272232E-002   1.0000000000000000     
   1135.9082031250000        1.0624812841415405        6.2236040830612183E-002   1.0000000000000000     
   1135.9381103515625       0.92287194728851318        5.8046072721481323E-002   1.0000000000000000     
   1135.9680175781250       0.95619082450866699        5.9288207441568375E-002   1.0000000000000000     
   1135.9979248046875       0.96496248245239258        5.9748787432909012E-002   1.0000000000000000     
   1136.0278320312500       0.99479734897613525        6.0248710215091705E-002   1.0000000000000000     
   1136.0578613281250        1.0752758979797363        6.2449675053358078E-002   1.0000000000000000     
   1136.0877685546875        1.0469398498535156        6.1725638806819916E-002   1.0000000000000000     
   1136.1176757812500        1.0512355566024780        6.2048520892858505E-002   1.0000000000000000     
   1136.1475830078125        1.0761730670928955        6.2459181994199753E-002   1.0000000000000000     
   1136.1774902343750        1.1294283866882324        6.4111344516277313E-002   1.0000000000000000     
   1136.2073974609375        1.0549058914184570        6.2046561390161514E-002   1.0000000000000000     
   1136.2373046875000       0.98017174005508423        5.9638693928718567E-002   1.0000000000000000     
   1136.2672119140625        1.0520941019058228        6.1814591288566589E-002   1.0000000000000000     
   1136.2971191406250       0.92243105173110962        5.7806089520454407E-002   1.0000000000000000     
   1136.3270263671875       0.94541525840759277        5.8435894548892975E-002   1.0000000000000000     
   1136.3569335937500       0.89704388380050659        5.7527590543031693E-002   1.0000000000000000     
   1136.3868408203125       0.90340149402618408        5.7221647351980209E-002   1.0000000000000000     
   1136.4167480468750        1.0626455545425415        6.2037710100412369E-002   1.0000000000000000     
   1136.4466552734375        1.0950999259948730        6.3198193907737732E-002   1.0000000000000000     
   1136.4765625000000        1.1320807933807373        6.3972450792789459E-002   1.0000000000000000     
   1136.5064697265625        1.1017591953277588        6.2959931790828705E-002   1.0000000000000000     
   1136.5363769531250        1.0429323911666870        6.1744224280118942E-002   1.0000000000000000     
   1136.5662841796875        1.0628850460052490        6.2045373022556305E-002   1.0000000000000000     
   1136.5961914062500        1.0955672264099121        6.3223451375961304E-002   1.0000000000000000     
   1136.6260986328125        1.1108031272888184        6.3186094164848328E-002   1.0000000000000000     
   1136.6560058593750        1.0962686538696289        6.2874473631381989E-002   1.0000000000000000     
   1136.6859130859375       0.99262404441833496        5.9918306767940521E-002   1.0000000000000000     
   1136.7158203125000       0.95745283365249634        5.8693643659353256E-002   1.0000000000000000     
   1136.7457275390625        1.0626473426818848        6.1719849705696106E-002   1.0000000000000000     
   1136.7756347656250       0.94495403766632080        5.9243980795145035E-002   1.0000000000000000     
   1136.8055419921875        1.0034730434417725        5.9978403151035309E-002   1.0000000000000000     
   1136.8354492187500       0.94981122016906738        5.8439794927835464E-002   1.0000000000000000     
   1136.8653564453125       0.92023718357086182        5.7469479739665985E-002   1.0000000000000000     
   1136.8952636718750       0.84202486276626587        5.5031079798936844E-002   1.0000000000000000     
   1136.9251708984375       0.95834517478942871        5.8483310043811798E-002   1.0000000000000000     
   1136.9550781250000        1.0021393299102783        5.9882111847400665E-002   1.0000000000000000     
   1136.9849853515625       0.95900392532348633        5.9263542294502258E-002   1.0000000000000000     
   1137.0148925781250       0.93981373310089111        5.7911407202482224E-002   1.0000000000000000     
   1137.0447998046875       0.94470149278640747        5.8030936866998672E-002   1.0000000000000000     
   1137.0747070312500        1.0405349731445312        6.1197955161333084E-002   1.0000000000000000     
!  ---- tick mark positions for above ----
!      1134.45931     3     1
!      1134.57894     3     2
!      1134.76080     3     3
!      1134.95531     3     4
!      1135.10216     3     5
!      1135.28014     3     6
!      1134.97232     4     7
!      1134.40692     5     7
!      1134.15732     6     7
