! -------------------------
   1193.9288330078125        1.0105221271514893        2.8459679335355759E-002   1.0000000000000000     
   1193.9587402343750       0.98601114749908447        2.8117718175053596E-002   1.0000000000000000     
   1193.9886474609375       0.97393947839736938        2.7883019298315048E-002   1.0000000000000000     
   1194.0186767578125       0.96134120225906372        2.7715304866433144E-002   1.0000000000000000     
   1194.0485839843750       0.99496197700500488        2.8189895674586296E-002   1.0000000000000000     
   1194.0784912109375       0.98724693059921265        2.8084577992558479E-002   1.0000000000000000     
   1194.1083984375000       0.92826473712921143        2.7217190712690353E-002   1.0000000000000000     
   1194.1383056640625       0.93624842166900635        2.7326300740242004E-002   1.0000000000000000     
   1194.1682128906250       0.95890438556671143        2.6712648570537567E-002   1.0000000000000000     
   1194.1981201171875       0.93930143117904663        2.5616923347115517E-002   1.0000000000000000     
   1194.2280273437500       0.91253250837326050        2.6702601462602615E-002   1.0000000000000000     
   1194.2579345703125       0.91639453172683716        2.7074648067355156E-002   1.0000000000000000     
   1194.2878417968750       0.99398541450500488        2.8163082897663116E-002   1.0000000000000000     
   1194.3177490234375       0.92594355344772339        2.7185527607798576E-002   1.0000000000000000     
   1194.3476562500000       0.96889585256576538        2.7755672112107277E-002   1.0000000000000000     
   1194.3775634765625       0.92039322853088379        2.7091635391116142E-002   1.0000000000000000     
   1194.4074707031250       0.90485268831253052        2.6811273768544197E-002   1.0000000000000000     
   1194.4373779296875       0.91595327854156494        2.7038259431719780E-002   1.0000000000000000     
   1194.4672851562500       0.97800344228744507        2.7895992621779442E-002   1.0000000000000000     
   1194.4971923828125       0.93834352493286133        2.7320690453052521E-002   1.0000000000000000     
   1194.5270996093750        1.0083115100860596        2.8294695541262627E-002   1.0000000000000000     
   1194.5570068359375       0.96094256639480591        2.7724787592887878E-002   1.0000000000000000     
   1194.5869140625000        1.0101109743118286        2.6487004011869431E-002   1.0000000000000000     
   1194.6168212890625       0.99954020977020264        2.6346648111939430E-002   1.0000000000000000     
   1194.6467285156250        1.0000119209289551        2.6343272998929024E-002   1.0000000000000000     
   1194.6766357421875       0.94701689481735229        2.5707019492983818E-002   1.0000000000000000     
   1194.7065429687500       0.99126130342483521        2.6220045983791351E-002   1.0000000000000000     
   1194.7364501953125        1.0133180618286133        2.6541983708739281E-002   1.0000000000000000     
   1194.7663574218750        1.0327591896057129        2.6728309690952301E-002   1.0000000000000000     
   1194.7962646484375       0.98681920766830444        2.6202175766229630E-002   1.0000000000000000     
   1194.8261718750000       0.98203533887863159        2.6235369965434074E-002   1.0000000000000000     
   1194.8560791015625       0.99520748853683472        2.6268070563673973E-002   1.0000000000000000     
   1194.8859863281250        1.0054765939712524        2.6461612433195114E-002   1.0000000000000000     
   1194.9158935546875        1.0180855989456177        2.6514897122979164E-002   1.0000000000000000     
   1194.9458007812500        1.0107141733169556        2.6413746178150177E-002   1.0000000000000000     
   1194.9757080078125        1.0032466650009155        2.6317998766899109E-002   1.0000000000000000     
   1195.0056152343750        1.0832322835922241        2.7352005243301392E-002   1.0000000000000000     
   1195.0355224609375       0.99684965610504150        2.6291275396943092E-002   1.0000000000000000     
   1195.0654296875000        1.0178028345108032        2.6497967541217804E-002   1.0000000000000000     
   1195.0953369140625        1.0058406591415405        2.6355037465691566E-002   1.0000000000000000     
   1195.1252441406250       0.96184355020523071        2.5846248492598534E-002   1.0000000000000000     
   1195.1551513671875        1.0068472623825073        2.6352686807513237E-002   1.0000000000000000     
   1195.1850585937500       0.97137045860290527        2.5906847789883614E-002   1.0000000000000000     
   1195.2149658203125        1.0150429010391235        2.6567086577415466E-002   1.0000000000000000     
   1195.2448730468750       0.97496777772903442        2.5919476523995399E-002   1.0000000000000000     
   1195.2747802734375        1.0419049263000488        2.6812335476279259E-002   1.0000000000000000     
   1195.3046875000000        1.0305351018905640        2.6673372834920883E-002   1.0000000000000000     
   1195.3347167968750       0.96715170145034790        2.5851521641016006E-002   1.0000000000000000     
   1195.3646240234375       0.99881905317306519        2.6232779026031494E-002   1.0000000000000000     
   1195.3945312500000       0.97842842340469360        2.5990342721343040E-002   1.0000000000000000     
   1195.4244384765625        1.0312192440032959        2.6647925376892090E-002  0.99989723727663382     
   1195.4543457031250        1.0364474058151245        2.6674302294850349E-002  0.99989191518131892     
   1195.4842529296875       0.98457598686218262        2.6049569249153137E-002  0.99988615848197682     
   1195.5141601562500        1.0107635259628296        2.6356970891356468E-002  0.99988009699764413     
   1195.5440673828125        1.0452921390533447        2.6767453178763390E-002  0.99987379232469920     
   1195.5739746093750       0.98711341619491577        2.6060266420245171E-002  0.99986710489613062     
   1195.6038818359375        1.0742332935333252        2.7221532538533211E-002  0.99985964163090213     
   1195.6337890625000        1.0414839982986450        2.6707038283348083E-002  0.99985082983314510     
   1195.6636962890625        1.0376460552215576        2.6670429855585098E-002  0.99984008705544980     
   1195.6936035156250        1.0242317914962769        2.6566071435809135E-002  0.99982699544475295     
   1195.7235107421875        1.0291178226470947        2.6589207351207733E-002  0.99981139107586781     
   1195.7534179687500        1.0005753040313721        2.6221591979265213E-002  0.99979334549605703     
   1195.7833251953125        1.0267914533615112        2.6499308645725250E-002  0.99977303892862579     
   1195.8132324218750        1.0597656965255737        2.6987876743078232E-002  0.99975053874701747     
   1195.8431396484375        1.0342828035354614        2.6592532172799110E-002  0.99972562139786569     
   1195.8730468750000        1.0127989053726196        2.6355804875493050E-002  0.99969780369633254     
   1195.9029541015625       0.99491000175476074        2.6133295148611069E-002  0.99966645067741844     
   1195.9328613281250        1.0187220573425293        2.6415459811687469E-002  0.99963062008495429     
   1195.9627685546875        1.0405499935150146        2.6672791689634323E-002  0.99958865283403708     
   1195.9926757812500        1.0033302307128906        2.6286059990525246E-002  0.99953789582838626     
   1196.0225830078125        1.0541473627090454        2.6860967278480530E-002  0.99947465853457551     
   1196.0524902343750        1.0090931653976440        2.6256397366523743E-002  0.99939406434514766     
   1196.0823974609375        1.0094480514526367        2.6400316506624222E-002  0.99928972167059860     
   1196.1123046875000        1.0279865264892578        2.6491539552807808E-002  0.99915348677928939     
   1196.1422119140625        1.0181699991226196        2.6353072375059128E-002  0.99897474263006947     
   1196.1721191406250       0.99373841285705566        2.6059443131089211E-002  0.99873746028701749     
   1196.2020263671875        1.0214360952377319        2.6376184076070786E-002  0.99841414541976803     
   1196.2319335937500        1.0040528774261475        2.6193471625447273E-002  0.99795788829849952     
   1196.2618408203125        1.0161980390548706        2.6306936517357826E-002  0.99729270175231866     
   1196.2917480468750        1.0034143924713135        2.6153666898608208E-002  0.99629890904419016     
   1196.3216552734375        1.0214867591857910        2.6354117318987846E-002  0.99479310139294463     
   1196.3515625000000        1.0171778202056885        2.6297828182578087E-002  0.99250434661914666     
   1196.3814697265625       0.97863930463790894        2.5820244103670120E-002  0.98902525966629129     
   1196.4113769531250       0.97429585456848145        2.5781463831663132E-002  0.98366210536190402     
   1196.4412841796875       0.95815128087997437        2.5526175275444984E-002  0.97503927935737966     
   1196.4711914062500       0.93059444427490234        2.5128778070211411E-002  0.96032981820229502     
   1196.5010986328125       0.91533935070037842        2.5011854246258736E-002  0.93439717919433229     
   1196.5310058593750       0.84215122461318970        2.4049764499068260E-002  0.89013177360953433     
   1196.5609130859375       0.79163873195648193        2.3571103811264038E-002  0.82188199500656867     
   1196.5908203125000       0.71457797288894653        2.2796716541051865E-002  0.73178245204161785     
   1196.6207275390625       0.56552273035049438        2.0865857601165771E-002  0.63387079144886505     
   1196.6507568359375       0.40627256035804749        1.7756043002009392E-002  0.55000105833899626     
   1196.6806640625000       0.34617105126380920        1.5892768278717995E-002  0.49991370183989098     
   1196.7105712890625       0.29221382737159729        1.4452210627496243E-002  0.49445404548651545     
   1196.7404785156250       0.24291002750396729        1.3246702961623669E-002  0.53466164113531145     
   1196.7703857421875       0.21193501353263855        1.2485481798648834E-002  0.61193970334734982     
   1196.8002929687500       0.18950010836124420        1.1678793467581272E-002  0.70831545304585930     
   1196.8302001953125       0.16706213355064392        1.0841703042387962E-002  0.80159973896410663     
   1196.8601074218750       0.16503468155860901        1.0775468312203884E-002  0.87526257515217221     
   1196.8900146484375       0.20478536188602448        1.2279282324016094E-002  0.92453250844873380     
   1196.9199218750000       0.22203986346721649        1.2826697900891304E-002  0.95383963566024665     
   1196.9498291015625       0.27273461222648621        1.4125711284577847E-002  0.97036608969197913     
   1196.9797363281250       0.31666359305381775        1.5434590168297291E-002  0.97980974696949075     
   1197.0096435546875       0.41527095437049866        1.7493780702352524E-002  0.98551469718612950     
   1197.0395507812500       0.55075067281723022        1.9672090187668800E-002  0.98918859500069278     
   1197.0694580078125       0.63753807544708252        2.0784249529242516E-002  0.99170618528787224     
   1197.0993652343750       0.67145329713821411        2.1348498761653900E-002  0.99354782067346825     
   1197.1292724609375       0.71612906455993652        2.2034741938114166E-002  0.99497416036052011     
   1197.1591796875000       0.73524761199951172        2.2296262905001640E-002  0.99610956421351293     
   1197.1890869140625       0.80087620019912720        2.3330239579081535E-002  0.99700898218799672     
   1197.2189941406250       0.86701041460037231        2.4236416444182396E-002  0.99770702058263261     
   1197.2489013671875       0.88511472940444946        2.4448990821838379E-002  0.99823813966845609     
   1197.2788085937500       0.92136728763580322        2.5019062682986259E-002  0.99863655146628316     
   1197.3087158203125       0.98048770427703857        2.5731926783919334E-002  0.99893169747020372     
   1197.3386230468750       0.96069186925888062        2.5538252666592598E-002  0.99914712935022643     
   1197.3685302734375       0.97180050611495972        2.5723638013005257E-002  0.99930210756637727     
   1197.3984375000000        1.0128198862075806        2.6154916733503342E-002  0.99941296314634853     
   1197.4283447265625       0.96641546487808228        2.5529995560646057E-002  0.99949321032810057     
   1197.4582519531250       0.99769806861877441        2.5985756888985634E-002  0.99955330898860251     
   1197.4881591796875       0.95820677280426025        2.5424847379326820E-002  0.99960077798698654     
   1197.5180664062500       0.96789467334747314        2.5525087490677834E-002  0.99964050957445705     
   1197.5479736328125       0.98265582323074341        2.5763077661395073E-002  0.99967520348495498     
   1197.5778808593750        1.0200661420822144        2.6201315224170685E-002  0.99970606129789974     
   1197.6077880859375       0.97132652997970581        2.5571150705218315E-002  0.99973356798885027     
   1197.6376953125000       0.98774665594100952        2.5819497182965279E-002  0.99975797991533488     
   1197.6676025390625        1.0233007669448853        2.6237145066261292E-002  0.99977945950789537     
   1197.6975097656250        1.0104595422744751        2.6105325669050217E-002  0.99979810956635473     
   1197.7274169921875        1.0151494741439819        2.6200298219919205E-002  0.99981405921626765     
   1197.7573242187500        1.0080792903900146        2.6007778942584991E-002  0.99982755601116546     
   1197.7872314453125        1.0067865848541260        2.6041923090815544E-002  0.99983900005524695     
   1197.8171386718750        1.0448725223541260        2.6495667174458504E-002  0.99984890510126068     
   1197.8470458984375        1.0110563039779663        2.6081904768943787E-002  0.99985777955806421     
   1197.8769531250000        1.0236529111862183        2.6242366060614586E-002  0.99986597489630735     
   1197.9068603515625        1.0545929670333862        2.6616616174578667E-002  0.99987361226405447     
   1197.9367675781250        1.0464977025985718        2.6519143953919411E-002  0.99988064011708400     
   1197.9667968750000       0.96269625425338745        2.5439281016588211E-002  0.99988696136150956     
   1197.9967041015625        1.0227440595626831        2.6185335591435432E-002  0.99989254543883777     
   1198.0266113281250       0.98792773485183716        2.5763208046555519E-002  0.99989749435225372     
   1198.0565185546875       0.99184626340866089        2.5834999978542328E-002  0.99990204575648567     
   1198.0864257812500       0.97203111648559570        2.5532307103276253E-002  0.99990650272992365     
   1198.1163330078125       0.97549557685852051        2.5547517463564873E-002  0.99991115485325077     
   1198.1462402343750       0.96051168441772461        2.5367211550474167E-002  0.99991630944772425     
   1198.1761474609375       0.98677736520767212        2.5714403018355370E-002  0.99992241820779082     
   1198.2060546875000       0.93673551082611084        2.5044335052371025E-002  0.99993003608724307     
   1198.2359619140625       0.95596683025360107        2.5344187393784523E-002  0.99993943599913016     
   1198.2658691406250       0.93749105930328369        2.5518115609884262E-002  0.99995025377682512     
   1198.2957763671875       0.97764885425567627        2.6848081499338150E-002  0.99996163015411998     
   1198.3256835937500       0.99973046779632568        2.7145098894834518E-002  0.99997258918979581     
   1198.3555908203125       0.97877866029739380        2.6837499812245369E-002  0.99998220694665907     
   1198.3854980468750       0.96963626146316528        2.6753917336463928E-002  0.99998969372989943     
   1198.4154052734375        1.0117235183715820        2.7304582297801971E-002  0.99999467530283159     
   1198.4453125000000        1.0179141759872437        2.7535272762179375E-002  0.99999746965291569     
   1198.4752197265625        1.0690180063247681        2.8130050748586655E-002  0.99999886925960535     
   1198.5051269531250        1.0619271993637085        2.7929641306400299E-002  0.99999952722499297     
   1198.5350341796875        1.0035276412963867        2.7221381664276123E-002  0.99999979062461219     
   1198.5649414062500       0.96200644969940186        2.6639865711331367E-002  0.99999988335410039     
   1198.5948486328125        1.0003713369369507        2.7097426354885101E-002  0.99999992159377948     
   1198.6247558593750       0.99781608581542969        2.7110774070024490E-002  0.99999994256379299     
   1198.6546630859375        1.0209870338439941        2.7439910918474197E-002  0.99999995704280831     
   1198.6845703125000       0.97570246458053589        2.6763223111629486E-002  0.99999996721391327     
   1198.7144775390625       0.94116324186325073        2.6358790695667267E-002  0.99999997417696884     
   1198.7443847656250       0.93295598030090332        2.6192653924226761E-002  0.99999997905331173     
   1198.7742919921875       0.99439197778701782        2.7070345357060432E-002  0.99999998284421621     
   1198.8041992187500       0.98821866512298584        2.6934538036584854E-002   1.0000000000000000     
   1198.8341064453125       0.96684032678604126        2.6712337508797646E-002   1.0000000000000000     
   1198.8640136718750       0.95751333236694336        2.6607986539602280E-002   1.0000000000000000     
   1198.8939208984375       0.91777336597442627        2.6012033224105835E-002   1.0000000000000000     
   1198.9238281250000       0.87786436080932617        2.5511579588055611E-002   1.0000000000000000     
   1198.9537353515625       0.85139983892440796        2.5017971172928810E-002   1.0000000000000000     
   1198.9836425781250       0.87344259023666382        2.5316365063190460E-002   1.0000000000000000     
   1199.0135498046875       0.81698107719421387        2.4566529318690300E-002   1.0000000000000000     
   1199.0434570312500       0.83992266654968262        2.4904517456889153E-002   1.0000000000000000     
   1199.0733642578125       0.87166035175323486        2.5342678651213646E-002   1.0000000000000000     
   1199.1032714843750       0.84852206707000732        2.5029106065630913E-002   1.0000000000000000     
   1199.1331787109375       0.78241157531738281        2.4015564471483231E-002   1.0000000000000000     
   1199.1630859375000       0.65751731395721436        2.2225342690944672E-002   1.0000000000000000     
   1199.1929931640625       0.59729623794555664        2.1077431738376617E-002   1.0000000000000000     
   1199.2229003906250       0.55078244209289551        2.0465102046728134E-002   1.0000000000000000     
   1199.2528076171875       0.47262233495712280        1.9204752519726753E-002   1.0000000000000000     
   1199.2828369140625       0.34509411454200745        1.6850994899868965E-002   1.0000000000000000     
   1199.3127441406250       0.25669208168983459        1.4860212802886963E-002   1.0000000000000000     
   1199.3426513671875       0.15557225048542023        1.2520196847617626E-002   1.0000000000000000     
   1199.3725585937500       0.12535920739173889        1.1474402621388435E-002   1.0000000000000000     
   1199.4024658203125       0.12355347722768784        1.1161254718899727E-002   1.0000000000000000     
   1199.4323730468750       0.11608964949846268        1.1352023109793663E-002   1.0000000000000000     
   1199.4622802734375       0.11955057084560394        1.1310628615319729E-002   1.0000000000000000     
   1199.4921875000000       0.12674602866172791        1.1654512956738472E-002   1.0000000000000000     
   1199.5220947265625       0.12537539005279541        1.3158215209841728E-002   1.0000000000000000     
   1199.5520019531250       0.23505744338035583        1.4690255746245384E-002   1.0000000000000000     
   1199.5819091796875       0.33579611778259277        1.6218706965446472E-002   1.0000000000000000     
   1199.6118164062500       0.40503200888633728        1.8072575330734253E-002   1.0000000000000000     
   1199.6417236328125       0.58274531364440918        2.0221270620822906E-002   1.0000000000000000     
   1199.6716308593750       0.66537606716156006        2.1590391173958778E-002   1.0000000000000000     
   1199.7015380859375       0.69821834564208984        2.1925464272499084E-002   1.0000000000000000     
   1199.7314453125000       0.75713002681732178        2.2882644087076187E-002   1.0000000000000000     
   1199.7613525390625       0.75934296846389771        2.2814050316810608E-002   1.0000000000000000     
   1199.7912597656250       0.71654886007308960        2.2495150566101074E-002   1.0000000000000000     
   1199.8211669921875       0.69946366548538208        2.1943390369415283E-002   1.0000000000000000     
   1199.8510742187500       0.62837362289428711        2.0784903317689896E-002   1.0000000000000000     
   1199.8809814453125       0.61587643623352051        2.0767446607351303E-002   1.0000000000000000     
   1199.9108886718750       0.54958826303482056        1.9938867539167404E-002   1.0000000000000000     
   1199.9407958984375       0.43069103360176086        1.8630534410476685E-002   1.0000000000000000     
   1199.9707031250000       0.32705527544021606        1.6502842307090759E-002   1.0000000000000000     
   1200.0006103515625       0.23548883199691772        1.4071557670831680E-002   1.0000000000000000     
   1200.0305175781250       0.15111032128334045        1.2998238205909729E-002   1.0000000000000000     
   1200.0604248046875       0.16428591310977936        1.2461204081773758E-002   1.0000000000000000     
   1200.0903320312500       0.13784150779247284        1.2179421260952950E-002   1.0000000000000000     
   1200.1202392578125       0.10961574316024780        1.1576911434531212E-002   1.0000000000000000     
   1200.1501464843750       0.14676891267299652        1.1660485528409481E-002   1.0000000000000000     
   1200.1800537109375       0.16114296019077301        1.2463429942727089E-002   1.0000000000000000     
   1200.2099609375000       0.21869568526744843        1.3873869553208351E-002   1.0000000000000000     
   1200.2398681640625       0.25078752636909485        1.4194317162036896E-002   1.0000000000000000     
   1200.2697753906250       0.36431246995925903        1.6351547092199326E-002   1.0000000000000000     
!  ---- tick mark positions for above ----
!      1196.70148     1     1
