! -------------------------
   1485.4779052734375        1.0043662786483765       0.10594610869884491        1.0000000000000000     
   1485.5145263671875        1.0362954139709473       0.10760483145713806        1.0000000000000000     
   1485.5512695312500       0.99618524312973022       0.10553294420242310        1.0000000000000000     
   1485.5880126953125        1.1219260692596436       0.11193531751632690        1.0000000000000000     
   1485.6246337890625        1.1311810016632080       0.11239229887723923        1.0000000000000000     
   1485.6613769531250        1.0526651144027710       0.10847425460815430        1.0000000000000000     
   1485.6979980468750        1.0983186960220337       0.11079213768243790        1.0000000000000000     
   1485.7347412109375       0.92304247617721558       0.10168699920177460        1.0000000000000000     
   1485.7713623046875       0.94560396671295166       0.10291091352701187        1.0000000000000000     
   1485.8081054687500        1.0690113306045532       0.10934655368328094        1.0000000000000000     
   1485.8448486328125        1.0824184417724609       0.11001696437597275        1.0000000000000000     
   1485.8814697265625       0.94733351469039917       0.10300313681364059        1.0000000000000000     
   1485.9182128906250        1.0115581750869751       0.10640420019626617        1.0000000000000000     
   1485.9548339843750       0.99123531579971313       0.10534641146659851        1.0000000000000000     
   1485.9915771484375        1.1877311468124390       0.11521176993846893        1.0000000000000000     
   1486.0281982421875        1.1754553318023682       0.11462905257940292        1.0000000000000000     
   1486.0649414062500        1.1944582462310791       0.11554814875125885        1.0000000000000000     
   1486.1015625000000        1.0685390233993530       0.10934635251760483        1.0000000000000000     
   1486.1383056640625       0.93268072605133057       0.10224460065364838        1.0000000000000000     
   1486.1750488281250        1.0122991800308228       0.10647876560688019        1.0000000000000000     
   1486.2116699218750        1.1849623918533325       0.11512275040149689        1.0000000000000000     
   1486.2484130859375       0.94468218088150024       0.10292709618806839        1.0000000000000000     
   1486.2850341796875       0.87984132766723633        9.9379569292068481E-002   1.0000000000000000     
   1486.3217773437500       0.92546790838241577       0.10189084708690643        1.0000000000000000     
   1486.3583984375000       0.87810671329498291        9.9254630506038666E-002   1.0000000000000000     
   1486.3951416015625        1.0943795442581177       0.11071069538593292        1.0000000000000000     
   1486.4318847656250        1.1216294765472412       0.11206942051649094        1.0000000000000000     
   1486.4685058593750       0.94098240137100220       0.10277030616998672        1.0000000000000000     
   1486.5052490234375        1.1801394224166870       0.11494332551956177        1.0000000000000000     
   1486.5418701171875        1.1540325880050659       0.11368886381387711        1.0000000000000000     
   1486.5786132812500        1.0558040142059326       0.10880483686923981        1.0000000000000000     
   1486.6152343750000        1.0303127765655518       0.10750236362218857        1.0000000000000000     
   1486.6519775390625       0.80949401855468750        9.5458284020423889E-002   1.0000000000000000     
   1486.6885986328125        1.0132007598876953       0.10662698000669479        1.0000000000000000     
   1486.7253417968750       0.99942684173583984       0.10591250658035278        1.0000000000000000     
   1486.7620849609375        1.0740623474121094       0.10976347327232361        1.0000000000000000     
   1486.7987060546875        1.0619578361511230       0.10916660726070404        1.0000000000000000     
   1486.8354492187500        1.1122367382049561       0.11169625818729401        1.0000000000000000     
   1486.8720703125000        1.0794126987457275       0.11006011068820953        1.0000000000000000     
   1486.9088134765625        1.0680254697799683       0.10946831852197647        1.0000000000000000     
   1486.9454345703125        1.3196648359298706       0.12153754383325577        1.0000000000000000     
   1486.9821777343750        1.4226696491241455       0.12615647912025452        1.0000000000000000     
   1487.0189208984375        1.1112385988235474       0.11201246827840805        1.0000000000000000     
   1487.0555419921875        1.0522520542144775       0.10865028947591782        1.0000000000000000     
   1487.0922851562500       0.90470510721206665       0.10084625333547592        1.0000000000000000     
   1487.1289062500000       0.98342359066009521       0.10509227216243744        1.0000000000000000     
   1487.1656494140625        1.0105633735656738       0.10652466118335724        1.0000000000000000     
   1487.2022705078125        1.0112246274948120       0.10656062513589859        1.0000000000000000     
   1487.2390136718750        1.1351586580276489       0.11282873898744583        1.0000000000000000     
   1487.2757568359375       0.93993699550628662       0.10278382897377014        1.0000000000000000     
   1487.3123779296875       0.93130010366439819       0.10231947898864746       0.99983836953007421     
   1487.3491210937500       0.95751303434371948       0.10373383015394211       0.99982423210521787     
   1487.3857421875000        1.0632230043411255       0.10924004018306732       0.99980943140929368     
   1487.4224853515625        1.0578331947326660       0.10895729809999466       0.99979375215909982     
   1487.4591064453125        1.0617749691009521       0.10914976149797440       0.99977694496612202     
   1487.4958496093750       0.89562624692916870       0.10035813599824905       0.99975869003661944     
   1487.5324707031250       0.83031511306762695        9.6696689724922180E-002  0.99973854303407095     
   1487.5692138671875       0.95032578706741333       0.10336595028638840       0.99971588537752831     
   1487.6059570312500        1.0014281272888184       0.10607983916997910       0.99968985067063931     
   1487.6425781250000       0.97295176982879639       0.10458134114742279       0.99965921604042229     
   1487.6793212890625        1.0225486755371094       0.10718533396720886       0.99962224539731714     
   1487.7159423828125       0.93126511573791504       0.10235115140676498       0.99957646451939119     
   1487.7526855468750       0.98924958705902100       0.10545609891414642       0.99951834174289866     
   1487.7893066406250        1.0695145130157471       0.10960008949041367       0.99944284043242426     
   1487.8260498046875       0.90928572416305542       0.10115862637758255       0.99934280834558020     
   1487.8627929687500       0.90819501876831055       0.10109150409698486       0.99920816741731011     
   1487.8994140625000        1.0718717575073242       0.10971409082412720       0.99902482413356974     
   1487.9361572265625       0.94698572158813477       0.10320065915584564       0.99877327241330127     
   1487.9727783203125       0.98473960161209106       0.10521192103624344       0.99842686704612971     
   1488.0095214843750        1.0120460987091064       0.10663354396820068       0.99794972524149028     
   1488.0461425781250        1.0025947093963623       0.10613673925399780       0.99729427108973923     
   1488.0828857421875       0.93078011274337769       0.10231100022792816       0.99639860903359700     
   1488.1196289062500        1.0534274578094482       0.10877076536417007       0.99518399106962574     
   1488.1562500000000        1.0626097917556763       0.10924711078405380       0.99355207255378553     
   1488.1929931640625        1.0715893507003784       0.10969955474138260       0.99138276645163426     
   1488.2296142578125        1.1705375909805298       0.11459721624851227       0.98853349087822739     
   1488.2663574218750       0.99130451679229736       0.10555005818605423       0.98484001600170512     
   1488.3029785156250       0.69726723432540894        8.8726930320262909E-002  0.98011963448921346     
   1488.3397216796875       0.76689672470092773        9.2986114323139191E-002  0.97417729584034252     
   1488.3763427734375       0.71730434894561768        8.9968249201774597E-002  0.96681504889919057     
   1488.4130859375000       0.66367584466934204        8.6588844656944275E-002  0.95784635266951901     
   1488.4498291015625       0.53124612569808960        7.7626414597034454E-002  0.94711588591457552     
   1488.4864501953125       0.36424961686134338        6.4566947519779205E-002  0.93451583819223594     
   1488.5231933593750       0.29301491379737854        5.8106172829866409E-002  0.92000380164605444     
   1488.5598144531250       0.30084648728370667        5.8851934969425201E-002  0.90362332228613507     
   1488.5965576171875       0.16399648785591125        4.4093776494264603E-002  0.88551814551257879     
   1488.6331787109375        6.0353416949510574E-002   2.8162505477666855E-002  0.86593850169351250     
   1488.6699218750000       0.12390700727701187        3.8727276027202606E-002  0.84524172983594503     
   1488.7066650390625        4.6497274190187454E-002   2.5265688076615334E-002  0.82388748066031414     
   1488.7432861328125        6.0739163309335709E-002   2.8170416131615639E-002  0.80240951007534467     
   1488.7800292968750        1.4588216319680214E-002   1.6743542626500130E-002  0.78138485390393375     
   1488.8166503906250        1.7290769144892693E-002   1.7596544697880745E-002  0.76140912596640786     
   1488.8533935546875        2.8564170002937317E-002   2.0856542512774467E-002  0.74306645273725713     
   1488.8900146484375        8.5702128708362579E-003   1.4583315700292587E-002  0.72690047029042970     
   1488.9267578125000        2.7715394273400307E-002   2.0630460232496262E-002  0.71339062004825993     
   1488.9633789062500        1.8118254840373993E-002   1.7864413559436798E-002  0.70293455366170488     
   1489.0001220703125        1.1965135112404823E-002   1.5876784920692444E-002  0.69583719979836756     
   1489.0368652343750        1.4462161809206009E-002   1.6727766022086143E-002  0.69230446569460169     
   1489.0734863281250        3.2277572900056839E-003   1.2446024455130100E-002  0.69243643946632982     
   1489.1102294921875        4.2348485440015793E-002   2.4291636422276497E-002  0.69622618538529635     
   1489.1468505859375        8.4258466958999634E-003   1.4585481025278568E-002  0.70356187657423819     
   1489.1835937500000        1.1989111080765724E-002   1.5894653275609016E-002  0.71422869372515307     
   1489.2202148437500        5.6922875344753265E-002   2.7471035718917847E-002  0.72791321033889622     
   1489.2569580078125        3.2482061535120010E-002   2.1990746259689331E-002  0.74420922799879274     
   1489.2937011718750        3.5232167690992355E-002   2.2681824862957001E-002  0.76262484434544608     
   1489.3303222656250        7.8612253069877625E-002   3.1598541885614395E-002  0.78260770279871406     
   1489.3670654296875       0.24299275875091553        5.3172964602708817E-002  0.80357328304631326     
   1489.4036865234375       0.33919638395309448        6.2439098954200745E-002  0.82492906587252313     
   1489.4404296875000       0.40415191650390625        6.7987523972988129E-002  0.84610498309140680     
   1489.4770507812500       0.68910306692123413        8.8278263807296753E-002  0.86658458999522059     
   1489.5137939453125       0.60677617788314819        8.2933314144611359E-002  0.88592889872478586     
   1489.5505371093750       0.82847929000854492        9.6673101186752319E-002  0.90378995253235361     
   1489.5871582031250       0.78858572244644165        9.4343595206737518E-002  0.91992805923461596     
   1489.6239013671875       0.75576311349868774        9.2388704419136047E-002  0.93421446260338248     
   1489.6605224609375       0.98415058851242065       0.10524974018335342       0.94661745219568816     
   1489.6972656250000       0.91828256845474243       0.10171437263488770       0.95718689762328157     
   1489.7338867187500        1.0002777576446533       0.10611656308174133       0.96603635183698022     
   1489.7706298828125       0.99557644128799438       0.10587259382009506       0.97332354404422627     
   1489.8072509765625       0.94559812545776367       0.10321893543004990       0.97923174079966102     
   1489.8439941406250       0.89238667488098145       0.10030383616685867       0.98395317352668810     
   1489.8807373046875        1.0774595737457275       0.11009541898965836       0.98767559106020286     
   1489.9173583984375        1.0370255708694458       0.10802988708019257       0.99057465329268413     
   1489.9541015625000        1.1983823776245117       0.11604272574186325       0.99280849374481772     
   1489.9907226562500       0.90683776140213013       0.10109311342239380       0.99451394496360546     
   1490.0274658203125       0.98932975530624390       0.10553640127182007       0.99580596820883638     
   1490.0640869140625       0.94346529245376587       0.10309644043445587       0.99677886777803471     
   1490.1008300781250        1.0378006696701050       0.10807155817747116       0.99750833033500774     
   1490.1375732421875       0.92939382791519165       0.10233706235885620       0.99805389114341736     
   1490.1741943359375       0.74624782800674438        9.1834463179111481E-002  0.99846170640061727     
   1490.2109375000000        1.0364662408828735       0.10800157487392426       0.99876708253879831     
   1490.2475585937500       0.91849237680435181       0.10174613445997238       0.99899664202149019     
   1490.2843017578125       0.85500609874725342        9.8219357430934906E-002  0.99917025401671855     
   1490.3209228515625       0.93507564067840576       0.10265752673149109       0.99930264071532360     
   1490.3576660156250       0.79161608219146729        9.4560287892818451E-002  0.99940465088070018     
   1490.3944091796875       0.82010489702224731        9.6225865185260773E-002  0.99948424965243199     
   1490.4310302734375       0.74719512462615967        9.1930061578750610E-002  0.99954727975394908     
   1490.4677734375000       0.76687598228454590        9.3111768364906311E-002  0.99959802913524243     
   1490.5043945312500       0.73706948757171631        9.1313272714614868E-002  0.99963964578358244     
   1490.5411376953125       0.80460375547409058        9.5335066318511963E-002  0.99967444463308419     
   1490.5777587890625       0.59433817863464355        8.2156427204608917E-002  0.99970413055121210     
   1490.6145019531250       0.71601784229278564        9.0030141174793243E-002  0.99972996018541949     
   1490.6511230468750       0.54154962301254272        7.8504689037799835E-002  0.99975286050790968     
   1490.6878662109375       0.74411785602569580        9.1753937304019928E-002  0.99977351412726045     
   1490.7246093750000       0.75892966985702515        9.2647448182106018E-002  0.99979242677399649     
   1490.7612304687500       0.73460602760314941        9.1167427599430084E-002  0.99980998793463671     
   1490.7979736328125       0.73017090559005737        9.0896785259246826E-002  0.99982651946729517     
   1490.8345947265625       0.83977222442626953        9.7385965287685394E-002  0.99984214664475812     
   1490.8713378906250       0.78687882423400879        9.4315923750400543E-002  0.99985680522925280     
   1490.9079589843750       0.88712495565414429       0.10005794465541840       0.99987058675851348     
   1490.9447021484375       0.92579704523086548       0.10217459499835968       0.99988359806533100     
   1490.9814453125000       0.90905839204788208       0.10125783830881119       0.99989588475722124     
   1491.0180664062500       0.93680161237716675       0.10276468098163605       0.99990745765553157     
   1491.0548095703125       0.98870146274566650       0.10553151369094849       0.99991831356457495     
   1491.0914306640625       0.95871448516845703       0.10393748432397842       0.99992844228094702     
   1491.1281738281250       0.81089866161346436        9.5699310302734375E-002  0.99993783029202354     
   1491.1647949218750       0.92450749874114990       0.10209677368402481       0.99994646488039018     
   1491.2015380859375        1.0336897373199463       0.10788815468549728       0.99995433741212958     
   1491.2381591796875       0.97356897592544556       0.10474617779254913       0.99996144517868391     
   1491.2749023437500       0.85468196868896484        9.8227761685848236E-002  0.99996779418943438     
   1491.3116455078125       0.87256395816802979        9.9247150123119354E-002  0.99997339986531086     
   1491.3482666015625        1.2172617912292480       0.11699888110160828       0.99997828765176611     
   1491.3850097656250        1.0184711217880249       0.10712185502052307       0.99998249318874866     
   1491.4216308593750        1.0141789913177490       0.10689374059438705       0.99998606156253389     
   1491.4583740234375       0.89982444047927856       0.10075733065605164       0.99998904573693437     
   1491.4949951171875       0.95415508747100830       0.10371141880750656       0.99999150410621684     
   1491.5317382812500        1.2674658298492432       0.11935120075941086       0.99999349885517752     
   1491.5684814453125       0.92054760456085205       0.10188983380794525       0.99999509268048070     
   1491.6051025390625       0.91048485040664673       0.10133951902389526       0.99999634643038526     
   1491.6418457031250        1.1680332422256470       0.11461011320352554       0.99999731731001773     
   1491.6784667968750       0.93072801828384399       0.10242128372192383       0.99999805742140069     
   1491.7152099609375       0.77111417055130005        9.3346193432807922E-002  0.99999861283725144     
   1491.7518310546875       0.96261912584304810       0.10415464639663696       0.99999902318952716     
   1491.7885742187500       0.98231846094131470       0.10519789159297943       0.99999932167985184     
   1491.8253173828125       0.96509420871734619       0.10426530241966248       0.99999953541392939     
   1491.8619384765625        1.1359601020812988       0.11302227526903152       0.99999968614579837     
   1491.8986816406250        1.0299651622772217       0.10767620801925659       0.99999979084788759     
   1491.9353027343750        1.1483690738677979       0.11364594101905823       0.99999986248371509     
   1491.9720458984375       0.92969292402267456       0.10237681865692139       0.99999991076204164     
   1492.0086669921875       0.95339542627334595       0.10366423428058624        1.0000000000000000     
   1492.0454101562500        1.1244772672653198       0.11248220503330231        1.0000000000000000     
   1492.0820312500000       0.93183952569961548       0.10250697284936905        1.0000000000000000     
   1492.1187744140625       0.88513594865798950        9.9947065114974976E-002   1.0000000000000000     
   1492.1555175781250        1.0381557941436768       0.10813896358013153        1.0000000000000000     
   1492.1921386718750       0.90865075588226318       0.10125335305929184        1.0000000000000000     
   1492.2288818359375       0.98338103294372559       0.10529425740242004        1.0000000000000000     
   1492.2655029296875       0.90299421548843384       0.10096511244773865        1.0000000000000000     
   1492.3022460937500       0.94827371835708618       0.10343614220619202        1.0000000000000000     
   1492.3388671875000        1.0169038772583008       0.10707252472639084        1.0000000000000000     
   1492.3756103515625        1.0032086372375488       0.10636498034000397        1.0000000000000000     
   1492.4123535156250       0.95807379484176636       0.10399013012647629        1.0000000000000000     
   1492.4489746093750       0.90417534112930298       0.10106692463159561        1.0000000000000000     
   1492.4857177734375       0.81849801540374756        9.6255920827388763E-002   1.0000000000000000     
   1492.5223388671875       0.74650615453720093        9.1985352337360382E-002   1.0000000000000000     
   1492.5590820312500       0.86147463321685791        9.8698414862155914E-002   1.0000000000000000     
   1492.5957031250000       0.64069026708602905        8.5334926843643188E-002   1.0000000000000000     
   1492.6324462890625       0.68973332643508911        8.8479124009609222E-002   1.0000000000000000     
   1492.6690673828125       0.72035777568817139        9.0384304523468018E-002   1.0000000000000000     
   1492.7058105468750       0.81224972009658813        9.5884218811988831E-002   1.0000000000000000     
   1492.7425537109375       0.86443597078323364        9.8876602947711945E-002   1.0000000000000000     
   1492.7791748046875       0.86340790987014771        9.8821125924587250E-002   1.0000000000000000     
   1492.8159179687500       0.87717682123184204        9.9595181643962860E-002   1.0000000000000000     
   1492.8525390625000       0.91690015792846680       0.10178694874048233        1.0000000000000000     
   1492.8892822265625       0.94426494836807251       0.10327358543872833        1.0000000000000000     
   1492.9259033203125       0.79139131307601929        9.4673790037631989E-002   1.0000000000000000     
   1492.9626464843750       0.91922181844711304       0.10191947221755981        1.0000000000000000     
   1492.9993896484375        1.1217641830444336       0.11244514584541321        1.0000000000000000     
   1493.0360107421875       0.94013762474060059       0.10306217521429062        1.0000000000000000     
   1493.0727539062500        1.1203652620315552       0.11238311976194382        1.0000000000000000     
   1493.1093750000000        1.0080765485763550       0.10667227953672409        1.0000000000000000     
   1493.1461181640625        1.0470087528228760       0.10867681354284286        1.0000000000000000     
   1493.1827392578125        1.0469205379486084       0.10866765677928925        1.0000000000000000     
   1493.2194824218750        1.1013896465301514       0.11142253875732422        1.0000000000000000     
   1493.2562255859375        1.0364834070205688       0.10812815278768539        1.0000000000000000     
   1493.2928466796875        1.1118570566177368       0.11195524781942368        1.0000000000000000     
   1493.3295898437500        1.0218683481216431       0.10738094151020050        1.0000000000000000     
   1493.3662109375000       0.99832546710968018       0.10614607483148575        1.0000000000000000     
   1493.4029541015625       0.95919829607009888       0.10406921058893204        1.0000000000000000     
   1493.4395751953125       0.96962994337081909       0.10462711006402969        1.0000000000000000     
   1493.4763183593750       0.93936330080032349       0.10299606621265411        1.0000000000000000     
   1493.5129394531250       0.98950260877609253       0.10566343367099762        1.0000000000000000     
   1493.5496826171875        1.1459306478500366       0.11361050605773926        1.0000000000000000     
   1493.5864257812500       0.94188952445983887       0.10311338305473328        1.0000000000000000     
   1493.6230468750000       0.97376126050949097       0.10481373965740204        1.0000000000000000     
   1493.6597900390625       0.93727409839630127       0.10284348577260971        1.0000000000000000     
   1493.6964111328125       0.95885503292083740       0.10399579256772995        1.0000000000000000     
   1493.7331542968750        1.1263562440872192       0.11259464174509048        1.0000000000000000     
   1493.7697753906250       0.85925263166427612        9.8476648330688477E-002   1.0000000000000000     
   1493.8065185546875       0.97352117300033569       0.10474459826946259        1.0000000000000000     
!  ---- tick mark positions for above ----
!      1489.07535     1     1
