      1.00000       0.0000000
      2.00000   7.0110127e-06
      3.00000   7.1835389e-06
      4.00000   7.3549622e-06
      5.00000   7.5385678e-06
      6.00000   7.7088052e-06
      7.00000   7.8564299e-06
      8.00000   7.9791571e-06
      9.00000   8.0897244e-06
      10.0000   8.2096212e-06
      11.0000   8.3494078e-06
      12.0000   8.4977873e-06
      13.0000   8.6333166e-06
      14.0000   8.7418812e-06
      15.0000   8.8206216e-06
      16.0000   8.8804018e-06
      17.0000   8.9499426e-06
      18.0000   9.0662197e-06
      19.0000   9.2595455e-06
      20.0000   9.5366540e-06
      21.0000   9.8789405e-06
      22.0000   1.0255996e-05
      23.0000   1.0630864e-05
      24.0000   1.0975406e-05
      25.0000   1.1286109e-05
      26.0000   1.1582430e-05
      27.0000   1.1890535e-05
      28.0000   1.2221020e-05
      29.0000   1.2572367e-05
      30.0000   1.2922361e-05
      31.0000   1.3224420e-05
      32.0000   1.3440635e-05
      33.0000   1.3555874e-05
      34.0000   1.3584457e-05
      35.0000   1.3565528e-05
      36.0000   1.3546006e-05
      37.0000   1.3566439e-05
      38.0000   1.3636914e-05
      39.0000   1.3749720e-05
      40.0000   1.3912696e-05
      41.0000   1.4154228e-05
      42.0000   1.4492086e-05
      43.0000   1.4900832e-05
      44.0000   1.5325326e-05
      45.0000   1.5719877e-05
      46.0000   1.6060396e-05
      47.0000   1.6349659e-05
      48.0000   1.6623660e-05
      49.0000   1.6954886e-05
      50.0000   1.7410968e-05
      51.0000   1.8015327e-05
      52.0000   1.8740589e-05
      53.0000   1.9528577e-05
      54.0000   2.0318419e-05
      55.0000   2.1051481e-05
      56.0000   2.1700389e-05
      57.0000   2.2274384e-05
      58.0000   2.2781418e-05
      59.0000   2.3219602e-05
      60.0000   2.3564422e-05
      61.0000   2.3793882e-05
      62.0000   2.3936549e-05
      63.0000   2.4050854e-05
      64.0000   2.4185358e-05
      65.0000   2.4357107e-05
      66.0000   2.4562463e-05
      67.0000   2.4788014e-05
      68.0000   2.5024543e-05
      69.0000   2.5295756e-05
      70.0000   2.5654906e-05
      71.0000   2.6138734e-05
      72.0000   2.6721254e-05
      73.0000   2.7287311e-05
      74.0000   2.7736314e-05
      75.0000   2.8084796e-05
      76.0000   2.8489476e-05
      77.0000   2.9153167e-05
      78.0000   3.0168214e-05
      79.0000   3.1500422e-05
      80.0000   3.3093169e-05
      81.0000   3.4930064e-05
      82.0000   3.7007376e-05
      83.0000   3.9290921e-05
      84.0000   4.1737079e-05
      85.0000   4.4318902e-05
      86.0000   4.6982354e-05
      87.0000   4.9644190e-05
      88.0000   5.2257583e-05
      89.0000   5.4833272e-05
      90.0000   5.7386198e-05
      91.0000   5.9988757e-05
      92.0000   6.2826963e-05
      93.0000   6.6071239e-05
      94.0000   6.9670728e-05
      95.0000   7.3387833e-05
      96.0000   7.7036275e-05
      97.0000   8.0685648e-05
      98.0000   8.4680345e-05
      99.0000   8.9508489e-05
      100.000   9.5631469e-05
      101.000   0.00010331778
      102.000   0.00011253217
      103.000   0.00012308653
      104.000   0.00013505769
      105.000   0.00014881982
      106.000   0.00016464376
      107.000   0.00018256185
      108.000   0.00020260566
      109.000   0.00022443118
      110.000   0.00024690267
      111.000   0.00026851727
      112.000   0.00028816648
      113.000   0.00030530849
      114.000   0.00032027112
      115.000   0.00033443113
      116.000   0.00034930659
      117.000   0.00036505732
      118.000   0.00038037231
      119.000   0.00039462800
      120.000   0.00040999771
      121.000   0.00043086728
      122.000   0.00046137415
      123.000   0.00050325418
      124.000   0.00055474014
      125.000   0.00061269803
      126.000   0.00067675073
      127.000   0.00074956636
      128.000   0.00083220971
      129.000   0.00092113490
      130.000    0.0010117372
      131.000    0.0011047287
      132.000    0.0012072867
      133.000    0.0013240540
      134.000    0.0014467787
      135.000    0.0015579717
      136.000    0.0016443240
      137.000    0.0017069447
      138.000    0.0017607268
      139.000    0.0018250380
      140.000    0.0019198124
      141.000    0.0020653179
      142.000    0.0022659537
      143.000    0.0024972444
      144.000    0.0027324490
      145.000    0.0029886856
      146.000    0.0033408890
      147.000    0.0038658674
      148.000    0.0045686522
      149.000    0.0053919912
      150.000    0.0063156863
      151.000    0.0074561271
      152.000    0.0090783397
      153.000     0.011566826
      154.000     0.015414961
      155.000     0.021110313
      156.000     0.029019870
      157.000     0.039659679
      158.000     0.053934444
      159.000     0.071920604
      160.000     0.090420589
      161.000      0.10246971
      162.000      0.10164312
      163.000     0.088236563
      164.000     0.068872377
      165.000     0.050378408
      166.000     0.035970777
      167.000     0.025728833
      168.000     0.018621402
      169.000     0.013712463
      170.000     0.010368925
      171.000    0.0081236092
      172.000    0.0065826518
      173.000    0.0054716705
      174.000    0.0046466165
      175.000    0.0040276591
      176.000    0.0035513542
      177.000    0.0031647368
      178.000    0.0028329182
      179.000    0.0025442666
      180.000    0.0023052429
      181.000    0.0021176650
      182.000    0.0019674327
      183.000    0.0018376813
      184.000    0.0017180204
      185.000    0.0015981838
      186.000    0.0014658744
      187.000    0.0013171216
      188.000    0.0011594195
      189.000    0.0010087386
      190.000   0.00088276085
      191.000   0.00078815903
      192.000   0.00071683124
      193.000   0.00065569393
      194.000   0.00059552712
      195.000   0.00053292030
      196.000   0.00046969380
      197.000   0.00041119402
      198.000   0.00036263972
      199.000   0.00032570047
      200.000   0.00029815146
      201.000   0.00027594680
      202.000   0.00025599726
      203.000   0.00023721125
      204.000   0.00021962648
      205.000   0.00020322057
      206.000   0.00018761719
      207.000   0.00017267063
      208.000   0.00015850116
      209.000   0.00014514847
      210.000   0.00013258273
      211.000   0.00012091105
      212.000   0.00011028103
      213.000   0.00010073094
      214.000   9.2340517e-05
      215.000   8.5187647e-05
      216.000   7.9227779e-05
      217.000   7.4288851e-05
      218.000   7.0177273e-05
      219.000   6.6865941e-05
      220.000   6.4426808e-05
      221.000   6.2800398e-05
      222.000   6.1707011e-05
      223.000   6.0741506e-05
      224.000   5.9550202e-05
      225.000   5.8031314e-05
      226.000   5.6332367e-05
      227.000   5.4637392e-05
      228.000   5.3067077e-05
      229.000   5.1669220e-05
      230.000   5.0403203e-05
      231.000   4.9121521e-05
      232.000   4.7630841e-05
      233.000   4.5888446e-05
      234.000   4.3981676e-05
      235.000   4.2023021e-05
      236.000   4.0148348e-05
      237.000   3.8467468e-05
      238.000   3.6997233e-05
      239.000   3.5634559e-05
      240.000   3.4220553e-05
      241.000   3.2686243e-05
      242.000   3.1106109e-05
      243.000   2.9608153e-05
      244.000   2.8278504e-05
      245.000   2.7126305e-05
      246.000   2.6091666e-05
      247.000   2.5091198e-05
      248.000   2.4117006e-05
      249.000   2.3225768e-05
      250.000   2.2477025e-05
      251.000   2.1909056e-05
      252.000   2.1527903e-05
      253.000   2.1314076e-05
      254.000   2.1245869e-05
      255.000   2.1314667e-05
      256.000   2.1499629e-05
      257.000   2.1744403e-05
      258.000   2.1965025e-05
      259.000   2.2077151e-05
      260.000   2.2039172e-05
      261.000   2.1863234e-05
      262.000   2.1575486e-05
      263.000   2.1183656e-05
      264.000   2.0684920e-05
      265.000   2.0099978e-05
      266.000   1.9479710e-05
      267.000   1.8861325e-05
      268.000   1.8233850e-05
      269.000   1.7565195e-05
      270.000   1.6860884e-05
      271.000   1.6158763e-05
      272.000   1.5499572e-05
      273.000   1.4920551e-05
      274.000   1.4434350e-05
      275.000   1.4036683e-05
      276.000   1.3729340e-05
      277.000   1.3511802e-05
      278.000   1.3365102e-05
      279.000   1.3258124e-05
      280.000   1.3170816e-05
      281.000   1.3106399e-05
      282.000   1.3074502e-05
      283.000   1.3079611e-05
      284.000   1.3119418e-05
      285.000   1.3173701e-05
      286.000   1.3213477e-05
      287.000   1.3223133e-05
      288.000   1.3198279e-05
      289.000   1.3131433e-05
      290.000   1.3005327e-05
      291.000   1.2797157e-05
      292.000   1.2501487e-05
      293.000   1.2140214e-05
      294.000   1.1744844e-05
      295.000   1.1341112e-05
      296.000   1.0933962e-05
      297.000   1.0513273e-05
      298.000   1.0079722e-05
      299.000   9.6516869e-06
      300.000   9.2544697e-06
      301.000   8.9023570e-06
      302.000   8.5901238e-06
      303.000   8.3096729e-06
      304.000   8.0657683e-06
      305.000   7.8782223e-06
      306.000   7.7707073e-06
      307.000   7.7478498e-06
      308.000   7.7909535e-06
      309.000   7.8659650e-06
      310.000   7.9295523e-06
      311.000   7.9409410e-06
      312.000   7.8787953e-06
      313.000   7.7602535e-06
      314.000   7.6279002e-06
      315.000   7.5167800e-06
      316.000   7.4306636e-06
      317.000   7.3466385e-06
      318.000   7.2454959e-06
      319.000   7.1197892e-06
      320.000   6.9884636e-06
      321.000   6.8290938e-06
