   1315.3440134672742        1.1548959503770797       0.13480454405919060        1.0000000000000000     
   1315.3539730568325        1.0715638716598979       0.12985083959748417        1.0000000000000000     
   1315.3639326463908        1.2426478395007796       0.13983386889286831        1.0000000000000000     
   1315.3738922359491        1.0814882345636037       0.13045232197913317        1.0000000000000000     
   1315.3838518255075       0.93420109654956851       0.12124496493677878        1.0000000000000000     
   1315.3938114150658        1.0109777045852661       0.12612955742817386        1.0000000000000000     
   1315.4037710046241       0.99452470286431927       0.12509974959260400        1.0000000000000000     
   1315.4137305941824        1.1361130158989541       0.13370941156620206        1.0000000000000000     
   1315.4236901837407        1.0552281846058942       0.12886262311458088        1.0000000000000000     
   1315.4336497732991       0.86508748884927167       0.11667728369390787        1.0000000000000000     
   1315.4436093628574        1.2230658465453514       0.13873427241375011        1.0000000000000000     
   1315.4535689524157        1.1237365951328946       0.13298223053593328        1.0000000000000000     
   1315.4635285419740       0.95378399897430943       0.12251489888239277        1.0000000000000000     
   1315.4734881315323       0.77864936406654928        9.4608724076832601E-002   1.0000000000000000     
   1315.4834477210907       0.96042369314693665       0.10507373490009468        1.0000000000000000     
   1315.4934073106490        1.0837150208755451       0.11161505316968366        1.0000000000000000     
   1315.5033669002073        1.0607736633203435       0.11042796735733920        1.0000000000000000     
   1315.5133264897656       0.84015117184711574        9.8276322179866912E-002   1.0000000000000000     
   1315.5232860793240        1.1622137273567565       0.11558876884354465        1.0000000000000000     
   1315.5332456688823        1.0145274536874411       0.10799583143266395        1.0000000000000000     
   1315.5432052584406       0.89869160658695146       0.10164426672798740        1.0000000000000000     
   1315.5531648479989       0.89301435793953499       0.10132327057868189        1.0000000000000000     
   1315.5631244375572        1.0235720249290088       0.10847798299814508        1.0000000000000000     
   1315.5730840271156        1.1251266091514784       0.11373273996962623        1.0000000000000000     
   1315.5830436166739       0.79512342946610060        9.5610258857650884E-002   1.0000000000000000     
   1315.5930032062322        1.0653833201658911       0.11067323181750570        1.0000000000000000     
   1315.6029627957905       0.96344102402645726       0.10524575812504615        1.0000000000000000     
   1315.6129223853488        1.0146023663583374       0.10800461977849436        1.0000000000000000     
   1315.6228819749072        1.0654008111451789       0.11067596262937721        1.0000000000000000     
   1315.6328415644655        1.1698179305517464       0.11597337745019734        1.0000000000000000     
   1315.6428011540238       0.98750571877772286       0.10655438285764053        1.0000000000000000     
   1315.6527607435821       0.94839849118599062       0.10442375396164114        1.0000000000000000     
   1315.6627203331404        1.0802687376441047       0.11144796246415956        1.0000000000000000     
   1315.6726799226988        1.0783975945621418       0.11135199523611737        1.0000000000000000     
   1315.6826395122571       0.88066497150391010       0.10062740032978280        1.0000000000000000     
   1315.6925991018154        1.1318705800495508       0.11408054103711468        1.0000000000000000     
   1315.7025586913737        1.1499418333539890       0.11498824755384755        1.0000000000000000     
   1315.7125182809320        1.0211293708869844       0.10835730461907631        1.0000000000000000     
   1315.7224778704904        1.0104165664976417       0.10778798238039292        1.0000000000000000     
   1315.7324374600487       0.97397142150091154       0.10582676611457151        1.0000000000000000     
   1315.7423970496070        1.0375863411662665       0.10922871957364942        1.0000000000000000     
   1315.7523566391653        1.0080255531118294       0.10766212585470036        1.0000000000000000     
   1315.7623162287236        1.2047600337384932       0.11770093197253025        1.0000000000000000     
   1315.7722758182822        1.2191423269619941       0.11840206479202244        1.0000000000000000     
   1315.7822354078403        1.1251509277774798       0.11374699026672751        1.0000000000000000     
   1315.7921949973988        1.1070129983627603       0.11282707410051662        1.0000000000000000     
   1315.8021545869569       0.99593012101409051       0.10701726052918915        1.0000000000000000     
   1315.8121141765155        1.1346857226016935       0.11422985269347648        1.0000000000000000     
   1315.8220737660736        1.0905258449934494       0.11198560610155789        1.0000000000000000     
   1315.8320333556321       0.86982893164427200       0.10001463444225228        1.0000000000000000     
   1315.8419929451902       0.99973469744488686       0.10722385287568661       0.99694243138673178     
   1315.8519525347488        1.0585990885922161       0.11033599054825659       0.99645739419024160     
   1315.8619121243069       0.90876500362181623       0.10223029430107168       0.99590239794088964     
   1315.8718717138654       0.91835276399964438       0.10276872290601123       0.99526878268418961     
   1315.8818313034235       0.98157745475364155       0.10624801764717155       0.99454701859217032     
   1315.8917908929820        1.0202703745909152       0.10832246288517668       0.99372683186140520     
   1315.9017504825401        1.2298881148292564       0.11893127132540614       0.99279703745719139     
   1315.9117100720987        1.1314198010789971       0.11407159370474011       0.99174554589412001     
   1315.9216696616568        1.2013314027580260       0.11754366269610864       0.99055936098196318     
   1315.9316292512153        1.0224533384734793       0.10844045135295882       0.98922458027393023     
   1315.9415888407734        1.1466180786191458       0.11483668884764994       0.98772640856892202     
   1315.9515484303320       0.99071356310552672       0.10674487889052996       0.98604918640106354     
   1315.9615080198901        1.1548922970142201       0.11525119451883782       0.98417643545627265     
   1315.9714676094486       0.94740957641687917       0.10438672336901121       0.98209092281040100     
   1315.9814271990067       0.99162385526106012       0.10679515559132426       0.97977474577744517     
   1315.9913867885653       0.93688197515167937       0.10380593899118391       0.97720943898036905     
   1316.0013463781233       0.94561462432492038       0.10428899723066939       0.97437610500302274     
   1316.0113059676819        1.0803472223230879       0.11147172343337761       0.97125556964265147     
   1316.0212655572402       0.93474605349922779       0.10368865398415904       0.96782856235376002     
   1316.0312251467985        1.0979676363586921       0.11237779273135418       0.96407592195350589     
   1316.0411847363569        1.0342526483616541       0.10906875504400497       0.95997882704781168     
   1316.0511443259152        1.0198632514246837       0.10830769649341028       0.95551904994197356     
   1316.0611039154735        1.0395808197490375       0.10934999903322272       0.95067923202972981     
   1316.0710635050318        1.0666829287135144       0.12960329151791686       0.94544317782730181     
   1316.0810230945901       0.86451289115581464        9.9718691694271125E-002  0.93979616395522270     
   1316.0909826841485       0.87995415260499976       0.10060559700019396       0.93372525849888355     
   1316.1009422737068       0.90966609506207818       0.10229028211362706       0.92721964533127121     
   1316.1109018632651        1.1374192494472952       0.11438127730876141       0.92027094719699598     
   1316.1208614528234       0.97319275605143596       0.10580235867911750       0.91287354067626747     
   1316.1308210423817       0.99247182812512968       0.10684550288304233       0.90502485561491441     
   1316.1407806319401       0.88526754689637521       0.10091034199941512       0.89672565126475290     
   1316.1507402214984        1.0308198102996953       0.10889075673668226       0.88798026126846386     
   1316.1606998110567        1.2447452907988041       0.12439310337532715       0.87879679977878078     
   1316.1706594006150       0.90515563154580470       0.10203833169699354       0.86918732144996758     
   1316.1806189901733       0.82866849503247975        9.7632260514642841E-002  0.85916792879334858     
   1316.1905785797317       0.85166605280114938        9.8978032219359802E-002  0.84875882144609027     
   1316.2005381692900       0.95802539566122447       0.10497692536593276       0.83798428324245744     
   1316.2104977588483       0.79215894264749398        9.5458083177556177E-002  0.82687260455858913     
   1316.2204573484066       0.89712296687667203       0.10158596662173959       0.81545593916108972     
   1316.2304169379649       0.57814148426341094        8.1550377990892750E-002  0.80377009664598009     
   1316.2403765275233       0.78927076414457686        9.5284683274554291E-002  0.79185427341359194     
   1316.2503361170816       0.71898564899062889        9.0943441605385977E-002  0.77975072689380076     
   1316.2602957066399       0.74299286591302005        9.2449540158251159E-002  0.76750439933211789     
   1316.2702552961982       0.74599963887645837        9.2636659279706129E-002  0.75516249881769493     
   1316.2802148857565       0.68626631267610649        8.8850747587357073E-002  0.74277404635450361     
   1316.2901744753149       0.54611438822821246        7.9260661113121467E-002  0.73038939865029207     
   1316.3001340648732       0.56658613363819010        8.0732795447792730E-002  0.71805975693208912     
   1316.3100936544315       0.92189124859689831       0.10298120953958770       0.70583667248532567     
   1316.3200532439898       0.81738386230555349        9.6968865264027787E-002  0.69377155971382198     
   1316.3300128335482       0.69498028795687383        8.9414230874988329E-002  0.68191522726258513     
   1316.3399724231065       0.64937141694697287        8.6430714436023404E-002  0.67031743706284386     
   1316.3499320126648       0.55571871763171543        7.9955827542026028E-002  0.65902650001448082     
   1316.3598916022231       0.65120209073316715        8.6552895765824742E-002  0.64808891544638303     
   1316.3698511917814       0.59239075741172453        8.2552254731544525E-002  0.63754905959488706     
   1316.3798107813398       0.49792340361425375        7.5684538272394547E-002  0.62744892626982296     
   1316.3897703708981       0.48384108906869966        7.4606787444759626E-002  0.61782792080306081     
   1316.3997299604564       0.72130923774251821        9.1093797218048750E-002  0.60872270642786930     
   1316.4096895500147       0.62979544942954513        8.5119460628338126E-002  0.60016710048943389     
   1316.4196491395730       0.69862499167613656        8.9650400814670322E-002  0.59219201634316865     
   1316.4296087291314       0.53425465697002006        7.8398071460662536E-002  0.58482544542170822     
   1316.4395683186897       0.71048206470828656        9.0408415356756672E-002  0.57809247269560482     
   1316.4495279082480       0.51799801937211598        7.7196457988397055E-002  0.57201531758579183     
   1316.4594874978063       0.50857913603271876        7.6491581136812939E-002  0.56661339129336097     
   1316.4694470873646       0.67293024498265031        8.7987387400017048E-002  0.56190336047623934     
   1316.4794066769230       0.66264735312234857        8.7312745326419014E-002  0.55789920616039879     
   1316.4893662664813       0.73299508090249432        9.1830718188694052E-002  0.55461226559078580     
   1316.4993258560396       0.48540732211843907        7.4729422157298289E-002  0.55205124319122278     
   1316.5092854455979       0.74683109318913754        9.2693793739700436E-002  0.55022217463887335     
   1316.5192450351562       0.49399218587986177        7.5387703630665145E-002  0.54912832496299346     
   1316.5292046247146       0.75691986141648437        9.3318215606147711E-002  0.54876999723926823     
   1316.5391642142729       0.54178931636496597        7.8951006543161256E-002  0.54914422257049089     
   1316.5491238038312       0.64896677384111312        8.6408145736330558E-002  0.55024429436440903     
   1316.5590833933895       0.63748067960934052        8.5640252086591095E-002  0.55205910030380023     
   1316.5690429829478       0.57757680817992640        8.1517391974467418E-002  0.55457219399253332     
   1316.5790025725062       0.58950109960768393        8.2354754049220422E-002  0.55776053571317741     
   1316.5889621620645       0.47142210250879102        7.3646533338215789E-002  0.56159281952437867     
   1316.5989217516228       0.67319340784771553        8.8007201850429040E-002  0.56602729468241297     
   1316.6088813411811       0.60258131254271541        8.3263959246098238E-002  0.57100898716370596     
   1316.6188409307395       0.71049382115937354        9.0412885555607447E-002  0.57646623766817229     
   1316.6288005202978       0.45943391805740896        7.2704726663633701E-002  0.58230650352249458     
   1316.6387601098561       0.44669413487778808        7.1689770198256966E-002  0.58841143280789232     
   1316.6487196994144       0.47377444920800604        7.3831007158143391E-002  0.59463132058605150     
   1316.6586792889727       0.51863387782469883        7.7247485140536629E-002  0.60077921017477998     
   1316.6686388785311       0.55506930884696914        7.9915021425245258E-002  0.60662511541377739     
   1316.6785984680894       0.61054165686580864        8.3813387162418970E-002  0.61189111396826945     
   1316.6885580576477       0.65002311014561975        8.6481068467484823E-002  0.61624838369754065     
   1316.6985176472060       0.67116385234932174        8.7876313273133042E-002  0.61931758655263869     
   1316.7084772367643       0.66005135154629369        8.7145971228245370E-002  0.62067427539664421     
   1316.7184368263227       0.67187869495493657        8.7923458089564227E-002  0.61986109537789713     
   1316.7283964158810       0.68269641481643062        8.8628627149342415E-002  0.61640832332021267     
   1316.7383560054393       0.53154394964387164        7.8204311157773668E-002  0.60986357576944972     
   1316.7483155949976       0.60294686952507903        8.3291653271812191E-002  0.59983020359073469     
   1316.7582751845559       0.49648714697746604        7.5581735546597056E-002  0.58601199179012264     
   1316.7682347741143       0.56645876796300243        8.0732399619412434E-002  0.56825953061425405     
   1316.7781943636728       0.57794720703665203        8.1547125765766212E-002  0.54661152270600832     
   1316.7881539532309       0.51928577133234644        7.7298070980623468E-002  0.52132306897854441     
   1316.7981135427895       0.63223711900587320        8.5291601033167783E-002  0.49287338923118523     
   1316.8080731323475       0.42302281951080750        6.9766833711016732E-002  0.46194794552597473     
   1316.8180327219061       0.49402723200542725        7.5395148364101994E-002  0.42939438431001992     
   1316.8279923114642       0.53033932815961993        7.8117026756999344E-002  0.39615715469401752     
   1316.8379519010227       0.41123738917798441        6.8788515539953646E-002  0.36320056111196131     
   1316.8479114905808       0.33015170111590525        7.4216523995988215E-002  0.33143278011085736     
   1316.8578710801394       0.38753020013928929        6.6776560318775574E-002  0.30164304094543987     
   1316.8678306696975       0.18686946073774319        5.8453141863727021E-002  0.27446083897891443     
   1316.8777902592560       0.18934148518971725        5.8453362150105069E-002  0.25034086735259253     
   1316.8877498488141       0.26960494490446907        6.7543795776537324E-002  0.22957199987388230     
   1316.8977094383727       0.22370814789283150        6.2596188944026188E-002  0.21230464244047789     
   1316.9076690279308       0.14024790175539620        5.2470529601567152E-002  0.19858887778075043     
   1316.9176286174893        9.2373678619174601E-002   4.5451609034109629E-002  0.18841598900103351     
   1316.9275882070474       0.16562375569244422        5.5577736784828136E-002  0.18175747945764656     
   1316.9375477966059       0.18789017223742494        5.8454605458059035E-002  0.17859772944551344     
   1316.9475073861640       0.14142401449208217        5.2471216092100342E-002  0.17895821959232164     
   1316.9574669757226       0.27216925590150659        6.8696069315005978E-002  0.18291241307783915     
   1316.9674265652807       0.18874145708888163        5.8455119506014931E-002  0.19059086670653738     
   1316.9773861548392       0.11750566680459033        4.9134665114909486E-002  0.20217612847881203     
   1316.9873457443973       0.22573761831247680        6.3863747703453960E-002  0.21788682032250417     
   1316.9973053339559       0.34458185006844866        7.5255871930207011E-002  0.23795040430147374     
   1317.0072649235140       0.26046135539718596        6.7546363676920670E-002  0.26256486732546663     
   1317.0172245130725       0.42863057642109920        7.0230236177586239E-002  0.29185116824558333     
   1317.0271841026308       0.36679596945234449        6.4967386973723645E-002  0.32580071626009927     
   1317.0371436921891       0.44803587163047809        7.1802577918789412E-002  0.36422491571406113     
   1317.0471032817475       0.42593756705014491        7.0009531324714533E-002  0.40671601931233042     
   1317.0570628713058       0.37945746603214731        6.6079431753659074E-002  0.45262906925358787     
   1317.0670224608641       0.45207253548398668        7.2125585810739301E-002  0.50109269648430732     
   1317.0769820504224       0.60299706441339473        8.3299691958190314E-002  0.55105186103280646     
   1317.0869416399808       0.78059461325214130        9.4776158638558206E-002  0.60133916546659139     
   1317.0969012295391       0.85244244310751416        9.9041994878804399E-002  0.65076495312583316     
   1317.1068608190974       0.74529607070822657        9.2608703740482176E-002  0.69821203913804897     
   1317.1168204086557       0.67698144846882313        8.8262512645014848E-002  0.74272002901713974     
   1317.1267799982140       0.72101523795299760        9.1087883108505144E-002  0.78354695864938473     
   1317.1367395877724       0.68565181817576959        8.8826124185474989E-002  0.82020139288441396     
   1317.1466991773307       0.70930225265671332        9.0345199119616429E-002  0.85244436428328463     
   1317.1566587668890       0.75458119281875613        9.3184331953759914E-002  0.88026585536177404     
   1317.1666183564473       0.86351464898479946        9.9683950491474826E-002  0.90384379245237445     
   1317.1765779460056       0.94732110653490598       0.10440937380037726       0.92349444838111838     
   1317.1865375355640       0.85960495425769978        9.9458252746704987E-002  0.93962217253641900     
   1317.1964971251223       0.73264239008625043        9.1820122771794174E-002  0.95267426588316539     
   1317.2064567146806       0.93158469483494877       0.10353888973660995       0.96310439017206306     
   1317.2164163042389       0.91095143053919980       0.10238596126341909       0.97134573005299440     
   1317.2263758937972       0.79065447392023236        9.5386439478203744E-002  0.97779352051534418     
   1317.2363354833556       0.88846054465072988       0.10111435357771260       0.98279557782747118     
   1317.2462950729139       0.95311303969433947       0.10472886756570725       0.98664904541303733     
   1317.2562546624722       0.91065001570920401       0.10236945579672986       0.98960153561738640     
   1317.2662142520305        1.0047749064203046       0.10752996527923571       0.99185505745255353     
   1317.2761738415888       0.88688900548157357       0.10102531119266425       0.99357144040650780     
   1317.2861334311472       0.98225137789573203       0.10631813018151348       0.99487830550505674     
   1317.2960930207055       0.90531767210637282       0.10206972544442065       0.99587494397384180     
   1317.3060526102638       0.79464997105884239        9.5627947266255939E-002  0.99663771637788801     
   1317.3160121998221       0.97667503417864343       0.10601623759763652       0.99722477519661157     
   1317.3259717893804       0.96889241332025389       0.10559309818738234       0.99768004635611407     
   1317.3359313789388        1.0540230576103933       0.11013446386953418       0.99803649014002571     
   1317.3458909684971        1.0285849631144126       0.10879744267887709       0.99831871025428809     
   1317.3558505580554        1.1834512957234442       0.11670090281756927       0.99854500203353691     
   1317.3658101476137        1.1268536064949501       0.11387626212112850       0.99872893563881604     
   1317.3757697371720        1.1686027870717235       0.11596670922688440       0.99888056451635343     
   1317.3857293267304        1.1953590828713583       0.11728688714598501       0.99900733844014111     
   1317.3956889162887        1.0863562341059416       0.11181159128811000       0.99911478760114181     
   1317.4056485058470        1.1574239946963683       0.11541103569951938       0.99920703155830370     
   1317.4156080954053        1.0177684429446230       0.10822459855451197       0.99928715555404501     
   1317.4255676849637        1.1104527901037315       0.11304515149814723       0.99935748716109496     
   1317.4355272745220       0.89962240834309914       0.10174953111921285       0.99941979850418827     
   1317.4454868640803        1.0417270935901790       0.10949130755559865       0.99947545322076958     
   1317.4554464536386        1.2526866628234599       0.12006717395011152       0.99952551263950795     
   1317.4654060431969        1.1645019182472511       0.11576400596687783       0.99957081209367382     
   1317.4753656327553        1.1400014711462267       0.11453983466354709       0.99961201558809820     
   1317.4853252223136        1.0387566717738910       0.10933548295753379       0.99964965497564384     
   1317.4952848118719       0.94384778535519021       0.10422108113770863       0.99968415819781686     
   1317.5052444014302        1.1444562930463862       0.11476370345570702       0.99971586989432681     
   1317.5152039909885       0.93426638636939552       0.10369091251214116       0.99974506673359487     
   1317.5251635805469        1.1436111882930504       0.11472151724050235       0.99977196913320876     
   1317.5351231701052        1.1230756370308062       0.11368693578685841       0.99979675059272355     
   1317.5450827596635        1.1708850436894833       0.11608164470744352       0.99981954559041386     
   1317.5550423492218       0.92427560549776355       0.10313534154832263       0.99984045681389977     
   1317.5650019387801        1.0805899727508104       0.11151610315682861       0.99985956087125272     
   1317.5749615283385        1.1667878835403098       0.11587864945720981       0.99987691970085313     
   1317.5849211178968       0.96541149580740249       0.10540569092022206       0.99989258533217595     
   1317.5948807074551       0.98785567206473757       0.10662398607848445        1.0000000000000000     
   1317.6048402970134       0.96882748519208217       0.10559217774346458        1.0000000000000000     
   1317.6147998865717        1.1885586255386924       0.11695509697564989        1.0000000000000000     
   1317.6247594761301       0.91849152540928602       0.10281269753931983        1.0000000000000000     
   1317.6347190656884        1.1418441142340510       0.11463386896678772        1.0000000000000000     
   1317.6446786552467       0.90721087852533910       0.10217954551651869        1.0000000000000000     
   1317.6546382448050       0.91876689520862653       0.10282834574919864        1.0000000000000000     
   1317.6645978343633        1.2302782762451121       0.13922511493162842        1.0000000000000000     
   1317.6745574239217       0.96149981928714268       0.12308095344327696        1.0000000000000000     
   1317.6845170134800       0.91607330001560416       0.12013835192584736        1.0000000000000000     
   1317.6944766030383       0.92804442475886728       0.12092087094044311        1.0000000000000000     
   1317.7044361925966        1.1229894880340112       0.13301635294355785        1.0000000000000000     
   1317.7143957821550       0.92898373362245212       0.12098222270198448        1.0000000000000000     
   1317.7243553717133        1.0730550914531103       0.13002558960566746        1.0000000000000000     
   1317.7343149612716        1.0725767554543981       0.12999669752312748        1.0000000000000000     
   1317.7442745508299        1.0924686381123301       0.13119670341947307        1.0000000000000000     
   1317.7542341403882       0.97757276308915053       0.12410613841843778        1.0000000000000000     
   1317.7641937299466       0.91133050723203246       0.11982763353752407        1.0000000000000000     
   1317.7741533195049       0.92717808457397155       0.12086510023563055        1.0000000000000000     
   1317.7841129090634       0.91436954480458510       0.12002742789960594        1.0000000000000000     
   1317.7940724986215       0.95789028920111130       0.12285074652615068        1.0000000000000000     
   1317.8040320881801        1.0432860229483238       0.12820999957357884        1.0000000000000000     
   1317.8139916777382        1.0430342571800735       0.12819461322333098        1.0000000000000000     
   1317.8239512672967       0.92733016025793502       0.12087541113237611        1.0000000000000000     
   1317.8339108568548       0.81299372715945628       0.11317868942733139        1.0000000000000000     
   1317.8438704464133       0.94329142690339074       0.12191139681129411        1.0000000000000000     
   1317.8538300359714        1.1221574620725934       0.13296842798837732        1.0000000000000000     
   1317.8637896255300        1.1531804310113130       0.13479399510365436        1.0000000000000000     
   1317.8737492150881       0.96745191490877469       0.10551919997950694        1.0000000000000000     
   1317.8837088046466        1.0368705939985787       0.10923941126718248        1.0000000000000000     
   1317.8936683942047        1.3622211371951800       0.12521062087698601        1.0000000000000000     
   1317.9036279837633       0.95293953822026722       0.10472497934662178        1.0000000000000000     
   1317.9135875733214       0.97850086876224340       0.10612030809036278        1.0000000000000000     
   1317.9235471628799       0.96842727764171821       0.10557270787716312        1.0000000000000000     
   1317.9335067524380        1.3346776895495687       0.12393859154684773        1.0000000000000000     
   1317.9434663419966        1.0973348263515308       0.11237975271515571        1.0000000000000000     
   1317.9534259315546       0.91745143859110612       0.10275669970750761        1.0000000000000000     
   1317.9633855211132       0.88269234146687470       0.10079138674698836        1.0000000000000000     
   1317.9733451106713        1.1240152846839604       0.11373783852198620        1.0000000000000000     
   1317.9833047002298       0.79744891463068368        9.5801077680960758E-002   1.0000000000000000     
   1317.9932642897879       0.87322115963518498       0.10024927166825622        1.0000000000000000     
   1318.0032238793465        1.0392750304227358       0.10936653544997357        1.0000000000000000     
   1318.0131834689046       0.99877304995955818       0.10721429932318309        1.0000000000000000     
   1318.0231430584631        1.0819741702328560       0.11159066029413248        1.0000000000000000     
   1318.0331026480214        1.2156121699413411       0.11828154264833590        1.0000000000000000     
   1318.0430622375798        1.3170841627093424       0.12311934645548354        1.0000000000000000     
   1318.0530218271381        1.0110851566660386       0.10787317059182037        1.0000000000000000     
   1318.0629814166964        1.1192106001228688       0.11349468612485299        1.0000000000000000     
   1318.0729410062547        1.0829449239522793       0.11164078413466080        1.0000000000000000     
   1318.0829005958130        1.1663515234444932       0.11586025351634206        1.0000000000000000     
!  ---- tick mark positions for above ----
!      1316.52808     1     1
!      1316.94620     1     2
