! -------------------------
   1381.3104248046875        1.0330820083618164        3.6112725734710693E-002   1.0000000000000000     
   1381.3403320312500        1.0187362432479858        3.5851474851369858E-002   1.0000000000000000     
   1381.3702392578125        1.0830900669097900        3.6979094147682190E-002   1.0000000000000000     
   1381.4001464843750       0.99813747406005859        3.5489216446876526E-002   1.0000000000000000     
   1381.4300537109375        1.0631598234176636        3.6619711667299271E-002   1.0000000000000000     
   1381.4599609375000        1.0286604166030884        3.6024715751409531E-002   1.0000000000000000     
   1381.4898681640625       0.96112984418869019        3.4819632768630981E-002   1.0000000000000000     
   1381.5197753906250        1.0036871433258057        3.5610690712928772E-002   1.0000000000000000     
   1381.5496826171875       0.99493891000747681        3.5418428480625153E-002   1.0000000000000000     
   1381.5795898437500        1.0078575611114502        3.5667207092046738E-002   1.0000000000000000     
   1381.6094970703125        1.0553783178329468        3.6483850330114365E-002   1.0000000000000000     
   1381.6394042968750       0.95920693874359131        3.4853234887123108E-002   1.0000000000000000     
   1381.6693115234375        1.0375579595565796        3.6119915544986725E-002   1.0000000000000000     
   1381.6992187500000       0.99081158638000488        3.5401143133640289E-002   1.0000000000000000     
   1381.7291259765625       0.97698330879211426        3.5199284553527832E-002   1.0000000000000000     
   1381.7590332031250        1.0352741479873657        3.6088421940803528E-002   1.0000000000000000     
   1381.7889404296875        1.0076215267181396        3.5655047744512558E-002   1.0000000000000000     
   1381.8188476562500        1.0188173055648804        3.5844296216964722E-002   1.0000000000000000     
   1381.8488769531250        1.0308488607406616        3.6037087440490723E-002   1.0000000000000000     
   1381.8787841796875        1.0798342227935791        3.6962237209081650E-002   1.0000000000000000     
   1381.9086914062500        1.0834783315658569        3.6904748529195786E-002   1.0000000000000000     
   1381.9385986328125        1.0106681585311890        3.5785205662250519E-002   1.0000000000000000     
   1381.9685058593750       0.96445542573928833        3.5215049982070923E-002   1.0000000000000000     
   1381.9984130859375        1.0262292623519897        3.6002919077873230E-002   1.0000000000000000     
   1382.0283203125000        1.0293308496475220        3.6087691783905029E-002   1.0000000000000000     
   1382.0582275390625        1.0879728794097900        3.7152942270040512E-002   1.0000000000000000     
   1382.0881347656250        1.0959577560424805        3.7159055471420288E-002   1.0000000000000000     
   1382.1180419921875        1.0165901184082031        3.5861324518918991E-002   1.0000000000000000     
   1382.1479492187500        1.0359959602355957        3.6146633327007294E-002   1.0000000000000000     
   1382.1778564453125        1.0159275531768799        3.5761650651693344E-002   1.0000000000000000     
   1382.2077636718750        1.0286536216735840        3.5957712680101395E-002   1.0000000000000000     
   1382.2376708984375        1.0497298240661621        3.6462146788835526E-002   1.0000000000000000     
   1382.2675781250000        1.0440982580184937        3.6238241940736771E-002   1.0000000000000000     
   1382.2974853515625        1.0708408355712891        3.6712191998958588E-002   1.0000000000000000     
   1382.3273925781250        1.0826174020767212        3.6936137825250626E-002   1.0000000000000000     
   1382.3572998046875        1.0455777645111084        3.6220040172338486E-002   1.0000000000000000     
   1382.3872070312500        1.0654125213623047        3.6598972976207733E-002   1.0000000000000000     
   1382.4171142578125        1.0508426427841187        3.6345195025205612E-002   1.0000000000000000     
   1382.4470214843750        1.0440384149551392        3.6195866763591766E-002   1.0000000000000000     
   1382.4769287109375        1.0354397296905518        3.6114905029535294E-002   1.0000000000000000     
   1382.5068359375000        1.0054275989532471        3.5576716065406799E-002   1.0000000000000000     
   1382.5367431640625        1.0318583250045776        3.6029111593961716E-002   1.0000000000000000     
   1382.5666503906250        1.0525736808776855        3.6350704729557037E-002   1.0000000000000000     
   1382.5965576171875        1.0446498394012451        3.6283809691667557E-002   1.0000000000000000     
   1382.6264648437500       0.99172347784042358        3.5273142158985138E-002   1.0000000000000000     
   1382.6563720703125       0.99931794404983521        3.5458479076623917E-002   1.0000000000000000     
   1382.6862792968750       0.98288512229919434        3.5094991326332092E-002   1.0000000000000000     
   1382.7161865234375       0.99774903059005737        3.5361953079700470E-002   1.0000000000000000     
   1382.7460937500000       0.98368245363235474        3.5126112401485443E-002   1.0000000000000000     
   1382.7760009765625       0.97945648431777954        3.5034060478210449E-002   1.0000000000000000     
   1382.8059082031250        1.0276219844818115        3.5912234336137772E-002  0.99704377139927070     
   1382.8358154296875        1.0199575424194336        3.5773683339357376E-002  0.99690795762341311     
   1382.8657226562500        1.0108568668365479        3.5625908523797989E-002  0.99676441508190106     
   1382.8956298828125        1.0700021982192993        3.6603391170501709E-002  0.99661180118734694     
   1382.9255371093750        1.0199177265167236        3.5732779651880264E-002  0.99644805645311862     
   1382.9554443359375        1.0321736335754395        3.5962823778390884E-002  0.99627097787021901     
   1382.9853515625000        1.0538072586059570        3.6420140415430069E-002  0.99607893243097168     
   1383.0152587890625        1.0620234012603760        3.6441098898649216E-002  0.99587072510481567     
   1383.0451660156250        1.0191509723663330        3.5747032612562180E-002  0.99564501489378998     
   1383.0750732421875       0.97584772109985352        3.4955527633428574E-002  0.99540039994758001     
   1383.1049804687500       0.97287428379058838        3.4953352063894272E-002  0.99513474284305803     
   1383.1348876953125       0.95951265096664429        3.4642655402421951E-002  0.99484602405065514     
   1383.1649169921875       0.93257611989974976        3.4155000001192093E-002  0.99453209253394326     
   1383.1948242187500       0.98461270332336426        3.5104833543300629E-002  0.99418882226783534     
   1383.2247314453125        1.0043698549270630        3.5460811108350754E-002  0.99381143390366222     
   1383.2546386718750       0.97723466157913208        3.4942902624607086E-002  0.99339494495740543     
   1383.2845458984375       0.96122056245803833        3.4681789577007294E-002  0.99293604142979019     
   1383.3144531250000       0.97928935289382935        3.5134032368659973E-002  0.99242964043243520     
   1383.3443603515625        1.0281648635864258        3.5916198045015335E-002  0.99186656809814988     
   1383.3742675781250        1.0048756599426270        3.5466808825731277E-002  0.99123583203664900     
   1383.4041748046875       0.97847515344619751        3.5102993249893188E-002  0.99052576064229958     
   1383.4340820312500       0.98643940687179565        3.5132866352796555E-002  0.98972053452918451     
   1383.4639892578125       0.98623454570770264        3.5230424255132675E-002  0.98880241294429483     
   1383.4938964843750       0.92817145586013794        3.4091860055923462E-002  0.98774703216688042     
   1383.5238037109375       0.91594862937927246        3.4026332199573517E-002  0.98652611888630304     
   1383.5537109375000       0.92597210407257080        3.4070815891027451E-002  0.98511167428302515     
   1383.5836181640625       0.88678139448165894        3.3309239894151688E-002  0.98346875972913539     
   1383.6135253906250       0.84012597799301147        3.2430306077003479E-002  0.98154460215107109     
   1383.6434326171875       0.87469208240509033        3.3065948635339737E-002  0.97924875884230145     
   1383.6733398437500       0.84067171812057495        3.2491113990545273E-002  0.97645748620192396     
   1383.7032470703125       0.83788210153579712        3.2600019127130508E-002  0.97304725000225856     
   1383.7331542968750       0.68753641843795776        2.9950998723506927E-002  0.96884063836412260     
   1383.7630615234375       0.54383051395416260        2.6646321639418602E-002  0.96352566161087949     
   1383.7929687500000       0.38395899534225464        2.3209961131215096E-002  0.95671423853916193     
   1383.8228759765625       0.24857509136199951        1.9478512927889824E-002  0.94801040053891883     
   1383.8527832031250       0.16135944426059723        1.5879824757575989E-002  0.93675558446466312     
   1383.8826904296875        9.8389431834220886E-002   1.2223735451698303E-002  0.92189604904940248     
   1383.9125976562500        5.2409108728170395E-002   9.9042672663927078E-003  0.90220657250452507     
   1383.9425048828125        5.6236755102872849E-002   9.4374511390924454E-003  0.87638740168222540     
   1383.9724121093750        5.1844701170921326E-002   8.7461918592453003E-003  0.84123053835000638     
   1384.0023193359375        3.9838235825300217E-002   7.6086609624326229E-003  0.78884097010053933     
   1384.0322265625000        2.5704724714159966E-002   6.2265754677355289E-003  0.70247626396312157     
   1384.0621337890625        3.1909286975860596E-002   6.7681260406970978E-003  0.55397615375269282     
   1384.0920410156250        2.5802979245781898E-002   6.3919574022293091E-003  0.35071135169757728     
   1384.1219482421875        3.5106461495161057E-002   7.4638840742409229E-003  0.19456671461293418     
   1384.1518554687500        5.2054893225431442E-002   8.6749484762549400E-003  0.12797021437660891     
   1384.1817626953125        6.1964150518178940E-002   9.3463761731982231E-003  0.10867020856876652     
   1384.2116699218750       0.10453333705663681        1.2876549735665321E-002  0.11234576727564001     
   1384.2415771484375       0.15554372966289520        1.6135664656758308E-002  0.14529931710819929     
   1384.2714843750000       0.22522443532943726        2.0222757011651993E-002  0.24221084966607256     
   1384.3013916015625       0.40641719102859497        2.3947153240442276E-002  0.42820958851058033     
   1384.3312988281250       0.54479843378067017        2.7212198823690414E-002  0.61868711850741354     
   1384.3612060546875       0.67593318223953247        2.9436163604259491E-002  0.73986198246331192     
   1384.3911132812500       0.79353821277618408        3.1583011150360107E-002  0.80959561813216741     
   1384.4210205078125       0.80152398347854614        3.1609836965799332E-002  0.85391932086282052     
   1384.4509277343750       0.87110662460327148        3.2937843352556229E-002  0.88443024268571602     
   1384.4809570312500       0.87913072109222412        3.3083736896514893E-002  0.90709098917388564     
   1384.5108642578125       0.86462968587875366        3.2922293990850449E-002  0.92451931646445473     
   1384.5407714843750       0.94973182678222656        3.4405995160341263E-002  0.93784199499405740     
   1384.5706787109375       0.96114206314086914        3.4603469073772430E-002  0.94803358003320526     
   1384.6005859375000        1.0347020626068115        3.5868581384420395E-002  0.95594906645872302     
   1384.6304931640625       0.99092751741409302        3.5080686211585999E-002  0.96231698605459892     
   1384.6604003906250       0.95167678594589233        3.4370720386505127E-002  0.96760438994182596     
   1384.6903076171875        1.0057339668273926        3.5324089229106903E-002  0.97203442906323334     
   1384.7202148437500        1.0177190303802490        3.5561889410018921E-002  0.97570771204192053     
   1384.7501220703125       0.97827118635177612        3.4864366054534912E-002  0.97872174769281950     
   1384.7800292968750       0.93431085348129272        3.4246649593114853E-002  0.98120556114756730     
   1384.8099365234375       0.96286886930465698        3.4654159098863602E-002  0.98327126383761765     
   1384.8398437500000        1.0604470968246460        3.6258522421121597E-002  0.98500927574179376     
   1384.8697509765625       0.98337680101394653        3.5052675753831863E-002  0.98648253751400183     
   1384.8996582031250        1.0147664546966553        3.5465922206640244E-002  0.98773875471055117     
   1384.9295654296875       0.99807161092758179        3.5184934735298157E-002  0.98881380246999961     
   1384.9594726562500        1.0440468788146973        3.6003291606903076E-002  0.98973933246330847     
   1384.9893798828125       0.98619836568832397        3.4976214170455933E-002  0.99054533721423477     
   1385.0192871093750       0.97417539358139038        3.4921076148748398E-002  0.99125514803316650     
   1385.0491943359375        1.0059446096420288        3.5379659384489059E-002  0.99188272600842053     
   1385.0791015625000       0.94141620397567749        3.4214507788419724E-002  0.99244316014775735     
   1385.1090087890625        1.0035697221755981        3.5376943647861481E-002  0.99294930021048800     
   1385.1389160156250       0.98970705270767212        3.5039652138948441E-002  0.99340805750526862     
   1385.1688232421875        1.0194275379180908        3.5564839839935303E-002  0.99382479659455536     
   1385.1987304687500       0.93838089704513550        3.4122824668884277E-002  0.99420302535765526     
   1385.2286376953125        1.0063531398773193        3.5360299050807953E-002   1.0000000000000000     
   1385.2585449218750       0.97261059284210205        3.4712973982095718E-002   1.0000000000000000     
   1385.2884521484375       0.97527581453323364        3.4900788217782974E-002   1.0000000000000000     
   1385.3183593750000       0.97815209627151489        3.4946218132972717E-002   1.0000000000000000     
   1385.3482666015625        1.0156434774398804        3.5451993346214294E-002   1.0000000000000000     
   1385.3781738281250       0.95293825864791870        3.4348614513874054E-002   1.0000000000000000     
   1385.4080810546875       0.94616925716400146        3.4238319844007492E-002   1.0000000000000000     
   1385.4379882812500       0.94844239950180054        3.4304831176996231E-002   1.0000000000000000     
   1385.4678955078125        1.0097806453704834        3.5341601818799973E-002   1.0000000000000000     
   1385.4978027343750       0.98409754037857056        3.4886386245489120E-002   1.0000000000000000     
   1385.5277099609375       0.99123704433441162        3.5120826214551926E-002   1.0000000000000000     
   1385.5576171875000        1.0118848085403442        3.5403501242399216E-002   1.0000000000000000     
   1385.5875244140625        1.0046883821487427        3.5221148282289505E-002   1.0000000000000000     
   1385.6174316406250       0.94174855947494507        3.4173261374235153E-002   1.0000000000000000     
   1385.6473388671875       0.96811193227767944        3.4591466188430786E-002   1.0000000000000000     
   1385.6772460937500       0.91998606920242310        3.3706881105899811E-002   1.0000000000000000     
   1385.7071533203125       0.96378761529922485        3.4507054835557938E-002   1.0000000000000000     
   1385.7370605468750        1.0277804136276245        3.5613156855106354E-002   1.0000000000000000     
   1385.7669677734375       0.99854362010955811        3.5146340727806091E-002   1.0000000000000000     
   1385.7969970703125        1.0085638761520386        3.5338658839464188E-002   1.0000000000000000     
   1385.8269042968750       0.98003262281417847        3.4825261682271957E-002   1.0000000000000000     
   1385.8568115234375       0.92323642969131470        3.3769007772207260E-002   1.0000000000000000     
   1385.8867187500000       0.96976542472839355        3.4620489925146103E-002   1.0000000000000000     
   1385.9166259765625        1.0003603696823120        3.5147689282894135E-002   1.0000000000000000     
   1385.9465332031250       0.97357869148254395        3.4847211092710495E-002   1.0000000000000000     
   1385.9764404296875        1.0082221031188965        3.5364739596843719E-002   1.0000000000000000     
   1386.0063476562500        1.0840872526168823        3.6611769348382950E-002   1.0000000000000000     
   1386.0362548828125        1.0729407072067261        3.6481376737356186E-002   1.0000000000000000     
   1386.0661621093750        1.0313266515731812        3.5675499588251114E-002   1.0000000000000000     
   1386.0960693359375        1.0040745735168457        3.5242535173892975E-002   1.0000000000000000     
   1386.1259765625000       0.98678344488143921        3.4876156598329544E-002   1.0000000000000000     
   1386.1558837890625        1.0223500728607178        3.5527516156435013E-002   1.0000000000000000     
   1386.1857910156250        1.0099657773971558        3.5351295024156570E-002   1.0000000000000000     
   1386.2156982421875        1.0105557441711426        3.5300113260746002E-002   1.0000000000000000     
   1386.2456054687500       0.97843104600906372        3.4741424024105072E-002   1.0000000000000000     
   1386.2755126953125       0.96646428108215332        3.4746646881103516E-002   1.0000000000000000     
   1386.3054199218750        1.0528142452239990        3.6086387932300568E-002   1.0000000000000000     
   1386.3353271484375        1.0593994855880737        3.6208152770996094E-002   1.0000000000000000     
   1386.3652343750000        1.0081270933151245        3.5429019480943680E-002   1.0000000000000000     
   1386.3951416015625       0.96396881341934204        3.4598834812641144E-002   1.0000000000000000     
   1386.4250488281250        1.0040298700332642        3.5177718847990036E-002   1.0000000000000000     
   1386.4549560546875       0.93243968486785889        3.3905871212482452E-002   1.0000000000000000     
   1386.4848632812500       0.99674618244171143        3.5037182271480560E-002   1.0000000000000000     
   1386.5147705078125        1.0278266668319702        3.5716660320758820E-002   1.0000000000000000     
   1386.5446777343750        1.0087817907333374        3.5244505852460861E-002   1.0000000000000000     
   1386.5745849609375       0.93082046508789062        3.3867746591567993E-002   1.0000000000000000     
   1386.6044921875000        1.0000351667404175        3.5072628408670425E-002   1.0000000000000000     
   1386.6343994140625       0.96981459856033325        3.4560155123472214E-002   1.0000000000000000     
   1386.6643066406250        1.0021463632583618        3.5101342946290970E-002   1.0000000000000000     
   1386.6942138671875       0.94275021553039551        3.4138914197683334E-002   1.0000000000000000     
!  ---- tick mark positions for above ----
!      1384.19295     1     1
