! -------------------------
   1356.3056640625000       0.96091562509536743        3.7496458739042282E-002   1.0000000000000000     
   1356.3355712890625       0.99167811870574951        3.7937998771667480E-002   1.0000000000000000     
   1356.3654785156250        1.0086863040924072        3.8311768323183060E-002   1.0000000000000000     
   1356.3953857421875        1.0407763719558716        3.8849171251058578E-002   1.0000000000000000     
   1356.4252929687500        1.0826702117919922        3.9673157036304474E-002   1.0000000000000000     
   1356.4552001953125        1.0341501235961914        3.8842409849166870E-002   1.0000000000000000     
   1356.4851074218750       0.97563022375106812        3.7792108952999115E-002   1.0000000000000000     
   1356.5150146484375        1.0057106018066406        3.8225740194320679E-002   1.0000000000000000     
   1356.5449218750000        1.0424088239669800        3.8884583860635757E-002   1.0000000000000000     
   1356.5748291015625        1.0218626260757446        3.8495149463415146E-002   1.0000000000000000     
   1356.6047363281250       0.99035286903381348        3.7945933640003204E-002   1.0000000000000000     
   1356.6346435546875        1.0170315504074097        3.8435593247413635E-002   1.0000000000000000     
   1356.6645507812500       0.96581935882568359        3.7445783615112305E-002   1.0000000000000000     
   1356.6944580078125       0.98552119731903076        3.7796556949615479E-002   1.0000000000000000     
   1356.7243652343750        1.0085698366165161        3.8213774561882019E-002   1.0000000000000000     
   1356.7542724609375       0.91344815492630005        3.6391615867614746E-002   1.0000000000000000     
   1356.7841796875000       0.98270529508590698        3.7752125412225723E-002   1.0000000000000000     
   1356.8142089843750       0.91637283563613892        3.6550737917423248E-002   1.0000000000000000     
   1356.8441162109375       0.97890788316726685        3.7706147879362106E-002   1.0000000000000000     
   1356.8740234375000       0.93905413150787354        3.6977648735046387E-002   1.0000000000000000     
   1356.9039306640625       0.91349583864212036        3.6508370190858841E-002   1.0000000000000000     
   1356.9338378906250       0.96299052238464355        3.7367507815361023E-002   1.0000000000000000     
   1356.9637451171875       0.93102174997329712        3.6803793162107468E-002   1.0000000000000000     
   1356.9936523437500       0.91336482763290405        3.6383870989084244E-002   1.0000000000000000     
   1357.0235595703125       0.98286402225494385        3.7821788340806961E-002   1.0000000000000000     
   1357.0534667968750        1.0036938190460205        3.8275428116321564E-002   1.0000000000000000     
   1357.0833740234375       0.96072763204574585        3.7285618484020233E-002   1.0000000000000000     
   1357.1132812500000       0.99805217981338501        3.8137778639793396E-002   1.0000000000000000     
   1357.1431884765625       0.98290437459945679        3.7702791392803192E-002   1.0000000000000000     
   1357.1730957031250        1.0301460027694702        3.8608353585004807E-002   1.0000000000000000     
   1357.2030029296875        1.0490405559539795        3.9058726280927658E-002   1.0000000000000000     
   1357.2329101562500        1.0525934696197510        3.9206326007843018E-002   1.0000000000000000     
   1357.2628173828125       0.95654255151748657        3.7213422358036041E-002   1.0000000000000000     
   1357.2927246093750        1.0472296476364136        3.8946833461523056E-002   1.0000000000000000     
   1357.3226318359375       0.98932015895843506        3.7832144647836685E-002   1.0000000000000000     
   1357.3525390625000        1.0311337709426880        3.8671880960464478E-002   1.0000000000000000     
   1357.3824462890625       0.98701602220535278        3.7844806909561157E-002   1.0000000000000000     
   1357.4123535156250       0.99560236930847168        3.8028769195079803E-002   1.0000000000000000     
   1357.4422607421875       0.91435396671295166        3.6444559693336487E-002   1.0000000000000000     
   1357.4721679687500       0.97024852037429810        3.7685580551624298E-002   1.0000000000000000     
   1357.5020751953125        1.0599210262298584        3.9197795093059540E-002   1.0000000000000000     
   1357.5319824218750        1.0738229751586914        3.9387587457895279E-002   1.0000000000000000     
   1357.5618896484375        1.0992190837860107        3.9840951561927795E-002   1.0000000000000000     
   1357.5917968750000        1.0380289554595947        3.8747981190681458E-002   1.0000000000000000     
   1357.6217041015625        1.0157980918884277        3.8378562778234482E-002   1.0000000000000000     
   1357.6516113281250        1.0297993421554565        3.8679953664541245E-002   1.0000000000000000     
   1357.6815185546875       0.98856288194656372        3.7846598774194717E-002   1.0000000000000000     
   1357.7114257812500       0.96960532665252686        3.7455838173627853E-002   1.0000000000000000     
   1357.7413330078125       0.92118906974792480        3.6538161337375641E-002   1.0000000000000000     
   1357.7712402343750       0.94638872146606445        3.7000905722379684E-002   1.0000000000000000     
   1357.8011474609375       0.94189083576202393        3.6915499716997147E-002  0.99988638477720571     
   1357.8310546875000       0.90457171201705933        3.6249063909053802E-002  0.99987375173585524     
   1357.8609619140625        1.0001720190048218        3.8112100213766098E-002  0.99985681419647110     
   1357.8908691406250        1.0184323787689209        3.8382317870855331E-002  0.99983508976782554     
   1357.9207763671875        1.0065782070159912        3.8115572184324265E-002  0.99980829675911120     
   1357.9506835937500       0.97292494773864746        3.7714410573244095E-002  0.99977592862735909     
   1357.9805908203125        1.0082499980926514        3.8268163800239563E-002  0.99973817465612258     
   1358.0104980468750        1.0081063508987427        3.8195203989744186E-002  0.99969527646480172     
   1358.0404052734375       0.97040522098541260        3.7506725639104843E-002  0.99964217654642928     
   1358.0703125000000        1.0378029346466064        3.8885053247213364E-002  0.99956324051653966     
   1358.1002197265625        1.0450098514556885        3.8850232958793640E-002  0.99944096207704991     
   1358.1302490234375        1.0180141925811768        3.8353353738784790E-002  0.99926708799574915     
   1358.1601562500000        1.0585885047912598        3.9099913090467453E-002  0.99901965251529334     
   1358.1900634765625        1.0120768547058105        3.8208294659852982E-002  0.99863991915168604     
   1358.2199707031250        1.0659165382385254        3.9248015731573105E-002  0.99807380897492537     
   1358.2498779296875        1.0121139287948608        3.8204733282327652E-002  0.99728323745286407     
   1358.2797851562500       0.94840198755264282        3.7077441811561584E-002  0.99615164356899111     
   1358.3096923828125       0.98658299446105957        3.7744585424661636E-002  0.99450647774417833     
   1358.3395996093750       0.97073757648468018        3.7592981010675430E-002  0.99226486644149203     
   1358.3695068359375        1.0087836980819702        3.8278155028820038E-002  0.98907703880549802     
   1358.3994140625000       0.92632722854614258        3.6875002086162567E-002  0.98298296937336993     
   1358.4293212890625       0.94582098722457886        3.7093579769134521E-002  0.96837062139842001     
   1358.4592285156250       0.89083731174468994        3.6073356866836548E-002  0.93530647912787146     
   1358.4891357421875       0.77000010013580322        3.3673945814371109E-002  0.88099262600693129     
   1358.5190429687500       0.69961172342300415        3.1812325119972229E-002  0.83287883313848710     
   1358.5489501953125       0.79591286182403564        3.3921636641025543E-002  0.82926596335159941     
   1358.5788574218750       0.84180390834808350        3.4928288310766220E-002  0.86285139844544856     
   1358.6087646484375       0.88305234909057617        3.5760991275310516E-002  0.89508925742709644     
   1358.6386718750000       0.97126954793930054        3.7487920373678207E-002  0.91171474648277517     
   1358.6685791015625       0.93560618162155151        3.6855991929769516E-002  0.92189199010959122     
   1358.6984863281250       0.98204290866851807        3.7695735692977905E-002  0.93361915654289040     
   1358.7283935546875       0.94925570487976074        3.7002403289079666E-002  0.94800904445516754     
   1358.7583007812500       0.97027111053466797        3.7404004484415054E-002  0.96277151035549624     
   1358.7882080078125       0.93916600942611694        3.6803975701332092E-002  0.97530036135049247     
   1358.8181152343750        1.0237735509872437        3.8557372987270355E-002  0.98432990532811193     
   1358.8480224609375        1.0482881069183350        3.8912322372198105E-002  0.99005908039308477     
   1358.8779296875000        1.0164355039596558        3.8482658565044403E-002  0.99343885444588231     
   1358.9078369140625        1.0437878370285034        3.8795575499534607E-002  0.99544558152154827     
   1358.9377441406250       0.98916089534759521        3.7793993949890137E-002  0.99672303892428549     
   1358.9676513671875        1.0181571245193481        3.8332987576723099E-002  0.99758772475855739     
   1358.9975585937500        1.0012643337249756        3.7994325160980225E-002  0.99818485893431452     
   1359.0274658203125        1.0690321922302246        3.9308089762926102E-002  0.99860361347501014     
   1359.0573730468750        1.0465080738067627        3.9079375565052032E-002  0.99890786046464453     
   1359.0872802734375        1.0445860624313354        3.8839489221572876E-002  0.99913937245114026     
   1359.1171875000000       0.98623901605606079        3.7721376866102219E-002  0.99932235247552814     
   1359.1470947265625       0.97949534654617310        3.7554286420345306E-002  0.99946855390974887     
   1359.1770019531250       0.97391504049301147        3.7591516971588135E-002  0.99958277336627255     
   1359.2069091796875       0.97858607769012451        3.7545721977949142E-002  0.99966917986002313     
   1359.2368164062500       0.96617883443832397        3.7303354591131210E-002  0.99973360665767774     
   1359.2667236328125       0.94950067996978760        3.6981653422117233E-002  0.99978111666157066     
   1359.2966308593750        1.0121052265167236        3.8195334374904633E-002  0.99981523097519664     
   1359.3265380859375       0.98999398946762085        3.7928186357021332E-002  0.99983949404767170     
   1359.3564453125000        1.0147244930267334        3.8263481110334396E-002  0.99985757723330637     
   1359.3863525390625        1.0044484138488770        3.8072053343057632E-002  0.99987244216940641     
   1359.4162597656250        1.0560783147811890        3.9115108549594879E-002   1.0000000000000000     
   1359.4462890625000       0.99936401844024658        3.7971302866935730E-002   1.0000000000000000     
   1359.4761962890625       0.93285906314849854        3.6637231707572937E-002   1.0000000000000000     
   1359.5061035156250       0.94913011789321899        3.6978866904973984E-002   1.0000000000000000     
   1359.5360107421875        1.0236669778823853        3.8418017327785492E-002   1.0000000000000000     
   1359.5659179687500       0.93025565147399902        3.6643695086240768E-002   1.0000000000000000     
   1359.5958251953125        1.0261597633361816        3.8488321006298065E-002   1.0000000000000000     
   1359.6257324218750        1.0875769853591919        3.9571702480316162E-002   1.0000000000000000     
   1359.6556396484375        1.0400167703628540        3.8690749555826187E-002   1.0000000000000000     
   1359.6855468750000        1.0300664901733398        3.8534335792064667E-002   1.0000000000000000     
   1359.7154541015625       0.97791814804077148        3.7584193050861359E-002   1.0000000000000000     
   1359.7453613281250        1.0201145410537720        3.8339853286743164E-002   1.0000000000000000     
   1359.7752685546875        1.0017206668853760        3.7949331104755402E-002   1.0000000000000000     
   1359.8051757812500       0.98185771703720093        3.7576135247945786E-002   1.0000000000000000     
   1359.8350830078125       0.95473420619964600        3.7217017263174057E-002   1.0000000000000000     
   1359.8649902343750       0.99128597974777222        3.7849824875593185E-002   1.0000000000000000     
   1359.8948974609375        1.0257159471511841        3.8414895534515381E-002   1.0000000000000000     
   1359.9248046875000       0.98876303434371948        3.7706609815359116E-002   1.0000000000000000     
   1359.9547119140625       0.97948908805847168        3.7652436643838882E-002   1.0000000000000000     
   1359.9846191406250       0.96507769823074341        3.7297267466783524E-002   1.0000000000000000     
   1360.0145263671875       0.97229152917861938        3.7429813295602798E-002   1.0000000000000000     
   1360.0444335937500       0.92239433526992798        3.6525886505842209E-002   1.0000000000000000     
   1360.0743408203125       0.93498170375823975        3.6652617156505585E-002   1.0000000000000000     
   1360.1042480468750       0.89936697483062744        3.6116775125265121E-002   1.0000000000000000     
   1360.1341552734375       0.84850126504898071        3.4928523004055023E-002   1.0000000000000000     
   1360.1640625000000       0.71621167659759521        3.2116409391164780E-002   1.0000000000000000     
   1360.1939697265625       0.61281639337539673        2.9839318245649338E-002   1.0000000000000000     
   1360.2238769531250       0.54791879653930664        2.8189420700073242E-002   1.0000000000000000     
   1360.2537841796875       0.54631870985031128        2.8106931596994400E-002   1.0000000000000000     
   1360.2836914062500       0.56232213973999023        2.8553750365972519E-002   1.0000000000000000     
   1360.3135986328125       0.61283707618713379        2.9700690880417824E-002   1.0000000000000000     
   1360.3435058593750       0.61004638671875000        2.9637480154633522E-002   1.0000000000000000     
   1360.3734130859375       0.66795629262924194        3.1026124954223633E-002   1.0000000000000000     
   1360.4033203125000       0.71290147304534912        3.2099049538373947E-002   1.0000000000000000     
   1360.4332275390625       0.81486988067626953        3.4209363162517548E-002   1.0000000000000000     
   1360.4631347656250       0.86247766017913818        3.5380240529775620E-002   1.0000000000000000     
   1360.4930419921875       0.89256483316421509        3.5909980535507202E-002   1.0000000000000000     
   1360.5229492187500       0.96421051025390625        3.7206895649433136E-002   1.0000000000000000     
   1360.5528564453125       0.89620494842529297        3.5866431891918182E-002   1.0000000000000000     
   1360.5827636718750       0.96048682928085327        3.7230011075735092E-002   1.0000000000000000     
   1360.6126708984375       0.94880098104476929        3.6972861737012863E-002   1.0000000000000000     
   1360.6425781250000       0.93252980709075928        3.6697145551443100E-002   1.0000000000000000     
   1360.6724853515625        1.0093365907669067        3.8033463060855865E-002   1.0000000000000000     
   1360.7023925781250        1.0077618360519409        3.8001086562871933E-002   1.0000000000000000     
   1360.7322998046875        1.0319523811340332        3.8448788225650787E-002   1.0000000000000000     
   1360.7623291015625       0.92862290143966675        3.6541670560836792E-002   1.0000000000000000     
   1360.7922363281250        1.0529509782791138        3.9010591804981232E-002   1.0000000000000000     
   1360.8221435546875       0.98144483566284180        3.7556175142526627E-002   1.0000000000000000     
   1360.8520507812500       0.97849959135055542        3.7503041326999664E-002   1.0000000000000000     
   1360.8819580078125        1.0360792875289917        3.8512166589498520E-002   1.0000000000000000     
!  ---- tick mark positions for above ----
!      1358.53176     6     1
!      1358.65165     6     2
