      1.00000       0.0000000
      2.00000   7.2602938e-06
      3.00000   7.3411097e-06
      4.00000   7.4505292e-06
      5.00000   7.5794696e-06
      6.00000   7.6939778e-06
      7.00000   7.7744144e-06
      8.00000   7.8105886e-06
      9.00000   7.8125995e-06
      10.0000   7.8025168e-06
      11.0000   7.7896821e-06
      12.0000   7.7734248e-06
      13.0000   7.7573432e-06
      14.0000   7.7493032e-06
      15.0000   7.7600580e-06
      16.0000   7.8008698e-06
      17.0000   7.8823250e-06
      18.0000   8.0146037e-06
      19.0000   8.2041252e-06
      20.0000   8.4562116e-06
      21.0000   8.7675853e-06
      22.0000   9.1197035e-06
      23.0000   9.4913885e-06
      24.0000   9.8813462e-06
      25.0000   1.0302550e-05
      26.0000   1.0753646e-05
      27.0000   1.1218826e-05
      28.0000   1.1681635e-05
      29.0000   1.2128106e-05
      30.0000   1.2545484e-05
      31.0000   1.2916168e-05
      32.0000   1.3207878e-05
      33.0000   1.3401565e-05
      34.0000   1.3517378e-05
      35.0000   1.3593170e-05
      36.0000   1.3657280e-05
      37.0000   1.3714131e-05
      38.0000   1.3743529e-05
      39.0000   1.3727535e-05
      40.0000   1.3666845e-05
      41.0000   1.3571232e-05
      42.0000   1.3479793e-05
      43.0000   1.3462241e-05
      44.0000   1.3575222e-05
      45.0000   1.3834812e-05
      46.0000   1.4219609e-05
      47.0000   1.4688423e-05
      48.0000   1.5202774e-05
      49.0000   1.5734635e-05
      50.0000   1.6262744e-05
      51.0000   1.6777858e-05
      52.0000   1.7290771e-05
      53.0000   1.7842562e-05
      54.0000   1.8491024e-05
      55.0000   1.9270894e-05
      56.0000   2.0148547e-05
      57.0000   2.1043086e-05
      58.0000   2.1876871e-05
      59.0000   2.2596956e-05
      60.0000   2.3204273e-05
      61.0000   2.3713121e-05
      62.0000   2.4105406e-05
      63.0000   2.4364284e-05
      64.0000   2.4494455e-05
      65.0000   2.4532193e-05
      66.0000   2.4550756e-05
      67.0000   2.4600373e-05
      68.0000   2.4689936e-05
      69.0000   2.4849156e-05
      70.0000   2.5134745e-05
      71.0000   2.5550384e-05
      72.0000   2.6023350e-05
      73.0000   2.6490072e-05
      74.0000   2.6959919e-05
      75.0000   2.7492508e-05
      76.0000   2.8097435e-05
      77.0000   2.8721179e-05
      78.0000   2.9352885e-05
      79.0000   3.0097875e-05
      80.0000   3.1095387e-05
      81.0000   3.2396889e-05
      82.0000   3.3974855e-05
      83.0000   3.5822784e-05
      84.0000   3.7987640e-05
      85.0000   4.0468927e-05
      86.0000   4.3173288e-05
      87.0000   4.6024037e-05
      88.0000   4.9010345e-05
      89.0000   5.2112751e-05
      90.0000   5.5297092e-05
      91.0000   5.8515063e-05
      92.0000   6.1663093e-05
      93.0000   6.4716667e-05
      94.0000   6.7860390e-05
      95.0000   7.1386210e-05
      96.0000   7.5465898e-05
      97.0000   7.9972539e-05
      98.0000   8.4593536e-05
      99.0000   8.9242814e-05
      100.000   9.4212803e-05
      101.000   0.00010005290
      102.000   0.00010732878
      103.000   0.00011637848
      104.000   0.00012724492
      105.000   0.00013983027
      106.000   0.00015422676
      107.000   0.00017076697
      108.000   0.00018964639
      109.000   0.00021083877
      110.000   0.00023434393
      111.000   0.00025958518
      112.000   0.00028489059
      113.000   0.00030828756
      114.000   0.00032857692
      115.000   0.00034553951
      116.000   0.00036008377
      117.000   0.00037416088
      118.000   0.00038962089
      119.000   0.00040679306
      120.000   0.00042483865
      121.000   0.00044394782
      122.000   0.00046661388
      123.000   0.00049673120
      124.000   0.00053728744
      125.000   0.00058854540
      126.000   0.00064921082
      127.000   0.00071955170
      128.000   0.00080104847
      129.000   0.00089251256
      130.000   0.00098891091
      131.000    0.0010858426
      132.000    0.0011858487
      133.000    0.0012975521
      134.000    0.0014243055
      135.000    0.0015547884
      136.000    0.0016699929
      137.000    0.0017596077
      138.000    0.0018307746
      139.000    0.0019030262
      140.000    0.0019964902
      141.000    0.0021309163
      142.000    0.0023213557
      143.000    0.0025601813
      144.000    0.0028211491
      145.000    0.0031005801
      146.000    0.0034533259
      147.000    0.0039640977
      148.000    0.0046709646
      149.000    0.0055365204
      150.000    0.0065214816
      151.000    0.0077028177
      152.000    0.0093244528
      153.000     0.011781201
      154.000     0.015612835
      155.000     0.021386510
      156.000     0.029496906
      157.000     0.040315509
      158.000     0.054425597
      159.000     0.071623959
      160.000     0.088889979
      161.000      0.10001120
      162.000     0.099315681
      163.000     0.086962841
      164.000     0.068737105
      165.000     0.050882194
      166.000     0.036640786
      167.000     0.026367525
      168.000     0.019186294
      169.000     0.014196107
      170.000     0.010764033
      171.000    0.0084219584
      172.000    0.0067965700
      173.000    0.0056309490
      174.000    0.0047724592
      175.000    0.0041253385
      176.000    0.0036214737
      177.000    0.0032105730
      178.000    0.0028633054
      179.000    0.0025752082
      180.000    0.0023512316
      181.000    0.0021814813
      182.000    0.0020407380
      183.000    0.0019074334
      184.000    0.0017704968
      185.000    0.0016222834
      186.000    0.0014593932
      187.000    0.0012870454
      188.000    0.0011210474
      189.000   0.00098129374
      190.000   0.00087558303
      191.000   0.00079430622
      192.000   0.00072180142
      193.000   0.00064877619
      194.000   0.00057445531
      195.000   0.00050279917
      196.000   0.00043944156
      197.000   0.00038857575
      198.000   0.00035031521
      199.000   0.00032108842
      200.000   0.00029648744
      201.000   0.00027395802
      202.000   0.00025275929
      203.000   0.00023274396
      204.000   0.00021381589
      205.000   0.00019594643
      206.000   0.00017919784
      207.000   0.00016344497
      208.000   0.00014849972
      209.000   0.00013455203
      210.000   0.00012201072
      211.000   0.00011108333
      212.000   0.00010178627
      213.000   9.3967894e-05
      214.000   8.7381886e-05
      215.000   8.1811384e-05
      216.000   7.7104793e-05
      217.000   7.3292016e-05
      218.000   7.0465227e-05
      219.000   6.8534369e-05
      220.000   6.7184701e-05
      221.000   6.5965593e-05
      222.000   6.4482840e-05
      223.000   6.2642976e-05
      224.000   6.0582071e-05
      225.000   5.8432019e-05
      226.000   5.6330326e-05
      227.000   5.4425200e-05
      228.000   5.2711461e-05
      229.000   5.1011011e-05
      230.000   4.9192266e-05
      231.000   4.7232876e-05
      232.000   4.5183762e-05
      233.000   4.3173422e-05
      234.000   4.1344254e-05
      235.000   3.9743314e-05
      236.000   3.8245860e-05
      237.000   3.6645535e-05
      238.000   3.4868590e-05
      239.000   3.3038934e-05
      240.000   3.1316740e-05
      241.000   2.9781660e-05
      242.000   2.8438537e-05
      243.000   2.7238175e-05
      244.000   2.6128640e-05
      245.000   2.5109384e-05
      246.000   2.4203071e-05
      247.000   2.3435827e-05
      248.000   2.2842185e-05
      249.000   2.2432943e-05
      250.000   2.2185894e-05
      251.000   2.2082273e-05
      252.000   2.2110513e-05
      253.000   2.2237869e-05
      254.000   2.2400438e-05
      255.000   2.2522850e-05
      256.000   2.2548511e-05
      257.000   2.2446759e-05
      258.000   2.2223001e-05
      259.000   2.1905051e-05
      260.000   2.1504500e-05
      261.000   2.1028856e-05
      262.000   2.0503681e-05
      263.000   1.9941011e-05
      264.000   1.9314139e-05
      265.000   1.8601420e-05
      266.000   1.7829905e-05
      267.000   1.7049539e-05
      268.000   1.6304470e-05
      269.000   1.5620642e-05
      270.000   1.5010564e-05
      271.000   1.4499851e-05
      272.000   1.4115071e-05
      273.000   1.3836741e-05
      274.000   1.3606294e-05
      275.000   1.3378678e-05
      276.000   1.3160882e-05
      277.000   1.2996396e-05
      278.000   1.2917540e-05
      279.000   1.2930260e-05
      280.000   1.3013307e-05
      281.000   1.3115130e-05
      282.000   1.3189167e-05
      283.000   1.3223954e-05
      284.000   1.3220783e-05
      285.000   1.3181159e-05
      286.000   1.3108552e-05
      287.000   1.3002552e-05
      288.000   1.2855839e-05
      289.000   1.2648487e-05
      290.000   1.2353591e-05
      291.000   1.1959233e-05
      292.000   1.1480134e-05
      293.000   1.0955786e-05
      294.000   1.0439650e-05
      295.000   9.9665367e-06
      296.000   9.5321748e-06
      297.000   9.1136899e-06
      298.000   8.7008166e-06
      299.000   8.3101786e-06
      300.000   7.9722831e-06
      301.000   7.7104132e-06
      302.000   7.5320277e-06
      303.000   7.4356894e-06
      304.000   7.4099567e-06
      305.000   7.4275054e-06
      306.000   7.4561385e-06
      307.000   7.4743884e-06
      308.000   7.4770751e-06
      309.000   7.4728537e-06
      310.000   7.4703289e-06
      311.000   7.4705135e-06
      312.000   7.4765844e-06
      313.000   7.4851250e-06
      314.000   7.4756481e-06
      315.000   7.4301006e-06
      316.000   7.3546366e-06
      317.000   7.2696416e-06
      318.000   7.1916702e-06
      319.000   7.1208751e-06
      320.000   7.0541996e-06
      321.000   6.9515513e-06
