             1.00000    7.8487792052e-05
             2.00000    8.0061712652e-05
             3.00000    8.2133461547e-05
             4.00000    8.4687155322e-05
             5.00000    8.7526306743e-05
             6.00000    9.0308276413e-05
             7.00000    9.2651265732e-05
             8.00000    9.4281938800e-05
             9.00000    9.5103059721e-05
            10.00000    9.5215858892e-05
            11.00000    9.4844574051e-05
            12.00000    9.4141112641e-05
            13.00000    9.3261616712e-05
            14.00000    9.2333015346e-05
            15.00000    9.1439665994e-05
            16.00000    9.0398927568e-05
            17.00000    8.9006651251e-05
            18.00000    8.7408305262e-05
            19.00000    8.6068175733e-05
            20.00000    8.5533320089e-05
            21.00000    8.6071479018e-05
            22.00000    8.7583415734e-05
            23.00000    8.9838154963e-05
            24.00000    9.2452268291e-05
            25.00000    9.5064337074e-05
            26.00000    9.7616022686e-05
            27.00000    1.0040679626e-04
            28.00000    1.0372379620e-04
            29.00000    1.0728896450e-04
            30.00000    1.1062627163e-04
            31.00000    1.1337168689e-04
            32.00000    1.1538294348e-04
            33.00000    1.1665995407e-04
            34.00000    1.1731018458e-04
            35.00000    1.1761803034e-04
            36.00000    1.1776448082e-04
            37.00000    1.1768941476e-04
            38.00000    1.1734627333e-04
            39.00000    1.1687681399e-04
            40.00000    1.1637505668e-04
            41.00000    1.1592902592e-04
            42.00000    1.1560040730e-04
            43.00000    1.1559863196e-04
            44.00000    1.1635702685e-04
            45.00000    1.1809866555e-04
            46.00000    1.2072189566e-04
            47.00000    1.2390426127e-04
            48.00000    1.2733209587e-04
            49.00000    1.3094992028e-04
            50.00000    1.3483849762e-04
            51.00000    1.3920392666e-04
            52.00000    1.4408530842e-04
            53.00000    1.4913146151e-04
            54.00000    1.5391892521e-04
            55.00000    1.5811123012e-04
            56.00000    1.6160584346e-04
            57.00000    1.6448952374e-04
            58.00000    1.6717541439e-04
            59.00000    1.7022345855e-04
            60.00000    1.7385176034e-04
            61.00000    1.7763396318e-04
            62.00000    1.8132191326e-04
            63.00000    1.8459823332e-04
            64.00000    1.8731917953e-04
            65.00000    1.8966951757e-04
            66.00000    1.9218957459e-04
            67.00000    1.9539459026e-04
            68.00000    1.9935664022e-04
            69.00000    2.0386383403e-04
            70.00000    2.0877987845e-04
            71.00000    2.1421190468e-04
            72.00000    2.2019576863e-04
            73.00000    2.2728716431e-04
            74.00000    2.3572002829e-04
            75.00000    2.4537771242e-04
            76.00000    2.5561841903e-04
            77.00000    2.6612277725e-04
            78.00000    2.7669899282e-04
            79.00000    2.8670937172e-04
            80.00000    2.9527876177e-04
            81.00000    3.0228143441e-04
            82.00000    3.0773426988e-04
            83.00000    3.1271655462e-04
            84.00000    3.1766440952e-04
            85.00000    3.2301549800e-04
            86.00000    3.2873731107e-04
            87.00000    3.3429035102e-04
            88.00000    3.3942676964e-04
            89.00000    3.4530952689e-04
            90.00000    3.5360487527e-04
            91.00000    3.6673463183e-04
            92.00000    3.8465191028e-04
            93.00000    4.0588746197e-04
            94.00000    4.2817744543e-04
            95.00000    4.5050034532e-04
            96.00000    4.7430209816e-04
            97.00000    5.0128693692e-04
            98.00000    5.3371331887e-04
            99.00000    5.7309964905e-04
           100.00000    6.1955401907e-04
           101.00000    6.7322223913e-04
           102.00000    7.3333847104e-04
           103.00000    7.9867726890e-04
           104.00000    8.6834066315e-04
           105.00000    9.4031408662e-04
           106.00000    1.0132584721e-03
           107.00000    1.0868257377e-03
           108.00000    1.1628230568e-03
           109.00000    1.2451055227e-03
           110.00000    1.3353206450e-03
           111.00000    1.4357101172e-03
           112.00000    1.5490262304e-03
           113.00000    1.6794805415e-03
           114.00000    1.8300857628e-03
           115.00000    2.0022673998e-03
           116.00000    2.1948232315e-03
           117.00000    2.3987798486e-03
           118.00000    2.6113579515e-03
           119.00000    2.8387864586e-03
           120.00000    3.0983483884e-03
           121.00000    3.3970251679e-03
           122.00000    3.7262761034e-03
           123.00000    4.0631024167e-03
           124.00000    4.3882895261e-03
           125.00000    4.6829590574e-03
           126.00000    4.9286750145e-03
           127.00000    5.1272315904e-03
           128.00000    5.3101382218e-03
           129.00000    5.5156643502e-03
           130.00000    5.7602417655e-03
           131.00000    6.0277711600e-03
           132.00000    6.3455305062e-03
           133.00000    6.7451875657e-03
           134.00000    7.3009892367e-03
           135.00000    8.0258557573e-03
           136.00000    8.9041655883e-03
           137.00000    9.8493872210e-03
           138.00000    1.0789809749e-02
           139.00000    1.1681714095e-02
           140.00000    1.2563277967e-02
           141.00000    1.3514564373e-02
           142.00000    1.4652654529e-02
           143.00000    1.6010267660e-02
           144.00000    1.7541455105e-02
           145.00000    1.9109994173e-02
           146.00000    2.0743107423e-02
           147.00000    2.2750522941e-02
           148.00000    2.5534436107e-02
           149.00000    2.9401192442e-02
           150.00000    3.4170452505e-02
           151.00000    3.9348632097e-02
           152.00000    4.4507090002e-02
           153.00000    4.9374021590e-02
           154.00000    5.4150044918e-02
           155.00000    5.9687156230e-02
           156.00000    6.8085670471e-02
           157.00000    8.2165822387e-02
           158.00000    1.0513551533e-01
           159.00000    1.4231085777e-01
           160.00000    1.9717819989e-01
           161.00000    2.7894192934e-01
           162.00000    3.8714832067e-01
           163.00000    5.2672308683e-01
           164.00000    6.9791674614e-01
           165.00000    8.7393444777e-01
           166.00000    9.9428969622e-01
           167.00000    1.0000000000e+00
           168.00000    8.9431339502e-01
           169.00000    7.3433047533e-01
           170.00000    5.7500368357e-01
           171.00000    4.3995407224e-01
           172.00000    3.2637211680e-01
           173.00000    2.3757044971e-01
           174.00000    1.7136941850e-01
           175.00000    1.2457176298e-01
           176.00000    9.3124710023e-02
           177.00000    7.2719767690e-02
           178.00000    6.0695245862e-02
           179.00000    5.3566168994e-02
           180.00000    4.8783220351e-02
           181.00000    4.4851619750e-02
           182.00000    4.0827311575e-02
           183.00000    3.6228440702e-02
           184.00000    3.1282268465e-02
           185.00000    2.6710791513e-02
           186.00000    2.3246521130e-02
           187.00000    2.1083764732e-02
           188.00000    1.9854748622e-02
           189.00000    1.9025741145e-02
           190.00000    1.8218163401e-02
           191.00000    1.7187843099e-02
           192.00000    1.5876408666e-02
           193.00000    1.4385285787e-02
           194.00000    1.2801321223e-02
           195.00000    1.1215135455e-02
           196.00000    9.6950242296e-03
           197.00000    8.3267679438e-03
           198.00000    7.1614631452e-03
           199.00000    6.1931102537e-03
           200.00000    5.4214564152e-03
           201.00000    4.8143886961e-03
           202.00000    4.3413047679e-03
           203.00000    3.9669228718e-03
           204.00000    3.6560730077e-03
           205.00000    3.3807375003e-03
           206.00000    3.1186735723e-03
           207.00000    2.8589514550e-03
           208.00000    2.5974947494e-03
           209.00000    2.3462101817e-03
           210.00000    2.1240527276e-03
           211.00000    1.9346174086e-03
           212.00000    1.7647552304e-03
           213.00000    1.6009502579e-03
           214.00000    1.4439319493e-03
           215.00000    1.3036456658e-03
           216.00000    1.1875128839e-03
           217.00000    1.0996370111e-03
           218.00000    1.0357855354e-03
           219.00000    9.9030125421e-04
           220.00000    9.5522328047e-04
           221.00000    9.2460412998e-04
           222.00000    8.9355191449e-04
           223.00000    8.5881119594e-04
           224.00000    8.2134082913e-04
           225.00000    7.8317750013e-04
           226.00000    7.4622570537e-04
           227.00000    7.1069493424e-04
           228.00000    6.7602505442e-04
           229.00000    6.4255140023e-04
           230.00000    6.0985021992e-04
           231.00000    5.7884037960e-04
           232.00000    5.4899911629e-04
           233.00000    5.1996728871e-04
           234.00000    4.9111706903e-04
           235.00000    4.6293254127e-04
           236.00000    4.3688438018e-04
           237.00000    4.1339150630e-04
           238.00000    3.9235199802e-04
           239.00000    3.7353808875e-04
           240.00000    3.5710271914e-04
           241.00000    3.4351879731e-04
           242.00000    3.3261964563e-04
           243.00000    3.2395060407e-04
           244.00000    3.1604993274e-04
           245.00000    3.0836017686e-04
           246.00000    3.0111262458e-04
           247.00000    2.9510242166e-04
           248.00000    2.9040942900e-04
           249.00000    2.8646818828e-04
           250.00000    2.8253311757e-04
           251.00000    2.7778666117e-04
           252.00000    2.7201973717e-04
           253.00000    2.6535068173e-04
           254.00000    2.5813077809e-04
           255.00000    2.5080121122e-04
           256.00000    2.4359321105e-04
           257.00000    2.3670916562e-04
           258.00000    2.2969937709e-04
           259.00000    2.2218941012e-04
           260.00000    2.1437462419e-04
           261.00000    2.0688332734e-04
           262.00000    2.0003340614e-04
           263.00000    1.9371687085e-04
           264.00000    1.8768457812e-04
           265.00000    1.8202258798e-04
           266.00000    1.7683528131e-04
           267.00000    1.7243032926e-04
           268.00000    1.6870388936e-04
           269.00000    1.6534716997e-04
           270.00000    1.6209427849e-04
           271.00000    1.5913134848e-04
           272.00000    1.5692198940e-04
           273.00000    1.5546612849e-04
           274.00000    1.5431003703e-04
           275.00000    1.5309790615e-04
           276.00000    1.5165316290e-04
           277.00000    1.4995111269e-04
           278.00000    1.4783738879e-04
           279.00000    1.4538498363e-04
           280.00000    1.4251525863e-04
           281.00000    1.3914254669e-04
           282.00000    1.3516376202e-04
           283.00000    1.3067357941e-04
           284.00000    1.2582360068e-04
           285.00000    1.2076808343e-04
           286.00000    1.1590019858e-04
           287.00000    1.1161155999e-04
           288.00000    1.0822303011e-04
           289.00000    1.0577145440e-04
           290.00000    1.0408274829e-04
           291.00000    1.0307042976e-04
           292.00000    1.0254228255e-04
           293.00000    1.0253951768e-04
           294.00000    1.0311559163e-04
           295.00000    1.0426506196e-04
           296.00000    1.0589182057e-04
           297.00000    1.0770562221e-04
           298.00000    1.0940794891e-04
           299.00000    1.1063583224e-04
           300.00000    1.1116578389e-04
           301.00000    1.1095583613e-04
           302.00000    1.1005341366e-04
           303.00000    1.0858980386e-04
           304.00000    1.0663094145e-04
           305.00000    1.0436674347e-04
           306.00000    1.0188505257e-04
           307.00000    9.9269607745e-05
           308.00000    9.6578594821e-05
           309.00000    9.3856746389e-05
           310.00000    9.1166562925e-05
           311.00000    8.8569999207e-05
           312.00000    8.6180858489e-05
           313.00000    8.4196253738e-05
           314.00000    8.2724451204e-05
           315.00000    8.2075384853e-05
           316.00000    8.2401777036e-05
           317.00000    8.3800805442e-05
           318.00000    8.5782849055e-05
           319.00000    8.7780157628e-05
           320.00000    8.9362001745e-05
           321.00000    9.0564441052e-05
           322.00000    9.1643414635e-05
           323.00000    9.2741625849e-05
           324.00000    9.3700378784e-05
           325.00000    9.4368399004e-05
           326.00000    9.4362832897e-05
           327.00000    9.3470589491e-05
           328.00000    9.1579342552e-05
           329.00000    8.9005661721e-05
           330.00000    8.6203806859e-05
           331.00000    8.3610604634e-05
