             1.00000    7.1065100201e-05
             2.00000    7.2690403613e-05
             3.00000    7.4370000220e-05
             4.00000    7.6106196502e-05
             5.00000    7.7901597251e-05
             6.00000    7.9758698121e-05
             7.00000    8.1680598669e-05
             8.00000    8.3669998276e-05
             9.00000    8.5730200226e-05
            10.00000    8.7864500529e-05
            11.00000    9.0076398919e-05
            12.00000    9.2369598860e-05
            13.00000    9.4748102129e-05
            14.00000    9.7216099675e-05
            15.00000    9.9778000731e-05
            16.00000    1.0243900033e-04
            17.00000    1.0520299838e-04
            18.00000    1.0807599756e-04
            19.00000    1.1106499733e-04
            20.00000    1.1417300266e-04
            21.00000    1.1741000344e-04
            22.00000    1.2078000145e-04
            23.00000    1.2429199705e-04
            24.00000    1.2795400107e-04
            25.00000    1.3177300571e-04
            26.00000    1.3575899357e-04
            27.00000    1.3992200547e-04
            28.00000    1.4427100541e-04
            29.00000    1.4881900279e-04
            30.00000    1.5357699885e-04
            31.00000    1.5855699894e-04
            32.00000    1.6377400607e-04
            33.00000    1.6924299416e-04
            34.00000    1.7497999943e-04
            35.00000    1.8100200396e-04
            36.00000    1.8732699391e-04
            37.00000    1.9397800497e-04
            38.00000    2.0097399829e-04
            39.00000    2.0834100724e-04
            40.00000    2.1610500698e-04
            41.00000    2.2429300589e-04
            42.00000    2.3293799313e-04
            43.00000    2.4207099341e-04
            44.00000    2.5173200993e-04
            45.00000    2.6195900864e-04
            46.00000    2.7279800270e-04
            47.00000    2.8429599479e-04
            48.00000    2.9650799115e-04
            49.00000    3.0949199572e-04
            50.00000    3.2331299735e-04
            51.00000    3.3804500708e-04
            52.00000    3.5376500455e-04
            53.00000    3.7056399742e-04
            54.00000    3.8854000741e-04
            55.00000    4.0780400741e-04
            56.00000    4.2847800069e-04
            57.00000    4.5069999760e-04
            58.00000    4.7462701332e-04
            59.00000    5.0043297233e-04
            60.00000    5.2831502398e-04
            61.00000    5.5849802447e-04
            62.00000    5.9123599203e-04
            63.00000    6.2682101270e-04
            64.00000    6.6558399703e-04
            65.00000    7.0790597238e-04
            66.00000    7.5422902592e-04
            67.00000    8.0506101949e-04
            68.00000    8.6099398322e-04
            69.00000    9.2271802714e-04
            70.00000    9.9104305264e-04
            71.00000    1.0669199983e-03
            72.00000    1.1514900252e-03
            73.00000    1.2460900471e-03
            74.00000    1.3523499947e-03
            75.00000    1.4722000342e-03
            76.00000    1.6080200439e-03
            77.00000    1.7627100460e-03
            78.00000    1.9398500444e-03
            79.00000    2.1438999102e-03
            80.00000    2.3804700468e-03
            81.00000    2.6566800661e-03
            82.00000    2.9816799797e-03
            83.00000    3.3546299674e-03
            84.00000    3.7295299117e-03
            85.00000    4.1481298395e-03
            86.00000    4.6551101841e-03
            87.00000    5.2698999643e-03
            88.00000    5.9944400564e-03
            89.00000    6.8597998470e-03
            90.00000    7.9300999641e-03
            91.00000    9.2917699367e-03
            92.00000    1.1081700213e-02
            93.00000    1.3519500382e-02
            94.00000    1.7025699839e-02
            95.00000    2.2318899632e-02
            96.00000    3.0428700149e-02
            97.00000    4.2384501547e-02
            98.00000    5.8186400682e-02
            99.00000    7.5581200421e-02
           100.00000    8.9916601777e-02
           101.00000    9.6142098308e-02
           102.00000    9.1820202768e-02
           103.00000    7.8640602529e-02
           104.00000    6.1245799065e-02
           105.00000    4.4492099434e-02
           106.00000    3.1360998750e-02
           107.00000    2.2435400635e-02
           108.00000    1.6792599112e-02
           109.00000    1.3208700344e-02
           110.00000    1.0800099932e-02
           111.00000    9.0742101893e-03
           112.00000    7.7348798513e-03
           113.00000    6.6004800610e-03
           114.00000    5.6020598859e-03
           115.00000    4.7464100644e-03
           116.00000    4.0548900142e-03
           117.00000    3.5158600658e-03
           118.00000    3.0846300069e-03
           119.00000    2.7184800711e-03
           120.00000    2.3931099568e-03
           121.00000    2.1322700195e-03
           122.00000    1.9105799729e-03
           123.00000    1.7207099590e-03
           124.00000    1.5569400275e-03
           125.00000    1.4147600159e-03
           126.00000    1.2906099437e-03
           127.00000    1.1816000333e-03
           128.00000    1.0853999993e-03
           129.00000    1.0001199553e-03
           130.00000    9.2419399880e-04
           131.00000    8.5632002447e-04
           132.00000    7.9541699961e-04
           133.00000    7.4057898019e-04
           134.00000    6.9103902206e-04
           135.00000    6.4614700386e-04
           136.00000    6.0534902150e-04
           137.00000    5.6816998404e-04
           138.00000    5.3420098266e-04
           139.00000    5.0308997743e-04
           140.00000    4.7453001025e-04
           141.00000    4.4825399527e-04
           142.00000    4.2402901454e-04
           143.00000    4.0165000246e-04
           144.00000    3.8093799958e-04
           145.00000    3.6173500121e-04
           146.00000    3.4389900975e-04
           147.00000    3.2730601379e-04
           148.00000    3.1184501131e-04
           149.00000    2.9741699109e-04
           150.00000    2.8393400135e-04
           151.00000    2.7131699608e-04
           152.00000    2.5949301198e-04
           153.00000    2.4839999969e-04
           154.00000    2.3797899485e-04
           155.00000    2.2817800345e-04
           156.00000    2.1894900419e-04
           157.00000    2.1025000024e-04
           158.00000    2.0204100292e-04
           159.00000    1.9428800442e-04
           160.00000    1.8695699691e-04
           161.00000    1.8001899298e-04
           162.00000    1.7344699882e-04
           163.00000    1.6721599968e-04
           164.00000    1.6130300355e-04
           165.00000    1.5568800154e-04
           166.00000    1.5034999524e-04
           167.00000    1.4527300664e-04
           168.00000    1.4043999545e-04
           169.00000    1.3583600230e-04
           170.00000    1.3144599507e-04
           171.00000    1.2725900160e-04
           172.00000    1.2326199794e-04
           173.00000    1.1944300059e-04
           174.00000    1.1579300190e-04
           175.00000    1.1230199743e-04
           176.00000    1.0896100139e-04
           177.00000    1.0576200293e-04
           178.00000    1.0269600170e-04
           179.00000    9.9757598946e-05
           180.00000    9.6938798379e-05
           181.00000    9.4233699201e-05
           182.00000    9.1636298748e-05
           183.00000    8.9141001808e-05
           184.00000    8.6742700660e-05
           185.00000    8.4436498582e-05
           186.00000    8.2217899035e-05
           187.00000    8.0082398199e-05
           188.00000    7.8026198025e-05
           189.00000    7.6045398600e-05
           190.00000    7.4136398325e-05
           191.00000    7.2295799328e-05
           192.00000    7.0520502049e-05
           193.00000    6.8807603384e-05
           194.00000    6.7153996497e-05
           195.00000    6.5557302150e-05
           196.00000    6.4014799136e-05
           197.00000    6.2524297391e-05
           198.00000    6.1083301262e-05
           199.00000    5.9689798945e-05
           200.00000    5.8341800468e-05
           201.00000    5.7037301303e-05
