      1.00000       0.0000000
      2.00000   7.1303211e-06
      3.00000   7.3232700e-06
      4.00000   7.4535069e-06
      5.00000   7.5626681e-06
      6.00000   7.6535134e-06
      7.00000   7.7447257e-06
      8.00000   7.8486473e-06
      9.00000   7.9832798e-06
      10.0000   8.1578846e-06
      11.0000   8.3622972e-06
      12.0000   8.5812508e-06
      13.0000   8.8062689e-06
      14.0000   9.0320809e-06
      15.0000   9.2518194e-06
      16.0000   9.4589623e-06
      17.0000   9.6469194e-06
      18.0000   9.8220808e-06
      19.0000   1.0015186e-05
      20.0000   1.0263097e-05
      21.0000   1.0577719e-05
      22.0000   1.0931645e-05
      23.0000   1.1282050e-05
      24.0000   1.1590199e-05
      25.0000   1.1834361e-05
      26.0000   1.2025347e-05
      27.0000   1.2208994e-05
      28.0000   1.2427858e-05
      29.0000   1.2681974e-05
      30.0000   1.2928845e-05
      31.0000   1.3118368e-05
      32.0000   1.3230348e-05
      33.0000   1.3277077e-05
      34.0000   1.3292020e-05
      35.0000   1.3323012e-05
      36.0000   1.3404765e-05
      37.0000   1.3555407e-05
      38.0000   1.3775530e-05
      39.0000   1.4051547e-05
      40.0000   1.4370728e-05
      41.0000   1.4722479e-05
      42.0000   1.5094054e-05
      43.0000   1.5464509e-05
      44.0000   1.5798752e-05
      45.0000   1.6077078e-05
      46.0000   1.6323329e-05
      47.0000   1.6602356e-05
      48.0000   1.6982462e-05
      49.0000   1.7500543e-05
      50.0000   1.8142275e-05
      51.0000   1.8848810e-05
      52.0000   1.9540748e-05
      53.0000   2.0153011e-05
      54.0000   2.0673962e-05
      55.0000   2.1135071e-05
      56.0000   2.1571863e-05
      57.0000   2.1993857e-05
      58.0000   2.2376278e-05
      59.0000   2.2685630e-05
      60.0000   2.2918104e-05
      61.0000   2.3079927e-05
      62.0000   2.3180348e-05
      63.0000   2.3251065e-05
      64.0000   2.3334531e-05
      65.0000   2.3462366e-05
      66.0000   2.3627614e-05
      67.0000   2.3804414e-05
      68.0000   2.4004697e-05
      69.0000   2.4272271e-05
      70.0000   2.4650513e-05
      71.0000   2.5133942e-05
      72.0000   2.5657801e-05
      73.0000   2.6154146e-05
      74.0000   2.6644399e-05
      75.0000   2.7236083e-05
      76.0000   2.8048666e-05
      77.0000   2.9137827e-05
      78.0000   3.0503319e-05
      79.0000   3.2131018e-05
      80.0000   3.3970908e-05
      81.0000   3.5926747e-05
      82.0000   3.7908700e-05
      83.0000   3.9904728e-05
      84.0000   4.2004234e-05
      85.0000   4.4302848e-05
      86.0000   4.6807065e-05
      87.0000   4.9443941e-05
      88.0000   5.2062733e-05
      89.0000   5.4510547e-05
      90.0000   5.6797766e-05
      91.0000   5.9149443e-05
      92.0000   6.1852392e-05
      93.0000   6.5020511e-05
      94.0000   6.8524758e-05
      95.0000   7.2135015e-05
      96.0000   7.5725868e-05
      97.0000   7.9392783e-05
      98.0000   8.3521569e-05
      99.0000   8.8735644e-05
      100.000   9.5569572e-05
      101.000   0.00010410332
      102.000   0.00011402339
      103.000   0.00012514583
      104.000   0.00013768057
      105.000   0.00015195325
      106.000   0.00016818148
      107.000   0.00018660500
      108.000   0.00020717693
      109.000   0.00022904217
      110.000   0.00025066879
      111.000   0.00027056091
      112.000   0.00028775178
      113.000   0.00030228059
      114.000   0.00031549210
      115.000   0.00032925836
      116.000   0.00034448583
      117.000   0.00036039873
      118.000   0.00037566220
      119.000   0.00039060216
      120.000   0.00040797802
      121.000   0.00043178181
      122.000   0.00046514205
      123.000   0.00050837453
      124.000   0.00055940810
      125.000   0.00061736396
      126.000   0.00068401417
      127.000   0.00076069054
      128.000   0.00084478140
      129.000   0.00093098724
      130.000    0.0010166435
      131.000    0.0011063186
      132.000    0.0012082724
      133.000    0.0013237732
      134.000    0.0014411863
      135.000    0.0015429353
      136.000    0.0016195660
      137.000    0.0016759937
      138.000    0.0017273062
      139.000    0.0017919167
      140.000    0.0018909383
      141.000    0.0020441390
      142.000    0.0022490579
      143.000    0.0024730167
      144.000    0.0026893797
      145.000    0.0029269080
      146.000    0.0032692957
      147.000    0.0037890058
      148.000    0.0044856090
      149.000    0.0053052981
      150.000    0.0062343124
      151.000    0.0073863748
      152.000    0.0090146214
      153.000     0.011492072
      154.000     0.015298973
      155.000     0.020914713
      156.000     0.028729590
      157.000     0.039350845
      158.000     0.053842384
      159.000     0.072381280
      160.000     0.091593906
      161.000      0.10405710
      162.000      0.10297745
      163.000     0.088837795
      164.000     0.068772167
      165.000     0.049902968
      166.000     0.035403047
      167.000     0.025199313
      168.000     0.018170331
      169.000     0.013347148
      170.000     0.010090103
      171.000    0.0079301260
      172.000    0.0064597852
      173.000    0.0053916043
      174.000    0.0045884126
      175.000    0.0039840667
      176.000    0.0035192901
      177.000    0.0031412044
      178.000    0.0028165744
      179.000    0.0025328407
      180.000    0.0022942668
      181.000    0.0021038034
      182.000    0.0019491058
      183.000    0.0018139124
      184.000    0.0016906225
      185.000    0.0015736063
      186.000    0.0014516449
      187.000    0.0013174295
      188.000    0.0011731199
      189.000    0.0010278127
      190.000   0.00089703465
      191.000   0.00079389889
      192.000   0.00071801496
      193.000   0.00065767358
      194.000   0.00060117117
      195.000   0.00054316112
      196.000   0.00048351084
      197.000   0.00042563651
      198.000   0.00037460658
      199.000   0.00033374951
      200.000   0.00030282114
      201.000   0.00027893926
      202.000   0.00025892808
      203.000   0.00024075519
      204.000   0.00022362397
      205.000   0.00020753453
      206.000   0.00019241525
      207.000   0.00017791678
      208.000   0.00016391619
      209.000   0.00015054383
      210.000   0.00013789335
      211.000   0.00012590335
      212.000   0.00011464465
      213.000   0.00010437259
      214.000   9.5330746e-05
      215.000   8.7615779e-05
      216.000   8.1103790e-05
      217.000   7.5615011e-05
      218.000   7.0994844e-05
      219.000   6.7129069e-05
      220.000   6.4024898e-05
      221.000   6.1722916e-05
      222.000   6.0144179e-05
      223.000   5.9090733e-05
      224.000   5.8277597e-05
      225.000   5.7380548e-05
      226.000   5.6220561e-05
      227.000   5.4856882e-05
      228.000   5.3454598e-05
      229.000   5.2117524e-05
      230.000   5.0842886e-05
      231.000   4.9592491e-05
      232.000   4.8268204e-05
      233.000   4.6741134e-05
      234.000   4.5007342e-05
      235.000   4.3132295e-05
      236.000   4.1184652e-05
      237.000   3.9300281e-05
      238.000   3.7636528e-05
      239.000   3.6236866e-05
      240.000   3.4951827e-05
      241.000   3.3531418e-05
      242.000   3.1875199e-05
      243.000   3.0146957e-05
      244.000   2.8584918e-05
      245.000   2.7308226e-05
      246.000   2.6325541e-05
      247.000   2.5590763e-05
      248.000   2.4994026e-05
      249.000   2.4406754e-05
      250.000   2.3773253e-05
      251.000   2.3100578e-05
      252.000   2.2438462e-05
      253.000   2.1867059e-05
      254.000   2.1456159e-05
      255.000   2.1239472e-05
      256.000   2.1212791e-05
      257.000   2.1320358e-05
      258.000   2.1454787e-05
      259.000   2.1524498e-05
      260.000   2.1508977e-05
      261.000   2.1433025e-05
      262.000   2.1310263e-05
      263.000   2.1120062e-05
      264.000   2.0828711e-05
      265.000   2.0420935e-05
      266.000   1.9925694e-05
      267.000   1.9392750e-05
      268.000   1.8846606e-05
      269.000   1.8290910e-05
      270.000   1.7719009e-05
      271.000   1.7118517e-05
      272.000   1.6495749e-05
      273.000   1.5883164e-05
      274.000   1.5327418e-05
      275.000   1.4870405e-05
      276.000   1.4518763e-05
      277.000   1.4251312e-05
      278.000   1.4041801e-05
      279.000   1.3856804e-05
      280.000   1.3666344e-05
      281.000   1.3471251e-05
      282.000   1.3287530e-05
      283.000   1.3136875e-05
      284.000   1.3035717e-05
      285.000   1.2971301e-05
      286.000   1.2917547e-05
      287.000   1.2852511e-05
      288.000   1.2754203e-05
      289.000   1.2617095e-05
      290.000   1.2451062e-05
      291.000   1.2273848e-05
      292.000   1.2108844e-05
      293.000   1.1960050e-05
      294.000   1.1802873e-05
      295.000   1.1599467e-05
      296.000   1.1319780e-05
      297.000   1.0976996e-05
      298.000   1.0615456e-05
      299.000   1.0269257e-05
      300.000   9.9500139e-06
      301.000   9.6569920e-06
      302.000   9.3894705e-06
      303.000   9.1418615e-06
      304.000   8.9001524e-06
      305.000   8.6572763e-06
      306.000   8.4298144e-06
      307.000   8.2478573e-06
      308.000   8.1294320e-06
      309.000   8.0617774e-06
      310.000   8.0106183e-06
      311.000   7.9479323e-06
      312.000   7.8604771e-06
      313.000   7.7436216e-06
      314.000   7.6093825e-06
      315.000   7.4810023e-06
      316.000   7.3699807e-06
      317.000   7.2624971e-06
      318.000   7.1350528e-06
      319.000   6.9758603e-06
      320.000   6.8142299e-06
      321.000   6.6367652e-06
