      1.00000   5.9731242e-06
      2.00000   5.9322379e-06
      3.00000   5.8863275e-06
      4.00000   5.8519286e-06
      5.00000   5.8564933e-06
      6.00000   5.9139875e-06
      7.00000   6.0276902e-06
      8.00000   6.1943415e-06
      9.00000   6.3968046e-06
      10.0000   6.6039865e-06
      11.0000   6.7872688e-06
      12.0000   6.9353378e-06
      13.0000   7.0597321e-06
      14.0000   7.1789718e-06
      15.0000   7.2922026e-06
      16.0000   7.3787201e-06
      17.0000   7.4198019e-06
      18.0000   7.4082168e-06
      19.0000   7.3500414e-06
      20.0000   7.2714038e-06
      21.0000   7.2119037e-06
      22.0000   7.2011981e-06
      23.0000   7.2454905e-06
      24.0000   7.3321012e-06
      25.0000   7.4505779e-06
      26.0000   7.6079791e-06
      27.0000   7.8216863e-06
      28.0000   8.1043054e-06
      29.0000   8.4494868e-06
      30.0000   8.8314882e-06
      31.0000   9.2194077e-06
      32.0000   9.5918813e-06
      33.0000   9.9378049e-06
      34.0000   1.0241343e-05
      35.0000   1.0478275e-05
      36.0000   1.0636728e-05
      37.0000   1.0730620e-05
      38.0000   1.0784080e-05
      39.0000   1.0807443e-05
      40.0000   1.0798368e-05
      41.0000   1.0760799e-05
      42.0000   1.0707753e-05
      43.0000   1.0656244e-05
      44.0000   1.0636254e-05
      45.0000   1.0679514e-05
      46.0000   1.0803379e-05
      47.0000   1.1020317e-05
      48.0000   1.1342013e-05
      49.0000   1.1775134e-05
      50.0000   1.2323611e-05
      51.0000   1.2971203e-05
      52.0000   1.3669292e-05
      53.0000   1.4357474e-05
      54.0000   1.4992681e-05
      55.0000   1.5557151e-05
      56.0000   1.6041933e-05
      57.0000   1.6446096e-05
      58.0000   1.6792685e-05
      59.0000   1.7114167e-05
      60.0000   1.7419154e-05
      61.0000   1.7681208e-05
      62.0000   1.7869319e-05
      63.0000   1.8005789e-05
      64.0000   1.8180723e-05
      65.0000   1.8489414e-05
      66.0000   1.8966757e-05
      67.0000   1.9574107e-05
      68.0000   2.0226073e-05
      69.0000   2.0844560e-05
      70.0000   2.1417542e-05
      71.0000   2.2016970e-05
      72.0000   2.2748265e-05
      73.0000   2.3691160e-05
      74.0000   2.4869336e-05
      75.0000   2.6217140e-05
      76.0000   2.7577662e-05
      77.0000   2.8774260e-05
      78.0000   2.9707528e-05
      79.0000   3.0393070e-05
      80.0000   3.0916490e-05
      81.0000   3.1360392e-05
      82.0000   3.1778996e-05
      83.0000   3.2181342e-05
      84.0000   3.2551001e-05
      85.0000   3.2914773e-05
      86.0000   3.3341901e-05
      87.0000   3.3923348e-05
      88.0000   3.4769062e-05
      89.0000   3.5959467e-05
      90.0000   3.7531394e-05
      91.0000   3.9525163e-05
      92.0000   4.1923056e-05
      93.0000   4.4576249e-05
      94.0000   4.7309972e-05
      95.0000   5.0075141e-05
      96.0000   5.3024145e-05
      97.0000   5.6416153e-05
      98.0000   6.0426297e-05
      99.0000   6.5134249e-05
      100.000   7.0601272e-05
      101.000   7.6837590e-05
      102.000   8.3748768e-05
      103.000   9.1212845e-05
      104.000   9.9100944e-05
      105.000   0.00010717369
      106.000   0.00011527143
      107.000   0.00012361746
      108.000   0.00013271743
      109.000   0.00014305928
      110.000   0.00015485026
      111.000   0.00016791069
      112.000   0.00018199263
      113.000   0.00019742652
      114.000   0.00021526332
      115.000   0.00023639364
      116.000   0.00026063531
      117.000   0.00028731287
      118.000   0.00031687989
      119.000   0.00035101952
      120.000   0.00039090493
      121.000   0.00043598923
      122.000   0.00048392982
      123.000   0.00053160056
      124.000   0.00057626731
      125.000   0.00061591621
      126.000   0.00065016060
      127.000   0.00068084995
      128.000   0.00071086671
      129.000   0.00074216368
      130.000   0.00077607774
      131.000   0.00081640430
      132.000   0.00087043422
      133.000   0.00094533764
      134.000    0.0010453609
      135.000    0.0011739471
      136.000    0.0013335616
      137.000    0.0015210633
      138.000    0.0017304958
      139.000    0.0019642778
      140.000    0.0022344086
      141.000    0.0025456769
      142.000    0.0028794729
      143.000    0.0031989985
      144.000    0.0034838775
      145.000    0.0037621274
      146.000    0.0040854602
      147.000    0.0044877580
      148.000    0.0050161257
      149.000    0.0057789348
      150.000    0.0068912269
      151.000    0.0083894944
      152.000     0.010307931
      153.000     0.012907263
      154.000     0.016816597
      155.000     0.022894308
      156.000     0.031833410
      157.000     0.043817163
      158.000     0.058489423
      159.000     0.074552871
      160.000     0.088667445
      161.000     0.095711753
      162.000     0.092327863
      163.000     0.080227911
      164.000     0.064358935
      165.000     0.048990414
      166.000     0.036234792
      167.000     0.026530849
      168.000     0.019534837
      169.000     0.014646424
      170.000     0.011255828
      171.000    0.0088679092
      172.000    0.0071509122
      173.000    0.0059272996
      174.000    0.0051000030
      175.000    0.0045752726
      176.000    0.0042318120
      177.000    0.0039456435
      178.000    0.0036358859
      179.000    0.0032875515
      180.000    0.0029259492
      181.000    0.0025747204
      182.000    0.0022462723
      183.000    0.0019521440
      184.000    0.0017018929
      185.000    0.0014968644
      186.000    0.0013300421
      187.000    0.0011923834
      188.000    0.0010771356
      189.000   0.00097589468
      190.000   0.00087759632
      191.000   0.00077573600
      192.000   0.00067312166
      193.000   0.00057870819
      194.000   0.00049955503
      195.000   0.00043687236
      196.000   0.00038830729
      197.000   0.00035083969
      198.000   0.00032112352
      199.000   0.00029522998
      200.000   0.00027007223
      201.000   0.00024465212
      202.000   0.00021927459
      203.000   0.00019486662
      204.000   0.00017296504
      205.000   0.00015498549
      206.000   0.00014130774
      207.000   0.00013119591
      208.000   0.00012355570
      209.000   0.00011751784
      210.000   0.00011244852
      211.000   0.00010782319
      212.000   0.00010326653
      213.000   9.8565717e-05
      214.000   9.3663381e-05
      215.000   8.8677960e-05
      216.000   8.3719766e-05
      217.000   7.8765261e-05
      218.000   7.3807816e-05
      219.000   6.8993570e-05
      220.000   6.4521999e-05
      221.000   6.0520761e-05
      222.000   5.7007237e-05
      223.000   5.3853142e-05
      224.000   5.0852614e-05
      225.000   4.7918333e-05
      226.000   4.5104036e-05
      227.000   4.2498486e-05
      228.000   4.0197599e-05
      229.000   3.8266047e-05
      230.000   3.6711182e-05
      231.000   3.5456833e-05
      232.000   3.4370350e-05
      233.000   3.3340701e-05
      234.000   3.2328117e-05
      235.000   3.1394295e-05
      236.000   3.0635452e-05
      237.000   3.0091174e-05
      238.000   2.9744697e-05
      239.000   2.9534514e-05
      240.000   2.9321200e-05
      241.000   2.8927992e-05
      242.000   2.8237411e-05
      243.000   2.7242133e-05
      244.000   2.6057993e-05
      245.000   2.4863319e-05
      246.000   2.3784241e-05
      247.000   2.2820359e-05
      248.000   2.1904574e-05
      249.000   2.1015663e-05
      250.000   2.0193587e-05
      251.000   1.9477446e-05
      252.000   1.8881816e-05
      253.000   1.8397426e-05
      254.000   1.7994938e-05
      255.000   1.7661871e-05
      256.000   1.7410188e-05
      257.000   1.7232966e-05
      258.000   1.7101853e-05
      259.000   1.6982807e-05
      260.000   1.6831202e-05
      261.000   1.6619479e-05
      262.000   1.6360162e-05
      263.000   1.6068572e-05
      264.000   1.5729151e-05
      265.000   1.5307685e-05
      266.000   1.4780670e-05
      267.000   1.4163002e-05
      268.000   1.3495915e-05
      269.000   1.2811361e-05
      270.000   1.2142185e-05
      271.000   1.1533126e-05
      272.000   1.0999302e-05
      273.000   1.0523228e-05
      274.000   1.0101479e-05
      275.000   9.7679485e-06
      276.000   9.5669393e-06
      277.000   9.5127534e-06
      278.000   9.5757923e-06
      279.000   9.6997182e-06
      280.000   9.8327146e-06
      281.000   9.9442923e-06
      282.000   1.0026069e-05
      283.000   1.0082230e-05
      284.000   1.0110992e-05
      285.000   1.0093004e-05
      286.000   9.9988820e-06
      287.000   9.8126329e-06
      288.000   9.5550049e-06
      289.000   9.2701321e-06
      290.000   8.9779433e-06
      291.000   8.6677592e-06
      292.000   8.3335335e-06
      293.000   7.9878164e-06
      294.000   7.6608630e-06
      295.000   7.3871802e-06
      296.000   7.1811764e-06
      297.000   7.0397559e-06
      298.000   6.9578678e-06
      299.000   6.9285575e-06
      300.000   6.9426051e-06
      301.000   6.9877565e-06
      302.000   7.0491678e-06
      303.000   7.1126660e-06
      304.000   7.1638297e-06
      305.000   7.1943173e-06
      306.000   7.2052785e-06
      307.000   7.1890067e-06
      308.000   7.1300524e-06
      309.000   7.0250840e-06
      310.000   6.8796844e-06
      311.000   6.7010724e-06
      312.000   6.5009785e-06
      313.000   6.2916038e-06
      314.000   6.0847274e-06
      315.000   5.9006384e-06
      316.000   5.7614143e-06
      317.000   5.6755853e-06
      318.000   5.6412559e-06
      319.000   5.6459453e-06
      320.000   5.6800104e-06
      321.000       0.0000000
