      1.00000       0.0000000
      2.00000   7.1019413e-06
      3.00000   7.2371317e-06
      4.00000   7.3651067e-06
      5.00000   7.5051316e-06
      6.00000   7.6338065e-06
      7.00000   7.7431396e-06
      8.00000   7.8438279e-06
      9.00000   7.9585488e-06
      10.0000   8.0989203e-06
      11.0000   8.2469096e-06
      12.0000   8.3732984e-06
      13.0000   8.4669055e-06
      14.0000   8.5415031e-06
      15.0000   8.6176615e-06
      16.0000   8.7125891e-06
      17.0000   8.8445522e-06
      18.0000   9.0291351e-06
      19.0000   9.2656119e-06
      20.0000   9.5392706e-06
      21.0000   9.8316959e-06
      22.0000   1.0136854e-05
      23.0000   1.0466681e-05
      24.0000   1.0834449e-05
      25.0000   1.1232985e-05
      26.0000   1.1627614e-05
      27.0000   1.1989243e-05
      28.0000   1.2314922e-05
      29.0000   1.2621642e-05
      30.0000   1.2925594e-05
      31.0000   1.3219867e-05
      32.0000   1.3479117e-05
      33.0000   1.3675347e-05
      34.0000   1.3793351e-05
      35.0000   1.3836234e-05
      36.0000   1.3817599e-05
      37.0000   1.3773944e-05
      38.0000   1.3760186e-05
      39.0000   1.3827185e-05
      40.0000   1.3990241e-05
      41.0000   1.4221761e-05
      42.0000   1.4489016e-05
      43.0000   1.4780699e-05
      44.0000   1.5104710e-05
      45.0000   1.5468888e-05
      46.0000   1.5858730e-05
      47.0000   1.6250164e-05
      48.0000   1.6627100e-05
      49.0000   1.6993949e-05
      50.0000   1.7391660e-05
      51.0000   1.7880420e-05
      52.0000   1.8500226e-05
      53.0000   1.9237381e-05
      54.0000   2.0021023e-05
      55.0000   2.0752048e-05
      56.0000   2.1372702e-05
      57.0000   2.1888391e-05
      58.0000   2.2319655e-05
      59.0000   2.2681012e-05
      60.0000   2.2975033e-05
      61.0000   2.3200093e-05
      62.0000   2.3370243e-05
      63.0000   2.3499084e-05
      64.0000   2.3586623e-05
      65.0000   2.3647155e-05
      66.0000   2.3735489e-05
      67.0000   2.3907718e-05
      68.0000   2.4172228e-05
      69.0000   2.4503554e-05
      70.0000   2.4885698e-05
      71.0000   2.5311163e-05
      72.0000   2.5748872e-05
      73.0000   2.6154306e-05
      74.0000   2.6521222e-05
      75.0000   2.6917429e-05
      76.0000   2.7468428e-05
      77.0000   2.8274913e-05
      78.0000   2.9348923e-05
      79.0000   3.0672356e-05
      80.0000   3.2258657e-05
      81.0000   3.4122495e-05
      82.0000   3.6235964e-05
      83.0000   3.8524620e-05
      84.0000   4.0908231e-05
      85.0000   4.3359280e-05
      86.0000   4.5886041e-05
      87.0000   4.8500417e-05
      88.0000   5.1189370e-05
      89.0000   5.3884076e-05
      90.0000   5.6527537e-05
      91.0000   5.9192353e-05
      92.0000   6.2074403e-05
      93.0000   6.5335800e-05
      94.0000   6.8943751e-05
      95.0000   7.2695591e-05
      96.0000   7.6413198e-05
      97.0000   8.0149635e-05
      98.0000   8.4262014e-05
      99.0000   8.9296700e-05
      100.000   9.5744057e-05
      101.000   0.00010380898
      102.000   0.00011338671
      103.000   0.00012431202
      104.000   0.00013666238
      105.000   0.00015069295
      106.000   0.00016654715
      107.000   0.00018430037
      108.000   0.00020416614
      109.000   0.00022585990
      110.000   0.00024810038
      111.000   0.00026924827
      112.000   0.00028816104
      113.000   0.00030440063
      114.000   0.00031849221
      115.000   0.00033194973
      116.000   0.00034635700
      117.000   0.00036199801
      118.000   0.00037776955
      119.000   0.00039320425
      120.000   0.00041043188
      121.000   0.00043355301
      122.000   0.00046629360
      123.000   0.00050994428
      124.000   0.00056256325
      125.000   0.00062138977
      126.000   0.00068646169
      127.000   0.00076019258
      128.000   0.00084273500
      129.000   0.00093001517
      130.000    0.0010182798
      131.000    0.0011101053
      132.000    0.0012133417
      133.000    0.0013306598
      134.000    0.0014510544
      135.000    0.0015563270
      136.000    0.0016354364
      137.000    0.0016928880
      138.000    0.0017455786
      139.000    0.0018120511
      140.000    0.0019105410
      141.000    0.0020594927
      142.000    0.0022605313
      143.000    0.0024885288
      144.000    0.0027214079
      145.000    0.0029830104
      146.000    0.0033495594
      147.000    0.0038910559
      148.000    0.0046049091
      149.000    0.0054335808
      150.000    0.0063629732
      151.000    0.0075157890
      152.000    0.0091609806
      153.000     0.011690230
      154.000     0.015604944
      155.000     0.021384006
      156.000     0.029365629
      157.000     0.040027920
      158.000     0.054204296
      159.000     0.071887173
      160.000     0.089921504
      161.000      0.10158950
      162.000      0.10075259
      163.000     0.087688141
      164.000     0.068724304
      165.000     0.050472349
      166.000     0.036144290
      167.000     0.025910472
      168.000     0.018796522
      169.000     0.013871333
      170.000     0.010495527
      171.000    0.0082095731
      172.000    0.0066344580
      173.000    0.0055019809
      174.000    0.0046640108
      175.000    0.0040361090
      176.000    0.0035533120
      177.000    0.0031615421
      178.000    0.0028245046
      179.000    0.0025308884
      180.000    0.0022891709
      181.000    0.0021032945
      182.000    0.0019586233
      183.000    0.0018347193
      184.000    0.0017184621
      185.000    0.0016004047
      186.000    0.0014702268
      187.000    0.0013241213
      188.000    0.0011682642
      189.000    0.0010179102
      190.000   0.00089143455
      191.000   0.00079642207
      192.000   0.00072482054
      193.000   0.00066319015
      194.000   0.00060231640
      195.000   0.00053908653
      196.000   0.00047542225
      197.000   0.00041639950
      198.000   0.00036700355
      199.000   0.00032896895
      200.000   0.00030032182
      201.000   0.00027730654
      202.000   0.00025700332
      203.000   0.00023828264
      204.000   0.00022095877
      205.000   0.00020482317
      206.000   0.00018941725
      207.000   0.00017455261
      208.000   0.00016035915
      209.000   0.00014684518
      210.000   0.00013388446
      211.000   0.00012162776
      212.000   0.00011047944
      213.000   0.00010068002
      214.000   9.2302107e-05
      215.000   8.5302352e-05
      216.000   7.9496996e-05
      217.000   7.4619900e-05
      218.000   7.0449198e-05
      219.000   6.6953973e-05
      220.000   6.4249063e-05
      221.000   6.2373911e-05
      222.000   6.1138766e-05
      223.000   6.0180886e-05
      224.000   5.9148584e-05
      225.000   5.7914101e-05
      226.000   5.6554938e-05
      227.000   5.5135373e-05
      228.000   5.3643573e-05
      229.000   5.2103158e-05
      230.000   5.0601986e-05
      231.000   4.9138856e-05
      232.000   4.7600275e-05
      233.000   4.5940640e-05
      234.000   4.4177956e-05
      235.000   4.2355390e-05
      236.000   4.0571707e-05
      237.000   3.8931081e-05
      238.000   3.7447655e-05
      239.000   3.6007699e-05
      240.000   3.4461718e-05
      241.000   3.2789158e-05
      242.000   3.1130439e-05
      243.000   2.9631552e-05
      244.000   2.8350987e-05
      245.000   2.7303535e-05
      246.000   2.6463094e-05
      247.000   2.5728514e-05
      248.000   2.4997733e-05
      249.000   2.4233135e-05
      250.000   2.3453324e-05
      251.000   2.2723574e-05
      252.000   2.2142374e-05
      253.000   2.1774820e-05
      254.000   2.1620646e-05
      255.000   2.1644348e-05
      256.000   2.1791739e-05
      257.000   2.1989239e-05
      258.000   2.2151908e-05
      259.000   2.2213635e-05
      260.000   2.2148139e-05
      261.000   2.1946429e-05
      262.000   2.1610018e-05
      263.000   2.1158970e-05
      264.000   2.0631574e-05
      265.000   2.0083195e-05
      266.000   1.9560443e-05
      267.000   1.9073679e-05
      268.000   1.8592158e-05
      269.000   1.8049584e-05
      270.000   1.7397850e-05
      271.000   1.6643224e-05
      272.000   1.5843598e-05
      273.000   1.5089165e-05
      274.000   1.4445784e-05
      275.000   1.3941029e-05
      276.000   1.3583629e-05
      277.000   1.3359903e-05
      278.000   1.3233685e-05
      279.000   1.3169019e-05
      280.000   1.3130703e-05
      281.000   1.3085393e-05
      282.000   1.3023655e-05
      283.000   1.2962520e-05
      284.000   1.2930445e-05
      285.000   1.2940913e-05
      286.000   1.2970389e-05
      287.000   1.2988594e-05
      288.000   1.2986619e-05
      289.000   1.2958699e-05
      290.000   1.2889172e-05
      291.000   1.2753300e-05
      292.000   1.2528982e-05
      293.000   1.2205391e-05
      294.000   1.1790709e-05
      295.000   1.1323533e-05
      296.000   1.0850722e-05
      297.000   1.0404555e-05
      298.000   9.9931513e-06
      299.000   9.6080794e-06
      300.000   9.2414484e-06
      301.000   8.8894503e-06
      302.000   8.5565134e-06
      303.000   8.2650031e-06
      304.000   8.0528935e-06
      305.000   7.9412775e-06
      306.000   7.9099345e-06
      307.000   7.9118417e-06
      308.000   7.9057081e-06
      309.000   7.8763751e-06
      310.000   7.8309522e-06
      311.000   7.7773875e-06
      312.000   7.7135010e-06
      313.000   7.6321630e-06
      314.000   7.5337093e-06
      315.000   7.4298378e-06
      316.000   7.3310598e-06
      317.000   7.2411381e-06
      318.000   7.1595414e-06
      319.000   7.0743654e-06
      320.000   6.9873340e-06
      321.000   6.8502086e-06
