H	H+	C+	C+2	C+3	N+	N+2	N+4	O	O+2	O+5	O+6	P+	Si+	Si+2	Si+3	Si+4
3.02005e+16	4.61823e+20	1.32388e+14	3.31474e+16	1.84280e+17	8.33778e+12	5.97144e+15	1.03911e+17	1.35297e+09	2.17170e+16	5.68807e+17	2.89102e+17	3.40745e+10	2.47141e+12	1.50138e+14	2.19628e+15	2.24797e+16
3.02005e+16	4.26779e+20	1.49460e+14	3.52430e+16	1.82000e+17	9.40900e+12	6.32991e+15	9.70860e+16	1.62631e+09	2.29914e+16	5.14405e+17	2.49606e+17	3.76049e+10	2.66936e+12	1.54593e+14	2.19572e+15	2.17669e+16
3.01996e+16	3.93393e+20	1.69026e+14	3.74974e+16	1.79301e+17	1.06297e+13	6.70383e+15	9.03132e+16	1.96053e+09	2.43301e+16	4.62659e+17	2.13936e+17	4.15410e+10	2.88761e+12	1.59405e+14	2.19948e+15	2.11001e+16
3.01995e+16	3.61809e+20	1.91078e+14	3.98438e+16	1.76046e+17	1.19885e+13	7.07558e+15	8.36761e+16	2.36288e+09	2.56679e+16	4.14188e+17	1.82151e+17	4.58877e+10	3.12507e+12	1.64368e+14	2.20579e+15	2.04741e+16
3.01996e+16	3.31895e+20	2.16229e+14	4.23130e+16	1.72199e+17	1.35103e+13	7.44363e+15	7.71763e+16	2.85314e+09	2.70071e+16	3.68760e+17	1.53952e+17	5.07909e+10	3.39200e+12	1.69746e+14	2.21661e+15	1.98761e+16
3.01995e+16	3.03653e+20	2.44677e+14	4.48837e+16	1.67808e+17	1.52108e+13	7.80745e+15	7.08563e+16	3.45148e+09	2.83516e+16	3.26330e+17	1.28970e+17	5.63369e+10	3.69300e+12	1.75503e+14	2.23093e+15	1.93032e+16
3.01995e+16	2.76951e+20	2.77000e+14	4.75664e+16	1.62832e+17	1.71097e+13	8.16231e+15	6.47207e+16	4.18275e+09	2.96904e+16	2.86738e+17	1.06930e+17	6.26317e+10	4.03276e+12	1.81713e+14	2.24937e+15	1.87470e+16
3.01998e+16	2.51805e+20	3.13737e+14	5.03514e+16	1.57268e+17	1.92309e+13	8.50394e+15	5.88058e+16	5.08227e+09	3.10153e+16	2.50003e+17	8.76379e+16	6.98356e+10	4.42059e+12	1.88529e+14	2.27199e+15	1.82024e+16
3.01993e+16	2.28228e+20	3.54988e+14	5.31851e+16	1.51127e+17	2.15695e+13	8.82300e+15	5.31487e+16	6.17749e+09	3.22982e+16	2.16150e+17	7.09139e+16	7.80312e+10	4.85954e+12	1.95843e+14	2.29814e+15	1.76644e+16
3.01995e+16	2.06131e+20	4.01751e+14	5.60856e+16	1.44414e+17	2.41691e+13	9.11923e+15	4.77472e+16	7.53246e+09	3.35598e+16	1.85008e+17	5.65096e+16	8.75689e+10	5.37002e+12	2.03986e+14	2.32942e+15	1.71245e+16
3.01994e+16	1.85591e+20	4.54027e+14	5.89319e+16	1.37108e+17	2.70010e+13	9.37049e+15	4.26641e+16	9.20354e+09	3.47408e+16	1.56750e+17	4.43222e+16	9.87550e+10	5.97218e+12	2.12963e+14	2.36489e+15	1.65744e+16
3.01995e+16	1.66505e+20	5.12071e+14	6.17354e+16	1.29377e+17	3.00987e+13	9.58944e+15	3.78877e+16	1.12507e+10	3.58816e+16	1.31014e+17	3.39475e+16	1.11618e+11	6.66112e+12	2.22664e+14	2.40370e+15	1.60179e+16
3.01995e+16	1.49094e+20	5.76263e+14	6.43280e+16	1.21134e+17	3.34074e+13	9.73769e+15	3.35031e+16	1.37891e+10	3.68994e+16	1.08318e+17	2.56394e+16	1.27081e+11	7.49659e+12	2.33683e+14	2.44838e+15	1.54381e+16
3.01998e+16	1.33253e+20	6.46128e+14	6.66671e+16	1.12613e+17	3.69503e+13	9.83151e+15	2.94896e+16	1.69278e+10	3.78512e+16	8.82754e+16	1.89321e+16	1.45375e+11	8.49098e+12	2.45831e+14	2.49669e+15	1.48383e+16
3.01995e+16	1.19014e+20	7.21675e+14	6.86356e+16	1.03893e+17	4.06910e+13	9.85783e+15	2.58753e+16	2.08200e+10	3.87330e+16	7.08642e+16	1.37145e+16	1.67324e+11	9.68973e+12	2.59363e+14	2.54939e+15	1.42098e+16
3.01995e+16	1.06059e+20	8.04415e+14	7.02365e+16	9.49307e+16	4.46841e+13	9.81816e+15	2.25851e+16	2.57166e+10	3.95861e+16	5.56044e+16	9.68710e+15	1.93853e+11	1.11425e+13	2.74495e+14	2.60732e+15	1.35372e+16
3.01995e+16	9.50729e+19	8.86160e+14	7.10290e+16	8.64395e+16	4.86947e+13	9.71016e+15	1.97937e+16	3.16989e+10	4.03612e+16	4.35188e+16	6.86505e+15	2.25585e+11	1.29103e+13	2.90600e+14	2.66271e+15	1.28533e+16
3.01995e+16	8.52921e+19	9.69356e+14	7.12808e+16	7.82391e+16	5.29121e+13	9.56238e+15	1.72981e+16	3.91006e+10	4.11277e+16	3.34755e+16	4.75641e+15	2.63046e+11	1.50152e+13	3.07696e+14	2.71606e+15	1.21476e+16
3.01995e+16	7.67209e+19	1.05158e+15	7.09320e+16	7.04780e+16	5.73496e+13	9.38363e+15	1.50925e+16	4.82907e+10	4.19074e+16	2.54785e+16	3.26845e+15	3.07490e+11	1.75494e+13	3.25910e+14	2.76604e+15	1.14240e+16
3.01995e+16	6.93618e+19	1.12846e+15	7.00453e+16	6.34436e+16	6.18585e+13	9.18631e+15	1.31924e+16	5.91944e+10	4.26127e+16	1.93112e+16	2.23832e+15	3.57472e+11	2.04400e+13	3.44001e+14	2.80715e+15	1.07168e+16
3.01995e+16	6.29458e+19	1.20032e+15	6.86928e+16	5.69998e+16	6.66587e+13	8.98539e+15	1.15096e+16	7.25867e+10	4.33307e+16	1.46507e+16	1.54682e+15	4.15416e+11	2.38662e+13	3.62982e+14	2.84183e+15	1.00102e+16
3.01995e+16	5.75857e+19	1.26088e+15	6.69443e+16	5.14512e+16	7.15581e+13	8.79430e+15	1.00907e+16	8.82055e+10	4.39307e+16	1.13955e+16	1.11196e+15	4.78951e+11	2.77600e+13	3.81655e+14	2.86407e+15	9.34678e+15
3.01995e+16	5.29974e+19	1.31180e+15	6.49589e+16	4.66188e+16	7.66024e+13	8.61419e+15	8.87556e+15	1.06294e+11	4.43989e+16	9.05392e+15	8.26163e+14	5.47760e+11	3.21413e+13	4.00002e+14	2.87512e+15	8.72435e+15
3.01995e+16	4.88880e+19	1.35628e+15	6.28252e+16	4.22498e+16	8.19379e+13	8.43879e+15	7.79513e+15	1.27659e+11	4.47676e+16	7.23969e+15	6.20782e+14	6.23080e+11	3.71354e+13	4.18542e+14	2.87800e+15	8.12441e+15
3.01995e+16	4.52586e+19	1.39349e+15	6.06078e+16	3.83901e+16	8.73910e+13	8.26642e+15	6.85999e+15	1.52066e+11	4.49838e+16	5.85610e+15	4.74290e+14	7.02912e+11	4.26353e+13	4.36209e+14	2.87101e+15	7.56265e+15
3.01995e+16	4.18905e+19	1.42608e+15	5.83118e+16	3.48060e+16	9.32541e+13	8.09298e+15	6.00744e+15	1.81245e+11	4.51198e+16	4.72022e+15	3.61314e+14	7.90387e+11	4.89769e+13	4.54537e+14	2.85836e+15	7.01101e+15
3.01995e+16	3.88466e+19	1.45297e+15	5.59903e+16	3.15868e+16	9.93389e+13	7.91935e+15	5.26068e+15	2.15017e+11	4.51247e+16	3.82571e+15	2.77515e+14	8.83254e+11	5.60501e+13	4.72448e+14	2.83758e+15	6.48868e+15
3.01995e+16	3.61114e+19	1.47462e+15	5.36883e+16	2.87265e+16	1.05500e+14	7.74426e+15	4.61492e+15	2.53225e+11	4.49879e+16	3.12097e+15	2.15037e+14	9.79603e+11	6.37107e+13	4.89007e+14	2.80871e+15	6.00214e+15
3.01995e+16	3.36189e+19	1.49163e+15	5.14036e+16	2.61542e+16	1.11803e+14	7.56585e+15	4.05017e+15	2.96831e+11	4.47263e+16	2.55613e+15	1.67595e+14	1.07992e+12	7.20847e+13	5.04453e+14	2.77221e+15	5.54452e+15
3.01995e+16	3.13375e+19	1.50478e+15	4.91603e+16	2.38303e+16	1.18252e+14	7.38545e+15	3.55423e+15	3.46485e+11	4.43576e+16	2.09925e+15	1.31100e+14	1.18383e+12	8.11943e+13	5.18836e+14	2.72935e+15	5.11388e+15
3.01995e+16	2.92490e+19	1.51424e+15	4.69669e+16	2.17381e+16	1.24784e+14	7.20188e+15	3.12074e+15	4.02599e+11	4.38835e+16	1.72958e+15	1.02985e+14	1.29016e+12	9.09917e+13	5.31686e+14	2.68022e+15	4.71115e+15
3.01994e+16	2.73298e+19	1.52062e+15	4.48361e+16	1.98451e+16	1.31398e+14	7.01665e+15	2.74037e+15	4.65968e+11	4.33210e+16	1.42827e+15	8.11379e+13	1.39861e+12	1.01507e+14	5.43142e+14	2.62573e+15	4.33416e+15
3.01995e+16	2.55565e+19	1.52431e+15	4.27695e+16	1.81229e+16	1.38137e+14	6.83014e+15	2.40505e+15	5.37708e+11	4.26833e+16	1.18083e+15	6.40151e+13	1.50906e+12	1.12805e+14	5.53337e+14	2.56647e+15	3.98026e+15
3.01995e+16	2.39191e+19	1.52580e+15	4.07738e+16	1.65582e+16	1.44984e+14	6.64248e+15	2.11041e+15	6.18712e+11	4.19744e+16	9.77772e+14	5.05959e+13	1.62058e+12	1.24859e+14	5.62128e+14	2.50281e+15	3.64961e+15
3.01992e+16	2.23991e+19	1.52487e+15	3.88426e+16	1.51319e+16	1.51921e+14	6.45292e+15	1.85071e+15	7.10036e+11	4.12007e+16	8.10129e+14	4.00085e+13	1.73248e+12	1.37703e+14	5.69429e+14	2.43519e+15	3.33993e+15
3.01995e+16	2.09922e+19	1.52230e+15	3.69895e+16	1.38330e+16	1.58942e+14	6.26359e+15	1.62253e+15	8.12602e+11	4.03747e+16	6.71984e+14	3.16677e+13	1.84416e+12	1.51292e+14	5.75317e+14	2.36440e+15	3.05153e+15
3.01995e+16	1.96847e+19	1.51808e+15	3.52064e+16	1.26481e+16	1.66047e+14	6.07339e+15	1.42187e+15	9.27959e+11	3.94975e+16	5.57760e+14	2.50807e+13	1.95476e+12	1.65614e+14	5.79591e+14	2.29042e+15	2.78302e+15
3.01995e+16	1.84728e+19	1.51249e+15	3.35006e+16	1.15696e+16	1.73180e+14	5.88372e+15	1.24611e+15	1.05663e+12	3.85798e+16	4.63508e+14	1.98871e+13	2.06334e+12	1.80535e+14	5.82104e+14	2.21390e+15	2.53473e+15
3.01995e+16	1.73423e+19	1.50547e+15	3.18627e+16	1.05826e+16	1.80369e+14	5.69398e+15	1.09130e+15	1.20076e+12	3.76246e+16	3.85171e+14	1.57606e+13	2.16944e+12	1.96132e+14	5.82997e+14	2.13525e+15	2.30389e+15
3.01995e+16	1.62825e+19	1.49740e+15	3.02894e+16	9.67173e+15	1.87694e+14	5.50474e+15	9.53975e+14	1.36344e+12	3.66368e+16	3.19676e+14	1.24657e+13	2.27335e+12	2.12641e+14	5.82958e+14	2.05503e+15	2.08748e+15
3.01995e+16	1.53021e+19	1.48856e+15	2.87941e+16	8.84692e+15	1.94956e+14	5.31730e+15	8.34810e+14	1.54307e+12	3.56267e+16	2.65837e+14	9.88332e+12	2.37254e+12	2.29370e+14	5.80667e+14	1.97363e+15	1.89033e+15
3.01995e+16	1.43854e+19	1.47868e+15	2.73624e+16	8.09112e+15	2.02231e+14	5.13091e+15	7.30038e+14	1.74310e+12	3.45948e+16	2.21000e+14	7.83390e+12	2.46725e+12	2.46572e+14	5.76689e+14	1.89127e+15	1.70823e+15
3.01995e+16	1.35288e+19	1.46817e+15	2.59958e+16	7.39807e+15	2.09526e+14	4.94638e+15	6.38051e+14	1.96580e+12	3.35466e+16	1.83702e+14	6.20948e+12	2.55717e+12	2.64170e+14	5.71174e+14	1.80845e+15	1.54046e+15
3.01993e+16	1.27257e+19	1.45682e+15	2.46877e+16	6.76190e+15	2.16822e+14	4.76332e+15	5.57192e+14	2.21359e+12	3.24835e+16	1.52597e+14	4.91860e+12	2.64158e+12	2.82093e+14	5.64030e+14	1.72531e+15	1.38594e+15
3.01994e+16	1.19761e+19	1.44502e+15	2.34430e+16	6.17988e+15	2.24093e+14	4.58311e+15	4.86484e+14	2.48774e+12	3.14149e+16	1.26770e+14	3.89716e+12	2.72004e+12	3.00127e+14	5.55310e+14	1.64259e+15	1.24470e+15
3.01995e+16	1.12738e+19	1.43279e+15	2.22561e+16	5.64567e+15	2.31355e+14	4.40553e+15	4.24481e+14	2.79169e+12	3.03423e+16	1.05258e+14	3.08641e+12	2.79235e+12	3.18238e+14	5.45133e+14	1.56047e+15	1.11534e+15
3.01995e+16	1.06159e+19	1.42022e+15	2.11257e+16	5.15465e+15	2.38603e+14	4.23106e+15	3.70069e+14	3.12854e+12	2.92742e+16	8.73224e+13	2.44248e+12	2.85835e+12	3.36384e+14	5.33695e+14	1.47962e+15	9.96662e+14
3.01995e+16	9.99875e+18	1.40735e+15	2.00482e+16	4.70380e+15	2.45822e+14	4.05968e+15	3.22389e+14	3.50107e+12	2.82083e+16	7.23826e+13	1.93142e+12	2.91773e+12	3.54384e+14	5.20963e+14	1.39995e+15	8.88341e+14
3.01995e+16	9.42084e+18	1.39431e+15	1.90235e+16	4.29068e+15	2.52999e+14	3.89195e+15	2.80732e+14	3.91184e+12	2.71485e+16	5.99682e+13	1.52675e+12	2.97035e+12	3.72039e+14	5.07008e+14	1.32179e+15	7.90050e+14
3.01995e+16	8.87792e+18	1.38089e+15	1.80461e+16	3.91174e+15	2.60109e+14	3.72749e+15	2.44283e+14	4.36439e+12	2.60943e+16	4.96312e+13	1.20565e+12	3.01587e+12	3.89228e+14	4.91838e+14	1.24519e+15	7.00920e+14
3.01995e+16	8.36672e+18	1.36717e+15	1.71131e+16	3.56289e+15	2.67149e+14	3.56633e+15	2.12324e+14	4.86296e+12	2.50458e+16	4.10187e+13	9.50796e+11	3.05439e+12	4.05922e+14	4.75732e+14	1.17028e+15	6.19884e+14
3.01995e+16	7.88933e+18	1.35342e+15	1.62293e+16	3.24523e+15	2.74076e+14	3.40980e+15	1.84606e+14	5.40702e+12	2.40150e+16	3.38987e+13	7.49936e+11	3.08598e+12	4.21648e+14	4.58563e+14	1.09780e+15	5.47658e+14
3.01993e+16	7.43938e+18	1.33954e+15	1.53859e+16	2.95276e+15	2.80931e+14	3.25684e+15	1.60321e+14	6.00522e+12	2.29940e+16	2.79716e+13	5.90646e+11	3.11083e+12	4.36611e+14	4.40723e+14	1.02739e+15	4.82302e+14
3.01993e+16	7.01698e+18	1.32560e+15	1.45842e+16	2.68500e+15	2.87676e+14	3.10812e+15	1.39163e+14	6.65891e+12	2.19897e+16	2.30589e+13	4.64824e+11	3.12904e+12	4.50545e+14	4.22254e+14	9.59506e+14	4.23800e+14
3.01993e+16	6.62026e+18	1.31171e+15	1.38223e+16	2.43974e+15	2.94304e+14	2.96373e+15	1.20733e+14	7.37211e+12	2.10038e+16	1.89898e+13	3.65504e+11	3.14092e+12	4.63346e+14	4.03334e+14	8.94266e+14	3.71541e+14
3.01993e+16	6.24739e+18	1.29786e+15	1.30982e+16	2.21506e+15	3.00806e+14	2.82368e+15	1.04680e+14	8.14917e+12	2.00374e+16	1.56214e+13	2.87144e+11	3.14672e+12	4.74928e+14	3.84117e+14	8.31755e+14	3.24952e+14
3.01992e+16	5.89694e+18	1.28411e+15	1.24103e+16	2.00933e+15	3.07175e+14	2.68803e+15	9.07084e+13	8.99442e+12	1.90920e+16	1.28359e+13	2.25382e+11	3.14675e+12	4.85205e+14	3.64748e+14	7.72071e+14	2.83539e+14
3.01993e+16	5.56764e+18	1.27051e+15	1.17571e+16	1.82109e+15	3.13378e+14	2.55690e+15	7.85594e+13	9.91037e+12	1.81698e+16	1.05361e+13	1.76768e+11	3.14139e+12	4.94096e+14	3.45380e+14	7.15308e+14	2.46848e+14
3.01993e+16	5.25874e+18	1.25712e+15	1.11381e+16	1.64936e+15	3.19421e+14	2.43047e+15	6.80207e+13	1.09004e+13	1.72736e+16	8.64119e+12	1.38568e+11	3.13108e+12	5.01539e+14	3.26143e+14	6.61599e+14	2.14527e+14
3.01993e+16	4.96849e+18	1.24395e+15	1.05508e+16	1.49246e+15	3.25285e+14	2.30859e+15	5.88683e+13	1.19691e+13	1.64031e+16	7.07979e+12	1.08547e+11	3.11612e+12	5.07525e+14	3.07167e+14	6.10864e+14	1.86061e+14
3.01993e+16	4.69591e+18	1.23105e+15	9.99400e+15	1.34928e+15	3.30964e+14	2.19129e+15	5.09278e+13	1.31197e+13	1.55595e+16	5.79525e+12	8.49857e+10	3.09695e+12	5.12035e+14	2.88576e+14	5.63105e+14	1.61089e+14
3.01993e+16	4.44026e+18	1.21858e+15	9.46704e+15	1.21879e+15	3.36448e+14	2.07871e+15	4.40494e+13	1.43546e+13	1.47447e+16	4.74084e+12	6.65287e+10	3.07417e+12	5.15082e+14	2.70506e+14	5.18343e+14	1.39266e+14
3.01994e+16	4.19973e+18	1.20625e+15	8.96679e+15	1.09984e+15	3.41710e+14	1.97043e+15	3.80799e+13	1.56783e+13	1.39572e+16	3.87375e+12	5.20386e+10	3.04762e+12	5.16701e+14	2.52962e+14	4.76405e+14	1.20190e+14
3.01994e+16	3.97398e+18	1.19429e+15	8.49316e+15	9.91630e+14	3.46756e+14	1.86664e+15	3.29116e+13	1.70930e+13	1.31990e+16	3.16306e+12	4.06966e+10	3.01803e+12	5.16938e+14	2.36075e+14	4.37307e+14	1.03593e+14
3.01994e+16	3.76183e+18	1.18261e+15	8.04433e+15	8.93245e+14	3.51571e+14	1.76717e+15	2.84350e+13	1.86017e+13	1.24697e+16	2.58052e+12	3.18144e+10	2.98556e+12	5.15860e+14	2.19880e+14	4.00925e+14	8.91615e+13
3.01994e+16	3.56278e+18	1.17131e+15	7.61970e+15	8.03943e+14	3.56142e+14	1.67208e+15	2.45640e+13	2.02046e+13	1.17706e+16	2.10419e+12	2.48723e+10	2.95079e+12	5.13540e+14	2.04451e+14	3.67202e+14	7.66608e+13
3.01994e+16	3.37588e+18	1.16034e+15	7.21776e+15	7.22959e+14	3.60459e+14	1.58120e+15	2.12162e+13	2.19038e+13	1.11012e+16	1.71478e+12	1.94447e+10	2.91388e+12	5.10061e+14	1.89800e+14	3.36000e+14	6.58535e+13
3.01995e+16	3.20032e+18	1.14967e+15	6.83724e+15	6.49594e+14	3.64518e+14	1.49439e+15	1.83213e+13	2.37014e+13	1.04611e+16	1.39662e+12	1.52019e+10	2.87509e+12	5.05519e+14	1.75941e+14	3.07189e+14	5.65185e+13
3.01995e+16	3.03540e+18	1.13930e+15	6.47707e+15	5.83209e+14	3.68309e+14	1.41156e+15	1.58189e+13	2.55980e+13	9.85024e+15	1.13690e+12	1.18861e+10	2.83466e+12	5.00010e+14	1.62879e+14	2.80643e+14	4.84712e+13
3.01995e+16	2.88033e+18	1.12916e+15	6.13591e+15	5.23187e+14	3.71828e+14	1.33251e+15	1.36551e+13	2.75959e+13	9.26748e+15	9.24895e+11	9.29346e+09	2.79273e+12	4.93628e+14	1.50597e+14	2.56208e+14	4.15387e+13
3.01997e+16	2.73465e+18	1.11930e+15	5.81312e+15	4.69004e+14	3.75060e+14	1.25721e+15	1.17863e+13	2.96925e+13	8.71321e+15	7.52138e+11	7.26862e+09	2.74966e+12	4.86479e+14	1.39101e+14	2.33782e+14	3.55808e+13
3.01996e+16	2.59764e+18	1.10964e+15	5.50747e+15	4.20127e+14	3.78000e+14	1.18548e+15	1.01715e+13	3.18887e+13	8.18623e+15	6.11359e+11	5.68622e+09	2.70552e+12	4.78652e+14	1.28358e+14	2.13214e+14	3.04623e+13
3.01996e+16	2.46876e+18	1.10019e+15	5.21807e+15	3.76084e+14	3.80644e+14	1.11718e+15	8.77667e+12	3.41839e+13	7.68594e+15	4.96711e+11	4.44957e+09	2.66051e+12	4.70243e+14	1.18345e+14	1.94376e+14	2.60708e+13
3.01996e+16	2.34742e+18	1.09088e+15	4.94392e+15	3.36429e+14	3.82986e+14	1.05217e+15	7.57154e+12	3.65780e+13	7.21131e+15	4.03360e+11	3.48270e+09	2.61471e+12	4.61338e+14	1.09028e+14	1.77137e+14	2.23044e+13
3.01996e+16	2.23313e+18	1.08169e+15	4.68419e+15	3.00755e+14	3.85021e+14	9.90313e+14	6.53040e+12	3.90698e+13	6.76148e+15	3.27386e+11	2.72661e+09	2.56828e+12	4.52020e+14	1.00374e+14	1.61375e+14	1.90762e+13
3.01995e+16	2.12545e+18	1.07261e+15	4.43813e+15	2.68696e+14	3.86746e+14	9.31492e+14	5.63123e+12	4.16572e+13	6.33569e+15	2.65598e+11	2.13536e+09	2.52134e+12	4.42369e+14	9.23505e+13	1.46978e+14	1.63116e+13
3.01995e+16	2.02390e+18	1.06359e+15	4.20491e+15	2.39904e+14	3.88153e+14	8.75563e+14	4.85453e+12	4.43387e+13	5.93285e+15	2.15355e+11	1.67279e+09	2.47397e+12	4.32451e+14	8.49198e+13	1.33833e+14	1.39442e+13
3.01995e+16	1.92811e+18	1.05462e+15	3.98387e+15	2.14072e+14	3.89241e+14	8.22421e+14	4.18386e+12	4.71116e+13	5.55218e+15	1.74528e+11	0	2.42629e+12	4.22335e+14	7.80485e+13	1.21843e+14	1.19182e+13
3.01995e+16	1.83765e+18	1.04566e+15	3.77424e+15	1.90904e+14	3.90002e+14	7.71922e+14	3.60453e+12	4.99740e+13	5.19253e+15	1.41353e+11	0	2.37834e+12	4.12073e+14	7.16973e+13	1.10904e+14	1.01842e+13
3.01995e+16	1.75217e+18	1.03669e+15	3.57542e+15	1.70143e+14	3.90435e+14	7.23963e+14	3.10427e+12	5.29226e+13	4.85305e+15	1.14413e+11	0	2.33024e+12	4.01719e+14	6.58337e+13	1.00930e+14	8.70194e+12
3.01995e+16	1.67136e+18	1.02770e+15	3.38682e+15	1.51553e+14	3.90538e+14	6.78438e+14	2.67235e+12	5.59541e+13	4.53282e+15	9.25482e+10	0	2.28203e+12	3.91318e+14	6.04241e+13	9.18392e+13	7.43615e+12
3.01994e+16	1.59489e+18	1.01863e+15	3.20784e+15	1.34921e+14	3.90304e+14	6.35229e+14	2.29941e+12	5.90650e+13	4.23086e+15	7.48046e+10	0	2.23377e+12	3.80911e+14	5.54332e+13	8.35522e+13	6.35521e+12
3.01995e+16	1.52261e+18	1.00956e+15	3.03820e+15	1.20057e+14	3.89750e+14	5.94304e+14	1.97782e+12	6.22494e+13	3.94674e+15	6.04320e+10	0	2.18570e+12	3.70554e+14	5.08415e+13	7.60105e+13	5.43316e+12
3.01995e+16	1.45405e+18	1.00035e+15	2.87705e+15	1.06766e+14	3.88850e+14	5.55477e+14	1.70013e+12	6.55061e+13	3.67895e+15	4.87757e+10	0	2.13762e+12	3.60247e+14	4.66075e+13	6.91341e+13	4.64507e+12
3.01995e+16	1.38893e+18	9.90947e+14	2.72380e+15	9.48822e+13	3.87598e+14	5.18624e+14	1.46024e+12	6.88338e+13	3.42640e+15	3.93210e+10	0	2.08950e+12	3.50008e+14	4.27001e+13	6.28595e+13	3.97094e+12
3.01995e+16	1.32735e+18	9.81568e+14	2.57868e+15	8.42876e+13	3.86028e+14	4.83844e+14	1.25387e+12	7.22147e+13	3.18968e+15	3.16904e+10	0	2.04189e+12	3.39913e+14	3.91190e+13	5.71608e+13	3.39667e+12
3.01995e+16	1.26876e+18	9.71956e+14	2.44062e+15	7.48246e+13	3.84106e+14	4.50870e+14	1.07568e+12	7.56568e+13	2.96662e+15	2.55073e+10	0	1.99432e+12	3.29927e+14	3.58155e+13	5.19606e+13	2.90520e+12
3.01995e+16	1.21307e+18	9.62172e+14	2.30944e+15	6.63835e+13	3.81842e+14	4.19683e+14	9.22095e+11	7.91509e+13	2.75693e+15	2.05088e+10	0	1.94701e+12	3.20083e+14	3.27755e+13	4.72225e+13	2.48517e+12
3.01995e+16	1.16010e+18	9.52201e+14	2.18476e+15	5.88571e+13	3.79236e+14	3.90207e+14	7.89768e+11	8.26915e+13	2.55989e+15	1.64711e+10	0	1.89997e+12	3.10391e+14	2.99787e+13	4.29056e+13	2.12611e+12
3.01995e+16	1.10967e+18	9.42029e+14	2.06626e+15	5.21508e+13	3.76291e+14	3.62372e+14	6.75825e+11	8.62726e+13	2.37485e+15	1.32126e+10	0	1.85325e+12	3.00864e+14	2.74061e+13	3.89724e+13	1.81915e+12
3.01995e+16	1.06163e+18	9.31638e+14	1.95362e+15	4.61785e+13	3.73010e+14	3.36112e+14	5.77770e+11	8.98886e+13	2.20117e+15	1.05852e+10	0	1.80688e+12	2.91510e+14	2.50403e+13	3.53890e+13	1.55669e+12
3.01995e+16	1.01583e+18	9.21021e+14	1.84654e+15	4.08628e+13	3.69397e+14	3.11361e+14	4.93444e+11	9.35333e+13	2.03825e+15	8.46903e+09	0	1.76088e+12	2.82335e+14	2.28652e+13	3.21243e+13	1.33224e+12
3.01995e+16	9.72129e+17	9.10161e+14	1.74473e+15	3.61334e+13	3.65455e+14	2.88052e+14	4.20961e+11	9.72013e+13	1.88546e+15	6.76607e+09	0	1.71528e+12	2.73341e+14	2.08655e+13	2.91496e+13	1.14023e+12
3.01995e+16	9.30418e+17	8.99053e+14	1.64795e+15	3.19294e+13	3.61192e+14	2.66133e+14	3.58732e+11	1.00885e+14	1.74234e+15	5.39769e+09	0	1.67011e+12	2.64536e+14	1.90283e+13	2.64402e+13	9.76005e+11
3.01995e+16	8.90569e+17	8.87683e+14	1.55595e+15	2.81940e+13	3.56614e+14	2.45542e+14	3.05339e+11	1.04580e+14	1.60832e+15	4.29930e+09	0	1.62539e+12	2.55920e+14	1.73405e+13	2.39721e+13	8.35496e+11
3.01995e+16	8.52473e+17	8.76047e+14	1.46848e+15	2.48768e+13	3.51729e+14	2.26222e+14	2.59571e+11	1.08278e+14	1.48292e+15	3.41881e+09	0	1.58114e+12	2.47494e+14	1.57905e+13	2.17243e+13	7.15266e+11
3.01995e+16	8.16031e+17	8.64136e+14	1.38534e+15	2.19331e+13	3.46547e+14	2.08118e+14	2.20379e+11	1.11974e+14	1.36568e+15	2.71398e+09	0	1.53738e+12	2.39257e+14	1.43676e+13	1.96773e+13	6.12375e+11
3.01995e+16	7.81149e+17	8.51947e+14	1.30633e+15	1.93224e+13	3.41079e+14	1.91180e+14	1.86854e+11	1.15661e+14	1.25616e+15	2.15063e+09	0	1.49413e+12	2.31211e+14	1.30621e+13	1.78137e+13	5.24318e+11
3.01995e+16	7.47799e+17	8.39533e+14	1.23134e+15	1.70105e+13	3.35354e+14	1.75375e+14	1.58240e+11	1.19329e+14	1.15411e+15	1.70156e+09	0	1.45152e+12	2.23368e+14	1.18670e+13	1.61196e+13	4.49035e+11
3.01995e+16	7.15787e+17	8.26787e+14	1.16001e+15	1.49612e+13	3.29353e+14	1.60611e+14	1.33791e+11	1.22980e+14	1.05881e+15	1.34330e+09	0	1.40935e+12	2.15700e+14	1.07696e+13	1.45759e+13	3.84513e+11
3.01995e+16	6.85100e+17	8.13765e+14	1.09226e+15	1.31476e+13	3.23108e+14	1.46862e+14	1.12955e+11	1.26603e+14	9.70048e+14	1.05838e+09	0	1.36776e+12	2.08220e+14	9.76467e+12	1.31718e+13	3.29284e+11
3.01995e+16	6.55671e+17	8.00475e+14	1.02795e+15	1.15440e+13	3.16635e+14	1.34080e+14	9.52229e+10	1.30193e+14	8.87490e+14	8.32232e+08	0	1.32677e+12	2.00927e+14	8.84504e+12	1.18952e+13	2.82013e+11
3.01995e+16	6.27439e+17	7.86926e+14	9.66916e+14	1.01271e+13	3.09953e+14	1.22217e+14	8.01532e+10	1.33742e+14	8.10793e+14	6.53062e+08	0	1.28639e+12	1.93820e+14	8.00419e+12	1.07351e+13	2.41551e+11
3.01995e+16	6.00350e+17	7.73129e+14	9.09027e+14	8.87634e+12	3.03082e+14	1.11229e+14	6.73664e+10	1.37246e+14	7.39644e+14	0	0	1.24666e+12	1.86897e+14	7.23613e+12	9.68150e+12	2.06920e+11
3.01995e+16	5.74352e+17	7.59102e+14	8.54150e+14	7.77319e+12	2.96042e+14	1.01071e+14	5.65337e+10	1.40698e+14	6.73740e+14	0	0	1.20759e+12	1.80158e+14	6.53527e+12	8.72524e+12	1.77282e+11
3.01995e+16	5.49398e+17	7.44861e+14	8.02154e+14	6.80111e+12	2.88855e+14	9.16977e+13	4.73710e+10	1.44092e+14	6.12787e+14	0	0	1.16922e+12	1.73603e+14	5.89640e+12	7.85787e+12	1.51917e+11
3.01995e+16	5.25445e+17	7.30428e+14	7.52923e+14	5.94537e+12	2.81543e+14	8.30662e+13	3.96340e+10	1.47424e+14	5.56508e+14	0	0	1.13156e+12	1.67230e+14	5.31474e+12	7.07173e+12	1.30210e+11
3.01995e+16	5.02379e+17	7.15756e+14	7.06206e+14	5.19122e+12	2.74100e+14	7.51145e+13	3.30974e+10	1.50694e+14	5.04488e+14	0	0	1.09450e+12	1.61017e+14	4.78427e+12	6.35797e+12	1.11595e+11
3.01995e+16	4.80317e+17	7.01012e+14	6.62165e+14	4.53018e+12	2.66611e+14	6.78418e+13	2.76111e+10	1.53885e+14	4.56773e+14	0	0	1.05835e+12	1.55008e+14	4.30401e+12	5.71390e+12	9.57068e+10
3.01995e+16	4.59148e+17	6.86153e+14	6.20554e+14	3.95003e+12	2.59069e+14	6.11859e+13	2.30023e+10	1.56998e+14	4.12955e+14	0	0	1.02298e+12	1.49179e+14	3.86840e+12	5.13161e+12	8.21116e+10
3.01995e+16	4.38840e+17	6.71208e+14	5.81270e+14	3.44138e+12	2.51498e+14	5.51072e+13	1.91372e+10	1.60029e+14	3.72791e+14	0	0	9.88429e+11	1.43529e+14	3.47379e+12	4.60566e+12	7.04781e+10
3.01996e+16	4.19364e+17	6.56207e+14	5.44211e+14	2.99588e+12	2.43921e+14	4.95667e+13	1.59012e+10	1.62974e+14	3.36047e+14	0	0	9.54703e+11	1.38058e+14	3.11681e+12	4.13101e+12	6.05228e+10
3.01995e+16	4.00691e+17	6.41179e+14	5.09280e+14	2.60609e+12	2.36361e+14	4.45270e+13	1.31965e+10	1.65830e+14	3.02496e+14	0	0	9.21824e+11	1.32765e+14	2.79427e+12	3.70306e+12	5.20025e+10
3.01996e+16	3.82795e+17	6.26155e+14	4.76384e+14	2.26543e+12	2.28840e+14	3.99521e+13	1.09395e+10	1.68593e+14	2.71923e+14	0	0	8.89810e+11	1.27649e+14	2.50326e+12	3.31759e+12	4.47096e+10
3.01996e+16	3.65654e+17	6.11173e+14	4.45430e+14	1.96801e+12	2.21381e+14	3.58074e+13	9.05919e+09	1.71261e+14	2.44120e+14	0	0	8.58681e+11	1.22708e+14	2.24106e+12	2.97074e+12	3.84664e+10
3.01996e+16	3.49237e+17	5.96253e+14	4.16319e+14	1.70855e+12	2.13999e+14	3.20584e+13	7.49469e+09	1.73831e+14	2.18877e+14	0	0	8.28434e+11	1.17940e+14	2.00503e+12	2.65885e+12	3.31192e+10
3.01995e+16	3.33505e+17	5.81401e+14	3.88947e+14	1.48232e+12	2.06704e+14	2.86715e+13	6.19412e+09	1.76303e+14	1.95984e+14	0	0	7.99047e+11	1.13338e+14	1.79265e+12	2.37845e+12	2.85350e+10
3.01995e+16	3.18468e+17	5.66694e+14	3.63271e+14	1.28548e+12	1.99532e+14	2.56213e+13	5.11588e+09	1.78674e+14	1.75297e+14	0	0	7.70594e+11	1.08910e+14	1.60213e+12	2.12699e+12	2.46092e+10
3.01996e+16	3.04090e+17	5.52138e+14	3.39185e+14	1.11428e+12	1.92489e+14	2.28771e+13	4.22251e+09	1.80941e+14	1.56625e+14	0	0	7.43050e+11	1.04649e+14	1.43126e+12	1.90149e+12	2.12432e+10
3.01996e+16	2.90336e+17	5.37738e+14	3.16598e+14	9.65440e+11	1.85582e+14	2.04106e+13	3.48280e+09	1.83108e+14	1.39786e+14	0	0	7.16387e+11	1.00548e+14	1.27806e+12	1.69934e+12	1.83543e+10
3.01996e+16	2.77191e+17	5.23527e+14	2.95439e+14	8.36189e+11	1.78826e+14	1.81978e+13	2.87122e+09	1.85172e+14	1.24635e+14	0	0	6.90618e+11	9.66074e+13	1.14090e+12	1.51831e+12	1.58742e+10
3.01995e+16	2.64628e+17	5.09520e+14	2.75622e+14	7.23991e+11	1.72229e+14	1.62146e+13	2.36589e+09	1.87135e+14	1.11018e+14	0	0	6.65725e+11	9.28215e+13	1.01817e+12	1.35626e+12	1.37430e+10
3.01995e+16	2.52639e+17	4.95748e+14	2.57095e+14	6.26745e+11	1.65804e+14	1.44408e+13	1.94903e+09	1.88996e+14	9.88086e+13	0	0	6.41724e+11	8.91906e+13	9.08526e+11	1.21140e+12	1.19116e+10
3.01996e+16	2.41182e+17	4.82209e+14	2.39754e+14	5.42404e+11	1.59548e+14	1.28542e+13	1.60501e+09	1.90757e+14	8.78636e+13	0	0	6.18566e+11	8.57050e+13	8.10518e+11	1.08183e+12	1.03349e+10
3.01995e+16	2.30248e+17	4.68927e+14	2.23549e+14	4.69359e+11	1.53473e+14	1.14377e+13	1.32152e+09	1.92418e+14	7.80735e+13	0	0	5.96263e+11	8.23644e+13	7.23042e+11	9.66089e+11	8.97717e+09
3.01995e+16	2.19809e+17	4.55904e+14	2.08402e+14	4.06092e+11	1.47576e+14	1.01733e+13	1.08790e+09	1.93982e+14	6.93212e+13	0	0	5.74777e+11	7.91618e+13	6.44956e+11	8.62679e+11	7.80639e+09
3.01995e+16	2.09851e+17	4.43160e+14	1.94262e+14	3.51348e+11	1.41865e+14	9.04654e+12	8.95574e+08	1.95449e+14	6.15112e+13	0	0	5.54111e+11	7.60955e+13	5.75331e+11	7.70381e+11	6.79637e+09
3.01995e+16	2.00354e+17	4.30703e+14	1.81064e+14	3.03994e+11	1.36339e+14	8.04296e+12	7.37292e+08	1.96822e+14	5.45493e+13	0	0	5.34243e+11	7.31608e+13	5.13271e+11	6.88023e+11	5.92414e+09
3.01996e+16	1.91288e+17	4.18524e+14	1.68739e+14	2.63014e+11	1.30993e+14	7.14906e+12	6.06973e+08	1.98102e+14	4.83447e+13	0	0	5.15132e+11	7.03500e+13	4.57927e+11	6.14497e+11	5.16958e+09
3.01996e+16	1.82660e+17	4.06664e+14	1.57265e+14	2.27631e+11	1.25842e+14	6.35490e+12	4.99896e+08	1.99291e+14	4.28318e+13	0	0	4.96810e+11	6.76667e+13	4.08689e+11	5.49004e+11	4.51732e+09
3.01996e+16	1.74425e+17	3.95091e+14	1.46555e+14	1.97020e+11	1.20867e+14	5.64824e+12	4.11752e+08	2.00393e+14	3.79271e+13	0	0	4.79202e+11	6.50982e+13	3.64797e+11	4.90554e+11	3.95180e+09
3.01996e+16	1.66580e+17	3.83826e+14	1.36577e+14	1.70573e+11	1.16074e+14	5.02042e+12	3.39274e+08	2.01407e+14	3.35725e+13	0	0	4.62315e+11	6.26445e+13	3.25713e+11	4.38457e+11	3.46147e+09
3.01996e+16	1.59106e+17	3.72871e+14	1.27281e+14	1.47721e+11	1.11461e+14	4.46278e+12	2.79665e+08	2.02336e+14	2.97089e+13	0	0	4.46125e+11	6.03009e+13	2.90881e+11	3.92020e+11	3.03578e+09
3.01996e+16	1.51990e+17	3.62231e+14	1.18629e+14	1.27986e+11	1.07026e+14	3.96787e+12	2.30658e+08	2.03183e+14	2.62850e+13	0	0	4.30619e+11	5.80646e+13	2.59860e+11	3.50650e+11	2.66597e+09
3.01996e+16	1.45206e+17	3.51892e+14	1.10565e+14	1.10922e+11	1.02760e+14	3.52822e+12	1.90314e+08	2.03948e+14	2.32491e+13	0	0	4.15752e+11	5.59278e+13	2.32208e+11	3.13751e+11	2.34401e+09
3.01995e+16	1.38750e+17	3.41865e+14	1.03063e+14	9.61843e+10	9.86634e+13	3.13819e+12	1.57132e+08	2.04635e+14	2.05621e+13	0	0	4.01525e+11	5.38898e+13	2.07592e+11	2.80878e+11	2.06369e+09
3.01996e+16	1.32601e+17	3.32140e+14	9.60790e+13	8.34470e+10	9.47294e+13	2.79201e+12	1.29815e+08	2.05247e+14	1.81834e+13	0	0	3.87902e+11	5.19449e+13	1.85666e+11	2.51570e+11	1.81920e+09
3.01995e+16	1.26745e+17	3.22716e+14	8.95799e+13	7.24370e+10	9.09536e+13	2.48478e+12	1.07320e+08	2.05786e+14	1.60789e+13	0	0	3.74865e+11	5.00893e+13	1.66135e+11	2.25439e+11	1.60574e+09
3.01996e+16	1.21168e+17	3.13586e+14	8.35320e+13	6.29171e+10	8.73305e+13	2.21210e+12	8.87855e+07	2.06254e+14	1.42174e+13	0	0	3.62389e+11	4.83190e+13	1.48744e+11	2.02133e+11	1.41912e+09
3.01996e+16	1.15855e+17	3.04742e+14	7.79032e+13	5.46822e+10	8.38540e+13	1.97003e+12	7.35047e+07	2.06654e+14	1.25711e+13	0	0	3.50449e+11	4.66296e+13	1.33252e+11	1.81339e+11	1.25577e+09
3.01996e+16	1.10795e+17	2.96181e+14	7.26656e+13	4.75569e+10	8.05196e+13	1.75512e+12	6.09005e+07	2.06988e+14	1.11157e+13	0	0	3.39026e+11	4.50180e+13	1.19449e+11	1.62783e+11	1.11263e+09
3.01995e+16	1.05977e+17	2.87901e+14	6.77944e+13	4.13912e+10	7.73236e+13	1.56436e+12	5.05007e+07	2.07259e+14	9.82975e+12	0	0	3.28103e+11	4.34812e+13	1.07150e+11	1.46222e+11	9.87072e+08
3.01995e+16	1.01389e+17	2.79895e+14	6.32626e+13	3.60524e+10	7.42602e+13	1.39495e+12	4.19124e+07	2.07469e+14	8.69352e+12	0	0	3.17660e+11	4.20156e+13	9.61861e+10	1.31435e+11	8.76796e+08
3.01996e+16	9.70147e+16	2.72147e+14	5.90425e+13	3.14242e+10	7.13213e+13	1.24439e+12	3.48114e+07	2.07621e+14	7.68904e+12	0	0	3.07664e+11	4.06163e+13	8.64006e+10	1.18218e+11	7.79769e+08
3.01995e+16	9.28503e+16	2.64664e+14	5.51182e+13	2.74141e+10	6.85064e+13	1.11066e+12	2.89410e+07	2.07714e+14	6.80211e+12	0	0	2.98113e+11	3.92824e+13	7.76726e+10	1.06411e+11	6.94377e+08
3.01996e+16	8.88809e+16	2.57429e+14	5.14649e+13	2.39350e+10	6.58071e+13	9.91759e+11	2.40810e+07	2.07754e+14	6.01828e+12	0	0	2.88977e+11	3.80094e+13	6.98770e+10	9.58494e+10	6.19081e+08
3.01995e+16	8.50976e+16	2.50437e+14	4.80639e+13	2.09149e+10	6.32193e+13	8.86013e+11	2.00548e+07	2.07741e+14	5.32574e+12	0	0	2.80239e+11	3.67944e+13	6.29120e+10	8.63993e+10	5.52619e+08
3.01996e+16	8.14986e+16	2.43695e+14	4.49043e+13	1.82953e+10	6.07435e+13	7.92054e+11	1.67205e+07	2.07679e+14	4.71468e+12	0	0	2.71899e+11	3.56373e+13	5.66937e+10	7.79498e+10	4.93955e+08
3.01996e+16	7.80637e+16	2.37174e+14	4.19590e+13	1.60166e+10	5.83672e+13	7.08363e+11	1.39517e+07	2.07567e+14	4.17430e+12	0	0	2.63915e+11	3.45316e+13	5.11271e+10	7.03755e+10	4.42016e+08
3.01996e+16	7.47929e+16	2.30883e+14	3.92199e+13	1.40362e+10	5.60916e+13	6.33900e+11	1.16537e+07	2.07410e+14	3.69717e+12	0	0	2.56288e+11	3.34775e+13	4.61486e+10	6.35918e+10	3.96041e+08
3.01996e+16	7.16760e+16	2.24810e+14	3.66707e+13	1.23131e+10	5.39112e+13	5.67592e+11	9.74404e+06	2.07209e+14	3.27566e+12	0	0	2.48999e+11	3.24719e+13	4.16916e+10	5.75104e+10	3.55285e+08
3.01995e+16	6.87055e+16	2.18949e+14	3.42980e+13	1.08127e+10	5.18218e+13	5.08517e+11	0	2.06965e+14	2.90325e+12	0	0	2.42033e+11	3.15123e+13	3.76987e+10	5.20549e+10	3.19112e+08
3.01996e+16	6.58751e+16	2.13296e+14	3.20898e+13	9.50543e+09	4.98203e+13	4.55868e+11	0	2.06682e+14	2.57423e+12	0	0	2.35378e+11	3.05971e+13	3.41197e+10	4.71586e+10	2.86975e+08
3.01996e+16	6.31742e+16	2.07834e+14	3.00319e+13	8.36447e+09	4.78998e+13	4.08887e+11	0	2.06361e+14	2.28318e+12	0	0	2.29010e+11	2.97226e+13	3.09067e+10	4.27576e+10	2.58371e+08
3.01996e+16	6.05997e+16	2.02564e+14	2.81159e+13	7.36860e+09	4.60595e+13	3.66972e+11	0	2.06004e+14	2.02592e+12	0	0	2.22925e+11	2.88882e+13	2.80226e+10	3.88021e+10	2.32899e+08
3.01995e+16	5.81450e+16	1.97479e+14	2.63316e+13	6.49857e+09	4.42956e+13	3.29555e+11	0	2.05612e+14	1.79845e+12	0	0	2.17109e+11	2.80916e+13	2.54315e+10	3.52443e+10	2.10189e+08
3.01996e+16	5.58057e+16	1.92575e+14	2.46705e+13	5.73803e+09	4.26055e+13	2.96146e+11	0	2.05190e+14	1.59733e+12	0	0	2.11554e+11	2.73317e+13	2.31026e+10	3.20426e+10	1.89924e+08
3.01995e+16	5.35747e+16	1.87842e+14	2.31229e+13	5.07231e+09	4.09855e+13	2.66287e+11	0	2.04735e+14	1.41940e+12	0	0	2.06243e+11	2.66060e+13	2.10071e+10	2.91584e+10	1.71816e+08
3.01995e+16	5.14440e+16	1.83269e+14	2.16791e+13	4.48861e+09	3.94300e+13	2.39567e+11	0	2.04253e+14	1.26179e+12	0	0	2.01161e+11	2.59121e+13	1.91184e+10	2.65562e+10	1.55604e+08
3.01995e+16	4.94086e+16	1.78849e+14	2.03317e+13	3.97632e+09	3.79361e+13	2.15642e+11	0	2.03745e+14	1.12211e+12	0	0	1.96295e+11	2.52484e+13	1.74148e+10	2.42067e+10	1.41075e+08
3.01995e+16	4.74661e+16	1.74582e+14	1.90754e+13	3.52659e+09	3.65034e+13	1.94223e+11	0	2.03210e+14	9.98422e+11	0	0	1.91641e+11	2.46142e+13	1.58782e+10	2.20852e+10	1.28048e+08
3.01996e+16	4.56155e+16	1.70469e+14	1.79058e+13	3.13182e+09	3.51313e+13	1.75056e+11	0	2.02655e+14	8.88952e+11	0	0	1.87200e+11	2.40092e+13	1.44922e+10	2.01697e+10	1.16365e+08
3.01995e+16	4.38462e+16	1.66490e+14	1.68132e+13	2.78423e+09	3.38128e+13	1.57861e+11	0	2.02076e+14	7.91830e+11	0	0	1.82944e+11	2.34300e+13	1.32388e+10	1.84358e+10	1.05858e+08
3.01995e+16	4.21558e+16	1.62644e+14	1.57929e+13	2.47800e+09	3.25467e+13	1.42434e+11	0	2.01478e+14	7.05666e+11	0	0	1.78871e+11	2.28758e+13	1.21048e+10	1.68656e+10	9.64019e+07
3.01995e+16	4.05460e+16	1.58940e+14	1.48432e+13	2.20851e+09	3.13357e+13	1.28612e+11	0	2.00859e+14	6.29396e+11	0	0	1.74986e+11	2.23473e+13	1.10801e+10	1.54452e+10	8.78979e+07
3.01995e+16	3.90039e+16	1.55348e+14	1.39540e+13	1.97026e+09	3.01693e+13	1.16180e+11	0	2.00227e+14	5.61542e+11	0	0	1.71256e+11	2.18402e+13	1.01500e+10	1.41552e+10	8.02187e+07
3.01995e+16	3.75296e+16	1.51873e+14	1.31229e+13	1.75969e+09	2.90488e+13	1.05006e+11	0	1.99579e+14	5.01269e+11	0	0	1.67685e+11	2.13546e+13	9.30631e+09	1.29841e+10	7.32853e+07
3.01996e+16	3.61194e+16	1.48510e+14	1.23456e+13	1.57334e+09	2.79719e+13	9.49554e+10	0	1.98917e+14	4.47693e+11	0	0	1.64263e+11	2.08894e+13	8.54019e+09	1.19197e+10	6.70175e+07
3.01996e+16	3.47715e+16	1.45257e+14	1.16192e+13	1.40838e+09	2.69379e+13	8.59155e+10	0	1.98243e+14	4.00079e+11	0	0	1.60987e+11	2.04439e+13	7.84430e+09	1.09523e+10	6.13486e+07
3.01995e+16	3.34829e+16	1.42108e+14	1.09400e+13	1.26216e+09	2.59447e+13	7.77796e+10	0	1.97559e+14	3.57741e+11	0	0	1.57849e+11	2.00172e+13	7.21161e+09	1.00720e+10	5.62156e+07
3.01995e+16	3.22497e+16	1.39058e+14	1.03043e+13	1.13236e+09	2.49900e+13	7.04497e+10	0	1.96866e+14	3.20053e+11	0	0	1.54842e+11	1.96081e+13	6.63561e+09	9.27011e+09	5.15613e+07
3.01996e+16	3.10705e+16	1.36105e+14	9.70952e+12	1.01707e+09	2.40732e+13	6.38460e+10	0	1.96164e+14	2.86517e+11	0	0	1.51962e+11	1.92162e+13	6.11106e+09	8.53932e+09	4.73387e+07
3.01995e+16	2.99420e+16	1.33243e+14	9.15260e+12	9.14521e+08	2.31921e+13	5.78912e+10	0	1.95455e+14	2.56643e+11	0	0	1.49202e+11	1.88402e+13	5.63277e+09	7.87258e+09	4.35026e+07
3.01995e+16	2.88618e+16	1.30469e+14	8.63096e+12	8.23208e+08	2.23455e+13	5.25190e+10	0	1.94741e+14	2.30020e+11	0	0	1.46556e+11	1.84796e+13	5.19631e+09	7.26377e+09	4.00143e+07
3.01995e+16	2.78268e+16	1.27776e+14	8.14177e+12	7.41773e+08	2.15310e+13	4.76674e+10	0	1.94022e+14	2.06269e+11	0	0	1.44017e+11	1.81333e+13	4.79749e+09	6.70718e+09	3.68380e+07
3.01995e+16	2.68380e+16	1.25171e+14	7.68423e+12	6.69193e+08	2.07504e+13	4.32910e+10	0	1.93298e+14	1.85117e+11	0	0	1.41588e+11	1.78016e+13	4.43334e+09	6.19864e+09	3.39469e+07
3.01995e+16	2.58862e+16	1.22628e+14	7.25306e+12	6.04174e+08	1.99956e+13	3.93256e+10	0	1.92574e+14	1.66165e+11	0	0	1.39246e+11	1.74815e+13	4.09930e+09	5.73206e+09	3.13044e+07
3.01995e+16	2.49760e+16	1.20164e+14	6.84928e+12	5.46089e+08	1.92716e+13	3.57441e+10	0	1.91847e+14	1.49266e+11	0	0	1.37004e+11	1.71746e+13	3.79371e+09	5.30497e+09	2.88941e+07
3.01995e+16	2.41036e+16	1.17770e+14	6.47024e+12	4.94081e+08	1.85756e+13	3.25041e+10	0	1.91120e+14	1.34164e+11	0	0	1.34851e+11	1.68796e+13	3.51361e+09	4.91333e+09	2.66915e+07
3.01995e+16	2.32670e+16	1.15443e+14	6.11419e+12	4.47458e+08	1.79060e+13	2.95711e+10	0	1.90393e+14	1.20658e+11	0	0	1.32785e+11	1.65959e+13	3.25663e+09	4.55387e+09	2.46767e+07
3.01996e+16	2.24646e+16	1.13178e+14	5.77955e+12	4.05617e+08	1.72619e+13	2.69145e+10	0	1.89668e+14	1.08572e+11	0	0	1.30800e+11	1.63230e+13	3.02064e+09	4.22367e+09	2.28317e+07
3.01995e+16	2.16948e+16	1.10975e+14	5.46501e+12	3.68034e+08	1.66425e+13	2.45075e+10	0	1.88944e+14	9.77539e+10	0	0	1.28893e+11	1.60603e+13	2.80378e+09	3.92013e+09	2.11411e+07
3.01995e+16	2.09580e+16	1.08836e+14	5.16991e+12	3.34281e+08	1.60485e+13	2.23282e+10	0	1.88221e+14	8.80833e+10	0	0	1.27066e+11	1.58081e+13	2.60455e+09	3.64115e+09	1.95918e+07
3.01995e+16	2.02520e+16	1.06757e+14	4.89276e+12	3.03924e+08	1.54787e+13	2.03533e+10	0	1.87500e+14	7.94290e+10	0	0	1.25314e+11	1.55656e+13	2.42130e+09	3.38446e+09	1.81704e+07
3.01995e+16	1.95744e+16	1.04732e+14	4.63194e+12	2.76569e+08	1.49308e+13	1.85612e+10	0	1.86782e+14	7.16685e+10	0	0	1.23630e+11	1.53320e+13	2.25249e+09	3.14792e+09	1.68643e+07
3.01995e+16	1.89249e+16	1.02762e+14	4.38677e+12	2.51915e+08	1.44048e+13	1.69356e+10	0	1.86070e+14	6.47123e+10	0	0	1.22015e+11	1.51073e+13	2.09695e+09	2.92994e+09	1.56638e+07
3.01995e+16	1.83002e+16	1.00838e+14	4.15544e+12	2.29633e+08	1.38978e+13	1.54576e+10	0	1.85363e+14	5.84587e+10	0	0	1.20458e+11	1.48903e+13	1.95331e+09	2.72861e+09	1.45581e+07
3.01995e+16	1.76998e+16	9.89601e+13	3.93740e+12	2.09492e+08	1.34101e+13	1.41144e+10	0	1.84661e+14	5.28397e+10	0	0	1.18961e+11	1.46809e+13	1.82066e+09	2.54265e+09	1.35394e+07
3.01995e+16	1.71223e+16	9.71250e+13	3.73157e+12	1.91258e+08	1.29402e+13	1.28923e+10	0	1.83967e+14	4.77835e+10	0	0	1.17519e+11	1.44786e+13	1.69799e+09	2.37069e+09	1.25997e+07
3.01995e+16	1.65667e+16	9.53314e+13	3.53729e+12	1.74739e+08	1.24877e+13	1.17803e+10	0	1.83278e+14	4.32342e+10	0	0	1.16130e+11	1.42831e+13	1.58450e+09	2.21159e+09	1.17325e+07
3.01995e+16	1.60323e+16	9.35773e+13	3.35383e+12	1.59762e+08	1.20519e+13	1.07680e+10	0	1.82596e+14	3.91372e+10	0	0	1.14792e+11	1.40942e+13	1.47943e+09	2.06429e+09	1.09314e+07
3.01995e+16	1.55168e+16	9.18580e+13	3.18019e+12	1.46157e+08	1.16313e+13	9.84515e+09	0	1.81922e+14	3.54418e+10	0	0	1.13500e+11	1.39111e+13	1.38201e+09	1.92772e+09	1.01904e+07
3.01995e+16	1.50228e+16	9.01824e+13	3.01678e+12	1.33825e+08	1.12279e+13	9.00619e+09	0	1.81257e+14	3.21191e+10	0	0	1.12261e+11	1.37347e+13	1.29184e+09	1.80131e+09	9.50595e+06
3.01995e+16	1.45462e+16	8.85392e+13	2.86204e+12	1.22605e+08	1.08387e+13	8.24085e+09	0	1.80599e+14	2.91198e+10	0	0	1.11063e+11	1.35637e+13	1.20813e+09	1.68395e+09	8.87198e+06
3.01995e+16	1.40865e+16	8.69263e+13	2.71544e+12	1.12388e+08	1.04629e+13	7.54240e+09	0	1.79949e+14	2.64096e+10	0	0	1.09907e+11	1.33977e+13	1.13036e+09	1.57495e+09	8.28435e+06
3.01995e+16	1.36444e+16	8.53491e+13	2.57702e+12	1.03093e+08	1.01017e+13	6.90592e+09	0	1.79308e+14	2.39663e+10	0	0	1.08793e+11	1.32373e+13	1.05817e+09	1.47377e+09	7.73998e+06
3.01995e+16	1.32187e+16	8.38041e+13	2.44611e+12	9.46267e+07	9.75400e+12	6.32535e+09	0	1.78676e+14	2.17603e+10	0	0	1.07719e+11	1.30818e+13	9.91075e+08	1.37974e+09	7.23514e+06
3.01995e+16	1.28081e+16	8.22873e+13	2.32207e+12	8.69016e+07	9.41860e+12	5.79512e+09	0	1.78053e+14	1.97652e+10	0	0	1.06682e+11	1.29310e+13	9.28648e+08	1.29227e+09	6.76638e+06
3.01995e+16	1.24122e+16	8.07994e+13	2.20463e+12	7.98519e+07	9.09552e+12	5.31097e+09	0	1.77438e+14	1.79616e+10	0	0	1.05682e+11	1.27846e+13	8.70548e+08	1.21088e+09	6.33100e+06
3.01995e+16	1.20306e+16	7.93390e+13	2.09338e+12	7.34132e+07	8.78411e+12	4.86871e+09	0	1.76884e+14	1.63029e+10	0	0	1.04715e+11	1.26426e+13	8.16444e+08	1.13510e+09	5.92638e+06
3.01995e+16	1.16631e+16	7.79077e+13	1.98809e+12	6.75323e+07	8.48455e+12	4.46483e+09	0	1.76454e+14	1.47459e+10	0	0	1.03784e+11	1.25048e+13	7.66054e+08	1.06453e+09	5.55026e+06
3.01995e+16	1.13094e+16	7.65043e+13	1.88845e+12	6.21576e+07	8.19619e+12	4.09591e+09	0	1.76112e+14	1.33007e+10	0	0	1.02886e+11	1.23713e+13	7.19102e+08	9.98790e+08	5.20050e+06
3.01995e+16	1.09674e+16	7.51232e+13	1.79382e+12	5.72344e+07	7.91787e+12	3.75827e+09	0	1.75830e+14	1.19680e+10	0	0	1.02017e+11	1.22413e+13	6.75274e+08	9.37441e+08	4.87464e+06
3.01995e+16	1.06374e+16	7.37660e+13	1.70409e+12	5.27256e+07	7.64958e+12	3.44939e+09	0	1.75554e+14	1.07632e+10	0	0	1.01178e+11	1.21148e+13	6.34364e+08	8.80193e+08	4.57107e+06
3.01995e+16	1.03185e+16	7.24303e+13	1.61889e+12	4.85917e+07	7.39065e+12	3.16662e+09	0	1.75210e+14	9.70294e+09	0	0	1.00365e+11	1.19917e+13	5.96144e+08	8.26724e+08	4.28801e+06
3.01995e+16	1.00109e+16	7.11191e+13	1.53819e+12	4.48035e+07	7.14149e+12	2.90796e+09	0	1.74797e+14	8.77387e+09	0	0	9.95803e+10	1.18719e+13	5.60446e+08	7.76799e+08	4.02410e+06
3.01995e+16	9.71398e+15	6.98305e+13	1.46165e+12	4.13285e+07	6.90142e+12	2.67119e+09	0	1.74339e+14	7.95303e+09	0	0	9.88220e+10	1.17554e+13	5.27079e+08	7.30146e+08	3.77788e+06
3.01995e+16	9.42642e+15	6.85597e+13	1.38885e+12	3.81351e+07	6.66945e+12	2.45410e+09	0	1.73848e+14	7.22190e+09	0	0	9.80862e+10	1.16415e+13	4.95846e+08	6.86494e+08	3.54784e+06
3.01995e+16	9.14796e+15	6.73068e+13	1.31960e+12	3.51994e+07	6.44537e+12	2.25503e+09	0	1.73360e+14	6.56029e+09	0	0	9.73725e+10	1.15303e+13	4.66601e+08	6.45633e+08	3.33284e+06
3.01995e+16	8.88090e+15	6.60820e+13	1.25427e+12	3.25090e+07	6.23057e+12	2.07316e+09	0	1.72882e+14	5.96296e+09	0	0	9.66878e+10	1.14226e+13	4.39281e+08	6.07475e+08	3.13232e+06
3.01995e+16	8.62162e+15	6.48716e+13	1.19198e+12	3.00310e+07	6.02269e+12	1.90613e+09	0	1.72408e+14	5.42089e+09	0	0	9.60217e+10	1.13171e+13	4.13660e+08	5.71705e+08	2.94462e+06
3.01995e+16	8.37041e+15	6.36778e+13	1.13271e+12	2.77491e+07	5.82190e+12	1.75282e+09	0	1.71937e+14	4.92949e+09	0	0	9.53751e+10	1.12138e+13	3.89635e+08	5.38175e+08	2.76893e+06
3.01995e+16	8.12927e+15	6.25101e+13	1.07676e+12	2.56548e+07	5.62937e+12	1.61264e+09	0	1.71477e+14	4.48542e+09	0	0	9.47546e+10	1.11137e+13	3.67161e+08	5.06821e+08	2.60484e+06
3.01995e+16	7.89424e+15	6.13513e+13	1.02322e+12	2.37200e+07	5.44234e+12	1.48359e+09	0	1.71019e+14	4.08101e+09	0	0	9.41477e+10	1.10151e+13	3.46036e+08	4.77363e+08	2.45090e+06
3.01995e+16	7.66786e+15	6.02152e+13	9.72545e+11	2.19406e+07	5.26268e+12	1.36537e+09	0	1.70569e+14	3.71535e+09	0	0	9.35631e+10	1.09191e+13	3.26238e+08	4.49769e+08	2.30686e+06
3.01995e+16	7.44861e+15	5.90944e+13	9.24326e+11	2.02996e+07	5.08910e+12	1.25679e+09	0	1.70125e+14	3.38311e+09	0	0	9.29956e+10	1.08251e+13	3.07651e+08	4.23871e+08	2.17186e+06
3.01995e+16	7.23653e+15	5.79908e+13	8.78510e+11	1.87867e+07	4.92169e+12	1.15711e+09	0	1.69687e+14	3.08172e+09	0	0	9.24461e+10	1.07331e+13	2.90199e+08	3.99567e+08	2.04532e+06
3.01995e+16	7.03135e+15	5.69041e+13	8.34972e+11	1.73912e+07	4.76024e+12	1.06557e+09	0	1.69256e+14	2.80823e+09	0	0	9.19138e+10	1.06431e+13	2.73806e+08	3.76749e+08	1.92666e+06
3.01995e+16	6.83283e+15	5.58341e+13	7.93599e+11	1.61037e+07	4.60450e+12	9.81483e+08	0	1.68830e+14	2.55990e+09	0	0	9.13980e+10	1.05550e+13	2.58405e+08	3.55320e+08	1.81536e+06
3.01995e+16	6.64048e+15	5.47785e+13	7.54225e+11	1.49146e+07	4.45403e+12	9.04187e+08	0	1.68412e+14	2.33407e+09	0	0	9.08974e+10	1.04686e+13	2.43923e+08	3.35182e+08	1.71087e+06
3.01995e+16	6.45424e+15	5.37390e+13	7.16794e+11	1.38164e+07	4.30886e+12	8.33143e+08	0	1.67999e+14	2.12900e+09	0	0	9.04120e+10	1.03839e+13	2.30304e+08	3.16253e+08	1.61278e+06
3.01995e+16	6.27365e+15	5.27128e+13	6.81153e+11	1.28013e+07	4.16850e+12	7.67796e+08	0	1.67593e+14	1.94226e+09	0	0	8.99402e+10	1.03006e+13	2.17490e+08	2.98452e+08	1.52063e+06
3.01995e+16	6.09888e+15	5.17028e+13	6.47291e+11	0	4.03314e+12	7.07728e+08	0	1.67193e+14	1.77262e+09	0	0	8.94832e+10	1.02190e+13	2.05435e+08	2.81713e+08	0
3.01995e+16	5.92922e+15	5.07049e+13	6.15020e+11	0	3.90213e+12	6.52433e+08	0	1.66800e+14	1.61799e+09	0	0	8.90384e+10	1.01386e+13	1.94082e+08	2.65958e+08	0
3.01995e+16	5.76525e+15	4.97241e+13	5.84395e+11	0	3.77594e+12	6.01611e+08	0	1.66414e+14	1.47756e+09	0	0	8.86082e+10	1.00599e+13	1.83398e+08	2.51139e+08	0
3.01995e+16	5.60642e+15	4.87582e+13	5.55284e+11	0	3.65415e+12	5.54857e+08	0	1.66034e+14	1.34979e+09	0	0	8.81909e+10	9.98258e+12	1.73337e+08	2.37192e+08	0
3.01995e+16	5.45249e+15	4.78063e+13	5.27591e+11	0	3.53651e+12	5.11820e+08	0	1.65661e+14	1.23345e+09	0	0	8.77859e+10	9.90654e+12	1.63857e+08	2.24057e+08	0
3.01995e+16	5.30315e+15	4.68675e+13	5.01231e+11	0	3.42281e+12	4.72191e+08	0	1.65293e+14	1.12744e+09	0	0	8.73921e+10	9.83165e+12	1.54921e+08	2.11684e+08	0
3.01995e+16	5.15959e+15	4.59493e+13	4.76335e+11	0	3.31375e+12	4.35809e+08	0	1.64935e+14	1.03132e+09	0	0	8.70143e+10	9.75868e+12	1.46514e+08	2.00049e+08	0
3.01995e+16	5.01871e+15	4.50337e+13	4.52398e+11	0	3.20727e+12	4.02144e+08	0	1.64579e+14	9.43158e+08	0	0	8.66411e+10	9.68577e+12	1.38564e+08	1.89053e+08	0
3.01995e+16	4.88236e+15	4.41331e+13	4.29669e+11	0	3.10453e+12	3.71161e+08	0	1.64230e+14	8.62812e+08	0	0	8.62795e+10	9.61410e+12	1.31069e+08	1.78693e+08	0
3.01995e+16	4.75072e+15	4.32499e+13	4.08133e+11	0	3.00565e+12	3.42663e+08	0	1.63889e+14	7.89734e+08	0	0	8.59306e+10	9.54384e+12	1.24006e+08	1.68935e+08	0
3.01995e+16	4.62204e+15	4.23732e+13	3.87512e+11	0	2.90945e+12	3.16329e+08	0	1.63552e+14	7.22752e+08	0	0	8.55876e+10	9.47388e+12	1.17329e+08	1.59716e+08	0
3.01995e+16	4.49773e+15	4.15136e+13	3.67975e+11	0	2.81684e+12	2.92099e+08	0	1.63222e+14	6.61798e+08	0	0	8.52564e+10	9.40523e+12	1.11033e+08	1.51029e+08	0
3.01995e+16	4.37734e+15	4.06681e+13	3.49417e+11	0	2.72745e+12	2.69776e+08	0	1.62899e+14	6.06204e+08	0	0	8.49353e+10	9.33761e+12	1.05091e+08	1.42835e+08	0
3.01995e+16	4.26012e+15	3.98329e+13	3.31722e+11	0	2.64081e+12	2.49173e+08	0	1.62581e+14	5.55374e+08	0	0	8.46216e+10	9.27057e+12	9.94765e+07	1.35098e+08	0
3.01995e+16	4.14680e+15	3.90132e+13	3.14945e+11	0	2.55731e+12	2.30199e+08	0	1.62270e+14	5.09030e+08	0	0	8.43183e+10	9.20465e+12	9.41781e+07	1.27800e+08	0
3.01995e+16	4.03639e+15	3.82029e+13	2.98935e+11	0	2.47631e+12	2.12673e+08	0	1.61965e+14	4.66607e+08	0	0	8.40218e+10	9.13917e+12	8.91681e+07	1.20905e+08	0
3.01995e+16	3.92895e+15	3.74031e+13	2.83680e+11	0	2.39782e+12	1.96494e+08	0	1.61664e+14	4.27786e+08	0	0	8.37322e+10	9.07420e+12	8.44322e+07	1.14390e+08	0
3.01995e+16	3.82487e+15	3.66172e+13	2.69200e+11	0	2.32205e+12	1.81580e+08	0	1.61370e+14	3.92351e+08	0	0	8.34515e+10	9.01010e+12	7.99584e+07	1.08240e+08	0
3.01995e+16	3.72365e+15	3.58425e+13	2.55415e+11	0	2.24870e+12	1.67810e+08	0	1.61080e+14	3.59952e+08	0	0	8.31778e+10	8.94651e+12	7.57280e+07	1.02429e+08	0
3.01995e+16	3.62558e+15	3.50809e+13	2.42330e+11	0	2.17785e+12	1.55112e+08	0	1.60798e+14	3.30312e+08	0	0	8.29123e+10	8.88372e+12	7.17305e+07	9.69406e+07	0
3.01995e+16	3.53021e+15	3.43304e+13	2.29875e+11	0	2.10924e+12	1.43386e+08	0	1.60520e+14	3.03195e+08	0	0	8.26534e+10	8.82139e+12	6.79495e+07	9.17531e+07	0
3.01995e+16	3.43758e+15	3.35917e+13	2.18033e+11	0	2.04286e+12	1.32561e+08	0	1.60248e+14	2.78380e+08	0	0	8.24014e+10	8.75959e+12	6.43734e+07	8.68501e+07	0
3.01995e+16	3.34747e+15	3.28631e+13	2.06757e+11	0	1.97852e+12	1.22562e+08	0	1.59982e+14	2.55623e+08	0	0	8.21554e+10	8.69818e+12	6.09897e+07	8.22139e+07	0
3.01995e+16	3.25979e+15	3.21458e+13	1.96032e+11	0	1.91624e+12	1.13325e+08	0	1.59720e+14	2.34806e+08	0	0	8.19154e+10	8.63712e+12	5.77878e+07	7.78296e+07	0
3.01995e+16	3.17476e+15	3.14408e+13	1.85850e+11	0	1.85604e+12	1.04799e+08	0	1.59464e+14	2.15742e+08	0	0	8.16824e+10	8.57664e+12	5.47591e+07	7.36853e+07	0
3.01995e+16	3.09221e+15	3.07480e+13	1.76183e+11	0	1.79782e+12	9.69272e+07	0	1.59213e+14	1.98297e+08	0	0	8.14558e+10	8.51665e+12	5.18935e+07	6.97669e+07	0
3.01995e+16	3.01185e+15	3.00652e+13	1.66982e+11	0	1.74140e+12	8.96516e+07	0	1.58968e+14	1.82294e+08	0	0	8.12345e+10	8.45691e+12	4.91803e+07	6.60594e+07	0
3.01995e+16	2.93371e+15	2.93932e+13	1.58235e+11	0	1.68675e+12	8.29288e+07	0	1.58727e+14	1.67619e+08	0	0	8.10186e+10	8.39747e+12	4.66117e+07	6.25519e+07	0
3.01995e+16	2.85775e+15	2.87322e+13	1.49924e+11	0	1.63385e+12	7.67168e+07	0	1.58491e+14	1.54165e+08	0	0	8.08083e+10	8.33835e+12	4.41798e+07	5.92333e+07	0
3.01995e+16	2.78389e+15	2.80814e+13	1.42023e+11	0	1.58259e+12	7.09756e+07	0	1.58260e+14	1.41809e+08	0	0	8.06030e+10	8.27950e+12	4.18769e+07	5.60931e+07	0
3.01995e+16	2.71204e+15	2.74416e+13	1.34517e+11	0	1.53297e+12	6.56693e+07	0	1.58034e+14	1.30487e+08	0	0	8.04029e+10	8.22086e+12	3.96959e+07	5.31211e+07	0
3.01995e+16	2.64217e+15	2.68124e+13	1.27387e+11	0	1.48491e+12	6.07645e+07	0	1.57812e+14	1.20097e+08	0	0	8.02077e+10	8.16246e+12	3.76302e+07	5.03083e+07	0
3.01995e+16	2.57418e+15	2.61933e+13	1.20610e+11	0	1.43833e+12	5.62298e+07	0	1.57595e+14	1.10555e+08	0	0	8.00171e+10	8.10420e+12	3.56734e+07	4.76455e+07	0
3.01995e+16	2.50805e+15	2.55846e+13	1.14175e+11	0	1.39323e+12	5.20373e+07	0	1.57383e+14	1.01796e+08	0	0	7.98311e+10	8.04612e+12	3.38195e+07	4.51247e+07	0
3.01995e+16	2.44368e+15	2.49859e+13	1.08061e+11	0	1.34951e+12	4.81601e+07	0	1.57175e+14	9.37511e+07	0	0	7.96494e+10	7.98812e+12	3.20628e+07	4.27377e+07	0
3.01995e+16	2.38114e+15	2.43983e+13	1.02262e+11	0	1.30721e+12	4.45763e+07	0	1.56971e+14	8.63689e+07	0	0	7.94726e+10	7.93035e+12	3.03987e+07	4.04781e+07	0
3.01995e+16	2.32016e+15	2.38194e+13	9.67467e+10	0	1.26616e+12	4.12599e+07	0	1.56772e+14	7.95750e+07	0	0	7.92992e+10	7.87252e+12	2.88210e+07	3.83375e+07	0
3.01995e+16	2.26085e+15	2.32507e+13	9.15131e+10	0	1.22640e+12	3.81933e+07	0	1.56576e+14	7.33327e+07	0	0	7.91300e+10	7.81479e+12	2.73260e+07	3.63106e+07	0
3.01995e+16	2.20316e+15	2.26921e+13	8.65472e+10	0	1.18788e+12	3.53572e+07	0	1.56385e+14	6.75958e+07	0	0	7.89649e+10	7.75715e+12	2.59092e+07	3.43911e+07	0
3.01995e+16	2.14698e+15	2.21430e+13	8.18327e+10	0	1.15054e+12	3.27334e+07	0	1.56198e+14	6.23194e+07	0	0	7.88035e+10	7.69949e+12	2.45661e+07	3.25728e+07	0
3.01995e+16	2.09228e+15	2.16033e+13	7.73574e+10	0	1.11435e+12	3.03058e+07	0	1.56015e+14	5.74656e+07	0	0	7.86455e+10	7.64180e+12	2.32927e+07	3.08502e+07	0
3.01995e+16	2.03906e+15	2.10735e+13	7.31134e+10	0	1.07929e+12	2.80601e+07	0	1.55836e+14	5.30027e+07	0	0	7.84913e+10	7.58413e+12	2.20855e+07	2.92186e+07	0
3.01995e+16	1.98721e+15	2.05528e+13	6.90857e+10	0	1.04529e+12	2.59821e+07	0	1.55661e+14	4.88950e+07	0	0	7.83403e+10	7.52638e+12	2.09410e+07	2.76727e+07	0
3.01995e+16	1.93670e+15	2.00412e+13	6.52645e+10	0	1.01233e+12	2.40589e+07	0	1.55489e+14	4.51139e+07	0	0	7.81925e+10	7.46853e+12	1.98556e+07	2.62079e+07	0
3.01995e+16	1.88755e+15	1.95389e+13	6.16412e+10	0	9.80382e+11	2.22795e+07	0	1.55322e+14	4.16336e+07	0	0	7.80481e+10	7.41064e+12	1.88265e+07	2.48201e+07	0
3.01995e+16	1.83967e+15	1.90454e+13	5.82044e+10	0	9.49405e+11	2.06325e+07	0	1.55157e+14	3.84280e+07	0	0	7.79065e+10	7.35262e+12	1.78506e+07	2.35050e+07	0
3.01995e+16	1.79308e+15	1.85612e+13	5.49485e+10	0	9.19399e+11	1.91087e+07	0	1.54997e+14	3.54775e+07	0	0	7.77683e+10	7.29457e+12	1.69252e+07	2.22592e+07	0
3.01995e+16	1.74765e+15	1.80856e+13	5.18602e+10	0	8.90287e+11	1.76979e+07	0	1.54839e+14	3.27582e+07	0	0	7.76326e+10	7.23630e+12	1.60475e+07	2.10785e+07	0
3.01995e+16	1.70341e+15	1.76187e+13	4.89337e+10	0	8.62069e+11	1.63921e+07	0	1.54686e+14	3.02530e+07	0	0	7.74998e+10	7.17791e+12	1.52150e+07	1.99596e+07	0
3.01995e+16	1.66030e+15	1.71604e+13	4.61602e+10	0	8.34705e+11	1.51833e+07	0	1.54535e+14	2.79440e+07	0	0	7.73696e+10	7.11934e+12	1.44255e+07	1.88992e+07	0
3.01995e+16	1.61830e+15	1.67107e+13	4.35328e+10	0	8.08175e+11	1.40643e+07	0	1.54388e+14	2.58157e+07	0	0	7.72419e+10	7.06060e+12	1.36766e+07	1.78943e+07	0
3.01995e+16	1.57738e+15	1.62694e+13	4.10442e+10	0	7.82452e+11	1.30283e+07	0	1.54244e+14	2.38534e+07	0	0	7.71168e+10	7.00167e+12	1.29662e+07	1.69420e+07	0
3.01995e+16	1.53750e+15	1.58363e+13	3.86871e+10	0	7.57508e+11	1.20692e+07	0	1.54103e+14	2.20438e+07	0	0	7.69939e+10	6.94253e+12	1.22924e+07	1.60394e+07	0
3.01995e+16	1.49864e+15	1.54116e+13	3.64559e+10	0	7.33325e+11	1.11812e+07	0	1.53965e+14	2.03750e+07	0	0	7.68734e+10	6.88321e+12	1.16532e+07	1.51841e+07	0
3.01995e+16	1.46076e+15	1.49950e+13	3.43434e+10	0	7.09872e+11	1.03590e+07	0	1.53830e+14	1.88353e+07	0	0	7.67550e+10	6.82364e+12	1.10469e+07	1.43734e+07	0
3.01995e+16	1.42384e+15	1.45864e+13	3.23444e+10	0	6.87135e+11	9.59772e+06	0	1.53698e+14	1.74148e+07	0	0	7.66388e+10	6.76387e+12	1.04718e+07	1.36052e+07	0
3.01995e+16	1.38786e+15	1.41857e+13	3.04528e+10	0	6.65085e+11	8.89276e+06	0	1.53569e+14	1.61037e+07	0	0	7.65246e+10	6.70386e+12	9.92628e+06	1.28771e+07	0
3.01995e+16	1.35276e+15	1.37926e+13	2.86628e+10	0	6.43700e+11	8.23988e+06	0	1.53443e+14	1.48937e+07	0	0	7.64122e+10	6.64357e+12	9.40870e+06	1.21870e+07	0
3.01995e+16	1.31858e+15	1.34077e+13	2.69710e+10	0	6.22973e+11	7.63543e+06	0	1.53319e+14	1.37762e+07	0	0	7.63018e+10	6.58313e+12	8.91782e+06	1.15332e+07	0
3.01995e+16	1.28525e+15	1.30303e+13	2.53709e+10	0	6.02872e+11	7.07561e+06	0	1.53199e+14	1.27446e+07	0	0	7.61932e+10	6.52241e+12	8.45214e+06	1.09136e+07	0
3.01995e+16	1.25272e+15	1.26603e+13	2.38578e+10	0	5.83376e+11	6.55711e+06	0	1.53080e+14	1.17916e+07	0	0	7.60860e+10	6.46141e+12	8.01039e+06	1.03264e+07	0
3.01995e+16	1.22103e+15	1.22979e+13	2.24284e+10	0	5.64479e+11	6.07693e+06	0	1.52965e+14	1.09117e+07	0	0	7.59807e+10	6.40020e+12	7.59135e+06	9.76993e+06	0
3.01995e+16	1.19012e+15	1.19429e+13	2.10779e+10	0	5.46155e+11	5.63222e+06	0	1.52852e+14	1.00986e+07	0	0	7.58767e+10	6.33874e+12	7.19391e+06	9.24274e+06	0
3.01995e+16	1.15998e+15	1.15953e+13	1.98021e+10	0	5.28387e+11	5.22029e+06	0	1.52741e+14	9.34750e+06	0	0	7.57743e+10	6.27702e+12	6.81687e+06	8.74315e+06	0
3.01995e+16	1.13057e+15	1.12547e+13	1.85973e+10	0	5.11158e+11	4.83876e+06	0	1.52633e+14	8.65303e+06	0	0	7.56730e+10	6.21506e+12	6.45927e+06	8.26985e+06	0
3.01995e+16	1.10189e+15	1.09213e+13	1.74600e+10	0	4.94456e+11	4.48537e+06	0	1.52527e+14	8.01138e+06	0	0	7.55731e+10	6.15286e+12	6.12009e+06	7.82143e+06	0
3.01995e+16	1.07392e+15	1.05951e+13	1.63869e+10	0	4.78265e+11	4.15804e+06	0	1.52424e+14	7.41818e+06	0	0	7.54744e+10	6.09044e+12	5.79841e+06	7.39663e+06	0
3.01995e+16	1.04662e+15	1.02758e+13	1.53743e+10	0	4.62565e+11	3.85482e+06	0	1.52322e+14	6.86960e+06	0	0	7.53767e+10	6.02778e+12	5.49330e+06	6.99421e+06	0
3.01995e+16	1.02000e+15	9.96343e+12	1.44193e+10	0	4.47348e+11	3.57394e+06	0	1.52223e+14	6.36245e+06	0	0	7.52802e+10	5.96491e+12	5.20396e+06	6.61303e+06	0
3.01995e+16	9.94025e+14	9.65786e+12	1.35195e+10	0	4.32596e+11	3.31376e+06	0	1.52126e+14	5.89323e+06	0	0	7.51844e+10	5.90182e+12	4.92956e+06	6.25201e+06	0
3.01995e+16	9.68679e+14	9.35950e+12	1.26768e+10	0	4.18303e+11	3.07278e+06	0	1.52032e+14	5.45928e+06	0	0	7.50896e+10	5.83857e+12	4.66938e+06	5.91017e+06	0
3.01995e+16	9.43942e+14	9.06819e+12	1.18882e+10	0	4.04452e+11	2.84956e+06	0	1.51939e+14	5.05762e+06	0	0	7.49954e+10	5.77514e+12	4.42266e+06	5.58650e+06	0
3.01995e+16	9.19796e+14	8.78384e+12	1.11498e+10	0	3.91033e+11	2.64279e+06	0	1.51848e+14	4.68605e+06	0	0	7.49020e+10	5.71154e+12	4.18874e+06	5.28007e+06	0
3.01995e+16	8.96234e+14	8.50616e+12	1.04574e+10	0	3.78029e+11	2.45125e+06	0	1.51760e+14	4.34196e+06	0	0	7.48091e+10	5.64782e+12	3.96696e+06	4.98998e+06	0
3.01995e+16	8.73236e+14	8.23492e+12	9.80523e+09	0	3.65427e+11	2.27378e+06	0	1.51673e+14	4.02367e+06	0	0	7.47166e+10	5.58393e+12	3.75670e+06	4.71532e+06	0
3.01995e+16	8.50790e+14	7.96996e+12	9.19052e+09	0	3.53214e+11	2.10934e+06	0	1.51588e+14	3.72910e+06	0	0	7.46247e+10	5.51990e+12	3.55736e+06	4.45529e+06	0
3.01995e+16	8.28881e+14	7.71124e+12	8.61140e+09	0	3.41378e+11	1.95696e+06	0	1.51505e+14	3.45649e+06	0	0	7.45331e+10	5.45575e+12	3.36840e+06	4.20915e+06	0
3.01995e+16	8.07497e+14	7.45863e+12	8.06595e+09	0	3.29910e+11	1.81577e+06	0	1.51424e+14	3.20415e+06	0	0	7.44417e+10	5.39149e+12	3.18927e+06	3.97616e+06	0
3.01995e+16	7.86622e+14	7.21213e+12	7.55248e+09	0	3.18799e+11	1.68493e+06	0	1.51344e+14	2.97057e+06	0	0	7.43505e+10	5.32715e+12	3.01950e+06	3.75567e+06	0
