# %ECSV 1.0
# ---
# datatype:
# - {name: H, datatype: float64}
# - {name: H+, datatype: float64}
# - {name: C+, datatype: float64}
# - {name: C+2, datatype: float64}
# - {name: C+3, datatype: float64}
# - {name: N+, datatype: float64}
# - {name: N+2, datatype: float64}
# - {name: N+4, datatype: float64}
# - {name: O, datatype: float64}
# - {name: O+2, datatype: float64}
# - {name: O+5, datatype: float64}
# - {name: O+6, datatype: float64}
# - {name: P+, datatype: float64}
# - {name: Si+, datatype: float64}
# - {name: Si+2, datatype: float64}
# - {name: Si+3, datatype: float64}
# - {name: Si+4, datatype: float64}
# - {name: log_nH, datatype: float64}
# - {name: parameters, datatype: string, subtype: 'float64[1]'}
# schema: astropy-2.0
H H+ C+ C+2 C+3 N+ N+2 N+4 O O+2 O+5 O+6 P+ Si+ Si+2 Si+3 Si+4 log_nH parameters
33113100000000.0 6.93548e+17 64272800000.0 22528000000000.0 138975000000000.0 4692340000.0 3693550000000.0 108567000000000.0 288796.0 10876700000000.0 1100310000000000.0 982941000000000.0 2469540.0 90450000.0 9217910000.0 114064000000.0 6555080000000.0 -5.0 [-5.0]
33113100000000.0 6.50734e+17 68342900000.0 23245100000000.0 140180000000000.0 5202520000.0 3973350000000.0 106010000000000.0 350902.0 11886600000000.0 1028990000000000.0 868215000000000.0 2847000.0 102181000.0 10392200000.0 129524000000.0 6952860000000.0 -4.98 [-4.98]
33113100000000.0 6.10223e+17 72795000000.0 23968800000000.0 141215000000000.0 5780330000.0 4272240000000.0 103267000000000.0 427752.0 12971800000000.0 959194000000000.0 763793000000000.0 3284510.0 115248000.0 11689100000.0 146937000000.0 7362160000000.0 -4.96 [-4.96]
33113100000000.0 5.71889e+17 77699000000.0 24704000000000.0 142072000000000.0 6436740000.0 4591140000000.0 100341000000000.0 522932.0 14131900000000.0 890992000000000.0 669349000000000.0 3793140.0 129833000.0 13119700000.0 166528000000.0 7781760000000.0 -4.94 [-4.94]
33113100000000.0 5.35567e+17 83130300000.0 25455400000000.0 142740000000000.0 7184500000.0 4930990000000.0 97231900000000.0 641042.0 15368300000000.0 824588000000000.0 584102000000000.0 4385920.0 146145000.0 14695700000.0 188567000000.0 8210660000000.0 -4.92 [-4.92]
33113100000000.0 5.01116e+17 89186400000.0 26229700000000.0 143208000000000.0 8038860000.0 5292630000000.0 93942000000000.0 787845.0 16680900000000.0 760154000000000.0 507388000000000.0 5079080.0 164460000.0 16431500000.0 213356000000.0 8647510000000.0 -4.9 [-4.9]
33113100000000.0 4.68417e+17 95992600000.0 27037200000000.0 143462000000000.0 9017960000.0 5676810000000.0 90473400000000.0 970563.0 18068200000000.0 697867000000000.0 438607000000000.0 5893100.0 185161000.0 18346200000.0 241226000000.0 9090600000000.0 -4.88 [-4.88]
33113100000000.0 4.37247e+17 103690000000.0 27886400000000.0 143487000000000.0 10144200000.0 6084560000000.0 86818900000000.0 1198770.0 19529300000000.0 637757000000000.0 376996000000000.0 6851920.0 208662000.0 20460300000.0 272662000000.0 9539310000000.0 -4.86 [-4.86]
33113100000000.0 4.07432e+17 112490000000.0 28793900000000.0 143257000000000.0 11445900000.0 6516860000000.0 82971400000000.0 1484840.0 21061400000000.0 579885000000000.0 321906000000000.0 7988040.0 235619000.0 22806000000.0 308218000000.0 9992290000000.0 -4.84 [-4.84]
33113100000000.0 3.78853e+17 122690000000.0 29785700000000.0 142746000000000.0 12958300000.0 6974410000000.0 78927900000000.0 1844700.0 22658000000000.0 524353000000000.0 272842000000000.0 9345560.0 267059000.0 25432800000.0 348515000000.0 10447400000000.0 -4.82 [-4.82]
33113100000000.0 3.51403e+17 134691000000.0 30896600000000.0 141912000000000.0 14723400000.0 7457230000000.0 74686000000000.0 2298820.0 24308500000000.0 471271000000000.0 229338000000000.0 10984100.0 304549000.0 28417500000.0 394265000000.0 10901400000000.0 -4.8 [-4.8]
33113100000000.0 3.24859e+17 149065000000.0 32172900000000.0 140697000000000.0 16797900000.0 7965500000000.0 70226300000000.0 2875810.0 25999100000000.0 420577000000000.0 190820000000000.0 12986600.0 350428000.0 31877000000.0 446551000000.0 11352200000000.0 -4.78 [-4.78]
33113100000000.0 2.99007e+17 166673000000.0 33683200000000.0 139017000000000.0 19255400000.0 8498410000000.0 65525700000000.0 3614980.0 27707700000000.0 372214000000000.0 156791000000000.0 15475900.0 408582000.0 36004500000.0 506780000000.0 11796300000000.0 -4.76 [-4.76]
33113100000000.0 2.73513e+17 188892000000.0 35531500000000.0 136739000000000.0 22199000000.0 9053710000000.0 60537400000000.0 4574650.0 29398200000000.0 325968000000000.0 126734000000000.0 18646300.0 485705000.0 41128800000.0 577131000000.0 12229900000000.0 -4.74 [-4.74]
33113100000000.0 2.479e+17 218089000000.0 37884500000000.0 133632000000000.0 25779900000.0 9625680000000.0 55182200000000.0 5846720.0 31007300000000.0 281467000000000.0 100119000000000.0 22833300.0 594386000.0 47845000000.0 661148000000.0 12647300000000.0 -4.72 [-4.72]
33113100000000.0 2.2138e+17 258774000000.0 41026400000000.0 129268000000000.0 30234200000.0 10198600000000.0 49317300000000.0 7592680.0 32412100000000.0 237981000000000.0 76347200000000.0 28695800.0 761118000.0 57315200000.0 765336000000.0 13037200000000.0 -4.7 [-4.7]
33113000000000.0 1.92165e+17 321709000000.0 45527400000000.0 122640000000000.0 36005400000.0 10724800000000.0 42608100000000.0 10171400.0 33326400000000.0 193530000000000.0 54494200000000.0 37877600.0 1055830000.0 72218300000.0 905206000000.0 13373900000000.0 -4.68 [-4.68]
33113100000000.0 1.66303e+17 401472000000.0 50382800000000.0 114785000000000.0 42152200000.0 11077000000000.0 36487200000000.0 13499000.0 33712500000000.0 155092000000000.0 38247000000000.0 50800500.0 1511060000.0 91712000000.0 1059190000000.0 13541400000000.0 -4.66 [-4.66]
33113100000000.0 1.4581e+17 488230000000.0 54594600000000.0 106916000000000.0 48011700000.0 11258900000000.0 31544300000000.0 17452600.0 33871900000000.0 124537000000000.0 27284600000000.0 67096300.0 2120460000.0 113189000000.0 1208170000000.0 13531900000000.0 -4.64 [-4.64]
33113100000000.0 1.26346e+17 598278000000.0 58657000000000.0 97715200000000.0 54128600000.0 11232400000000.0 26944700000000.0 22824600.0 33639900000000.0 96360300000000.0 18616100000000.0 90668700.0 3061400000.0 139321000000.0 1375570000000.0 13335900000000.0 -4.62 [-4.62]
33113100000000.0 1.07967e+17 737424000000.0 62112900000000.0 87207100000000.0 60298400000.0 10947200000000.0 22755700000000.0 30449600.0 33133600000000.0 70696300000000.0 11957300000000.0 126366000.0 4544100000.0 169870000000.0 1560570000000.0 12903600000000.0 -4.6 [-4.6]
33113000000000.0 9.13006e+16 903203000000.0 64297800000000.0 75981800000000.0 66296600000.0 10407800000000.0 19075000000000.0 41604400.0 32666600000000.0 48891600000000.0 7220890000000.0 181162000.0 6822860000.0 203040000000.0 1752350000000.0 12213100000000.0 -4.58 [-4.58]
33113100000000.0 7.77938e+16 1068790000000.0 64779900000000.0 65671700000000.0 72059500000.0 9781670000000.0 16049600000000.0 57000600.0 32630100000000.0 33154000000000.0 4322940000000.0 256411000.0 9910200000.0 235097000000.0 1922350000000.0 11368900000000.0 -4.56 [-4.56]
33113100000000.0 6.76218e+16 1209500000000.0 63968500000000.0 57220100000000.0 77820600000.0 9237090000000.0 13632300000000.0 76382400.0 33005900000000.0 23056700000000.0 2702010000000.0 345637000.0 13614600000.0 264348000000.0 2054500000000.0 10518400000000.0 -4.54 [-4.54]
33113100000000.0 5.98513e+16 1322500000000.0 62444300000000.0 50398300000000.0 83769900000.0 8801920000000.0 11665900000000.0 99616100.0 33559800000000.0 16592700000000.0 1773440000000.0 443762000.0 17858300000.0 291338000000.0 2153190000000.0 9720530000000.0 -4.52 [-4.52]
33113100000000.0 5.36714e+16 1412790000000.0 60551000000000.0 44772600000000.0 89969500000.0 8450520000000.0 10031000000000.0 126944000.0 34134100000000.0 12281900000000.0 1209480000000.0 548798000.0 22663800000.0 316749000000.0 2226280000000.0 8982320000000.0 -4.5 [-4.5]
33113100000000.0 4.85677e+16 1485300000000.0 58456900000000.0 40014500000000.0 96427500000.0 8154680000000.0 8649410000000.0 158881000.0 34654000000000.0 9279870000000.0 847841000000.0 660234000.0 28093600000.0 340949000000.0 2279600000000.0 8296770000000.0 -4.48 [-4.48]
33113100000000.0 4.42389e+16 1543480000000.0 56255600000000.0 35917100000000.0 103136000000.0 7895790000000.0 7471150000000.0 196043000.0 35087400000000.0 7120070000000.0 606513000000.0 777685000.0 34207400000.0 364055000000.0 2316780000000.0 7657830000000.0 -4.46 [-4.46]
33113100000000.0 4.04976e+16 1589850000000.0 54006000000000.0 32344600000000.0 110082000000.0 7662070000000.0 6461010000000.0 239109000.0 35421500000000.0 5528190000000.0 440684000000.0 900681000.0 41057900000.0 386076000000.0 2340270000000.0 7061090000000.0 -4.44 [-4.44]
33113100000000.0 3.72274e+16 1626370000000.0 51754800000000.0 29208400000000.0 117244000000.0 7446850000000.0 5593930000000.0 288714000.0 35652700000000.0 4335630000000.0 324413000000.0 1028380000.0 48672400000.0 406948000000.0 2351830000000.0 6504650000000.0 -4.42 [-4.42]
33113100000000.0 3.43399e+16 1654690000000.0 49531500000000.0 26436900000000.0 124600000000.0 7245020000000.0 4848190000000.0 345588000.0 35783100000000.0 3429120000000.0 241435000000.0 1160010000.0 57079300000.0 426614000000.0 2352890000000.0 5986010000000.0 -4.4 [-4.4]
33113100000000.0 3.17625e+16 1676020000000.0 47347200000000.0 23969300000000.0 132142000000.0 7051680000000.0 4204260000000.0 410722000.0 35817600000000.0 2729800000000.0 181191000000.0 1295010000.0 66327600000.0 445010000000.0 2344540000000.0 5501470000000.0 -4.38 [-4.38]
33113100000000.0 2.94456e+16 1691380000000.0 45214100000000.0 21762200000000.0 139856000000.0 6864150000000.0 3647330000000.0 485115000.0 35761300000000.0 2184840000000.0 136926000000.0 1432500000.0 76446200000.0 462058000000.0 2327690000000.0 5048960000000.0 -4.36 [-4.36]
33113100000000.0 2.73544e+16 1701730000000.0 43145500000000.0 19783400000000.0 147719000000.0 6681130000000.0 3165660000000.0 569720000.0 35620100000000.0 1757230000000.0 104124000000.0 1571420000.0 87439700000.0 477687000000.0 2303180000000.0 4627320000000.0 -4.34 [-4.34]
33113100000000.0 2.54551e+16 1707710000000.0 41142900000000.0 18001800000000.0 155720000000.0 6500700000000.0 2748120000000.0 665817000.0 35399700000000.0 1418770000000.0 79570700000.0 1710910000.0 99335900000.0 491822000000.0 2271660000000.0 4234240000000.0 -4.32 [-4.32]
33113100000000.0 2.37262e+16 1710140000000.0 39214900000000.0 16395300000000.0 163825000000.0 6322630000000.0 2386380000000.0 774521000.0 35106000000000.0 1149690000000.0 61091400000.0 1849890000.0 112118000000.0 504422000000.0 2233870000000.0 3868840000000.0 -4.3 [-4.3]
33113100000000.0 2.2146e+16 1709560000000.0 37362000000000.0 14942700000000.0 171968000000.0 6146070000000.0 2072620000000.0 897278000.0 34744200000000.0 934494000000.0 47086500000.0 1987430000.0 125783000000.0 515427000000.0 2190410000000.0 3529400000000.0 -4.28 [-4.28]
33113100000000.0 2.06986e+16 1706490000000.0 35586300000000.0 13627400000000.0 180178000000.0 5970820000000.0 1800500000000.0 1035360000.0 34320000000000.0 761710000000.0 36421900000.0 2122540000.0 140300000000.0 524794000000.0 2141890000000.0 3214750000000.0 -4.26 [-4.26]
33113100000000.0 1.93687e+16 1701360000000.0 33887100000000.0 12433900000000.0 188438000000.0 5796590000000.0 1564310000000.0 1190320000.0 33839000000000.0 622354000000.0 28258600000.0 2254380000.0 155646000000.0 532501000000.0 2088860000000.0 2923410000000.0 -4.24 [-4.24]
33113100000000.0 1.81432e+16 1694440000000.0 32261400000000.0 11348900000000.0 196733000000.0 5623080000000.0 1359140000000.0 1363890000.0 33305000000000.0 509487000000.0 21979900000.0 2382110000.0 171782000000.0 538487000000.0 2031830000000.0 2653890000000.0 -4.22 [-4.22]
33113100000000.0 1.70117e+16 1686080000000.0 30708300000000.0 10361300000000.0 205045000000.0 5450400000000.0 1180890000000.0 1557820000.0 32723200000000.0 417802000000.0 17133900000.0 2505000000.0 188655000000.0 542746000000.0 1971320000000.0 2405020000000.0 -4.2 [-4.2]
33113100000000.0 1.59651e+16 1676540000000.0 29225800000000.0 9461210000000.0 213358000000.0 5278680000000.0 1026000000000.0 1773990000.0 32098100000000.0 343120000000.0 13381900000.0 2622370000.0 206198000000.0 545266000000.0 1907820000000.0 2175590000000.0 -4.18 [-4.18]
33113100000000.0 1.49948e+16 1665980000000.0 27810600000000.0 8639910000000.0 221660000000.0 5107910000000.0 891335000000.0 2014550000.0 31433600000000.0 282105000000.0 10467100000.0 2733620000.0 224342000000.0 546031000000.0 1841780000000.0 1964340000000.0 -4.16 [-4.16]
33113100000000.0 1.40932e+16 1654520000000.0 26459400000000.0 7889620000000.0 229939000000.0 4938190000000.0 774194000000.0 2281770000.0 30733500000000.0 232134000000.0 8196580000.0 2838210000.0 243006000000.0 545042000000.0 1773620000000.0 1770090000000.0 -4.14 [-4.14]
33113100000000.0 1.32542e+16 1642300000000.0 25169500000000.0 7203590000000.0 238183000000.0 4769690000000.0 672277000000.0 2578110000.0 30001200000000.0 191126000000.0 6423940000.0 2935720000.0 262096000000.0 542309000000.0 1703760000000.0 1591780000000.0 -4.12 [-4.12]
33113100000000.0 1.24727e+16 1629470000000.0 23939200000000.0 6576230000000.0 246376000000.0 4602740000000.0 583657000000.0 2905950000.0 29241200000000.0 157441000000.0 5038450000.0 3025760000.0 281491000000.0 537869000000.0 1632660000000.0 1428490000000.0 -4.1 [-4.1]
33113100000000.0 1.17435e+16 1616090000000.0 22765100000000.0 6002060000000.0 254510000000.0 4437470000000.0 506566000000.0 3268100000.0 28456400000000.0 129723000000.0 3953480000.0 3108040000.0 301079000000.0 531754000000.0 1560690000000.0 1279190000000.0 -4.08 [-4.08]
33113100000000.0 1.10619e+16 1602190000000.0 21644300000000.0 5476230000000.0 262577000000.0 4274000000000.0 439485000000.0 3667630000.0 27649900000000.0 106881000000.0 3102510000.0 3182330000.0 320741000000.0 524006000000.0 1488210000000.0 1142900000000.0 -4.06 [-4.06]
33113100000000.0 1.0424e+16 1587800000000.0 20574000000000.0 4994570000000.0 270566000000.0 4112510000000.0 381120000000.0 4107740000.0 26824700000000.0 88041000000.0 2434460000.0 3248420000.0 340345000000.0 514683000000.0 1415580000000.0 1018750000000.0 -4.04 [-4.04]
33113100000000.0 9826610000000000.0 1573000000000.0 19552600000000.0 4553330000000.0 278466000000.0 3953290000000.0 330362000000.0 4591520000.0 25984400000000.0 72498700000.0 1909890000.0 3306280000.0 359739000000.0 503875000000.0 1343170000000.0 905947000000.0 -4.02 [-4.02]
33113100000000.0 9267960000000000.0 1558110000000.0 18581300000000.0 4148820000000.0 286272000000.0 3797050000000.0 286217000000.0 5122930000.0 25140200000000.0 59674100000.0 1498000000.0 3356250000.0 378868000000.0 491875000000.0 1271930000000.0 803268000000.0 -4.0 [-4.0]
33113100000000.0 8743220000000000.0 1542920000000.0 17653500000000.0 3777470000000.0 293982000000.0 3643280000000.0 247776000000.0 5706190000.0 24286900000000.0 49070900000.0 1173870000.0 3398200000.0 397550000000.0 478598000000.0 1201520000000.0 710160000000.0 -3.98 [-3.98]
33113100000000.0 8250640000000000.0 1527460000000.0 16768400000000.0 3437350000000.0 301572000000.0 3492360000000.0 214389000000.0 6344170000.0 23426700000000.0 40322500000.0 919316000.0 3432080000.0 415569000000.0 464128000000.0 1132200000000.0 626245000000.0 -3.96 [-3.96]
33113100000000.0 7787720000000000.0 1511740000000.0 15923500000000.0 3125760000000.0 309035000000.0 3344360000000.0 185392000000.0 7041020000.0 22562100000000.0 33103700000.0 719380000.0 3458070000.0 432784000000.0 448589000000.0 1064240000000.0 550800000000.0 -3.94 [-3.94]
33113100000000.0 7352590000000000.0 1495830000000.0 15117700000000.0 2840420000000.0 316361000000.0 3199530000000.0 160227000000.0 7800660000.0 21696100000000.0 27151500000.0 562462000.0 3476420000.0 449043000000.0 432131000000.0 997904000000.0 483188000000.0 -3.92 [-3.92]
33113100000000.0 6943420000000000.0 1479770000000.0 14349300000000.0 2579240000000.0 323536000000.0 3058010000000.0 138401000000.0 8627110000.0 20831600000000.0 22247200000.0 439393000.0 3487420000.0 464208000000.0 414905000000.0 933452000000.0 422786000000.0 -3.9 [-3.9]
33113100000000.0 6558460000000000.0 1463600000000.0 13616600000000.0 2340230000000.0 330553000000.0 2919930000000.0 119478000000.0 9524750000.0 19971000000000.0 18208700000.0 342927000.0 3491390000.0 478157000000.0 397062000000.0 871083000000.0 368983000000.0 -3.88 [-3.88]
33113100000000.0 6196270000000000.0 1447390000000.0 12918500000000.0 2121640000000.0 337399000000.0 2785450000000.0 103086000000.0 10497600000.0 19117300000000.0 14887200000.0 267397000.0 3488720000.0 490775000000.0 378768000000.0 811002000000.0 321223000000.0 -3.86 [-3.86]
33113100000000.0 5855510000000000.0 1431200000000.0 12253800000000.0 1921850000000.0 344062000000.0 2654710000000.0 88898200000.0 11549500000.0 18273100000000.0 12158500000.0 208325000.0 3479850000.0 501967000000.0 360187000000.0 753378000000.0 278972000000.0 -3.84 [-3.84]
33113100000000.0 5534900000000000.0 1415070000000.0 11621000000000.0 1739380000000.0 350529000000.0 2527830000000.0 76626400000.0 12684400000.0 17440900000000.0 9919330000.0 162171000.0 3465210000.0 511655000000.0 341475000000.0 698343000000.0 241716000000.0 -3.82 [-3.82]
33113100000000.0 5233280000000000.0 1399080000000.0 11019100000000.0 1572840000000.0 356790000000.0 2404900000000.0 66019900000.0 13906200000.0 16623000000000.0 8084190000.0 126149000.0 3445270000.0 519789000000.0 322787000000.0 645999000000.0 208974000000.0 -3.8 [-3.8]
33113100000000.0 4949530000000000.0 1383280000000.0 10446800000000.0 1420980000000.0 362833000000.0 2286000000000.0 56859100000.0 15218200000.0 15821600000000.0 6582040000.0 98064000.0 3420490000.0 526337000000.0 304264000000.0 596416000000.0 180293000000.0 -3.78 [-3.78]
33113100000000.0 4682640000000000.0 1367700000000.0 9903030000000.0 1282610000000.0 368646000000.0 2171200000000.0 48952500000.0 16623900000.0 15038800000000.0 5354010000.0 76189600.0 3391360000.0 531290000000.0 286037000000.0 549633000000.0 155248000000.0 -3.76 [-3.76]
33113100000000.0 4431650000000000.0 1352390000000.0 9386570000000.0 1156670000000.0 374220000000.0 2060510000000.0 42132800000.0 18126100000.0 14276400000000.0 4351300000.0 59167900.0 3358340000.0 534664000000.0 268224000000.0 505660000000.0 133445000000.0 -3.74 [-3.74]
33113100000000.0 4195630000000000.0 1337400000000.0 8896320000000.0 1042150000000.0 379543000000.0 1953980000000.0 36254200000.0 19727500000.0 13535800000000.0 3533550000.0 45933700.0 3321860000.0 536493000000.0 250924000000.0 464476000000.0 114520000000.0 -3.72 [-3.72]
33113100000000.0 3973720000000000.0 1322730000000.0 8431130000000.0 938118000000.0 384605000000.0 1851570000000.0 31189200000.0 21430400000.0 12818500000000.0 2867350000.0 35651400.0 3282350000.0 536833000000.0 234221000000.0 426034000000.0 98136000000.0 -3.7 [-3.7]
33113100000000.0 3765060000000000.0 1308410000000.0 7989850000000.0 843724000000.0 389397000000.0 1753260000000.0 26827200000.0 23236900000.0 12125300000000.0 2325170000.0 27667100.0 3240180000.0 535755000000.0 218183000000.0 390265000000.0 83988600000.0 -3.68 [-3.68]
33113100000000.0 3568900000000000.0 1294450000000.0 7571450000000.0 758170000000.0 393910000000.0 1659010000000.0 23072300000.0 25148300000.0 11457400000000.0 1884390000.0 21470900.0 3195760000.0 533342000000.0 202864000000.0 357084000000.0 71801400000.0 -3.66 [-3.66]
33113100000000.0 3384480000000000.0 1280860000000.0 7174830000000.0 680714000000.0 398136000000.0 1568770000000.0 19841000000.0 27165800000.0 10815100000000.0 1526350000.0 16664100.0 3149400000.0 529690000000.0 188299000000.0 326387000000.0 61325300000.0 -3.64 [-3.64]
33113100000000.0 3211070000000000.0 1267620000000.0 6798920000000.0 610666000000.0 402066000000.0 1482450000000.0 17061000000.0 29290200000.0 10199000000000.0 1235740000.0 12935600.0 3101400000.0 524902000000.0 174509000000.0 298057000000.0 52336400000.0 -3.62 [-3.62]
33113100000000.0 3047990000000000.0 1254730000000.0 6442700000000.0 547389000000.0 405695000000.0 1399960000000.0 14669700000.0 31521800000.0 9608970000000.0 1000020000.0 10044000.0 3052030000.0 519086000000.0 161503000000.0 271971000000.0 44636600000.0 -3.6 [-3.6]
33113100000000.0 2894590000000000.0 1242170000000.0 6105140000000.0 490290000000.0 409014000000.0 1321200000000.0 12613000000.0 33860600000.0 9045140000000.0 808943000.0 7801400.0 3001520000.0 512348000000.0 149279000000.0 247998000000.0 38050400000.0 -3.58 [-3.58]
33113100000000.0 2750250000000000.0 1229910000000.0 5785290000000.0 438820000000.0 412018000000.0 1246050000000.0 10844100000.0 36306300000.0 8507220000000.0 654128000.0 6061840.0 2950090000.0 504798000000.0 137826000000.0 226006000000.0 32423700000.0 -3.56 [-3.56]
33113100000000.0 2613990000000000.0 1217890000000.0 5481290000000.0 392356000000.0 414693000000.0 1174200000000.0 9318890000.0 38862900000.0 7993340000000.0 528480000.0 4709260.0 2897730000.0 496507000000.0 127095000000.0 205805000000.0 27610900000.0 -3.54 [-3.54]
33113100000000.0 2486430000000000.0 1206200000000.0 5194910000000.0 350769000000.0 417058000000.0 1106120000000.0 8014220000.0 41515300000.0 7507380000000.0 427240000.0 3664620.0 2845120000.0 487675000000.0 117147000000.0 187428000000.0 23526300000.0 -3.52 [-3.52]
33113100000000.0 2365900000000000.0 1194690000000.0 4922670000000.0 313292000000.0 419084000000.0 1041110000000.0 6888890000.0 44275600000.0 7044430000000.0 345106000.0 2851440.0 2791900000.0 478299000000.0 107868000000.0 170589000000.0 20036800000.0 -3.5 [-3.5]
33113100000000.0 2252280000000000.0 1183370000000.0 4664610000000.0 279637000000.0 420774000000.0 979233000000.0 5920940000.0 47137600000.0 6605190000000.0 278660000.0 2219840.0 2738340000.0 468501000000.0 99253300000.0 155216000000.0 17064800000.0 -3.48 [-3.48]
33113100000000.0 2145120000000000.0 1172200000000.0 4419950000000.0 249441000000.0 422123000000.0 920368000000.0 5088290000.0 50099000000.0 6188910000000.0 224921000.0 0.0 2684560000.0 458362000000.0 91267600000.0 141192000000.0 14534400000.0 -3.46 [-3.46]
33113100000000.0 2043990000000000.0 1161150000000.0 4187950000000.0 222369000000.0 423127000000.0 864394000000.0 4371980000.0 53157100000.0 5794770000000.0 181472000.0 0.0 2630650000.0 447957000000.0 83875300000.0 128409000000.0 12380500000.0 -3.44 [-3.44]
33113100000000.0 1948480000000000.0 1150200000000.0 3967910000000.0 198116000000.0 423782000000.0 811195000000.0 3755720000.0 56309200000.0 5421940000000.0 146352000.0 0.0 2576680000.0 437354000000.0 77040600000.0 116761000000.0 10547500000.0 -3.42 [-3.42]
33113100000000.0 1858230000000000.0 1139300000000.0 3759170000000.0 176405000000.0 424085000000.0 760656000000.0 3225500000.0 59552000000.0 5069560000000.0 117972000.0 0.0 2522730000.0 426613000000.0 70727600000.0 106152000000.0 8987540000.0 -3.4 [-3.4]
33113100000000.0 1772890000000000.0 1128440000000.0 3561110000000.0 156982000000.0 424033000000.0 712667000000.0 2769300000.0 62881800000.0 4736750000000.0 95045500.0 0.0 2468870000.0 415789000000.0 64901400000.0 96493000000.0 7659950000.0 -3.38 [-3.38]
33113100000000.0 1692120000000000.0 1117580000000.0 3373130000000.0 139617000000.0 423621000000.0 667120000000.0 2376780000.0 66294700000.0 4422650000000.0 76530700.0 0.0 2415150000.0 404927000000.0 59528300000.0 87700300000.0 6529990000.0 -3.36 [-3.36]
33113100000000.0 1615630000000000.0 1106700000000.0 3194680000000.0 124101000000.0 422849000000.0 623915000000.0 2039070000.0 69786400000.0 4126400000000.0 61584200.0 0.0 2361630000.0 394070000000.0 54576200000.0 79697800000.0 5568120000.0 -3.34 [-3.34]
33113100000000.0 1543150000000000.0 1095770000000.0 3025250000000.0 110247000000.0 421713000000.0 582952000000.0 1748550000.0 73352400000.0 3847150000000.0 49523000.0 0.0 2308340000.0 383253000000.0 50014200000.0 72415100000.0 4749160000.0 -3.32 [-3.32]
33113100000000.0 1474400000000000.0 1084770000000.0 2864340000000.0 97883000000.0 420212000000.0 544140000000.0 1498640000.0 76987800000.0 3584090000000.0 39794400.0 0.0 2255340000.0 372507000000.0 45813500000.0 65787800000.0 4051730000.0 -3.3 [-3.3]
33113100000000.0 1409140000000000.0 1073660000000.0 2711500000000.0 86854800000.0 418345000000.0 507388000000.0 1283710000.0 80687400000.0 3336400000000.0 31951000.0 0.0 2202650000.0 361858000000.0 41946700000.0 59757100000.0 3457620000.0 -3.28 [-3.28]
33113100000000.0 1347160000000000.0 1062430000000.0 2566300000000.0 77023600000.0 416112000000.0 472610000000.0 1098910000.0 84445700000.0 3103330000000.0 25631000.0 0.0 2150320000.0 351329000000.0 38388500000.0 54269200000.0 2951390000.0 -3.26 [-3.26]
33113100000000.0 1288230000000000.0 1051070000000.0 2428310000000.0 68264200000.0 413512000000.0 439725000000.0 940057000.0 88257300000.0 2884120000000.0 20541500.0 0.0 2098380000.0 340937000000.0 35114900000.0 49275100000.0 2519910000.0 -3.24 [-3.24]
33113100000000.0 1232170000000000.0 1039530000000.0 2297180000000.0 60463900000.0 410547000000.0 408654000000.0 803553000.0 92116100000.0 2678050000000.0 16445800.0 0.0 2046840000.0 330697000000.0 32104100000.0 44730300000.0 2152030000.0 -3.22 [-3.22]
33113100000000.0 1178800000000000.0 1027820000000.0 2172540000000.0 53521300000.0 407219000000.0 379322000000.0 686306000.0 96016100000.0 2484450000000.0 13152200.0 0.0 1995740000.0 320622000000.0 29335500000.0 40594200000.0 1838280000.0 -3.2 [-3.2]
33113100000000.0 1127940000000000.0 1015900000000.0 2054050000000.0 47345400000.0 403531000000.0 351658000000.0 585644000.0 99951100000.0 2302660000000.0 10505700.0 0.0 1945110000.0 310721000000.0 26790100000.0 36829900000.0 1570610000.0 -3.18 [-3.18]
33113100000000.0 1079240000000000.0 1003710000000.0 1940930000000.0 41836600000.0 399448000000.0 325500000000.0 498987000.0 103923000000.0 2131410000000.0 8375420.0 0.0 1894720000.0 300955000000.0 24442100000.0 33391800000.0 1341530000.0 -3.16 [-3.16]
33113100000000.0 1033170000000000.0 991401000000.0 1834320000000.0 36975300000.0 395090000000.0 301060000000.0 425206000.0 107900000000.0 1972050000000.0 6677330.0 0.0 1845300000.0 291469000000.0 22300900000.0 30286100000.0 1147210000.0 -3.14 [-3.14]
33113100000000.0 988983000000000.0 978787000000.0 1732500000000.0 32642000000.0 390350000000.0 277995000000.0 361737000.0 111901000000.0 1822080000000.0 5312240.0 0.0 1796160000.0 282128000000.0 20326100000.0 27448400000.0 980720000.0 -3.12 [-3.12]
33113100000000.0 946754000000000.0 965914000000.0 1635700000000.0 28795900000.0 385273000000.0 256337000000.0 307392000.0 115910000000.0 1681630000000.0 4219870.0 0.0 1747570000.0 272982000000.0 18512700000.0 24866200000.0 838531000.0 -3.1 [-3.1]
33113100000000.0 906178000000000.0 952699000000.0 1543240000000.0 25372000000.0 379821000000.0 235949000000.0 260734000.0 119930000000.0 1549640000000.0 3344210.0 0.0 1699300000.0 263986000000.0 16841400000.0 22507400000.0 716680000.0 -3.08 [-3.08]
33113100000000.0 867541000000000.0 939278000000.0 1455780000000.0 22348700000.0 374097000000.0 216932000000.0 221019000.0 123936000000.0 1426750000000.0 2647840.0 0.0 1651830000.0 255233000000.0 15314400000.0 20370400000.0 612945000.0 -3.06 [-3.06]
33113100000000.0 830548000000000.0 925575000000.0 1372660000000.0 19670300000.0 368068000000.0 199149000000.0 187109000.0 127930000000.0 1311940000000.0 2092840.0 0.0 1604960000.0 246678000000.0 13914100000.0 18426500000.0 524297000.0 -3.04 [-3.04]
33113100000000.0 795298000000000.0 911672000000.0 1294090000000.0 17308300000.0 361802000000.0 182614000000.0 158300000.0 131896000000.0 1205260000000.0 1652590.0 0.0 1558960000.0 238369000000.0 12636000000.0 16666300000.0 448790000.0 -3.02 [-3.02]
33113100000000.0 761166000000000.0 897334000000.0 1218690000000.0 15202100000.0 355160000000.0 167075000000.0 133564000.0 135854000000.0 1104940000000.0 1300430.0 0.0 1513120000.0 230167000000.0 11455600000.0 15052600000.0 383788000.0 -3.0 [-3.0]
33113100000000.0 728598000000000.0 882784000000.0 1147450000000.0 13347600000.0 348307000000.0 152670000000.0 112604000.0 139771000000.0 1011910000000.0 1022120.0 0.0 1468150000.0 222205000000.0 10379600000.0 13592300000.0 328417000.0 -2.98 [-2.98]
33113100000000.0 697358000000000.0 867962000000.0 1079820000000.0 11709500000.0 341215000000.0 139289000000.0 94795800.0 143649000000.0 925388000000.0 801791.0 0.0 1423850000.0 214439000000.0 9395550000.0 12265700000.0 281078000.0 -2.96 [-2.96]
33113100000000.0 667383000000000.0 852878000000.0 1015650000000.0 10263700000.0 333904000000.0 126880000000.0 79687400.0 147481000000.0 845029000000.0 627703.0 0.0 1380250000.0 206869000000.0 8496470000.0 11061400000.0 240604000.0 -2.94 [-2.94]
33113100000000.0 638615000000000.0 837545000000.0 954799000000.0 8988650000.0 326396000000.0 115396000000.0 66888100.0 151261000000.0 770502000000.0 490420.0 0.0 1337370000.0 199494000000.0 7675790000.0 9968600000.0 205997000.0 -2.92 [-2.92]
33113100000000.0 611001000000000.0 821981000000.0 897120000000.0 7865290000.0 318714000000.0 104788000000.0 56061900.0 154983000000.0 701491000000.0 0.0 0.0 1295240000.0 192314000000.0 6927490000.0 8977620000.0 176407000.0 -2.9 [-2.9]
33113100000000.0 584492000000000.0 806207000000.0 842483000000.0 6876420000.0 310881000000.0 95007500000.0 46919100.0 158639000000.0 637691000000.0 0.0 0.0 1253870000.0 185328000000.0 6245940000.0 8079600000.0 151106000.0 -2.88 [-2.88]
33113100000000.0 559045000000000.0 790247000000.0 790762000000.0 6006790000.0 302924000000.0 86009900000.0 39210700.0 162226000000.0 578813000000.0 0.0 0.0 1213300000.0 178536000000.0 5625940000.0 7266430000.0 129473000.0 -2.86 [-2.86]
33113100000000.0 534619000000000.0 774126000000.0 741834000000.0 5242760000.0 294867000000.0 77748800000.0 32722300.0 165736000000.0 524572000000.0 0.0 0.0 1173550000.0 171937000000.0 5062620000.0 6530660000.0 110975000.0 -2.84 [-2.84]
33113100000000.0 511360000000000.0 757997000000.0 695955000000.0 4576140000.0 286816000000.0 70223700000.0 27299500.0 169156000000.0 475003000000.0 0.0 0.0 1134960000.0 165584000000.0 4554470000.0 5869510000.0 95236700.0 -2.82 [-2.82]
33113100000000.0 488680000000000.0 741521000000.0 651895000000.0 3984180000.0 278558000000.0 63259000000.0 22696000.0 172507000000.0 428922000000.0 0.0 0.0 1096620000.0 159318000000.0 4088220000.0 5264670000.0 81631300.0 -2.8 [-2.8]
33113100000000.0 467100000000000.0 725099000000.0 610662000000.0 3469150000.0 270359000000.0 56944300000.0 18865200.0 175759000000.0 386993000000.0 0.0 0.0 1059490000.0 153297000000.0 3668980000.0 4722450000.0 70063300.0 -2.78 [-2.78]
33113100000000.0 446404000000000.0 708639000000.0 571774000000.0 3018460000.0 262162000000.0 51193800000.0 15662000.0 178915000000.0 348660000000.0 0.0 0.0 1023260000.0 147467000000.0 3290040000.0 4233540000.0 60168500.0 -2.76 [-2.76]
33113100000000.0 426736000000000.0 692312000000.0 535460000000.0 2627080000.0 254077000000.0 46000900000.0 13003700.0 181965000000.0 313917000000.0 0.0 0.0 988273000.0 141878000000.0 2950180000.0 3796010000.0 51750200.0 -2.74 [-2.74]
33113100000000.0 407657000000000.0 675830000000.0 500829000000.0 2281920000.0 245929000000.0 41247200000.0 10767500.0 184924000000.0 281973000000.0 0.0 0.0 953815000.0 136409000000.0 2640900000.0 3398420000.0 44486100.0 -2.72 [-2.72]
33113100000000.0 389438000000000.0 659458000000.0 468357000000.0 1981570000.0 237884000000.0 36954100000.0 8911020.0 187775000000.0 253014000000.0 0.0 0.0 920424000.0 131144000000.0 2363130000.0 3041810000.0 38282400.0 -2.7 [-2.7]
33113100000000.0 371992000000000.0 643177000000.0 437830000000.0 1719780000.0 229931000000.0 33074400000.0 7368020.0 190519000000.0 226743000000.0 0.0 0.0 888001000.0 126064000000.0 2113320000.0 2721410000.0 32970300.0 -2.68 [-2.68]
33113100000000.0 355292000000000.0 627018000000.0 409152000000.0 1491790000.0 222090000000.0 29574200000.0 6087250.0 193155000000.0 202955000000.0 0.0 0.0 856551000.0 121168000000.0 1888910000.0 2433790000.0 28419700.0 -2.66 [-2.66]
33113100000000.0 339311000000000.0 611028000000.0 382209000000.0 1293350000.0 214376000000.0 26421200000.0 5025370.0 195681000000.0 181450000000.0 0.0 0.0 826080000.0 116451000000.0 1687520000.0 2175780000.0 24519200.0 -2.64 [-2.64]
33113100000000.0 324026000000000.0 595191000000.0 356954000000.0 1120880000.0 206804000000.0 23586000000.0 4146130.0 198096000000.0 162049000000.0 0.0 0.0 796578000.0 111911000000.0 1506980000.0 1944510000.0 21174200.0 -2.62 [-2.62]
33113100000000.0 309411000000000.0 579553000000.0 333278000000.0 971058000.0 199388000000.0 21040100000.0 3418850.0 200400000000.0 144572000000.0 0.0 0.0 768046000.0 107545000000.0 1345290000.0 1737370000.0 18303800.0 -2.6 [-2.6]
33113100000000.0 295442000000000.0 564136000000.0 311097000000.0 840994000.0 192140000000.0 18757000000.0 2817840.0 202593000000.0 128855000000.0 0.0 0.0 740478000.0 103349000000.0 1200600000.0 1551960000.0 15838900.0 -2.58 [-2.58]
33113100000000.0 282095000000000.0 548959000000.0 290330000000.0 728157000.0 185067000000.0 16712100000.0 2321590.0 204675000000.0 114741000000.0 0.0 0.0 713862000.0 99318800000.0 1071230000.0 1386100000.0 13720500.0 -2.56 [-2.56]
33113100000000.0 269259000000000.0 533942000000.0 270758000000.0 629839000.0 178127000000.0 14874200000.0 1910410.0 206649000000.0 102024000000.0 0.0 0.0 688014000.0 95424000000.0 955090000.0 1237090000.0 11890900.0 -2.54 [-2.54]
33113100000000.0 257087000000000.0 519294000000.0 252588000000.0 545125000.0 171428000000.0 13240200000.0 1573130.0 208513000000.0 90696500000.0 0.0 0.0 663267000.0 91714300000.0 851926000.0 1104640000.0 10323400.0 -2.52 [-2.52]
33113100000000.0 245468000000000.0 504934000000.0 235604000000.0 471760000.0 164923000000.0 11781500000.0 1295220.0 210270000000.0 80567600000.0 0.0 0.0 639432000.0 88158200000.0 759868000.0 986356000.0 8972900.0 -2.5 [-2.5]
33113100000000.0 234476000000000.0 490993000000.0 219878000000.0 408652000.0 158675000000.0 10488300000.0 1067600.0 211921000000.0 71578100000.0 0.0 0.0 616693000.0 84781600000.0 678265000.0 881409000.0 7814510.0 -2.48 [-2.48]
33113100000000.0 223810000000000.0 477136000000.0 204930000000.0 353335000.0 152516000000.0 9321880000.0 878072.0 213468000000.0 63457700000.0 0.0 0.0 594448000.0 81491900000.0 604623000.0 786583000.0 6803470.0 -2.46 [-2.46]
33113100000000.0 213796000000000.0 463799000000.0 191210000000.0 306065000.0 146656000000.0 8294680000.0 723745.0 214917000000.0 56304700000.0 0.0 0.0 573398000.0 78393400000.0 539735000.0 702957000.0 5938730.0 -2.44 [-2.44]
33113100000000.0 204165000000000.0 450681000000.0 178292000000.0 264913000.0 140946000000.0 7374960000.0 596015.0 216265000000.0 49897000000.0 0.0 0.0 553007000.0 75403600000.0 481574000.0 627903000.0 5186490.0 -2.42 [-2.42]
33113100000000.0 194906000000000.0 437788000000.0 166136000000.0 229119000.0 135387000000.0 6552280000.0 490406.0 217513000000.0 44165100000.0 0.0 0.0 533262000.0 72519900000.0 429480000.0 560588000.0 4531790.0 -2.4 [-2.4]
33113100000000.0 186226000000000.0 425428000000.0 155001000000.0 198572000.0 130118000000.0 5829430000.0 404496.0 218674000000.0 39133200000.0 0.0 0.0 514625000.0 69809600000.0 383639000.0 501295000.0 3970330.0 -2.38 [-2.38]
33113100000000.0 177806000000000.0 413197000000.0 144426000000.0 171817000.0 124950000000.0 5179210000.0 333019.0 219734000000.0 34609300000.0 0.0 0.0 496433000.0 67172900000.0 342323000.0 447775000.0 3477630.0 -2.36 [-2.36]
33113100000000.0 169895000000000.0 401463000000.0 134721000000.0 148947000.0 120045000000.0 4607330000.0 274779.0 220713000000.0 30636800000.0 0.0 0.0 479233000.0 64689900000.0 305909000.0 400555000.0 3053500.0 -2.34 [-2.34]
33113100000000.0 162290000000000.0 389967000000.0 125594000000.0 129049000.0 115285000000.0 4096360000.0 226589.0 221601000000.0 27092900000.0 0.0 0.0 462604000.0 62297300000.0 273296000.0 358206000.0 2682560.0 -2.32 [-2.32]
33113100000000.0 155064000000000.0 378835000000.0 117115000000.0 111888000.0 110721000000.0 3643550000.0 187011.0 222405000000.0 23959500000.0 0.0 0.0 446712000.0 60018700000.0 244321000.0 320532000.0 2360160.0 -2.3 [-2.3]
33113100000000.0 148178000000000.0 368031000000.0 109216000000.0 97052500.0 106334000000.0 3241510000.0 154432.0 223128000000.0 21184500000.0 0.0 0.0 431487000.0 57842800000.0 218522000.0 286946000.0 2079090.0 -2.28 [-2.28]
33113100000000.0 141649000000000.0 357609000000.0 101892000000.0 84265800.0 102141000000.0 2885700000.0 127680.0 223767000000.0 18737100000.0 0.0 0.0 416981000.0 55776000000.0 195538000.0 257099000.0 1834470.0 -2.26 [-2.26]
33113100000000.0 135398000000000.0 347463000000.0 95033100000.0 73165400.0 98096100000.0 2568730000.0 105570.0 224324000000.0 16564400000.0 0.0 0.0 403025000.0 53793500000.0 174959000.0 230390000.0 1620040.0 -2.24 [-2.24]
33113100000000.0 129461000000000.0 337664000000.0 88667300000.0 63585200.0 94225600000.0 2287910000.0 87382.4 224808000000.0 14646900000.0 0.0 0.0 389709000.0 51907400000.0 156672000.0 206617000.0 1432810.0 -2.22 [-2.22]
33113100000000.0 123805000000000.0 328177000000.0 82740100000.0 55294700.0 90511600000.0 2038550000.0 72382.3 225220000000.0 12951400000.0 0.0 0.0 376966000.0 50107600000.0 140383000.0 185407000.0 1268820.0 -2.2 [-2.2]
33113100000000.0 118434000000000.0 319025000000.0 77239600000.0 48133500.0 86960400000.0 1817550000.0 60026.6 225565000000.0 11455800000.0 0.0 0.0 364812000.0 48395700000.0 125898000.0 166515000.0 1125270.0 -2.18 [-2.18]
33113100000000.0 113284000000000.0 310115000000.0 72084100000.0 41902800.0 83532400000.0 1620410000.0 49784.2 225838000000.0 10128000000.0 0.0 0.0 353111000.0 46751700000.0 112932000.0 149576000.0 998741.0 -2.16 [-2.16]
33113100000000.0 108393000000000.0 301527000000.0 67300900000.0 36517800.0 80256200000.0 1445660000.0 41339.7 226049000000.0 8957530000.0 0.0 0.0 341956000.0 45188400000.0 101396000.0 134481000.0 887757.0 -2.14 [-2.14]
33113100000000.0 103734000000000.0 293225000000.0 62847900000.0 31850100.0 77115100000.0 1290370000.0 34357.8 226197000000.0 7923440000.0 0.0 0.0 331288000.0 43697000000.0 91105400.0 120995000.0 790091.0 -2.12 [-2.12]
33113100000000.0 99309900000000.0 285229000000.0 58716400000.0 27811000.0 74114100000.0 1152620000.0 28591.7 226289000000.0 7011930000.0 0.0 0.0 321123000.0 42279000000.0 81940700.0 108965000.0 704212.0 -2.1 [-2.1]
33113100000000.0 95065300000000.0 277452000000.0 54842300000.0 24288900.0 71217500000.0 1029590000.0 23797.5 226318000000.0 6202960000.0 0.0 0.0 311335000.0 40916700000.0 73720900.0 98159500.0 628148.0 -2.08 [-2.08]
33113100000000.0 91035400000000.0 269967000000.0 51248800000.0 21238800.0 68451100000.0 920415000.0 19833.5 226294000000.0 5490200000.0 0.0 0.0 302012000.0 39621800000.0 66395200.0 88514500.0 561129.0 -2.06 [-2.06]
33113100000000.0 87195000000000.0 262738000000.0 47902600000.0 18588600.0 65799200000.0 823265000.0 16545.8 226217000000.0 4860580000.0 0.0 0.0 293099000.0 38386300000.0 59846800.0 79880200.0 501877.0 -2.04 [-2.04]
33113100000000.0 83526200000000.0 255742000000.0 44778700000.0 16280800.0 63251500000.0 736649000.0 13813.1 226086000000.0 4303550000.0 0.0 0.0 284558000.0 37204500000.0 53981400.0 72134900.0 449360.0 -2.02 [-2.02]
33113100000000.0 80047000000000.0 249021000000.0 41884800000.0 14279900.0 60820900000.0 659754000.0 11549.2 225913000000.0 3813010000.0 0.0 0.0 276435000.0 36082600000.0 48748300.0 65215200.0 402959.0 -2.0 [-2.0]
33113100000000.0 76722300000000.0 242517000000.0 39182200000.0 12534600.0 58485400000.0 591124000.0 0.0 225691000000.0 3378860000.0 0.0 0.0 268649000.0 35009200000.0 44054400.0 58999500.0 361732.0 -1.98 [-1.98]
33113100000000.0 73552900000000.0 236240000000.0 36664600000.0 11013700.0 56246300000.0 529943000.0 0.0 225425000000.0 2995210000.0 0.0 0.0 261208000.0 33984800000.0 39848000.0 53421900.0 325115.0 -1.96 [-1.96]
33113100000000.0 70531200000000.0 230182000000.0 34319300000.0 9687480.0 54099500000.0 475377000.0 0.0 225116000000.0 2656120000.0 0.0 0.0 254094000.0 33007000000.0 36075900.0 48413400.0 292556.0 -1.94 [-1.94]
33113100000000.0 67650100000000.0 224335000000.0 32134100000.0 8529980.0 52041200000.0 426683000.0 0.0 224768000000.0 2356370000.0 0.0 0.0 247294000.0 32073600000.0 32690800.0 43913000.0 263572.0 -1.92 [-1.92]
33113100000000.0 64902600000000.0 218692000000.0 30097800000.0 7518890.0 50067200000.0 383207000.0 0.0 224381000000.0 2091310000.0 0.0 0.0 240794000.0 31182500000.0 29650800.0 39866300.0 237742.0 -1.9 [-1.9]
33113100000000.0 62282100000000.0 213245000000.0 28199700000.0 6634880.0 48174000000.0 344368000.0 0.0 223959000000.0 1856880000.0 0.0 0.0 234579000.0 30331500000.0 26918600.0 36224700.0 214695.0 -1.88 [-1.88]
33113100000000.0 59782400000000.0 207988000000.0 26430400000.0 5861300.0 46358000000.0 309653000.0 0.0 223503000000.0 1649470000.0 0.0 0.0 228637000.0 29518900000.0 24461000.0 32945300.0 194108.0 -1.86 [-1.86]
33113100000000.0 57397500000000.0 202913000000.0 24780600000.0 5183720.0 44615700000.0 278604000.0 0.0 223014000000.0 1465920000.0 0.0 0.0 222955000.0 28742600000.0 22248700.0 29989800.0 175699.0 -1.84 [-1.84]
33113100000000.0 55116000000000.0 198000000000.0 23238100000.0 4588720.0 42940100000.0 250779000.0 0.0 222492000000.0 1303180000.0 0.0 0.0 217508000.0 27999000000.0 20252900.0 27320300.0 159196.0 -1.82 [-1.82]
33113100000000.0 52949700000000.0 193281000000.0 21806700000.0 4068260.0 41339400000.0 225940000.0 0.0 221950000000.0 1159490000.0 0.0 0.0 212325000.0 27292100000.0 18458500.0 24917700.0 144445.0 -1.8 [-1.8]
33113100000000.0 50884100000000.0 188728000000.0 20472400000.0 3611280.0 39804900000.0 203697000.0 0.0 221383000000.0 1032280000.0 0.0 0.0 207374000.0 26617100000.0 16840000.0 22748300.0 131215.0 -1.78 [-1.78]
33113100000000.0 48896600000000.0 184297000000.0 19217600000.0 3207470.0 38321000000.0 183666000.0 0.0 220781000000.0 918986000.0 0.0 0.0 202600000.0 25966800000.0 15371700.0 20778400.0 119283.0 -1.76 [-1.76]
33113100000000.0 47001400000000.0 180021000000.0 18047800000.0 2852380.0 36898200000.0 165715000.0 0.0 220157000000.0 818646000.0 0.0 0.0 198038000.0 25345800000.0 14045700.0 18997400.0 108562.0 -1.74 [-1.74]
33113100000000.0 45195900000000.0 175900000000.0 16958400000.0 2540000.0 35535100000.0 149629000.0 0.0 219517000000.0 729779000.0 0.0 0.0 193685000.0 24753300000.0 12847700.0 17386800.0 98923.9 -1.72 [-1.72]
33113100000000.0 43475900000000.0 171926000000.0 15943500000.0 2264900.0 34229200000.0 135203000.0 0.0 218862000000.0 651040000.0 0.0 0.0 189531000.0 24188000000.0 11764400.0 15929100.0 90249.0 -1.7 [-1.7]
33113100000000.0 41826600000000.0 168072000000.0 14992000000.0 2021430.0 32970600000.0 122214000.0 0.0 218185000000.0 580982000.0 0.0 0.0 185540000.0 23645100000.0 10780600.0 14604100.0 82408.2 -1.68 [-1.68]
33113100000000.0 40250900000000.0 164344000000.0 14102900000.0 1806240.0 31761900000.0 110536000.0 0.0 217492000000.0 518767000.0 0.0 0.0 181720000.0 23125600000.0 9888210.0 13401300.0 75327.6 -1.66 [-1.66]
33113100000000.0 38744500000000.0 160738000000.0 13271600000.0 1615800.0 30600400000.0 100030000.0 0.0 216785000000.0 463477000.0 0.0 0.0 178063000.0 22628000000.0 9077940.0 12308200.0 68925.3 -1.64 [-1.64]
33113100000000.0 37304000000000.0 157247000000.0 12494100000.0 1447060.0 29484100000.0 90570700.0 0.0 216066000000.0 414315000.0 0.0 0.0 174560000.0 22151400000.0 8341500.0 11313900.0 63130.0 -1.62 [-1.62]
33113100000000.0 35926100000000.0 153866000000.0 11766500000.0 1297400.0 28411000000.0 82049700.0 0.0 215335000000.0 370577000.0 0.0 0.0 171203000.0 21694500000.0 7671560.0 10408800.0 57878.6 -1.6 [-1.6]
33113100000000.0 34607800000000.0 150592000000.0 11085400000.0 1164500.0 27379400000.0 74369600.0 0.0 214594000000.0 331648000.0 0.0 0.0 167987000.0 21256700000.0 7061580.0 9584050.0 53115.2 -1.58 [-1.58]
33113100000000.0 33346300000000.0 147418000000.0 10447600000.0 1046360.0 26387100000.0 67442100.0 0.0 213844000000.0 296979000.0 0.0 0.0 164905000.0 20836700000.0 6505670.0 8831910.0 48789.8 -1.56 [-1.56]
33113100000000.0 32138900000000.0 144341000000.0 9850150000.0 941228.0 25433100000.0 61191500.0 0.0 213087000000.0 266089000.0 0.0 0.0 161950000.0 20433900000.0 5998620.0 8145410.0 44858.3 -1.54 [-1.54]
33113100000000.0 30982500000000.0 141357000000.0 9290110000.0 847549.0 24515400000.0 55547200.0 0.0 212324000000.0 238545000.0 0.0 0.0 159116000.0 20047200000.0 5535630.0 7518200.0 41280.6 -1.52 [-1.52]
33113100000000.0 29871800000000.0 138452000000.0 8763620000.0 763871.0 23630500000.0 50440600.0 0.0 211552000000.0 213940000.0 0.0 0.0 156390000.0 19675000000.0 5112000.0 6943980.0 38018.1 -1.5 [-1.5]
33113100000000.0 28814600000000.0 135651000000.0 8272800000.0 689416.0 22784000000.0 45840200.0 0.0 210785000000.0 192056000.0 0.0 0.0 153791000.0 19319800000.0 4725720.0 6420090.0 35052.0 -1.48 [-1.48]
33113100000000.0 27798200000000.0 132921000000.0 7810760000.0 622738.0 21967200000.0 41672100.0 0.0 210011000000.0 172476000.0 0.0 0.0 151290000.0 18977300000.0 4371550.0 5939500.0 32341.0 -1.46 [-1.46]
33113100000000.0 26820900000000.0 130260000000.0 7375700000.0 562970.0 21179000000.0 37894300.0 0.0 209232000000.0 154952000.0 0.0 0.0 148880000.0 18647200000.0 4046580.0 5498340.0 29861.3 -1.44 [-1.44]
33113100000000.0 25887000000000.0 127681000000.0 6968410000.0 509527.0 20422700000.0 34480100.0 0.0 208456000000.0 139315000.0 0.0 0.0 146575000.0 18330700000.0 3749050.0 5094240.0 27597.2 -1.42 [-1.42]
33113100000000.0 24991400000000.0 125173000000.0 6585730000.0 461601.0 19694900000.0 31387400.0 0.0 207680000000.0 125327000.0 0.0 0.0 144362000.0 18026400000.0 3475980.0 4723210.0 25525.0 -1.4 [-1.4]
33113100000000.0 24134900000000.0 122739000000.0 6227020000.0 418640.0 18996200000.0 28588600.0 0.0 206910000000.0 112827000.0 0.0 0.0 142242000.0 17734400000.0 3225460.0 4382690.0 23629.1 -1.38 [-1.38]
33113100000000.0 23310400000000.0 120363000000.0 5888690000.0 379966.0 18321800000.0 26046600.0 0.0 206137000000.0 101613000.0 0.0 0.0 140199000.0 17452400000.0 2994830.0 4069090.0 21888.4 -1.36 [-1.36]
33113100000000.0 22519100000000.0 118048000000.0 5570380000.0 345173.0 17672700000.0 23740500.0 0.0 205368000000.0 91564300.0 0.0 0.0 138235000.0 17180800000.0 2782620.0 3780450.0 20290.9 -1.34 [-1.34]
33113100000000.0 21759400000000.0 115792000000.0 5270790000.0 313842.0 17047800000.0 21647400.0 0.0 204602000000.0 82555600.0 0.0 0.0 136348000.0 16919100000.0 2587200.0 3514580.0 18823.6 -1.32 [-1.32]
33113100000000.0 21034500000000.0 113609000000.0 4990520000.0 285692.0 16451300000.0 19753200.0 0.0 203836000000.0 74517100.0 0.0 0.0 134545000.0 16668600000.0 2407630.0 3270110.0 17477.9 -1.3 [-1.3]
33113100000000.0 20338300000000.0 111480000000.0 4726550000.0 260288.0 15877400000.0 18032100.0 0.0 203074000000.0 67301100.0 0.0 0.0 132813000.0 16427100000.0 2241990.0 3044550.0 16239.6 -1.28 [-1.28]
33113100000000.0 19669100000000.0 109402000000.0 4477650000.0 237332.0 15324400000.0 16467100.0 0.0 202319000000.0 60815900.0 0.0 0.0 131145000.0 16194000000.0 2089030.0 2836240.0 15098.9 -1.26 [-1.26]
33113100000000.0 19025700000000.0 107373000000.0 4242880000.0 216568.0 14791800000.0 15043500.0 0.0 201570000000.0 54984400.0 0.0 0.0 129540000.0 15968900000.0 1947680.0 2643720.0 14047.3 -1.24 [-1.24]
33113100000000.0 18406800000000.0 105389000000.0 4021310000.0 197768.0 14278500000.0 13747800.0 0.0 200827000000.0 49737600.0 0.0 0.0 127994000.0 15751400000.0 1816960.0 2465660.0 13077.0 -1.22 [-1.22]
33113100000000.0 17811600000000.0 103450000000.0 3812170000.0 180733.0 13784100000.0 12568200.0 0.0 200092000000.0 45014800.0 0.0 0.0 126505000.0 15541300000.0 1695980.0 2300860.0 12181.1 -1.2 [-1.2]
33113100000000.0 17239000000000.0 101554000000.0 3614690000.0 165284.0 13307700000.0 11493900.0 0.0 199365000000.0 40761300.0 0.0 0.0 125070000.0 15338200000.0 1583950.0 2148240.0 11353.3 -1.18 [-1.18]
33113100000000.0 16687800000000.0 99698500000.0 3428110000.0 151259.0 12848600000.0 10514900.0 0.0 198645000000.0 36928300.0 0.0 0.0 123688000.0 15141700000.0 1480130.0 2006800.0 10587.8 -1.16 [-1.16]
33113100000000.0 16157200000000.0 97882100000.0 3251780000.0 138517.0 12406300000.0 9622460.0 0.0 197934000000.0 33472300.0 0.0 0.0 122356000.0 14951600000.0 1383840.0 1875620.0 9879.42 -1.14 [-1.14]
33113100000000.0 15646300000000.0 96103100000.0 3085080000.0 126930.0 11980000000.0 8808670.0 0.0 197231000000.0 30354700.0 0.0 0.0 121072000.0 14767500000.0 1294480.0 1753890.0 9223.41 -1.12 [-1.12]
33113100000000.0 15153000000000.0 94355900000.0 2927060000.0 116374.0 11568300000.0 8065420.0 0.0 196535000000.0 27537500.0 0.0 0.0 119830000.0 14588700000.0 1211420.0 1640750.0 8614.97 -1.1 [-1.1]
33113100000000.0 14679000000000.0 92647700000.0 2777930000.0 106772.0 11172400000.0 7387990.0 0.0 195850000000.0 24996900.0 0.0 0.0 118635000.0 14415900000.0 1134320.0 1535730.0 8051.27 -1.08 [-1.08]
33113100000000.0 14222200000000.0 90972800000.0 2636790000.0 98020.1 10790800000.0 6769540.0 0.0 195175000000.0 22701400.0 0.0 0.0 117482000.0 14248500000.0 1062630.0 1438090.0 7528.19 -1.06 [-1.06]
33113100000000.0 13782000000000.0 89329700000.0 2503180000.0 90036.2 10423000000.0 6204710.0 0.0 194509000000.0 20626300.0 0.0 0.0 116370000.0 14086000000.0 995923.0 1347260.0 7042.48 -1.04 [-1.04]
33113100000000.0 13357600000000.0 87717500000.0 2376650000.0 82748.4 10068500000.0 5688710.0 0.0 193852000000.0 18749700.0 0.0 0.0 115296000.0 13928400000.0 933827.0 1262710.0 6591.2 -1.02 [-1.02]
33113100000000.0 12949300000000.0 86138600000.0 2257060000.0 76097.5 9727380000.0 5217610.0 0.0 193208000000.0 17053400.0 0.0 0.0 114262000.0 13775700000.0 876028.0 1184020.0 6171.94 -1.0 [-1.0]
33113100000000.0 12554600000000.0 84584600000.0 2143490000.0 70010.9 9397910000.0 4786450.0 0.0 192571000000.0 15516000.0 0.0 0.0 113261000.0 13627100000.0 822111.0 1110640.0 5781.62 -0.98 [-0.98]
33113100000000.0 12173800000000.0 83058300000.0 2035850000.0 64443.1 9080280000.0 4392140.0 0.0 191986000000.0 14103800.0 0.0 0.0 112294000.0 13482700000.0 771830.0 1042220.0 5418.3 -0.96 [-0.96]
33113100000000.0 11807000000000.0 81559900000.0 1933840000.0 59348.2 8774240000.0 4031550.0 0.0 191729000000.0 12686000.0 0.0 0.0 111362000.0 13342400000.0 724932.0 978409.0 5080.05 -0.94 [-0.94]
33113100000000.0 11452900000000.0 80086900000.0 1837080000.0 54680.6 8479070000.0 3701510.0 0.0 191456000000.0 11412900.0 0.0 0.0 110460000.0 13206000000.0 681142.0 918845.0 4764.81 -0.92 [-0.92]
33113100000000.0 11111000000000.0 78638800000.0 1745320000.0 50402.5 8194470000.0 3399390.0 0.0 191168000000.0 10269800.0 0.0 0.0 109588000.0 13073200000.0 640237.0 863221.0 4470.88 -0.9 [-0.9]
33113100000000.0 10780800000000.0 77214400000.0 1658240000.0 46478.4 7919950000.0 3122700.0 0.0 190866000000.0 9243080.0 0.0 0.0 108745000.0 12943900000.0 602003.0 811243.0 4196.63 -0.88 [-0.88]
33113100000000.0 10461800000000.0 75813300000.0 1575620000.0 42877.4 7655220000.0 2869270.0 0.0 190444000000.0 8358980.0 0.0 0.0 107930000.0 12817900000.0 566250.0 762653.0 3940.64 -0.86 [-0.86]
33113100000000.0 10152100000000.0 74428900000.0 1496890000.0 39564.9 7398930000.0 2636610.0 0.0 189918000000.0 7593060.0 0.0 0.0 107137000.0 12694500000.0 532754.0 717145.0 3701.26 -0.84 [-0.84]
33113100000000.0 9854130000000.0 73071900000.0 1422430000.0 36527.0 7152580000.0 2423770.0 0.0 189401000000.0 6900830.0 0.0 0.0 106373000.0 12574700000.0 501444.0 674621.0 3477.87 -0.82 [-0.82]
33113100000000.0 9566190000000.0 71736200000.0 1351730000.0 33734.6 6914950000.0 2228630.0 0.0 188891000000.0 6273810.0 0.0 0.0 105634000.0 12457800000.0 472125.0 634814.0 3269.05 -0.8 [-0.8]
33113100000000.0 9287860000000.0 70421400000.0 1284590000.0 31166.4 6685710000.0 2049680.0 0.0 188386000000.0 5705650.0 0.0 0.0 104918000.0 12343700000.0 444658.0 597535.0 3073.76 -0.78 [-0.78]
33113100000000.0 9018780000000.0 69126800000.0 1220810000.0 28803.4 6464550000.0 1885530.0 0.0 187888000000.0 5190670.0 0.0 0.0 104226000.0 12232400000.0 418914.0 562608.0 2891.03 -0.76 [-0.76]
33113100000000.0 8759580000000.0 67856500000.0 1160430000.0 26631.1 6251810000.0 1735130.0 0.0 187399000000.0 4724410.0 0.0 0.0 103558000.0 12124000000.0 394800.0 529906.0 2720.16 -0.74 [-0.74]
33113100000000.0 8506930000000.0 66596400000.0 1102660000.0 24624.3 6045250000.0 1596670.0 0.0 186910000000.0 4300160.0 0.0 0.0 102905000.0 12017200000.0 372132.0 499176.0 2559.81 -0.72 [-0.72]
33113100000000.0 8263480000000.0 65359600000.0 1047960000.0 22778.1 5846540000.0 1469750.0 0.0 186431000000.0 3915850.0 0.0 0.0 102276000.0 11913200000.0 350882.0 470381.0 2409.74 -0.7 [-0.7]
33113100000000.0 8027930000000.0 64141300000.0 995960000.0 21076.1 5654760000.0 1353210.0 0.0 185959000000.0 3567030.0 0.0 0.0 101666000.0 11811400000.0 330933.0 443360.0 2269.09 -0.68 [-0.68]
33113100000000.0 7800800000000.0 62944900000.0 946689000.0 19508.5 5470180000.0 1246300.0 0.0 185495000000.0 3250760.0 0.0 0.0 101078000.0 11712200000.0 312215.0 418017.0 2137.32 -0.66 [-0.66]
33113100000000.0 7579360000000.0 61758200000.0 899556000.0 18058.3 5290990000.0 1147810.0 0.0 185034000000.0 2962670.0 0.0 0.0 100502000.0 11614200000.0 294594.0 394172.0 2013.5 -0.64 [-0.64]
33113100000000.0 7366510000000.0 60596600000.0 855020000.0 16723.4 5118960000.0 1057540.0 0.0 184583000000.0 2701670.0 0.0 0.0 99948900.0 11519000000.0 278064.0 371813.0 1897.52 -0.62 [-0.62]
33113100000000.0 7159660000000.0 59447800000.0 812537000.0 0.0 4952380000.0 974439.0 0.0 184137000000.0 2464080.0 0.0 0.0 99410100.0 11425300000.0 262508.0 350780.0 1788.55 -0.6 [-0.6]
33113100000000.0 6958720000000.0 58312500000.0 772033000.0 14347.6 4791160000.0 897951.0 0.0 183696000000.0 2247870.0 0.0 0.0 98885400.0 11333000000.0 247865.0 330992.0 1686.15 -0.58 [-0.58]
33113100000000.0 6764720000000.0 57197100000.0 733627000.0 0.0 4635870000.0 827700.0 0.0 183264000000.0 2051460.0 0.0 0.0 98378500.0 11242700000.0 234099.0 312400.0 0.0 -0.56 [-0.56]
33113100000000.0 6576810000000.0 56097900000.0 697104000.0 0.0 4485920000.0 763084.0 0.0 182839000000.0 1872810.0 0.0 0.0 97886800.0 11154200000.0 221145.0 294911.0 0.0 -0.54 [-0.54]
33113100000000.0 6394740000000.0 55014500000.0 662368000.0 0.0 4341090000.0 703633.0 0.0 182420000000.0 1710230.0 0.0 0.0 97409500.0 11067100000.0 208948.0 278454.0 0.0 -0.52 [-0.52]
33113100000000.0 6218310000000.0 53946800000.0 629331000.0 0.0 4201190000.0 648925.0 0.0 182008000000.0 1562250.0 0.0 0.0 96946300.0 10981600000.0 197462.0 262965.0 0.0 -0.5 [-0.5]
33113100000000.0 6047320000000.0 52894500000.0 597906000.0 0.0 4066050000.0 598569.0 0.0 181603000000.0 1427500.0 0.0 0.0 96496600.0 10897600000.0 186642.0 248381.0 0.0 -0.48 [-0.48]
33113100000000.0 5881560000000.0 51857400000.0 568015000.0 0.0 3935480000.0 552209.0 0.0 181205000000.0 1304750.0 0.0 0.0 96060000.0 10814800000.0 176446.0 234645.0 0.0 -0.46 [-0.46]
33113100000000.0 5720850000000.0 50835300000.0 539582000.0 0.0 3809310000.0 509519.0 0.0 180813000000.0 1192910.0 0.0 0.0 95635800.0 10733400000.0 166836.0 221706.0 0.0 -0.44 [-0.44]
33113100000000.0 5565010000000.0 49828000000.0 512534000.0 0.0 3687400000.0 470202.0 0.0 180428000000.0 1090980.0 0.0 0.0 95223900.0 10653200000.0 157775.0 209513.0 0.0 -0.42 [-0.42]
33113100000000.0 5413880000000.0 48835300000.0 486806000.0 0.0 3569570000.0 433983.0 0.0 180050000000.0 998047.0 0.0 0.0 94823700.0 10574200000.0 149230.0 198021.0 0.0 -0.4 [-0.4]
33113100000000.0 5267290000000.0 47857000000.0 462330000.0 0.0 3455680000.0 400612.0 0.0 179679000000.0 913290.0 0.0 0.0 94434800.0 10496300000.0 141169.0 187186.0 0.0 -0.38 [-0.38]
33113100000000.0 5125150000000.0 46888900000.0 439017000.0 0.0 3345410000.0 369838.0 0.0 179313000000.0 836028.0 0.0 0.0 94057000.0 10419500000.0 133564.0 176969.0 0.0 -0.36 [-0.36]
33113100000000.0 4987170000000.0 45938800000.0 416869000.0 0.0 3238980000.0 341494.0 0.0 178955000000.0 765470.0 0.0 0.0 93689600.0 10343700000.0 126385.0 167331.0 0.0 -0.34 [-0.34]
33113100000000.0 4853290000000.0 45002800000.0 395801000.0 0.0 3136070000.0 315364.0 0.0 178603000000.0 701064.0 0.0 0.0 93332500.0 10268900000.0 119609.0 158239.0 0.0 -0.32 [-0.32]
33113100000000.0 4723350000000.0 44080400000.0 375760000.0 0.0 3036570000.0 291271.0 0.0 178257000000.0 642255.0 0.0 0.0 92985200.0 10195000000.0 113211.0 149659.0 0.0 -0.3 [-0.3]
33113100000000.0 4597920000000.0 43176300000.0 356783000.0 0.0 2940740000.0 269093.0 0.0 177920000000.0 588647.0 0.0 0.0 92650200.0 10122500000.0 107175.0 141571.0 0.0 -0.28 [-0.28]
33113100000000.0 4475450000000.0 42281000000.0 338644000.0 0.0 2847650000.0 248596.0 0.0 177588000000.0 539560.0 0.0 0.0 92321600.0 10050300000.0 101466.0 133925.0 0.0 -0.26 [-0.26]
33113100000000.0 4355900000000.0 41394700000.0 321316000.0 0.0 2757250000.0 229654.0 0.0 177259000000.0 494616.0 0.0 0.0 91999300.0 9978400000.0 96066.2 126697.0 0.0 -0.24 [-0.24]
33113100000000.0 4241070000000.0 40530200000.0 304981000.0 0.0 2670490000.0 212241.0 0.0 176940000000.0 453691.0 0.0 0.0 91690800.0 9908230000.0 90975.1 119887.0 0.0 -0.22 [-0.22]
33113100000000.0 4128930000000.0 39674600000.0 289374000.0 0.0 2586220000.0 196141.0 0.0 176626000000.0 416191.0 0.0 0.0 91388000.0 9838270000.0 86157.2 113446.0 0.0 -0.2 [-0.2]
33113100000000.0 4020010000000.0 38831900000.0 274531000.0 0.0 2504680000.0 181283.0 0.0 176317000000.0 381889.0 0.0 0.0 91093300.0 9768950000.0 81602.4 107361.0 0.0 -0.18 [-0.18]
33113100000000.0 3914210000000.0 38002100000.0 260417000.0 0.0 2425780000.0 167568.0 0.0 176015000000.0 350507.0 0.0 0.0 90806400.0 9700260000.0 77295.7 101611.0 0.0 -0.16 [-0.16]
33113100000000.0 3810930000000.0 37181500000.0 246947000.0 0.0 2349150000.0 154887.0 0.0 175717000000.0 321737.0 0.0 0.0 90524900.0 9631700000.0 73218.6 96170.8 0.0 -0.14 [-0.14]
33113100000000.0 3711080000000.0 36377200000.0 234189000.0 0.0 2275260000.0 143198.0 0.0 175426000000.0 295450.0 0.0 0.0 90252800.0 9564130000.0 69366.4 91034.2 0.0 -0.12 [-0.12]
33113100000000.0 3614050000000.0 35585400000.0 222058000.0 0.0 2203740000.0 132404.0 0.0 175141000000.0 271379.0 0.0 0.0 89987900.0 9497080000.0 65722.0 86177.9 0.0 -0.1 [-0.1]
33113100000000.0 3519750000000.0 34805900000.0 210525000.0 0.0 2134510000.0 122434.0 0.0 174862000000.0 249329.0 0.0 0.0 89729800.0 9430490000.0 62273.7 81586.1 0.0 -0.08 [-0.08]
33113100000000.0 3428090000000.0 34038800000.0 199561000.0 0.0 2067480000.0 113226.0 0.0 174588000000.0 229127.0 0.0 0.0 89478300.0 9364320000.0 59010.5 77243.4 0.0 -0.06 [-0.06]
33113100000000.0 3339000000000.0 33283700000.0 189139000.0 0.0 2002580000.0 104719.0 0.0 174320000000.0 210613.0 0.0 0.0 89233100.0 9298560000.0 55922.0 73136.0 0.0 -0.04 [-0.04]
33113100000000.0 3252370000000.0 32540800000.0 179234000.0 0.0 1939750000.0 96859.5 0.0 174057000000.0 193641.0 0.0 0.0 88994200.0 9233160000.0 52998.4 69250.5 0.0 -0.02 [-0.02]
33113100000000.0 3168150000000.0 31809700000.0 169820000.0 0.0 1878900000.0 89597.1 0.0 173800000000.0 178079.0 0.0 0.0 88761300.0 9168090000.0 50230.4 65574.4 0.0 -0.0 [-0.0]
33113100000000.0 3086590000000.0 31093100000.0 160902000.0 0.0 1820140000.0 82894.1 0.0 173548000000.0 163827.0 0.0 0.0 88535800.0 9103710000.0 47611.8 62099.2 0.0 0.02 [0.02]
33113100000000.0 3006600000000.0 30382900000.0 152373000.0 0.0 1762890000.0 76682.8 0.0 173300000000.0 150711.0 0.0 0.0 88312600.0 9038830000.0 45127.7 58804.3 0.0 0.04 [0.04]
33113100000000.0 2929140000000.0 29686900000.0 144297000.0 0.0 1707600000.0 70949.3 0.0 173058000000.0 138695.0 0.0 0.0 88096500.0 8974570000.0 42777.0 55688.8 0.0 0.06 [0.06]
33113100000000.0 2853780000000.0 29002400000.0 136624000.0 0.0 1654050000.0 65649.2 0.0 172821000000.0 127665.0 0.0 0.0 87885500.0 8910520000.0 40550.5 52739.9 0.0 0.08 [0.08]
33113100000000.0 2780480000000.0 28329200000.0 129336000.0 0.0 1602160000.0 60749.1 0.0 172589000000.0 117538.0 0.0 0.0 87679800.0 8846640000.0 38441.2 49948.2 0.0 0.1 [0.1]
33113100000000.0 2709150000000.0 27667300000.0 122414000.0 0.0 1551900000.0 56218.4 0.0 172361000000.0 108238.0 0.0 0.0 87478900.0 8782910000.0 36442.8 47305.2 0.0 0.12 [0.12]
33113100000000.0 2640010000000.0 27018600000.0 115859000.0 0.0 1503320000.0 52033.5 0.0 172140000000.0 99705.6 0.0 0.0 87284100.0 8719650000.0 34550.7 44804.7 0.0 0.14 [0.14]
33113100000000.0 2572460000000.0 26378500000.0 109615000.0 0.0 1456110000.0 48158.6 0.0 171921000000.0 91854.8 0.0 0.0 87092500.0 8656130000.0 32756.3 42434.8 0.0 0.16 [0.16]
33113100000000.0 2506740000000.0 25749600000.0 103688000.0 0.0 1410380000.0 44575.1 0.0 171708000000.0 84640.4 0.0 0.0 86905400.0 8592690000.0 31055.7 40190.5 0.0 0.18 [0.18]
33113100000000.0 2442760000000.0 25131400000.0 98061600.0 0.0 1366060000.0 41260.7 0.0 171499000000.0 78008.6 0.0 0.0 86722700.0 8529290000.0 29443.9 38064.9 0.0 0.2 [0.2]
33113100000000.0 2380490000000.0 24523900000.0 92721500.0 0.0 1323110000.0 38194.8 0.0 171294000000.0 71911.0 0.0 0.0 86544000.0 8465920000.0 27916.2 36051.7 0.0 0.22 [0.22]
33113100000000.0 2319880000000.0 23926900000.0 87653500.0 0.0 1281480000.0 35358.6 0.0 171094000000.0 66303.0 0.0 0.0 86369500.0 8402540000.0 26468.0 34144.7 0.0 0.24 [0.24]
33113100000000.0 2260870000000.0 23340400000.0 82844900.0 0.0 1241130000.0 32734.9 0.0 170898000000.0 61144.5 0.0 0.0 86198800.0 8339130000.0 25095.0 32338.1 0.0 0.26 [0.26]
33113100000000.0 2203410000000.0 22764300000.0 78283000.0 0.0 1202020000.0 30307.3 0.0 170706000000.0 56398.4 0.0 0.0 86031900.0 8275690000.0 23793.4 30626.7 0.0 0.28 [0.28]
33113100000000.0 2147460000000.0 22198300000.0 73955400.0 0.0 1164110000.0 28061.1 0.0 170518000000.0 52030.4 0.0 0.0 85868600.0 8212160000.0 22559.2 29005.2 0.0 0.3 [0.3]
33113100000000.0 2092980000000.0 21642700000.0 69852000.0 0.0 1127370000.0 25982.9 0.0 170334000000.0 48009.2 0.0 0.0 85708800.0 8148550000.0 21389.0 27469.0 0.0 0.32 [0.32]
33113100000000.0 2039930000000.0 21096800000.0 65960200.0 0.0 1091750000.0 24059.5 0.0 170154000000.0 44307.7 0.0 0.0 85552600.0 8084830000.0 20279.3 26013.4 0.0 0.34 [0.34]
33113100000000.0 1988250000000.0 20560900000.0 62270500.0 0.0 1057210000.0 22279.6 0.0 169978000000.0 40898.8 0.0 0.0 85399500.0 8020980000.0 19227.1 24634.2 0.0 0.36 [0.36]
33113100000000.0 1937910000000.0 20034600000.0 58772600.0 0.0 1023730000.0 20632.2 0.0 169806000000.0 37758.6 0.0 0.0 85249600.0 7956980000.0 18229.1 23327.2 0.0 0.38 [0.38]
33113100000000.0 1888880000000.0 19518000000.0 55457700.0 0.0 991266000.0 19107.5 0.0 169638000000.0 34865.9 0.0 0.0 85102900.0 7892830000.0 17282.6 22088.7 0.0 0.4 [0.4]
33113100000000.0 1841120000000.0 19010900000.0 52316400.0 0.0 959793000.0 17696.2 0.0 169473000000.0 32200.2 0.0 0.0 84959100.0 7828490000.0 16385.0 20915.0 0.0 0.42 [0.42]
33113100000000.0 1794580000000.0 18513300000.0 49340500.0 0.0 929278000.0 16389.9 0.0 169311000000.0 29743.5 0.0 0.0 84818200.0 7763960000.0 15533.6 19802.7 0.0 0.44 [0.44]
33113100000000.0 1749120000000.0 18023800000.0 46516300.0 0.0 899643000.0 15179.8 0.0 169153000000.0 27476.6 0.0 0.0 84679100.0 7698980000.0 14725.6 18748.0 0.0 0.46 [0.46]
33113100000000.0 1705050000000.0 17545700000.0 43851700.0 0.0 871002000.0 14061.2 0.0 168999000000.0 25390.1 0.0 0.0 84544400.0 7634270000.0 13960.1 17749.7 0.0 0.48 [0.48]
33113100000000.0 1662000000000.0 17075700000.0 41324000.0 0.0 843185000.0 13024.8 0.0 168848000000.0 23464.2 0.0 0.0 84411500.0 7569090000.0 13233.6 16803.0 0.0 0.5 [0.5]
33113100000000.0 1619930000000.0 16613600000.0 38927100.0 0.0 816174000.0 12064.7 0.0 168699000000.0 21686.5 0.0 0.0 84280100.0 7503420000.0 12544.1 15905.3 0.0 0.52 [0.52]
33113100000000.0 1579130000000.0 16162400000.0 36666400.0 0.0 790061000.0 11177.0 0.0 168555000000.0 20048.9 0.0 0.0 84152700.0 7437990000.0 11890.7 15055.6 0.0 0.54 [0.54]
33113100000000.0 1539270000000.0 15718900000.0 34523500.0 0.0 764702000.0 10354.5 0.0 168414000000.0 18536.5 0.0 0.0 84026800.0 7372060000.0 11270.6 14249.8 0.0 0.56 [0.56]
33113100000000.0 1500320000000.0 15283400000.0 32493100.0 0.0 740079000.0 9592.48 0.0 168275000000.0 17139.9 0.0 0.0 83902200.0 7305640000.0 10682.1 13485.7 0.0 0.58 [0.58]
33113100000000.0 1462440000000.0 14857200000.0 30576000.0 0.0 716237000.0 8887.33 0.0 168139000000.0 15851.5 0.0 0.0 83780500.0 7239180000.0 10124.2 12762.1 0.0 0.6 [0.6]
33113100000000.0 1425590000000.0 14440200000.0 28766400.0 0.0 693150000.0 8234.72 0.0 168007000000.0 14662.8 0.0 0.0 83661500.0 7172670000.0 9595.17 12076.7 0.0 0.62 [0.62]
33113100000000.0 1389580000000.0 14030800000.0 27052500.0 0.0 670733000.0 7630.04 0.0 167877000000.0 13564.4 0.0 0.0 83543700.0 7105660000.0 9093.14 11426.8 0.0 0.64 [0.64]
33113100000000.0 1354470000000.0 13629700000.0 25432700.0 0.0 648998000.0 7070.08 0.0 167751000000.0 12549.9 0.0 0.0 83427600.0 7038370000.0 8616.94 10811.0 0.0 0.66 [0.66]
33113100000000.0 1320230000000.0 13236700000.0 23902300.0 0.0 627923000.0 6551.51 0.0 167626000000.0 11612.7 0.0 0.0 83313300.0 6970810000.0 8165.25 10227.5 0.0 0.68 [0.68]
33113100000000.0 1286830000000.0 12851800000.0 22456700.0 0.0 607490000.0 6071.27 0.0 167505000000.0 10747.0 0.0 0.0 83200500.0 6902970000.0 7736.82 9674.65 0.0 0.7 [0.7]
33113100000000.0 1254270000000.0 12474900000.0 21091600.0 0.0 587678000.0 5626.5 0.0 167386000000.0 9946.98 0.0 0.0 83089300.0 6834860000.0 7330.46 9150.83 0.0 0.72 [0.72]
33113100000000.0 1222510000000.0 12105900000.0 19802900.0 0.0 568471000.0 5214.58 0.0 167270000000.0 9207.63 0.0 0.0 82979500.0 6766490000.0 6945.05 8654.56 0.0 0.74 [0.74]
33113100000000.0 1191520000000.0 11744700000.0 18586500.0 0.0 549849000.0 4833.08 0.0 167156000000.0 8524.25 0.0 0.0 82871000.0 6697850000.0 6579.52 8184.42 0.0 0.76 [0.76]
33113100000000.0 1161300000000.0 11391200000.0 17439000.0 0.0 531797000.0 4479.73 0.0 167045000000.0 7892.51 0.0 0.0 82763800.0 6628950000.0 6232.85 7739.06 0.0 0.78 [0.78]
33113100000000.0 1131820000000.0 11045300000.0 16356500.0 0.0 514296000.0 4152.45 0.0 166937000000.0 7308.41 0.0 0.0 82657800.0 6559800000.0 5904.1 7317.19 0.0 0.8 [0.8]
33113100000000.0 1103050000000.0 10706900000.0 15335900.0 0.0 497332000.0 3849.31 0.0 166830000000.0 6768.28 0.0 0.0 82552900.0 6490410000.0 5592.33 6917.62 0.0 0.82 [0.82]
33113100000000.0 1074990000000.0 10376100000.0 14373900.0 0.0 480888000.0 3568.53 0.0 166726000000.0 6268.75 0.0 0.0 82448900.0 6420790000.0 5296.7 6539.19 0.0 0.84 [0.84]
33113100000000.0 1047600000000.0 10052600000.0 13467300.0 0.0 464950000.0 3308.45 0.0 166624000000.0 5806.7 0.0 0.0 82345900.0 6350960000.0 5016.38 6180.81 0.0 0.86 [0.86]
33113100000000.0 1020880000000.0 9736400000.0 12613400.0 0.0 449502000.0 3067.53 0.0 166525000000.0 5379.27 0.0 0.0 82243600.0 6280910000.0 4750.6 5841.46 0.0 0.88 [0.88]
33113100000000.0 994803000000.0 9427970000.0 11816000.0 0.0 434538000.0 2844.42 0.0 166427000000.0 4983.67 0.0 0.0 82142100.0 6210710000.0 4498.62 5520.22 0.0 0.9 [0.9]
33113100000000.0 969338000000.0 9127810000.0 11079600.0 0.0 420049000.0 2637.85 0.0 166332000000.0 4617.36 0.0 0.0 82041100.0 6140400000.0 4259.78 5216.28 0.0 0.92 [0.92]
33113100000000.0 944486000000.0 8834580000.0 10385500.0 0.0 406008000.0 2446.47 0.0 166239000000.0 4278.38 0.0 0.0 81940600.0 6069920000.0 4033.35 4928.53 0.0 0.94 [0.94]
33113100000000.0 920232000000.0 8548230000.0 9731550.0 0.0 392402000.0 2269.16 0.0 166148000000.0 3964.72 0.0 0.0 81840600.0 5999310000.0 3818.72 4656.14 0.0 0.96 [0.96]
33113100000000.0 896555000000.0 8268670000.0 9115610.0 0.0 379218000.0 2104.88 0.0 166058000000.0 3674.42 0.0 0.0 81740900.0 5928560000.0 3615.28 4398.32 0.0 0.98 [0.98]
33113100000000.0 873442000000.0 7995850000.0 8535710.0 0.0 366444000.0 1952.69 0.0 165971000000.0 3405.75 0.0 0.0 81641400.0 5857700000.0 3422.46 4154.32 0.0 1.0 [1.0]
