      1.00000   6.2485433e-06
      2.00000   6.1509359e-06
      3.00000   6.1130609e-06
      4.00000   6.1102073e-06
      5.00000   6.1534952e-06
      6.00000   6.2309909e-06
      7.00000   6.3299972e-06
      8.00000   6.4336555e-06
      9.00000   6.5248973e-06
      10.0000   6.5934087e-06
      11.0000   6.6391240e-06
      12.0000   6.6666053e-06
      13.0000   6.6803859e-06
      14.0000   6.6840607e-06
      15.0000   6.6770986e-06
      16.0000   6.6592388e-06
      17.0000   6.6360731e-06
      18.0000   6.6127564e-06
      19.0000   6.5929758e-06
      20.0000   6.5836889e-06
      21.0000   6.5887812e-06
      22.0000   6.6071780e-06
      23.0000   6.6429507e-06
      24.0000   6.7099327e-06
      25.0000   6.8177028e-06
      26.0000   6.9625930e-06
      27.0000   7.1394015e-06
      28.0000   7.3456754e-06
      29.0000   7.5707326e-06
      30.0000   7.7901641e-06
      31.0000   7.9751599e-06
      32.0000   8.1045546e-06
      33.0000   8.1744492e-06
      34.0000   8.2015058e-06
      35.0000   8.2145107e-06
      36.0000   8.2393817e-06
      37.0000   8.2843053e-06
      38.0000   8.3386976e-06
      39.0000   8.3970917e-06
      40.0000   8.4786843e-06
      41.0000   8.6181317e-06
      42.0000   8.8339284e-06
      43.0000   9.1150559e-06
      44.0000   9.4391007e-06
      45.0000   9.7845395e-06
      46.0000   1.0137835e-05
      47.0000   1.0499619e-05
      48.0000   1.0875473e-05
      49.0000   1.1261454e-05
      50.0000   1.1634736e-05
      51.0000   1.1961014e-05
      52.0000   1.2210529e-05
      53.0000   1.2374573e-05
      54.0000   1.2469912e-05
      55.0000   1.2529594e-05
      56.0000   1.2589902e-05
      57.0000   1.2688663e-05
      58.0000   1.2861000e-05
      59.0000   1.3120265e-05
      60.0000   1.3460294e-05
      61.0000   1.3873302e-05
      62.0000   1.4368650e-05
      63.0000   1.4969362e-05
      64.0000   1.5676344e-05
      65.0000   1.6442395e-05
      66.0000   1.7197905e-05
      67.0000   1.7906697e-05
      68.0000   1.8578719e-05
      69.0000   1.9236209e-05
      70.0000   1.9901177e-05
      71.0000   2.0610361e-05
      72.0000   2.1377866e-05
      73.0000   2.2161690e-05
      74.0000   2.2916440e-05
      75.0000   2.3650464e-05
      76.0000   2.4408640e-05
      77.0000   2.5242962e-05
      78.0000   2.6159592e-05
      79.0000   2.7081529e-05
      80.0000   2.7943846e-05
      81.0000   2.8787770e-05
      82.0000   2.9704581e-05
      83.0000   3.0727584e-05
      84.0000   3.1856205e-05
      85.0000   3.3097513e-05
      86.0000   3.4384699e-05
      87.0000   3.5585959e-05
      88.0000   3.6661520e-05
      89.0000   3.7677524e-05
      90.0000   3.8695791e-05
      91.0000   3.9771010e-05
      92.0000   4.0977855e-05
      93.0000   4.2371212e-05
      94.0000   4.4009248e-05
      95.0000   4.5994959e-05
      96.0000   4.8442267e-05
      97.0000   5.1434807e-05
      98.0000   5.5035183e-05
      99.0000   5.9274702e-05
      100.000   6.4047752e-05
      101.000   6.9095251e-05
      102.000   7.4298863e-05
      103.000   7.9979414e-05
      104.000   8.6689230e-05
      105.000   9.4754338e-05
      106.000   0.00010419175
      107.000   0.00011491351
      108.000   0.00012689270
      109.000   0.00014010543
      110.000   0.00015434095
      111.000   0.00016919874
      112.000   0.00018447467
      113.000   0.00020053796
      114.000   0.00021799532
      115.000   0.00023717539
      116.000   0.00025808960
      117.000   0.00028078529
      118.000   0.00030591668
      119.000   0.00033467161
      120.000   0.00036766761
      121.000   0.00040449991
      122.000   0.00044498048
      123.000   0.00049029267
      124.000   0.00054217211
      125.000   0.00060065038
      126.000   0.00066286337
      127.000   0.00072379358
      128.000   0.00077824714
      129.000   0.00082375767
      130.000   0.00086250814
      131.000   0.00089994038
      132.000   0.00094170339
      133.000   0.00099148892
      134.000    0.0010529561
      135.000    0.0011339261
      136.000    0.0012455618
      137.000    0.0013960430
      138.000    0.0015874855
      139.000    0.0018190362
      140.000    0.0020887982
      141.000    0.0023999452
      142.000    0.0027678553
      143.000    0.0032014996
      144.000    0.0036757744
      145.000    0.0041433047
      146.000    0.0045919186
      147.000    0.0050787800
      148.000    0.0056879418
      149.000    0.0065042465
      150.000    0.0076361671
      151.000    0.0091996752
      152.000     0.011294469
      153.000     0.014105534
      154.000     0.018097401
      155.000     0.024016431
      156.000     0.032558780
      157.000     0.043914288
      158.000     0.057546958
      159.000     0.071994491
      160.000     0.084335297
      161.000     0.090508901
      162.000     0.087854311
      163.000     0.077638216
      164.000     0.063738354
      165.000     0.049700994
      166.000     0.037628215
      167.000     0.028215677
      168.000     0.021233493
      169.000     0.016127843
      170.000     0.012403372
      171.000    0.0097131608
      172.000    0.0078367367
      173.000    0.0065939757
      174.000    0.0057906769
      175.000    0.0052313390
      176.000    0.0047563873
      177.000    0.0042826794
      178.000    0.0038037656
      179.000    0.0033430797
      180.000    0.0029188485
      181.000    0.0025389043
      182.000    0.0022104969
      183.000    0.0019385192
      184.000    0.0017169703
      185.000    0.0015310891
      186.000    0.0013630311
      187.000    0.0011978482
      188.000    0.0010329315
      189.000   0.00087813841
      190.000   0.00074550614
      191.000   0.00064062135
      192.000   0.00056217192
      193.000   0.00050415844
      194.000   0.00045820355
      195.000   0.00041673359
      196.000   0.00037540967
      197.000   0.00033348295
      198.000   0.00029290598
      199.000   0.00025684471
      200.000   0.00022773020
      201.000   0.00020580219
      202.000   0.00018938919
      203.000   0.00017649363
      204.000   0.00016573200
      205.000   0.00015599460
      206.000   0.00014647115
      207.000   0.00013690628
      208.000   0.00012743163
      209.000   0.00011827451
      210.000   0.00010958775
      211.000   0.00010138908
      212.000   9.3692273e-05
      213.000   8.6621949e-05
      214.000   8.0368474e-05
      215.000   7.5042837e-05
      216.000   7.0538721e-05
      217.000   6.6559798e-05
      218.000   6.2792387e-05
      219.000   5.9093600e-05
      220.000   5.5531105e-05
      221.000   5.2200867e-05
      222.000   4.9114838e-05
      223.000   4.6302415e-05
      224.000   4.3860648e-05
      225.000   4.1864481e-05
      226.000   4.0282554e-05
      227.000   3.9023158e-05
      228.000   3.8029106e-05
      229.000   3.7251793e-05
      230.000   3.6587669e-05
      231.000   3.5871140e-05
      232.000   3.4936762e-05
      233.000   3.3726254e-05
      234.000   3.2338019e-05
      235.000   3.0933468e-05
      236.000   2.9617193e-05
      237.000   2.8402123e-05
      238.000   2.7262296e-05
      239.000   2.6217249e-05
      240.000   2.5334059e-05
      241.000   2.4645757e-05
      242.000   2.4090430e-05
      243.000   2.3536391e-05
      244.000   2.2901397e-05
      245.000   2.2209297e-05
      246.000   2.1520853e-05
      247.000   2.0876309e-05
      248.000   2.0276824e-05
      249.000   1.9702911e-05
      250.000   1.9163699e-05
      251.000   1.8685880e-05
      252.000   1.8258086e-05
      253.000   1.7814533e-05
      254.000   1.7282324e-05
      255.000   1.6641721e-05
      256.000   1.5905138e-05
      257.000   1.5087012e-05
      258.000   1.4222773e-05
      259.000   1.3368965e-05
      260.000   1.2581097e-05
      261.000   1.1903419e-05
      262.000   1.1377359e-05
      263.000   1.1033550e-05
      264.000   1.0860180e-05
      265.000   1.0804447e-05
      266.000   1.0807619e-05
      267.000   1.0833728e-05
      268.000   1.0859977e-05
      269.000   1.0865254e-05
      270.000   1.0832258e-05
      271.000   1.0755946e-05
      272.000   1.0637696e-05
      273.000   1.0464890e-05
      274.000   1.0219668e-05
      275.000   9.9025374e-06
      276.000   9.5300175e-06
      277.000   9.1224583e-06
      278.000   8.7119206e-06
      279.000   8.3430987e-06
      280.000   8.0462141e-06
      281.000   7.8245994e-06
      282.000   7.6723582e-06
      283.000   7.5793982e-06
      284.000   7.5296789e-06
      285.000   7.5104222e-06
      286.000   7.5195417e-06
      287.000   7.5502835e-06
      288.000   7.5747671e-06
      289.000   7.5637586e-06
      290.000   7.5135781e-06
      291.000   7.4412951e-06
      292.000   7.3532833e-06
      293.000   7.2398375e-06
      294.000   7.1002951e-06
      295.000   6.9494354e-06
      296.000   6.7974502e-06
      297.000   6.6450011e-06
      298.000   6.5000781e-06
      299.000   6.3811699e-06
      300.000   6.2977142e-06
      301.000   6.2451390e-06
      302.000   6.2181780e-06
      303.000   6.2177473e-06
      304.000   6.2453832e-06
      305.000   6.2974500e-06
      306.000   6.3630164e-06
      307.000   6.4262699e-06
      308.000   6.4763140e-06
      309.000   6.5118097e-06
      310.000   6.5389636e-06
      311.000   6.5665013e-06
      312.000   6.5998047e-06
      313.000   6.6312032e-06
      314.000   6.6379353e-06
      315.000   6.5984846e-06
      316.000   6.5127924e-06
      317.000   6.4035135e-06
      318.000   6.3026328e-06
      319.000   6.2379472e-06
      320.000   6.2134618e-06
      321.000       0.0000000
