      1.00000       0.0000000
      2.00000   7.4075629e-06
      3.00000   7.5161438e-06
      4.00000   7.5842859e-06
      5.00000   7.6458364e-06
      6.00000   7.7117475e-06
      7.00000   7.8045314e-06
      8.00000   7.9303800e-06
      9.00000   8.0764476e-06
      10.0000   8.2283050e-06
      11.0000   8.3804443e-06
      12.0000   8.5371767e-06
      13.0000   8.7176859e-06
      14.0000   8.9415544e-06
      15.0000   9.2123319e-06
      16.0000   9.5180640e-06
      17.0000   9.8388518e-06
      18.0000   1.0158102e-05
      19.0000   1.0473336e-05
      20.0000   1.0787160e-05
      21.0000   1.1081938e-05
      22.0000   1.1325653e-05
      23.0000   1.1511887e-05
      24.0000   1.1664642e-05
      25.0000   1.1811719e-05
      26.0000   1.1973522e-05
      27.0000   1.2165627e-05
      28.0000   1.2392444e-05
      29.0000   1.2630337e-05
      30.0000   1.2827877e-05
      31.0000   1.2937596e-05
      32.0000   1.2949533e-05
      33.0000   1.2890673e-05
      34.0000   1.2821954e-05
      35.0000   1.2815115e-05
      36.0000   1.2916897e-05
      37.0000   1.3140443e-05
      38.0000   1.3467988e-05
      39.0000   1.3869851e-05
      40.0000   1.4307117e-05
      41.0000   1.4743689e-05
      42.0000   1.5168313e-05
      43.0000   1.5586500e-05
      44.0000   1.6001461e-05
      45.0000   1.6407030e-05
      46.0000   1.6795497e-05
      47.0000   1.7178068e-05
      48.0000   1.7602093e-05
      49.0000   1.8119903e-05
      50.0000   1.8744109e-05
      51.0000   1.9434461e-05
      52.0000   2.0115247e-05
      53.0000   2.0728130e-05
      54.0000   2.1253480e-05
      55.0000   2.1680082e-05
      56.0000   2.2007178e-05
      57.0000   2.2264150e-05
      58.0000   2.2470840e-05
      59.0000   2.2636330e-05
      60.0000   2.2789896e-05
      61.0000   2.2949023e-05
      62.0000   2.3101999e-05
      63.0000   2.3227694e-05
      64.0000   2.3336110e-05
      65.0000   2.3473569e-05
      66.0000   2.3681663e-05
      67.0000   2.3966675e-05
      68.0000   2.4318178e-05
      69.0000   2.4734498e-05
      70.0000   2.5215633e-05
      71.0000   2.5726826e-05
      72.0000   2.6218493e-05
      73.0000   2.6695581e-05
      74.0000   2.7251233e-05
      75.0000   2.8002500e-05
      76.0000   2.8996166e-05
      77.0000   3.0202416e-05
      78.0000   3.1623142e-05
      79.0000   3.3292043e-05
      80.0000   3.5182362e-05
      81.0000   3.7208298e-05
      82.0000   3.9293591e-05
      83.0000   4.1415795e-05
      84.0000   4.3609463e-05
      85.0000   4.5902045e-05
      86.0000   4.8281508e-05
      87.0000   5.0695588e-05
      88.0000   5.3024381e-05
      89.0000   5.5186636e-05
      90.0000   5.7291720e-05
      91.0000   5.9631911e-05
      92.0000   6.2473948e-05
      93.0000   6.5798195e-05
      94.0000   6.9296431e-05
      95.0000   7.2647796e-05
      96.0000   7.5798045e-05
      97.0000   7.9077930e-05
      98.0000   8.3089901e-05
      99.0000   8.8433451e-05
      100.000   9.5458883e-05
      101.000   0.00010419002
      102.000   0.00011442479
      103.000   0.00012604868
      104.000   0.00013918380
      105.000   0.00015397283
      106.000   0.00017049101
      107.000   0.00018891627
      108.000   0.00020912859
      109.000   0.00023021850
      110.000   0.00025077528
      111.000   0.00026962312
      112.000   0.00028611065
      113.000   0.00030048762
      114.000   0.00031415233
      115.000   0.00032871007
      116.000   0.00034440699
      117.000   0.00035991729
      118.000   0.00037410998
      119.000   0.00038815258
      120.000   0.00040560742
      121.000   0.00043070514
      122.000   0.00046624840
      123.000   0.00051180721
      124.000   0.00056456187
      125.000   0.00062325574
      126.000   0.00068965997
      127.000   0.00076529599
      128.000   0.00084790745
      129.000   0.00093276112
      130.000    0.0010176996
      131.000    0.0011074756
      132.000    0.0012102611
      133.000    0.0013268925
      134.000    0.0014451015
      135.000    0.0015469196
      136.000    0.0016229637
      137.000    0.0016781467
      138.000    0.0017277711
      139.000    0.0017911347
      140.000    0.0018896597
      141.000    0.0020425308
      142.000    0.0022453496
      143.000    0.0024630784
      144.000    0.0026701244
      145.000    0.0028997147
      146.000    0.0032370791
      147.000    0.0037518677
      148.000    0.0044410597
      149.000    0.0052510537
      150.000    0.0061695511
      151.000    0.0073103057
      152.000    0.0089246975
      153.000     0.011381370
      154.000     0.015152355
      155.000     0.020716578
      156.000     0.028487895
      157.000     0.039125413
      158.000     0.053765070
      159.000     0.072624311
      160.000     0.092235282
      161.000      0.10493625
      162.000      0.10374057
      163.000     0.089228891
      164.000     0.068795331
      165.000     0.049710900
      166.000     0.035130527
      167.000     0.024913551
      168.000     0.017902477
      169.000     0.013116210
      170.000    0.0099088307
      171.000    0.0078033153
      172.000    0.0063822777
      173.000    0.0053509912
      174.000    0.0045716260
      175.000    0.0039805588
      176.000    0.0035212135
      177.000    0.0031450076
      178.000    0.0028229626
      179.000    0.0025427926
      180.000    0.0023060329
      181.000    0.0021136382
      182.000    0.0019534482
      183.000    0.0018119077
      184.000    0.0016849476
      185.000    0.0015686725
      186.000    0.0014510507
      187.000    0.0013224210
      188.000    0.0011831657
      189.000    0.0010408810
      190.000   0.00090947805
      191.000   0.00080261828
      192.000   0.00072278077
      193.000   0.00066056038
      194.000   0.00060424581
      195.000   0.00054719765
      196.000   0.00048819202
      197.000   0.00042994865
      198.000   0.00037742473
      199.000   0.00033454079
      200.000   0.00030191729
      201.000   0.00027732863
      202.000   0.00025752297
      203.000   0.00023988202
      204.000   0.00022309029
      205.000   0.00020699824
      206.000   0.00019175101
      207.000   0.00017724423
      208.000   0.00016348269
      209.000   0.00015061619
      210.000   0.00013861601
      211.000   0.00012727121
      212.000   0.00011652209
      213.000   0.00010651991
      214.000   9.7416239e-05
      215.000   8.9366047e-05
      216.000   8.2473365e-05
      217.000   7.6713586e-05
      218.000   7.1921160e-05
      219.000   6.7907880e-05
      220.000   6.4661457e-05
      221.000   6.2317733e-05
      222.000   6.0867475e-05
      223.000   6.0028011e-05
      224.000   5.9362359e-05
      225.000   5.8442976e-05
      226.000   5.7088455e-05
      227.000   5.5450670e-05
      228.000   5.3783715e-05
      229.000   5.2197785e-05
      230.000   5.0668004e-05
      231.000   4.9183138e-05
      232.000   4.7748905e-05
      233.000   4.6298101e-05
      234.000   4.4778739e-05
      235.000   4.3186075e-05
      236.000   4.1508050e-05
      237.000   3.9796134e-05
      238.000   3.8169885e-05
      239.000   3.6725807e-05
      240.000   3.5440247e-05
      241.000   3.4161665e-05
      242.000   3.2770291e-05
      243.000   3.1300067e-05
      244.000   2.9859326e-05
      245.000   2.8527629e-05
      246.000   2.7356529e-05
      247.000   2.6364714e-05
      248.000   2.5504556e-05
      249.000   2.4693951e-05
      250.000   2.3893908e-05
      251.000   2.3108851e-05
      252.000   2.2372938e-05
      253.000   2.1754282e-05
      254.000   2.1305252e-05
      255.000   2.1013320e-05
      256.000   2.0841657e-05
      257.000   2.0780784e-05
      258.000   2.0831281e-05
      259.000   2.0959564e-05
      260.000   2.1097490e-05
      261.000   2.1176893e-05
      262.000   2.1149652e-05
      263.000   2.0982958e-05
      264.000   2.0676704e-05
      265.000   2.0271418e-05
      266.000   1.9822031e-05
      267.000   1.9372897e-05
      268.000   1.8938772e-05
      269.000   1.8506469e-05
      270.000   1.8052882e-05
      271.000   1.7544960e-05
      272.000   1.6964130e-05
      273.000   1.6329279e-05
      274.000   1.5686892e-05
      275.000   1.5087270e-05
      276.000   1.4564490e-05
      277.000   1.4133833e-05
      278.000   1.3795048e-05
      279.000   1.3539685e-05
      280.000   1.3344456e-05
      281.000   1.3183273e-05
      282.000   1.3040152e-05
      283.000   1.2911189e-05
      284.000   1.2798038e-05
      285.000   1.2702896e-05
      286.000   1.2631723e-05
      287.000   1.2580589e-05
      288.000   1.2523197e-05
      289.000   1.2435696e-05
      290.000   1.2322659e-05
      291.000   1.2203057e-05
      292.000   1.2087226e-05
      293.000   1.1961606e-05
      294.000   1.1801711e-05
      295.000   1.1600274e-05
      296.000   1.1371170e-05
      297.000   1.1135873e-05
      298.000   1.0898078e-05
      299.000   1.0649432e-05
      300.000   1.0385106e-05
      301.000   1.0108563e-05
      302.000   9.8340206e-06
      303.000   9.5740488e-06
      304.000   9.3288609e-06
      305.000   9.0985395e-06
      306.000   8.8917059e-06
      307.000   8.7127200e-06
      308.000   8.5523261e-06
      309.000   8.4027106e-06
      310.000   8.2665911e-06
      311.000   8.1499966e-06
      312.000   8.0463506e-06
      313.000   7.9361007e-06
      314.000   7.8049943e-06
      315.000   7.6581464e-06
      316.000   7.5142761e-06
      317.000   7.3876117e-06
      318.000   7.2791372e-06
      319.000   7.1780582e-06
      320.000   7.0877054e-06
      321.000   6.9899666e-06
