      1.00000  7.17000e-05
      2.00000  6.74400e-05
      3.00000  6.57600e-05
      4.00000  6.62100e-05
      5.00000  6.81300e-05
      6.00000  7.09200e-05
      7.00000  7.37700e-05
      8.00000  7.58100e-05
      9.00000  7.68900e-05
      10.0000  7.76700e-05
      11.0000  7.89000e-05
      12.0000  8.04000e-05
      13.0000  8.16900e-05
      14.0000  8.28000e-05
      15.0000  8.44200e-05
      16.0000  8.71200e-05
      17.0000  9.10500e-05
      18.0000  9.57600e-05
      19.0000  0.000100170
      20.0000  0.000103560
      21.0000  0.000106440
      22.0000  0.000109800
      23.0000  0.000114030
      24.0000  0.000118650
      25.0000  0.000123090
      26.0000  0.000127410
      27.0000  0.000132060
      28.0000  0.000136950
      29.0000  0.000141360
      30.0000  0.000144840
      31.0000  0.000147810
      32.0000  0.000151410
      33.0000  0.000156630
      34.0000  0.000163950
      35.0000  0.000173190
      36.0000  0.000183690
      37.0000  0.000194280
      38.0000  0.000203670
      39.0000  0.000211110
      40.0000  0.000216840
      41.0000  0.000222120
      42.0000  0.000228720
      43.0000  0.000237390
      44.0000  0.000246960
      45.0000  0.000256200
      46.0000  0.000265260
      47.0000  0.000276270
      48.0000  0.000291180
      49.0000  0.000309600
      50.0000  0.000328500
      51.0000  0.000346200
      52.0000  0.000362700
      53.0000  0.000380700
      54.0000  0.000402300
      55.0000  0.000426000
      56.0000  0.000447300
      57.0000  0.000464100
      58.0000  0.000478200
      59.0000  0.000493800
      60.0000  0.000515100
      61.0000  0.000543300
      62.0000  0.000576600
      63.0000  0.000614400
      64.0000  0.000659400
      65.0000  0.000714900
      66.0000  0.000781800
      67.0000  0.000855300
      68.0000  0.000928500
      69.0000  0.000990600
      70.0000   0.00103260
      71.0000   0.00105720
      72.0000   0.00107730
      73.0000   0.00110040
      74.0000   0.00111810
      75.0000   0.00112290
      76.0000   0.00112320
      77.0000   0.00113640
      78.0000   0.00117780
      79.0000   0.00125040
      80.0000   0.00134130
      81.0000   0.00142950
      82.0000   0.00149940
      83.0000   0.00155100
      84.0000   0.00159960
      85.0000   0.00165450
      86.0000   0.00170610
      87.0000   0.00174270
      88.0000   0.00176100
      89.0000   0.00176130
      90.0000   0.00175230
      91.0000   0.00175350
      92.0000   0.00178530
      93.0000   0.00184740
      94.0000   0.00192570
      95.0000   0.00200940
      96.0000   0.00209700
      97.0000   0.00220020
      98.0000   0.00232590
      99.0000   0.00245310
      100.000   0.00254040
      101.000   0.00256590
      102.000   0.00255960
      103.000   0.00258750
      104.000   0.00271620
      105.000   0.00295890
      106.000   0.00325200
      107.000   0.00351300
      108.000   0.00369600
      109.000   0.00379200
      110.000   0.00379800
      111.000   0.00377400
      112.000   0.00379200
      113.000   0.00387600
      114.000   0.00398700
      115.000   0.00407100
      116.000   0.00412800
      117.000   0.00421800
      118.000   0.00437700
      119.000   0.00456600
      120.000   0.00474300
      121.000   0.00494100
      122.000   0.00526200
      123.000   0.00578400
      124.000   0.00647400
      125.000   0.00713700
      126.000   0.00756900
      127.000   0.00774000
      128.000   0.00777300
      129.000   0.00786300
      130.000   0.00814800
      131.000   0.00860100
      132.000   0.00907500
      133.000   0.00957900
      134.000    0.0102780
      135.000    0.0116040
      136.000    0.0137700
      137.000    0.0162600
      138.000    0.0189960
      139.000    0.0219180
      140.000    0.0246600
      141.000    0.0270630
      142.000    0.0292890
      143.000    0.0318000
      144.000    0.0356100
      145.000    0.0428100
      146.000    0.0566100
      147.000    0.0804900
      148.000     0.118650
      149.000     0.174450
      150.000     0.240240
      151.000     0.288990
      152.000     0.291420
      153.000     0.246570
      154.000     0.182280
      155.000     0.125580
      156.000    0.0858300
      157.000    0.0611400
      158.000    0.0468600
      159.000    0.0386400
      160.000    0.0336000
      161.000    0.0303600
      162.000    0.0281190
      163.000    0.0259620
      164.000    0.0233280
      165.000    0.0203550
      166.000    0.0173790
      167.000    0.0147360
      168.000    0.0125250
      169.000    0.0107340
      170.000   0.00959700
      171.000   0.00882000
      172.000   0.00817500
      173.000   0.00764700
      174.000   0.00715800
      175.000   0.00677700
      176.000   0.00656700
      177.000   0.00650100
      178.000   0.00642900
      179.000   0.00620100
      180.000   0.00582600
      181.000   0.00538500
      182.000   0.00490500
      183.000   0.00441300
      184.000   0.00400800
      185.000   0.00375900
      186.000   0.00364200
      187.000   0.00357000
      188.000   0.00348900
      189.000   0.00342000
      190.000   0.00339600
      191.000   0.00341700
      192.000   0.00345600
      193.000   0.00348300
      194.000   0.00343200
      195.000   0.00327000
      196.000   0.00304500
      197.000   0.00286950
      198.000   0.00280380
      199.000   0.00283560
      200.000   0.00290610
      201.000   0.00293880
      202.000   0.00286950
      203.000   0.00268470
      204.000   0.00243330
      205.000   0.00219000
      206.000   0.00200910
      207.000   0.00190800
      208.000   0.00186900
      209.000   0.00185040
      210.000   0.00181830
      211.000   0.00176340
      212.000   0.00169950
      213.000   0.00163080
      214.000   0.00154080
      215.000   0.00142140
      216.000   0.00129840
      217.000   0.00121050
      218.000   0.00117510
      219.000   0.00117690
      220.000   0.00118590
      221.000   0.00118260
      222.000   0.00116940
      223.000   0.00116430
      224.000   0.00118350
      225.000   0.00122190
      226.000   0.00125970
      227.000   0.00127860
      228.000   0.00126120
      229.000   0.00119970
      230.000   0.00111090
      231.000   0.00102450
      232.000  0.000961500
      233.000  0.000924300
      234.000  0.000900900
      235.000  0.000873600
      236.000  0.000837000
      237.000  0.000799800
      238.000  0.000765900
      239.000  0.000729600
      240.000  0.000683400
      241.000  0.000629700
      242.000  0.000578400
      243.000  0.000541500
      244.000  0.000522300
      245.000  0.000512100
      246.000  0.000500100
      247.000  0.000480900
      248.000  0.000455400
      249.000  0.000428700
      250.000  0.000407400
      251.000  0.000394500
      252.000  0.000388800
      253.000  0.000385800
      254.000  0.000380400
      255.000  0.000371100
      256.000  0.000358500
      257.000  0.000343800
      258.000  0.000327000
      259.000  0.000309000
      260.000  0.000292770
      261.000  0.000280590
      262.000  0.000273810
      263.000  0.000270960
      264.000  0.000268890
      265.000  0.000265170
      266.000  0.000259740
      267.000  0.000254070
      268.000  0.000248850
      269.000  0.000242580
      270.000  0.000233640
      271.000  0.000221940
      272.000  0.000209190
      273.000  0.000197640
      274.000  0.000189120
      275.000  0.000183030
      276.000  0.000177000
      277.000  0.000168900
      278.000  0.000158730
      279.000  0.000148470
      280.000  0.000141000
      281.000  0.000137820
      282.000  0.000137520
      283.000  0.000136800
      284.000  0.000133740
      285.000  0.000128970
      286.000  0.000124170
      287.000  0.000120270
      288.000  0.000117150
      289.000  0.000114420
      290.000  0.000111630
      291.000  0.000108480
      292.000  0.000105240
      293.000  0.000102420
      294.000  0.000100020
      295.000  9.75600e-05
      296.000  9.51300e-05
      297.000  9.34500e-05
      298.000  9.30000e-05
      299.000  9.32700e-05
      300.000  9.27300e-05
      301.000  9.00300e-05
      302.000  8.47800e-05
      303.000  7.80300e-05
