      1.00000       0.0000000
      2.00000   7.0191527e-06
      3.00000   7.1726963e-06
      4.00000   7.2991020e-06
      5.00000   7.4432437e-06
      6.00000   7.6203842e-06
      7.00000   7.8487910e-06
      8.00000   8.1133157e-06
      9.00000   8.3808227e-06
      10.0000   8.6275240e-06
      11.0000   8.8587194e-06
      12.0000   9.1015654e-06
      13.0000   9.3783028e-06
      14.0000   9.6967024e-06
      15.0000   1.0059866e-05
      16.0000   1.0462893e-05
      17.0000   1.0883190e-05
      18.0000   1.1286103e-05
      19.0000   1.1642650e-05
      20.0000   1.1950036e-05
      21.0000   1.2220355e-05
      22.0000   1.2452657e-05
      23.0000   1.2632130e-05
      24.0000   1.2748981e-05
      25.0000   1.2809322e-05
      26.0000   1.2820231e-05
      27.0000   1.2776055e-05
      28.0000   1.2669242e-05
      29.0000   1.2505067e-05
      30.0000   1.2302286e-05
      31.0000   1.2098988e-05
      32.0000   1.1954758e-05
      33.0000   1.1928503e-05
      34.0000   1.2050549e-05
      35.0000   1.2319321e-05
      36.0000   1.2712893e-05
      37.0000   1.3192574e-05
      38.0000   1.3707541e-05
      39.0000   1.4206587e-05
      40.0000   1.4658507e-05
      41.0000   1.5068328e-05
      42.0000   1.5469204e-05
      43.0000   1.5899819e-05
      44.0000   1.6394612e-05
      45.0000   1.6971366e-05
      46.0000   1.7629105e-05
      47.0000   1.8340657e-05
      48.0000   1.9052955e-05
      49.0000   1.9715011e-05
      50.0000   2.0289172e-05
      51.0000   2.0772335e-05
      52.0000   2.1189891e-05
      53.0000   2.1549529e-05
      54.0000   2.1855532e-05
      55.0000   2.2132133e-05
      56.0000   2.2396827e-05
      57.0000   2.2641942e-05
      58.0000   2.2834380e-05
      59.0000   2.2938797e-05
      60.0000   2.2942007e-05
      61.0000   2.2849692e-05
      62.0000   2.2690267e-05
      63.0000   2.2527398e-05
      64.0000   2.2442384e-05
      65.0000   2.2502105e-05
      66.0000   2.2741062e-05
      67.0000   2.3151466e-05
      68.0000   2.3679484e-05
      69.0000   2.4242303e-05
      70.0000   2.4771634e-05
      71.0000   2.5249561e-05
      72.0000   2.5730242e-05
      73.0000   2.6321706e-05
      74.0000   2.7123266e-05
      75.0000   2.8178712e-05
      76.0000   2.9503723e-05
      77.0000   3.1121010e-05
      78.0000   3.3010088e-05
      79.0000   3.5072164e-05
      80.0000   3.7163089e-05
      81.0000   3.9143750e-05
      82.0000   4.0978743e-05
      83.0000   4.2755575e-05
      84.0000   4.4589662e-05
      85.0000   4.6558798e-05
      86.0000   4.8641385e-05
      87.0000   5.0703893e-05
      88.0000   5.2636395e-05
      89.0000   5.4548633e-05
      90.0000   5.6710323e-05
      91.0000   5.9261467e-05
      92.0000   6.2093110e-05
      93.0000   6.4964494e-05
      94.0000   6.7704146e-05
      95.0000   7.0356080e-05
      96.0000   7.3272400e-05
      97.0000   7.7056240e-05
      98.0000   8.2272411e-05
      99.0000   8.9162837e-05
      100.000   9.7551696e-05
      101.000   0.00010708332
      102.000   0.00011765456
      103.000   0.00012950550
      104.000   0.00014297366
      105.000   0.00015829249
      106.000   0.00017558697
      107.000   0.00019464501
      108.000   0.00021465836
      109.000   0.00023441954
      110.000   0.00025282073
      111.000   0.00026915679
      112.000   0.00028348275
      113.000   0.00029685802
      114.000   0.00031061110
      115.000   0.00032514933
      116.000   0.00033952232
      117.000   0.00035252341
      118.000   0.00036466631
      119.000   0.00037883903
      120.000   0.00039913616
      121.000   0.00042890280
      122.000   0.00046873497
      123.000   0.00051604526
      124.000   0.00056821981
      125.000   0.00062582310
      126.000   0.00069176854
      127.000   0.00076744676
      128.000   0.00085022353
      129.000   0.00093476527
      130.000    0.0010188419
      131.000    0.0011080072
      132.000    0.0012103195
      133.000    0.0013244411
      134.000    0.0014366930
      135.000    0.0015295440
      136.000    0.0015949857
      137.000    0.0016405917
      138.000    0.0016843518
      139.000    0.0017469262
      140.000    0.0018506391
      141.000    0.0020107653
      142.000    0.0022133829
      143.000    0.0024199749
      144.000    0.0026157617
      145.000    0.0028474980
      146.000    0.0031977498
      147.000    0.0037136420
      148.000    0.0043725092
      149.000    0.0051308358
      150.000    0.0060111685
      151.000    0.0071507106
      152.000    0.0087867239
      153.000     0.011242065
      154.000     0.014933360
      155.000     0.020327574
      156.000     0.027937960
      157.000     0.038619366
      158.000     0.053661183
      159.000     0.073249437
      160.000     0.093654454
      161.000      0.10683406
      162.000      0.10550673
      163.000     0.090311840
      164.000     0.069048315
      165.000     0.049366392
      166.000     0.034523699
      167.000     0.024280841
      168.000     0.017343590
      169.000     0.012643929
      170.000    0.0095143560
      171.000    0.0074847392
      172.000    0.0061424607
      173.000    0.0051845554
      174.000    0.0044630524
      175.000    0.0039122598
      176.000    0.0034766532
      177.000    0.0031121669
      178.000    0.0027989405
      179.000    0.0025293152
      180.000    0.0023001938
      181.000    0.0021081821
      182.000    0.0019408828
      183.000    0.0017880894
      184.000    0.0016534780
      185.000    0.0015406571
      186.000    0.0014357591
      187.000    0.0013179287
      188.000    0.0011821293
      189.000    0.0010399919
      190.000   0.00090723881
      191.000   0.00079615414
      192.000   0.00071119529
      193.000   0.00064767210
      194.000   0.00059610530
      195.000   0.00054833438
      196.000   0.00049926469
      197.000   0.00044731496
      198.000   0.00039546247
      199.000   0.00034885149
      200.000   0.00031085411
      201.000   0.00028169918
      202.000   0.00025935879
      203.000   0.00024125494
      204.000   0.00022524121
      205.000   0.00021008948
      206.000   0.00019568235
      207.000   0.00018219868
      208.000   0.00016949307
      209.000   0.00015736405
      210.000   0.00014575425
      211.000   0.00013458503
      212.000   0.00012369191
      213.000   0.00011306888
      214.000   0.00010296560
      215.000   9.3729861e-05
      216.000   8.5698623e-05
      217.000   7.9030753e-05
      218.000   7.3600990e-05
      219.000   6.9095418e-05
      220.000   6.5236884e-05
      221.000   6.1966544e-05
      222.000   5.9407415e-05
      223.000   5.7620440e-05
      224.000   5.6473309e-05
      225.000   5.5687586e-05
      226.000   5.4935237e-05
      227.000   5.3990505e-05
      228.000   5.2831801e-05
      229.000   5.1580038e-05
      230.000   5.0354924e-05
      231.000   4.9201146e-05
      232.000   4.8075559e-05
      233.000   4.6915065e-05
      234.000   4.5647095e-05
      235.000   4.4229815e-05
      236.000   4.2716372e-05
      237.000   4.1170340e-05
      238.000   3.9625033e-05
      239.000   3.8146427e-05
      240.000   3.6811929e-05
      241.000   3.5631583e-05
      242.000   3.4478042e-05
      243.000   3.3144832e-05
      244.000   3.1556781e-05
      245.000   2.9855444e-05
      246.000   2.8253262e-05
      247.000   2.6890008e-05
      248.000   2.5801630e-05
      249.000   2.4957579e-05
      250.000   2.4292944e-05
      251.000   2.3718068e-05
      252.000   2.3151370e-05
      253.000   2.2533020e-05
      254.000   2.1854517e-05
      255.000   2.1194721e-05
      256.000   2.0657993e-05
      257.000   2.0302246e-05
      258.000   2.0133899e-05
      259.000   2.0118867e-05
      260.000   2.0197045e-05
      261.000   2.0317641e-05
      262.000   2.0457734e-05
      263.000   2.0614034e-05
      264.000   2.0767991e-05
      265.000   2.0864192e-05
      266.000   2.0846086e-05
      267.000   2.0686592e-05
      268.000   2.0382231e-05
      269.000   1.9961128e-05
      270.000   1.9477531e-05
      271.000   1.8984989e-05
      272.000   1.8521374e-05
      273.000   1.8066941e-05
      274.000   1.7556096e-05
      275.000   1.6955517e-05
      276.000   1.6282933e-05
      277.000   1.5588737e-05
      278.000   1.4941623e-05
      279.000   1.4380283e-05
      280.000   1.3897336e-05
      281.000   1.3458993e-05
      282.000   1.3031159e-05
      283.000   1.2611818e-05
      284.000   1.2244302e-05
      285.000   1.1984488e-05
      286.000   1.1852711e-05
      287.000   1.1825405e-05
      288.000   1.1850670e-05
      289.000   1.1871658e-05
      290.000   1.1859306e-05
      291.000   1.1823405e-05
      292.000   1.1796085e-05
      293.000   1.1801553e-05
      294.000   1.1844018e-05
      295.000   1.1916971e-05
      296.000   1.1999573e-05
      297.000   1.2061830e-05
      298.000   1.2073859e-05
      299.000   1.2003135e-05
      300.000   1.1837033e-05
      301.000   1.1591193e-05
      302.000   1.1285020e-05
      303.000   1.0928342e-05
      304.000   1.0529801e-05
      305.000   1.0108967e-05
      306.000   9.7041329e-06
      307.000   9.3534936e-06
      308.000   9.0615449e-06
      309.000   8.7919525e-06
      310.000   8.5077791e-06
      311.000   8.2087408e-06
      312.000   7.9177953e-06
      313.000   7.6533734e-06
      314.000   7.4221743e-06
      315.000   7.2283628e-06
      316.000   7.0780461e-06
      317.000   6.9747730e-06
      318.000   6.9172688e-06
      319.000   6.8939630e-06
      320.000   6.8862041e-06
      321.000   6.8637678e-06
