# %ECSV 1.0
# ---
# datatype:
# - {name: H, datatype: float64}
# - {name: H+, datatype: float64}
# - {name: C+, datatype: float64}
# - {name: C+2, datatype: float64}
# - {name: C+3, datatype: float64}
# - {name: O+5, datatype: float64}
# - {name: O+6, datatype: float64}
# - {name: Si+, datatype: float64}
# - {name: Si+2, datatype: float64}
# - {name: Si+3, datatype: float64}
# - {name: log_nH, datatype: float64}
# - {name: log_Te, datatype: float64}
# - {name: parameters, datatype: string, subtype: 'float64[1]'}
# schema: astropy-2.0
H H+ C+ C+2 C+3 O+5 O+6 Si+ Si+2 Si+3 log_nH log_Te parameters
1.17489e+16 1.24294e+21 154157000000.0 47343800000000.0 385708000000000.0 1.09354e+16 3.51236e+16 26489600.0 2207690000.0 21034300000.0 -5.0 4.621 [-5.0]
1.1749e+16 1.17288e+21 170525000000.0 51065500000000.0 399649000000000.0 1.07024e+16 3.25867e+16 32514100.0 2635300000.0 24251400000.0 -4.98 4.615 [-4.98]
1.17489e+16 1.10709e+21 188324000000.0 54982800000000.0 413430000000000.0 1.04546e+16 3.01883e+16 39807600.0 3138870000.0 27903300000.0 -4.96 4.609 [-4.96]
1.17489e+16 1.04535e+21 207663000000.0 59106600000000.0 427077000000000.0 1.0194e+16 2.79262e+16 48620100.0 3731310000.0 32046900000.0 -4.94 4.603 [-4.94]
1.17489e+16 9.87354e+20 228647000000.0 63437800000000.0 440526000000000.0 9921250000000000.0 2.5795e+16 59242800.0 4426690000.0 36736500000.0 -4.92 4.597 [-4.92]
1.17489e+16 9.32839e+20 251397000000.0 67980500000000.0 453747000000000.0 9637430000000000.0 2.37901e+16 72021200.0 5241460000.0 42034600000.0 -4.9 4.592 [-4.9]
1.1749e+16 8.81593e+20 276038000000.0 72738800000000.0 466708000000000.0 9343850000000000.0 2.19076e+16 87358600.0 6194330000.0 48008700000.0 -4.88 4.586 [-4.88]
1.17489e+16 8.33383e+20 302697000000.0 77714800000000.0 479372000000000.0 9041630000000000.0 2.01424e+16 105729000.0 7306650000.0 54732800000.0 -4.86 4.581 [-4.86]
1.17489e+16 7.88015e+20 331517000000.0 82913500000000.0 491721000000000.0 8732220000000000.0 1.849e+16 127688000.0 8602970000.0 62288700000.0 -4.84 4.575 [-4.84]
1.17489e+16 7.45307e+20 362649000000.0 88338100000000.0 503723000000000.0 8416700000000000.0 1.69462e+16 153885000.0 10111000000.0 70763700000.0 -4.82 4.57 [-4.82]
1.17489e+16 7.05073e+20 396229000000.0 93987400000000.0 515342000000000.0 8096420000000000.0 1.55057e+16 185072000.0 11862400000.0 80253200000.0 -4.8 4.565 [-4.8]
1.17489e+16 6.67155e+20 432427000000.0 99864200000000.0 526552000000000.0 7772630000000000.0 1.41642e+16 222131000.0 13893100000.0 90860600000.0 -4.78 4.56 [-4.78]
1.1749e+16 6.3142e+20 471427000000.0 105971000000000.0 537332000000000.0 7446760000000000.0 1.29173e+16 266078000.0 16243400000.0 102697000000.0 -4.76 4.555 [-4.76]
1.17489e+16 5.97718e+20 513388000000.0 112309000000000.0 547657000000000.0 7120040000000000.0 1.17603e+16 318092000.0 18959300000.0 115883000000.0 -4.74 4.551 [-4.74]
1.17489e+16 5.65943e+20 558513000000.0 118882000000000.0 557528000000000.0 6794000000000000.0 1.0689e+16 379540000.0 22093500000.0 130553000000.0 -4.72 4.546 [-4.72]
1.17489e+16 5.35897e+20 606872000000.0 125670000000000.0 566843000000000.0 6468970000000000.0 9697540000000000.0 451965000.0 25701100000.0 146835000000.0 -4.7 4.542 [-4.7]
1.17489e+16 5.07558e+20 658785000000.0 132694000000000.0 575663000000000.0 6147110000000000.0 8783210000000000.0 537198000.0 29850700000.0 164890000000.0 -4.68 4.537 [-4.68]
1.17489e+16 4.80801e+20 714435000000.0 139944000000000.0 583940000000000.0 5829110000000000.0 7941310000000000.0 637306000.0 34614700000.0 184870000000.0 -4.66 4.533 [-4.66]
1.17489e+16 4.55521e+20 774013000000.0 147418000000000.0 591660000000000.0 5516150000000000.0 7167450000000000.0 754648000.0 40075000000.0 206947000000.0 -4.64 4.528 [-4.64]
1.17489e+16 4.31624e+20 837684000000.0 155108000000000.0 598802000000000.0 5209180000000000.0 6457400000000000.0 891903000.0 46322600000.0 231304000000.0 -4.62 4.524 [-4.62]
1.17489e+16 4.09032e+20 905675000000.0 163011000000000.0 605343000000000.0 4909020000000000.0 5807540000000000.0 1052150000.0 53460000000.0 258133000000.0 -4.6 4.52 [-4.6]
1.17489e+16 3.87666e+20 978188000000.0 171118000000000.0 611269000000000.0 4616520000000000.0 5213760000000000.0 1238850000.0 61599400000.0 287631000000.0 -4.58 4.516 [-4.58]
1.17489e+16 3.6745e+20 1055380000000.0 179421000000000.0 616565000000000.0 4332490000000000.0 4672380000000000.0 1455940000.0 70867100000.0 320024000000.0 -4.56 4.512 [-4.56]
1.17489e+16 3.4832e+20 1137500000000.0 187910000000000.0 621216000000000.0 4057480000000000.0 4179740000000000.0 1707880000.0 81402300000.0 355533000000.0 -4.54 4.508 [-4.54]
1.17489e+16 3.30214e+20 1224720000000.0 196575000000000.0 625208000000000.0 3792150000000000.0 3732370000000000.0 1999640000.0 93358100000.0 394398000000.0 -4.52 4.504 [-4.52]
1.17489e+16 3.13073e+20 1317240000000.0 205403000000000.0 628529000000000.0 3536870000000000.0 3327060000000000.0 2336850000.0 106903000000.0 436864000000.0 -4.5 4.5 [-4.5]
1.17489e+16 2.96841e+20 1415230000000.0 214380000000000.0 631168000000000.0 3292040000000000.0 2960520000000000.0 2725790000.0 122224000000.0 483199000000.0 -4.48 4.496 [-4.48]
1.17489e+16 2.81466e+20 1518850000000.0 223489000000000.0 633115000000000.0 3057950000000000.0 2629680000000000.0 3173440000.0 139524000000.0 533673000000.0 -4.46 4.492 [-4.46]
1.17489e+16 2.66902e+20 1628270000000.0 232713000000000.0 634359000000000.0 2834760000000000.0 2331760000000000.0 3687600000.0 159024000000.0 588564000000.0 -4.44 4.488 [-4.44]
1.17489e+16 2.53102e+20 1743620000000.0 242033000000000.0 634893000000000.0 2622600000000000.0 2063910000000000.0 4276900000.0 180967000000.0 648164000000.0 -4.42 4.484 [-4.42]
1.17489e+16 2.40028e+20 1865150000000.0 251431000000000.0 634706000000000.0 2421490000000000.0 1823640000000000.0 4951010000.0 205617000000.0 712742000000.0 -4.4 4.481 [-4.4]
1.17489e+16 2.27637e+20 1992830000000.0 260882000000000.0 633802000000000.0 2231380000000000.0 1608530000000000.0 5720350000.0 233259000000.0 782641000000.0 -4.38 4.477 [-4.38]
1.17489e+16 2.15894e+20 2126830000000.0 270362000000000.0 632173000000000.0 2052150000000000.0 1416340000000000.0 6596560000.0 264204000000.0 858156000000.0 -4.36 4.473 [-4.36]
1.17489e+16 2.04762e+20 2267180000000.0 279845000000000.0 629816000000000.0 1883600000000000.0 1244940000000000.0 7592300000.0 298782000000.0 939597000000.0 -4.34 4.469 [-4.34]
1.17489e+16 1.94213e+20 2414090000000.0 289310000000000.0 626732000000000.0 1725590000000000.0 1092440000000000.0 8721640000.0 337353000000.0 1027260000000.0 -4.32 4.466 [-4.32]
1.17489e+16 1.84212e+20 2567500000000.0 298722000000000.0 622920000000000.0 1577890000000000.0 957030000000000.0 9999590000.0 380300000000.0 1121450000000.0 -4.3 4.462 [-4.3]
1.17489e+16 1.74732e+20 2727520000000.0 308057000000000.0 618387000000000.0 1440200000000000.0 837021000000000.0 11442800000.0 428034000000.0 1222490000000.0 -4.28 4.458 [-4.28]
1.17489e+16 1.65745e+20 2894050000000.0 317279000000000.0 613133000000000.0 1312160000000000.0 730858000000000.0 13069000000.0 480991000000.0 1330660000000.0 -4.26 4.454 [-4.26]
1.17489e+16 1.57226e+20 3067170000000.0 326362000000000.0 607171000000000.0 1193370000000000.0 637111000000000.0 14897500000.0 539637000000.0 1446260000000.0 -4.24 4.451 [-4.24]
1.17489e+16 1.4915e+20 3246860000000.0 335274000000000.0 600509000000000.0 1083440000000000.0 554500000000000.0 16949000000.0 604455000000.0 1569500000000.0 -4.22 4.447 [-4.22]
1.17489e+16 1.41494e+20 3432950000000.0 343977000000000.0 593163000000000.0 981942000000000.0 481820000000000.0 19245600000.0 675962000000.0 1700690000000.0 -4.2 4.444 [-4.2]
1.17489e+16 1.34236e+20 3625340000000.0 352439000000000.0 585143000000000.0 888447000000000.0 417968000000000.0 21810700000.0 754688000000.0 1840020000000.0 -4.18 4.44 [-4.18]
1.17489e+16 1.27355e+20 3824010000000.0 360629000000000.0 576470000000000.0 802515000000000.0 362005000000000.0 24670200000.0 841208000000.0 1987680000000.0 -4.16 4.436 [-4.16]
1.17489e+16 1.20833e+20 4028690000000.0 368508000000000.0 567159000000000.0 723699000000000.0 313039000000000.0 27850400000.0 936097000000.0 2143830000000.0 -4.14 4.433 [-4.14]
1.17489e+16 1.14649e+20 4239230000000.0 376045000000000.0 557237000000000.0 651569000000000.0 270274000000000.0 31379800000.0 1039970000000.0 2308610000000.0 -4.12 4.429 [-4.12]
1.17489e+16 1.08787e+20 4455350000000.0 383204000000000.0 546727000000000.0 585695000000000.0 232980000000000.0 35287900000.0 1153440000000.0 2482090000000.0 -4.1 4.426 [-4.1]
1.17489e+16 1.03229e+20 4676810000000.0 389953000000000.0 535657000000000.0 525655000000000.0 200525000000000.0 39606000000.0 1277140000000.0 2664300000000.0 -4.08 4.422 [-4.08]
1.17489e+16 9.79601e+19 4903310000000.0 396260000000000.0 524059000000000.0 471043000000000.0 172331000000000.0 44366400000.0 1411710000000.0 2855200000000.0 -4.06 4.419 [-4.06]
1.17489e+16 9.29651e+19 5134660000000.0 402104000000000.0 511979000000000.0 421465000000000.0 147877000000000.0 49602800000.0 1557800000000.0 3054700000000.0 -4.04 4.415 [-4.04]
1.17489e+16 8.82298e+19 5370380000000.0 407449000000000.0 499439000000000.0 376542000000000.0 126707000000000.0 55349800000.0 1716050000000.0 3262630000000.0 -4.02 4.412 [-4.02]
1.17489e+16 8.37399e+19 5609920000000.0 412262000000000.0 486477000000000.0 335913000000000.0 108409000000000.0 61641600000.0 1887070000000.0 3478800000000.0 -4.0 4.408 [-4.0]
1.17489e+16 7.94814e+19 5852440000000.0 416507000000000.0 473133000000000.0 299232000000000.0 92617300000000.0 68512100000.0 2071450000000.0 3702970000000.0 -3.98 4.405 [-3.98]
1.17489e+16 7.5444e+19 6098260000000.0 420182000000000.0 459444000000000.0 266175000000000.0 79018500000000.0 76001000000.0 2269800000000.0 3934530000000.0 -3.96 4.402 [-3.96]
1.17489e+16 7.16161e+19 6346640000000.0 423264000000000.0 445462000000000.0 236440000000000.0 67326700000000.0 84142900000.0 2482660000000.0 4173060000000.0 -3.94 4.398 [-3.94]
1.17489e+16 6.79865e+19 6596850000000.0 425732000000000.0 431231000000000.0 209737000000000.0 57288700000000.0 92971800000.0 2710520000000.0 4418070000000.0 -3.92 4.395 [-3.92]
1.17489e+16 6.45445e+19 6848370000000.0 427577000000000.0 416806000000000.0 185798000000000.0 48683400000000.0 102520000000.0 2953780000000.0 4668860000000.0 -3.9 4.392 [-3.9]
1.17489e+16 6.12805e+19 7100730000000.0 428788000000000.0 402225000000000.0 164370000000000.0 41317200000000.0 112823000000.0 3212820000000.0 4924580000000.0 -3.88 4.389 [-3.88]
1.17489e+16 5.8185e+19 7353110000000.0 429354000000000.0 387535000000000.0 145222000000000.0 35020600000000.0 123908000000.0 3487870000000.0 5184400000000.0 -3.86 4.385 [-3.86]
1.17489e+16 5.52492e+19 7605050000000.0 429275000000000.0 372783000000000.0 128138000000000.0 29648700000000.0 135805000000.0 3779090000000.0 5447240000000.0 -3.84 4.382 [-3.84]
1.17489e+16 5.24645e+19 7855810000000.0 428552000000000.0 358021000000000.0 112918000000000.0 25071700000000.0 148533000000.0 4086460000000.0 5712020000000.0 -3.82 4.379 [-3.82]
1.17489e+16 4.98229e+19 8104760000000.0 427188000000000.0 343290000000000.0 99379400000000.0 21177100000000.0 162112000000.0 4409860000000.0 5977500000000.0 -3.8 4.376 [-3.8]
1.17489e+16 4.73164e+19 8350950000000.0 425183000000000.0 328635000000000.0 87353100000000.0 17866800000000.0 176553000000.0 4748940000000.0 6242420000000.0 -3.78 4.373 [-3.78]
1.17489e+16 4.49385e+19 8594080000000.0 422560000000000.0 314102000000000.0 76686300000000.0 15056800000000.0 191866000000.0 5103260000000.0 6505230000000.0 -3.76 4.369 [-3.76]
1.1749e+16 4.26819e+19 8833140000000.0 419324000000000.0 299729000000000.0 67238000000000.0 12674000000000.0 208045000000.0 5472070000000.0 6764510000000.0 -3.74 4.366 [-3.74]
1.17489e+16 4.05402e+19 9067630000000.0 415499000000000.0 285558000000000.0 58880700000000.0 10655900000000.0 225083000000.0 5854480000000.0 7018570000000.0 -3.72 4.363 [-3.72]
1.17489e+16 3.85075e+19 9296920000000.0 411103000000000.0 271623000000000.0 51498600000000.0 8948770000000.0 242962000000.0 6249340000000.0 7265710000000.0 -3.7 4.36 [-3.7]
1.17489e+16 3.6578e+19 9520350000000.0 406163000000000.0 257961000000000.0 44986500000000.0 7506250000000.0 261654000000.0 6655240000000.0 7504200000000.0 -3.68 4.357 [-3.68]
1.17489e+16 3.47463e+19 9737440000000.0 400705000000000.0 244601000000000.0 39249300000000.0 6288770000000.0 281120000000.0 7070570000000.0 7732180000000.0 -3.66 4.354 [-3.66]
1.1749e+16 3.30078e+19 9948020000000.0 394768000000000.0 231573000000000.0 34202100000000.0 5262600000000.0 301321000000.0 7493560000000.0 7947740000000.0 -3.64 4.351 [-3.64]
1.17489e+16 3.13563e+19 10150500000000.0 388361000000000.0 218899000000000.0 29766300000000.0 4398270000000.0 322175000000.0 7921720000000.0 8149330000000.0 -3.62 4.348 [-3.62]
1.1749e+16 2.97882e+19 10345100000000.0 381528000000000.0 206602000000000.0 25873600000000.0 3671320000000.0 343622000000.0 8352860000000.0 8334970000000.0 -3.6 4.345 [-3.6]
1.1749e+16 2.82989e+19 10531400000000.0 374305000000000.0 194700000000000.0 22461700000000.0 3060630000000.0 365579000000.0 8784340000000.0 8502920000000.0 -3.58 4.342 [-3.58]
1.1749e+16 2.68844e+19 10708900000000.0 366726000000000.0 183210000000000.0 19474900000000.0 2548200000000.0 387949000000.0 9213290000000.0 8651540000000.0 -3.56 4.339 [-3.56]
1.1749e+16 2.55408e+19 10877500000000.0 358831000000000.0 172144000000000.0 16863800000000.0 2118770000000.0 410635000000.0 9636800000000.0 8779230000000.0 -3.54 4.336 [-3.54]
1.1749e+16 2.42646e+19 11037000000000.0 350658000000000.0 161511000000000.0 14583800000000.0 1759330000000.0 433522000000.0 10051700000000.0 8884620000000.0 -3.52 4.332 [-3.52]
1.1749e+16 2.30522e+19 11187200000000.0 342239000000000.0 151317000000000.0 12595500000000.0 1458850000000.0 456492000000.0 10454800000000.0 8966460000000.0 -3.5 4.329 [-3.5]
1.1749e+16 2.19004e+19 11327800000000.0 333610000000000.0 141564000000000.0 10863900000000.0 1207990000000.0 479422000000.0 10842900000000.0 9023760000000.0 -3.48 4.326 [-3.48]
1.1749e+16 2.08062e+19 11458900000000.0 324811000000000.0 132254000000000.0 9357670000000.0 998830000000.0 502186000000.0 11212800000000.0 9055710000000.0 -3.46 4.323 [-3.46]
1.1749e+16 1.97675e+19 11581700000000.0 315895000000000.0 123387000000000.0 8049780000000.0 824766000000.0 524695000000.0 11562000000000.0 9061490000000.0 -3.44 4.32 [-3.44]
1.1749e+16 1.87797e+19 11694100000000.0 306859000000000.0 114957000000000.0 6914640000000.0 679938000000.0 546747000000.0 11886300000000.0 9041480000000.0 -3.42 4.317 [-3.42]
1.1749e+16 1.78413e+19 11797300000000.0 297758000000000.0 106961000000000.0 5931250000000.0 559693000000.0 568262000000.0 12183500000000.0 8995380000000.0 -3.4 4.314 [-3.4]
1.1749e+16 1.69498e+19 11891600000000.0 288623000000000.0 99389300000000.0 5080430000000.0 459997000000.0 589121000000.0 12451300000000.0 8923540000000.0 -3.38 4.311 [-3.38]
1.1749e+16 1.61027e+19 11977100000000.0 279482000000000.0 92234100000000.0 4345320000000.0 377459000000.0 609218000000.0 12687300000000.0 8826600000000.0 -3.36 4.308 [-3.36]
1.1749e+16 1.5298e+19 12053900000000.0 270364000000000.0 85485800000000.0 3711150000000.0 309237000000.0 628444000000.0 12889700000000.0 8705580000000.0 -3.34 4.304 [-3.34]
1.1749e+16 1.45334e+19 12122600000000.0 261296000000000.0 79130200000000.0 3164700000000.0 252925000000.0 646740000000.0 13057300000000.0 8561420000000.0 -3.32 4.301 [-3.32]
1.1749e+16 1.3807e+19 12183600000000.0 252301000000000.0 73154800000000.0 2694560000000.0 206520000000.0 664041000000.0 13189200000000.0 8395490000000.0 -3.3 4.298 [-3.3]
1.1749e+16 1.31169e+19 12236800000000.0 243400000000000.0 67548100000000.0 2290740000000.0 168347000000.0 680265000000.0 13284600000000.0 8209670000000.0 -3.28 4.295 [-3.28]
1.1749e+16 1.24613e+19 12282600000000.0 234612000000000.0 62294900000000.0 1944360000000.0 136993000000.0 695382000000.0 13343400000000.0 8005660000000.0 -3.26 4.292 [-3.26]
1.1749e+16 1.18385e+19 12321400000000.0 225955000000000.0 57380600000000.0 1647710000000.0 111284000000.0 709370000000.0 13365900000000.0 7785380000000.0 -3.24 4.289 [-3.24]
1.1749e+16 1.12467e+19 12353300000000.0 217443000000000.0 52790800000000.0 1394040000000.0 90239100000.0 722217000000.0 13352800000000.0 7550900000000.0 -3.22 4.285 [-3.22]
1.1749e+16 1.06847e+19 12378700000000.0 209092000000000.0 48510600000000.0 1177490000000.0 73044400000.0 733927000000.0 13305200000000.0 7304350000000.0 -3.2 4.282 [-3.2]
1.1749e+16 1.01507e+19 12397900000000.0 200912000000000.0 44523300000000.0 992877000000.0 59017200000.0 744530000000.0 13224400000000.0 7047710000000.0 -3.18 4.279 [-3.18]
1.1749e+16 9.64333e+18 12411200000000.0 192912000000000.0 40815200000000.0 835780000000.0 47595900000.0 754048000000.0 13112100000000.0 6783170000000.0 -3.16 4.276 [-3.16]
1.1749e+16 9.16139e+18 12418900000000.0 185102000000000.0 37371500000000.0 702316000000.0 38313700000.0 762532000000.0 12970400000000.0 6512740000000.0 -3.14 4.272 [-3.14]
1.1749e+16 8.70356e+18 12421100000000.0 177487000000000.0 34177600000000.0 589125000000.0 30783800000.0 770031000000.0 12801200000000.0 6238420000000.0 -3.12 4.269 [-3.12]
1.1749e+16 8.26772e+18 12416200000000.0 170054000000000.0 31217700000000.0 493183000000.0 24678900000.0 776543000000.0 12604700000000.0 5962440000000.0 -3.1 4.266 [-3.1]
1.1749e+16 7.85471e+18 12408400000000.0 162849000000000.0 28482200000000.0 412217000000.0 19754100000.0 782271000000.0 12387700000000.0 5685720000000.0 -3.08 4.263 [-3.08]
1.1749e+16 7.46237e+18 12395900000000.0 155853000000000.0 25955300000000.0 343910000000.0 15781700000.0 787211000000.0 12150200000000.0 5410320000000.0 -3.06 4.259 [-3.06]
1.1749e+16 7.08986e+18 12378900000000.0 149070000000000.0 23624900000000.0 286405000000.0 12585000000.0 791443000000.0 11895200000000.0 5137660000000.0 -3.04 4.256 [-3.04]
1.1749e+16 6.7361e+18 12357500000000.0 142500000000000.0 21478500000000.0 238078000000.0 10016900000.0 795025000000.0 11624600000000.0 4869200000000.0 -3.02 4.253 [-3.02]
1.17489e+16 6.39954e+18 12330800000000.0 136130000000000.0 19502400000000.0 197494000000.0 7955540000.0 798026000000.0 11339500000000.0 4605940000000.0 -3.0 4.25 [-3.0]
1.17489e+16 6.08008e+18 12300500000000.0 129975000000000.0 17687000000000.0 163523000000.0 6306750000.0 800550000000.0 11043900000000.0 4348790000000.0 -2.98 4.246 [-2.98]
1.17489e+16 5.77664e+18 12266100000000.0 124030000000000.0 16021100000000.0 135132000000.0 4989970000.0 802652000000.0 10739400000000.0 4098660000000.0 -2.96 4.243 [-2.96]
1.17489e+16 5.48843e+18 12227800000000.0 118293000000000.0 14494400000000.0 111452000000.0 3940530000.0 804398000000.0 10428000000000.0 3856240000000.0 -2.94 4.24 [-2.94]
1.17489e+16 5.21468e+18 12185700000000.0 112761000000000.0 13097100000000.0 91738300000.0 3105780000.0 805851000000.0 10111500000000.0 3622080000000.0 -2.92 4.237 [-2.92]
1.17489e+16 4.9547e+18 12139800000000.0 107431000000000.0 11820000000000.0 75361100000.0 2443200000.0 807067000000.0 9791830000000.0 3396600000000.0 -2.9 4.233 [-2.9]
1.17489e+16 4.70748e+18 12089400000000.0 102294000000000.0 10653800000000.0 61774300000.0 1917940000.0 808107000000.0 9469420000000.0 3180340000000.0 -2.88 4.23 [-2.88]
1.17489e+16 4.47293e+18 12036100000000.0 97358200000000.0 9590970000000.0 50538500000.0 1502960000.0 809011000000.0 9147510000000.0 2973140000000.0 -2.86 4.227 [-2.86]
1.17489e+16 4.25009e+18 11979000000000.0 92611600000000.0 8623300000000.0 41259500000.0 1175490000.0 809824000000.0 8826380000000.0 2775310000000.0 -2.84 4.223 [-2.84]
1.17489e+16 4.03849e+18 11918400000000.0 88053200000000.0 7743640000000.0 33614600000.0 917669000.0 810579000000.0 8507500000000.0 2586860000000.0 -2.82 4.22 [-2.82]
1.17489e+16 3.8375e+18 11854300000000.0 83676900000000.0 6944960000000.0 27328100000.0 715048000.0 811307000000.0 8191670000000.0 2407760000000.0 -2.8 4.217 [-2.8]
1.17489e+16 3.6466e+18 11786600000000.0 79478500000000.0 6220820000000.0 22169600000.0 556126000.0 812038000000.0 7879810000000.0 2237940000000.0 -2.78 4.214 [-2.78]
1.17489e+16 3.46529e+18 11715300000000.0 75453400000000.0 5565190000000.0 17946100000.0 431729000.0 812790000000.0 7572650000000.0 2077260000000.0 -2.76 4.211 [-2.76]
1.17489e+16 3.29317e+18 11640700000000.0 71598900000000.0 4972680000000.0 14496500000.0 334574000.0 813583000000.0 7271060000000.0 1925580000000.0 -2.74 4.207 [-2.74]
1.17489e+16 3.12971e+18 11562600000000.0 67908300000000.0 4437690000000.0 11684300000.0 258819000.0 814418000000.0 6975430000000.0 1782590000000.0 -2.72 4.204 [-2.72]
1.17489e+16 2.97446e+18 11481100000000.0 64376700000000.0 3955300000000.0 9396690000.0 199862000.0 815305000000.0 6686190000000.0 1648060000000.0 -2.7 4.201 [-2.7]
1.17489e+16 2.82701e+18 11396100000000.0 60999200000000.0 3520920000000.0 7539990000.0 154066000.0 816242000000.0 6403720000000.0 1521690000000.0 -2.68 4.198 [-2.68]
1.17489e+16 2.68697e+18 11307800000000.0 57771100000000.0 3130330000000.0 6036460000.0 118560000.0 817224000000.0 6128340000000.0 1403190000000.0 -2.66 4.195 [-2.66]
1.17489e+16 2.55397e+18 11216000000000.0 54687400000000.0 2779630000000.0 4821630000.0 91082200.0 818247000000.0 5860230000000.0 1292260000000.0 -2.64 4.191 [-2.64]
1.17489e+16 2.42765e+18 11120900000000.0 51743600000000.0 2465180000000.0 3842420000.0 69858000.0 819291000000.0 5599620000000.0 1188580000000.0 -2.62 4.188 [-2.62]
1.17489e+16 2.30767e+18 11022300000000.0 48934300000000.0 2183620000000.0 3054840000.0 53491300.0 820356000000.0 5346530000000.0 1091830000000.0 -2.6 4.185 [-2.6]
1.17489e+16 2.19371e+18 10920400000000.0 46255500000000.0 1931870000000.0 2422990000.0 40894500.0 821413000000.0 5101130000000.0 1001680000000.0 -2.58 4.182 [-2.58]
1.17489e+16 2.08543e+18 10815000000000.0 43701000000000.0 1707030000000.0 1917110000.0 31213000.0 822472000000.0 4863210000000.0 917811000000.0 -2.56 4.179 [-2.56]
1.17489e+16 1.98262e+18 10706500000000.0 41268600000000.0 1506600000000.0 1513290000.0 23789300.0 823463000000.0 4633130000000.0 839904000000.0 -2.54 4.176 [-2.54]
1.17489e+16 1.88502e+18 10595000000000.0 38954000000000.0 1328170000000.0 1191730000.0 18106400.0 824350000000.0 4410920000000.0 767640000000.0 -2.52 4.173 [-2.52]
1.17489e+16 1.79228e+18 10480100000000.0 36750600000000.0 1169470000000.0 936161000.0 0.0 825163000000.0 4196130000000.0 700712000000.0 -2.5 4.17 [-2.5]
1.17489e+16 1.70419e+18 10362100000000.0 34655100000000.0 1028550000000.0 733610000.0 0.0 825844000000.0 3988890000000.0 638815000000.0 -2.48 4.167 [-2.48]
1.17489e+16 1.62052e+18 10241100000000.0 32663400000000.0 903567000000.0 573480000.0 0.0 826367000000.0 3789100000000.0 581657000000.0 -2.46 4.164 [-2.46]
1.17489e+16 1.54103e+18 10117000000000.0 30771000000000.0 792866000000.0 447195000.0 0.0 826710000000.0 3596590000000.0 528949000000.0 -2.44 4.161 [-2.44]
1.17489e+16 1.46554e+18 9990140000000.0 28974600000000.0 694967000000.0 347876000.0 0.0 826820000000.0 3411370000000.0 480418000000.0 -2.42 4.158 [-2.42]
1.1749e+16 1.39382e+18 9860330000000.0 27269300000000.0 608479000000.0 269947000.0 0.0 826698000000.0 3233160000000.0 435797000000.0 -2.4 4.155 [-2.4]
1.1749e+16 1.32571e+18 9727950000000.0 25652800000000.0 532204000000.0 208985000.0 0.0 826259000000.0 3062060000000.0 394837000000.0 -2.38 4.152 [-2.38]
1.1749e+16 1.26095e+18 9592600000000.0 24119000000000.0 464961000000.0 161380000.0 0.0 825575000000.0 2897500000000.0 357279000000.0 -2.36 4.15 [-2.36]
1.1749e+16 1.19945e+18 9454830000000.0 22666300000000.0 405802000000.0 124330000.0 0.0 824531000000.0 2739710000000.0 322902000000.0 -2.34 4.147 [-2.34]
1.1749e+16 1.14104e+18 9314780000000.0 21291300000000.0 353823000000.0 95569400.0 0.0 823085000000.0 2588560000000.0 291483000000.0 -2.32 4.144 [-2.32]
1.1749e+16 1.08554e+18 9172340000000.0 19989600000000.0 308185000000.0 73290800.0 0.0 821266000000.0 2443720000000.0 262804000000.0 -2.3 4.141 [-2.3]
1.1749e+16 1.03279e+18 9027650000000.0 18758100000000.0 268165000000.0 56078100.0 0.0 819041000000.0 2305040000000.0 236663000000.0 -2.28 4.138 [-2.28]
1.1749e+16 9.82667e+17 8880940000000.0 17594000000000.0 233118000000.0 42814500.0 0.0 816370000000.0 2172440000000.0 212873000000.0 -2.26 4.136 [-2.26]
1.1749e+16 9.35044e+17 8732340000000.0 16494000000000.0 202459000000.0 32618900.0 0.0 813233000000.0 2045750000000.0 191253000000.0 -2.24 4.133 [-2.24]
1.1749e+16 8.89788e+17 8581980000000.0 15455300000000.0 175668000000.0 24800100.0 0.0 809618000000.0 1924810000000.0 171632000000.0 -2.22 4.13 [-2.22]
1.1749e+16 8.46779e+17 8430000000000.0 14474900000000.0 152284000000.0 18818200.0 0.0 805506000000.0 1809460000000.0 153850000000.0 -2.2 4.128 [-2.2]
1.1749e+16 8.05918e+17 8276670000000.0 13550400000000.0 131901000000.0 14252800.0 0.0 800863000000.0 1699610000000.0 137762000000.0 -2.18 4.125 [-2.18]
1.1749e+16 7.67068e+17 8121940000000.0 12678400000000.0 114143000000.0 10774900.0 0.0 795724000000.0 1594960000000.0 123220000000.0 -2.16 4.123 [-2.16]
1.1749e+16 7.30145e+17 7966110000000.0 11856900000000.0 98694600000.0 8131730.0 0.0 790052000000.0 1495450000000.0 110098000000.0 -2.14 4.12 [-2.14]
1.17489e+16 6.95051e+17 7809340000000.0 11083400000000.0 85268000000.0 0.0 0.0 783835000000.0 1400920000000.0 98272100000.0 -2.12 4.118 [-2.12]
1.17489e+16 6.61702e+17 7651880000000.0 10355500000000.0 73611800000.0 0.0 0.0 777078000000.0 1311240000000.0 87630700000.0 -2.1 4.115 [-2.1]
1.17489e+16 6.30005e+17 7493900000000.0 9671000000000.0 63501300000.0 0.0 0.0 769798000000.0 1226210000000.0 78066400000.0 -2.08 4.113 [-2.08]
1.17489e+16 5.99865e+17 7335480000000.0 9027340000000.0 54737800000.0 0.0 0.0 762007000000.0 1145650000000.0 69479900000.0 -2.06 4.11 [-2.06]
1.17489e+16 5.71223e+17 7176900000000.0 8422820000000.0 47151900000.0 0.0 0.0 753682000000.0 1069470000000.0 61783600000.0 -2.04 4.108 [-2.04]
1.17489e+16 5.43993e+17 7018300000000.0 7855240000000.0 40589700000.0 0.0 0.0 744850000000.0 997482000000.0 54892700000.0 -2.02 4.105 [-2.02]
1.17489e+16 5.18103e+17 6859820000000.0 7322610000000.0 34917800000.0 0.0 0.0 735531000000.0 929517000000.0 48729900000.0 -2.0 4.103 [-2.0]
1.17489e+16 4.93489e+17 6701690000000.0 6823130000000.0 30019800000.0 0.0 0.0 725737000000.0 865439000000.0 43225400000.0 -1.98 4.101 [-1.98]
1.17489e+16 4.70088e+17 6544080000000.0 6355010000000.0 25793300000.0 0.0 0.0 715485000000.0 805097000000.0 38314400000.0 -1.96 4.098 [-1.96]
1.17489e+16 4.47827e+17 6387090000000.0 5916360000000.0 22148600000.0 0.0 0.0 704818000000.0 748287000000.0 33936200000.0 -1.94 4.096 [-1.94]
1.17489e+16 4.26666e+17 6231010000000.0 5505830000000.0 19009300000.0 0.0 0.0 693733000000.0 694936000000.0 30039400000.0 -1.92 4.094 [-1.92]
1.17489e+16 4.06545e+17 6075970000000.0 5121760000000.0 16306900000.0 0.0 0.0 682268000000.0 644866000000.0 26573900000.0 -1.9 4.091 [-1.9]
1.17489e+16 3.87406e+17 5922080000000.0 4762580000000.0 13981800000.0 0.0 0.0 670460000000.0 597907000000.0 23494500000.0 -1.88 4.089 [-1.88]
1.17489e+16 3.69206e+17 5769560000000.0 4426930000000.0 11983200000.0 0.0 0.0 658331000000.0 553939000000.0 20761200000.0 -1.86 4.087 [-1.86]
1.17489e+16 3.51895e+17 5618520000000.0 4113400000000.0 10265900000.0 0.0 0.0 645917000000.0 512805000000.0 18337000000.0 -1.84 4.085 [-1.84]
1.17489e+16 3.35431e+17 5469140000000.0 3820750000000.0 8791600000.0 0.0 0.0 633249000000.0 474375000000.0 16188900000.0 -1.82 4.083 [-1.82]
1.17489e+16 3.19766e+17 5321490000000.0 3547660000000.0 7526260000.0 0.0 0.0 620364000000.0 438491000000.0 14286700000.0 -1.8 4.08 [-1.8]
1.17489e+16 3.04868e+17 5175800000000.0 3293040000000.0 6441190000.0 0.0 0.0 607289000000.0 405048000000.0 12603900000.0 -1.78 4.078 [-1.78]
1.17489e+16 2.90699e+17 5032190000000.0 3055820000000.0 5511230000.0 0.0 0.0 594057000000.0 373920000000.0 11116400000.0 -1.76 4.076 [-1.76]
1.17489e+16 2.77214e+17 4890690000000.0 2834720000000.0 4714130000.0 0.0 0.0 580675000000.0 344973000000.0 9801550000.0 -1.74 4.074 [-1.74]
1.17489e+16 2.6439e+17 4751450000000.0 2629030000000.0 4031890000.0 0.0 0.0 567281000000.0 318019000000.0 8641010000.0 -1.72 4.072 [-1.72]
1.17489e+16 2.52186e+17 4614580000000.0 2437570000000.0 3447690000.0 0.0 0.0 553796000000.0 293021000000.0 7616520000.0 -1.7 4.07 [-1.7]
1.17489e+16 2.40578e+17 4480200000000.0 2259540000000.0 2947870000.0 0.0 0.0 540285000000.0 269852000000.0 6712980000.0 -1.68 4.068 [-1.68]
1.17489e+16 2.2953e+17 4348330000000.0 2094010000000.0 2520250000.0 0.0 0.0 526787000000.0 248375000000.0 5916170000.0 -1.66 4.066 [-1.66]
1.17489e+16 2.1904e+17 4219370000000.0 1940540000000.0 2155070000.0 0.0 0.0 513350000000.0 228546000000.0 5214970000.0 -1.64 4.064 [-1.64]
1.17489e+16 2.09042e+17 4092890000000.0 1797770000000.0 1842500000.0 0.0 0.0 499951000000.0 210188000000.0 4596390000.0 -1.62 4.062 [-1.62]
1.17489e+16 1.99528e+17 3969140000000.0 1665230000000.0 1575320000.0 0.0 0.0 486645000000.0 193225000000.0 4051490000.0 -1.6 4.06 [-1.6]
1.17489e+16 1.90473e+17 3848170000000.0 1542250000000.0 1347010000.0 0.0 0.0 473458000000.0 177567000000.0 3571630000.0 -1.58 4.058 [-1.58]
1.17489e+16 1.81854e+17 3729980000000.0 1428140000000.0 1151900000.0 0.0 0.0 460414000000.0 163114000000.0 3149050000.0 -1.56 4.056 [-1.56]
1.17489e+16 1.73558e+17 3613340000000.0 1321180000000.0 983953000.0 0.0 0.0 447377000000.0 149655000000.0 2774150000.0 -1.54 4.054 [-1.54]
1.17489e+16 1.65805e+17 3501660000000.0 1223860000000.0 842399000.0 0.0 0.0 434783000000.0 137462000000.0 2448540000.0 -1.52 4.052 [-1.52]
1.17489e+16 1.58371e+17 3392070000000.0 1133020000000.0 720809000.0 0.0 0.0 422282000000.0 126172000000.0 2160360000.0 -1.5 4.05 [-1.5]
1.17489e+16 1.51294e+17 3285360000000.0 1048870000000.0 616943000.0 0.0 0.0 409998000000.0 115785000000.0 1906690000.0 -1.48 4.048 [-1.48]
1.17489e+16 1.44555e+17 3181510000000.0 970934000000.0 528197000.0 0.0 0.0 397943000000.0 106230000000.0 1683340000.0 -1.46 4.046 [-1.46]
1.17489e+16 1.38138e+17 3080560000000.0 898793000000.0 452386000.0 0.0 0.0 386131000000.0 97453300000.0 1486740000.0 -1.44 4.045 [-1.44]
1.17489e+16 1.32036e+17 2982600000000.0 832097000000.0 387656000.0 0.0 0.0 374573000000.0 89416100000.0 1313780000.0 -1.42 4.043 [-1.42]
1.17489e+16 1.26212e+17 2887250000000.0 770263000000.0 332263000.0 0.0 0.0 363274000000.0 81998000000.0 1161220000.0 -1.4 4.041 [-1.4]
1.17489e+16 1.20671e+17 2794840000000.0 713126000000.0 284953000.0 0.0 0.0 352247000000.0 75211300000.0 1026970000.0 -1.38 4.039 [-1.38]
1.17489e+16 1.15389e+17 2705130000000.0 660222000000.0 244475000.0 0.0 0.0 341482000000.0 68981200000.0 908611000.0 -1.36 4.037 [-1.36]
1.17489e+16 1.10369e+17 2618400000000.0 611410000000.0 209913000.0 0.0 0.0 331014000000.0 63290600000.0 804472000.0 -1.34 4.036 [-1.34]
1.17489e+16 1.0558e+17 2534260000000.0 566221000000.0 180320000.0 0.0 0.0 320824000000.0 58058900000.0 712582000.0 -1.32 4.034 [-1.32]
1.17489e+16 1.01009e+17 2452630000000.0 524362000000.0 154962000.0 0.0 0.0 310898000000.0 53256800000.0 631445000.0 -1.3 4.032 [-1.3]
1.17489e+16 9.66599e+16 2373760000000.0 485736000000.0 133282000.0 0.0 0.0 301280000000.0 48857800000.0 559955000.0 -1.28 4.03 [-1.28]
1.17489e+16 9.25253e+16 2297650000000.0 450105000000.0 114738000.0 0.0 0.0 291960000000.0 44845600000.0 496955000.0 -1.26 4.029 [-1.26]
1.17489e+16 8.85811e+16 2224010000000.0 417140000000.0 98836700.0 0.0 0.0 282917000000.0 41167300000.0 441294000.0 -1.24 4.027 [-1.24]
1.17489e+16 8.48236e+16 2152870000000.0 386682000000.0 85206000.0 0.0 0.0 274156000000.0 37804800000.0 392140000.0 -1.22 4.025 [-1.22]
1.17489e+16 8.12045e+16 2083430000000.0 358246000000.0 73434200.0 0.0 0.0 265589000000.0 34691600000.0 348414000.0 -1.2 4.024 [-1.2]
1.17489e+16 7.7805e+16 2017370000000.0 332351000000.0 63435200.0 0.0 0.0 257424000000.0 31882400000.0 310133000.0 -1.18 4.022 [-1.18]
1.17489e+16 7.45306e+16 1952950000000.0 308173000000.0 54788300.0 0.0 0.0 249448000000.0 29284900000.0 276042000.0 -1.16 4.02 [-1.16]
1.17489e+16 7.14236e+16 1891090000000.0 285937000000.0 47384900.0 0.0 0.0 241781000000.0 26917500000.0 245969000.0 -1.14 4.019 [-1.14]
1.17489e+16 6.84624e+16 1831450000000.0 265395000000.0 41021200.0 0.0 0.0 234380000000.0 24752900000.0 219346000.0 -1.12 4.017 [-1.12]
1.17489e+16 6.56409e+16 1774010000000.0 246422000000.0 35548600.0 0.0 0.0 227242000000.0 22774300000.0 195768000.0 -1.1 4.016 [-1.1]
1.17489e+16 6.29461e+16 1718550000000.0 228860000000.0 30832300.0 0.0 0.0 220350000000.0 20958200000.0 174846000.0 -1.08 4.014 [-1.08]
1.1749e+16 6.03752e+16 1665110000000.0 212622000000.0 26768100.0 0.0 0.0 213704000000.0 19295100000.0 156283000.0 -1.06 4.012 [-1.06]
1.1749e+16 5.79223e+16 1613610000000.0 197605000000.0 23263000.0 0.0 0.0 207298000000.0 17771700000.0 139803000.0 -1.04 4.011 [-1.04]
1.17489e+16 5.55905e+16 1564190000000.0 183771000000.0 20245600.0 0.0 0.0 201154000000.0 16378100000.0 125199000.0 -1.02 4.009 [-1.02]
1.17489e+16 5.33575e+16 1516430000000.0 170926000000.0 17632100.0 0.0 0.0 195211000000.0 15101200000.0 112185000.0 -1.0 4.008 [-1.0]
1.1749e+16 5.12233e+16 1470380000000.0 159028000000.0 15370900.0 0.0 0.0 189483000000.0 13927100000.0 100600000.0 -0.98 4.006 [-0.98]
1.1749e+16 4.91879e+16 1426080000000.0 148026000000.0 13415400.0 0.0 0.0 183974000000.0 12853900000.0 90293800.0 -0.96 4.005 [-0.96]
1.1749e+16 4.72433e+16 1383400000000.0 137838000000.0 11721100.0 0.0 0.0 178671000000.0 11867700000.0 81109700.0 -0.94 4.003 [-0.94]
1.17489e+16 4.53859e+16 1342320000000.0 128402000000.0 10252100.0 0.0 0.0 173568000000.0 10963300000.0 72921300.0 -0.92 4.002 [-0.92]
1.1749e+16 4.36131e+16 1302790000000.0 119669000000.0 8977720.0 0.0 0.0 168661000000.0 10135200000.0 65618800.0 -0.9 4.0 [-0.9]
1.17489e+16 4.19164e+16 1264690000000.0 111565000000.0 7869760.0 0.0 0.0 163937000000.0 9371300000.0 59093000.0 -0.88 3.999 [-0.88]
1.17489e+16 4.02964e+16 1228030000000.0 104060000000.0 6906820.0 0.0 0.0 159395000000.0 8671380000.0 53264600.0 -0.86 3.997 [-0.86]
1.1749e+16 3.87458e+16 1192700000000.0 97094100000.0 6068030.0 0.0 0.0 155024000000.0 8026560000.0 48048900.0 -0.84 3.996 [-0.84]
1.1749e+16 3.72678e+16 1158790000000.0 90650500000.0 5338440.0 0.0 0.0 150831000000.0 7437200000.0 43388800.0 -0.82 3.994 [-0.82]
1.1749e+16 3.58525e+16 1126100000000.0 84664500000.0 4701530.0 0.0 0.0 146795000000.0 6893650000.0 39211600.0 -0.8 3.993 [-0.8]
1.1749e+16 3.44989e+16 1094630000000.0 79109200000.0 4145430.0 0.0 0.0 142915000000.0 6393550000.0 35467400.0 -0.78 3.991 [-0.78]
1.1749e+16 3.32041e+16 1064340000000.0 73951700000.0 3659390.0 0.0 0.0 139185000000.0 5933270000.0 32108800.0 -0.76 3.99 [-0.76]
1.1749e+16 3.19654e+16 1035180000000.0 69161800000.0 3234130.0 0.0 0.0 135600000000.0 5509430000.0 29093500.0 -0.74 3.989 [-0.74]
1.1749e+16 3.07799e+16 1007100000000.0 64711400000.0 2861640.0 0.0 0.0 132154000000.0 5118900000.0 26384300.0 -0.72 3.987 [-0.72]
1.1749e+16 2.96453e+16 980059000000.0 60574800000.0 2535010.0 0.0 0.0 128842000000.0 4758930000.0 23948200.0 -0.7 3.986 [-0.7]
1.1749e+16 2.8559e+16 954021000000.0 56728400000.0 2248290.0 0.0 0.0 125658000000.0 4426930000.0 21755800.0 -0.68 3.984 [-0.68]
1.1749e+16 2.75187e+16 928943000000.0 53150300000.0 1996330.0 0.0 0.0 122598000000.0 4120580000.0 19781100.0 -0.66 3.983 [-0.66]
1.1749e+16 2.65224e+16 904788000000.0 49820400000.0 1774670.0 0.0 0.0 119656000000.0 3837770000.0 18001100.0 -0.64 3.982 [-0.64]
1.1749e+16 2.55679e+16 881515000000.0 46720100000.0 1579440.0 0.0 0.0 116828000000.0 3576490000.0 16395200.0 -0.62 3.98 [-0.62]
1.1749e+16 2.46533e+16 859091000000.0 43832300000.0 1407310.0 0.0 0.0 114109000000.0 3335010000.0 14945300.0 -0.6 3.979 [-0.6]
1.1749e+16 2.37766e+16 837479000000.0 41141200000.0 1255370.0 0.0 0.0 111494000000.0 3111700000.0 13635100.0 -0.58 3.977 [-0.58]
1.1749e+16 2.29362e+16 816648000000.0 38632400000.0 1121110.0 0.0 0.0 108980000000.0 2905060000.0 12450100.0 -0.56 3.976 [-0.56]
1.1749e+16 2.21303e+16 796563000000.0 36292400000.0 1002330.0 0.0 0.0 106563000000.0 2713760000.0 11377500.0 -0.54 3.975 [-0.54]
1.1749e+16 2.13573e+16 777193000000.0 34108800000.0 897140.0 0.0 0.0 104238000000.0 2536510000.0 10405900.0 -0.52 3.973 [-0.52]
1.1749e+16 2.06156e+16 758510000000.0 32070100000.0 803874.0 0.0 0.0 102001000000.0 2372220000.0 9524980.0 -0.5 3.972 [-0.5]
1.1749e+16 1.9904e+16 740485000000.0 30166100000.0 721093.0 0.0 0.0 99849300000.0 2219850000.0 8725690.0 -0.48 3.971 [-0.48]
1.1749e+16 1.92209e+16 723091000000.0 28387000000.0 647541.0 0.0 0.0 97779200000.0 2078480000.0 7999880.0 -0.46 3.969 [-0.46]
1.1749e+16 1.85652e+16 706301000000.0 26723800000.0 582114.0 0.0 0.0 95787400000.0 1947220000.0 7340240.0 -0.44 3.968 [-0.44]
1.1749e+16 1.79355e+16 690092000000.0 25168400000.0 523856.0 0.0 0.0 93870700000.0 1825290000.0 6740310.0 -0.42 3.967 [-0.42]
1.1749e+16 1.73306e+16 674435000000.0 23712800000.0 471918.0 0.0 0.0 92025500000.0 1711900000.0 6194160.0 -0.4 3.965 [-0.4]
1.1749e+16 1.67495e+16 659310000000.0 22350100000.0 425568.0 0.0 0.0 90249300000.0 1606440000.0 5696620.0 -0.38 3.964 [-0.38]
1.1749e+16 1.6191e+16 644693000000.0 21073800000.0 384160.0 0.0 0.0 88539000000.0 1508280000.0 5243000.0 -0.36 3.963 [-0.36]
1.1749e+16 1.56542e+16 630564000000.0 19877900000.0 347129.0 0.0 0.0 86892100000.0 1416860000.0 4829100.0 -0.34 3.961 [-0.34]
1.1749e+16 1.5138e+16 616902000000.0 18756700000.0 313977.0 0.0 0.0 85305800000.0 1331670000.0 4451150.0 -0.32 3.96 [-0.32]
1.1749e+16 1.46416e+16 603686000000.0 17705100000.0 284267.0 0.0 0.0 83777700000.0 1252250000.0 4105750.0 -0.3 3.959 [-0.3]
1.1749e+16 1.41641e+16 590900000000.0 16718300000.0 257614.0 0.0 0.0 82305300000.0 1178140000.0 3789860.0 -0.28 3.957 [-0.28]
1.1749e+16 1.37047e+16 578523000000.0 15791900000.0 233680.0 0.0 0.0 80886500000.0 1108970000.0 3500740.0 -0.26 3.956 [-0.26]
1.1749e+16 1.32625e+16 566540000000.0 14921800000.0 212165.0 0.0 0.0 79519000000.0 1044360000.0 3235920.0 -0.24 3.955 [-0.24]
1.1749e+16 1.28368e+16 554934000000.0 14104200000.0 192805.0 0.0 0.0 78200600000.0 983972000.0 2993190.0 -0.22 3.953 [-0.22]
1.1749e+16 1.2427e+16 543689000000.0 13335600000.0 175368.0 0.0 0.0 76929500000.0 927501000.0 2770520.0 -0.2 3.952 [-0.2]
1.1749e+16 1.20322e+16 532789000000.0 12612800000.0 159647.0 0.0 0.0 75703700000.0 874663000.0 2566120.0 -0.18 3.951 [-0.18]
1.1749e+16 1.1652e+16 522221000000.0 11932600000.0 145460.0 0.0 0.0 74521200000.0 825194000.0 2378350.0 -0.16 3.949 [-0.16]
1.1749e+16 1.12855e+16 511971000000.0 11292400000.0 132645.0 0.0 0.0 73380500000.0 778849000.0 2205740.0 -0.14 3.948 [-0.14]
1.1749e+16 1.09324e+16 502024000000.0 10689500000.0 121059.0 0.0 0.0 72279700000.0 735414000.0 2046940.0 -0.12 3.947 [-0.12]
1.1749e+16 1.05919e+16 492370000000.0 10121500000.0 110574.0 0.0 0.0 71217400000.0 694680000.0 1900760.0 -0.1 3.945 [-0.1]
1.1749e+16 1.02637e+16 482995000000.0 9586200000.0 101076.0 0.0 0.0 70191900000.0 656457000.0 1766090.0 -0.08 3.944 [-0.08]
1.1749e+16 9947060000000000.0 473889000000.0 9081440000.0 92465.8 0.0 0.0 69201800000.0 620570000.0 1641940.0 -0.06 3.942 [-0.06]
1.1749e+16 9641620000000000.0 465039000000.0 8605320000.0 84652.9 0.0 0.0 68245600000.0 586858000.0 1527420.0 -0.04 3.941 [-0.04]
1.1749e+16 9346920000000000.0 456437000000.0 8156060000.0 77557.6 0.0 0.0 67322200000.0 555179000.0 1421710.0 -0.02 3.94 [-0.02]
1.1749e+16 9062440000000000.0 448069000000.0 7731890000.0 0.0 0.0 0.0 66429900000.0 525367000.0 1324070.0 -0.0 3.938 [-0.0]
