! -------------------------
   1435.5102539062500        1.1027734279632568        6.0725163668394089E-002   1.0000000000000000     
   1435.5401611328125       0.95196914672851562        5.6422915309667587E-002   1.0000000000000000     
   1435.5700683593750       0.83675765991210938        5.2797459065914154E-002   1.0000000000000000     
   1435.5999755859375       0.87821549177169800        5.4433893412351608E-002   1.0000000000000000     
   1435.6298828125000       0.82647103071212769        5.2654132246971130E-002   1.0000000000000000     
   1435.6597900390625       0.85811996459960938        5.3682446479797363E-002   1.0000000000000000     
   1435.6896972656250       0.91685533523559570        5.5263355374336243E-002   1.0000000000000000     
   1435.7196044921875       0.84970194101333618        5.3290247917175293E-002   1.0000000000000000     
   1435.7495117187500        1.0423918962478638        5.8926455676555634E-002   1.0000000000000000     
   1435.7794189453125       0.98189610242843628        5.7763308286666870E-002   1.0000000000000000     
   1435.8093261718750       0.99786639213562012        5.7598348706960678E-002   1.0000000000000000     
   1435.8392333984375       0.95922857522964478        5.6523498147726059E-002   1.0000000000000000     
   1435.8691406250000       0.95552796125411987        5.6507170200347900E-002   1.0000000000000000     
   1435.8990478515625        1.0099143981933594        5.8256808668375015E-002   1.0000000000000000     
   1435.9289550781250       0.97216713428497314        5.6897573173046112E-002   1.0000000000000000     
   1435.9588623046875       0.90393215417861938        5.4944708943367004E-002   1.0000000000000000     
   1435.9887695312500       0.96224051713943481        5.6668322533369064E-002   1.0000000000000000     
   1436.0186767578125       0.99399918317794800        5.7548467069864273E-002   1.0000000000000000     
   1436.0485839843750        1.0608415603637695        5.9666339308023453E-002   1.0000000000000000     
   1436.0784912109375        1.0192110538482666        5.8298777788877487E-002   1.0000000000000000     
   1436.1083984375000       0.99073082208633423        5.7528771460056305E-002   1.0000000000000000     
   1436.1383056640625       0.88342958688735962        5.4670326411724091E-002   1.0000000000000000     
   1436.1682128906250       0.91609412431716919        5.5698417127132416E-002   1.0000000000000000     
   1436.1981201171875       0.94100314378738403        5.5990803986787796E-002   1.0000000000000000     
   1436.2280273437500       0.87759894132614136        5.4520498961210251E-002   1.0000000000000000     
   1436.2579345703125       0.97553038597106934        5.7148549705743790E-002   1.0000000000000000     
   1436.2878417968750        1.0079735517501831        5.7954475283622742E-002   1.0000000000000000     
   1436.3177490234375       0.97071433067321777        5.6962549686431885E-002   1.0000000000000000     
   1436.3476562500000       0.97839879989624023        5.7213701307773590E-002   1.0000000000000000     
   1436.3775634765625       0.96464949846267700        5.7179242372512817E-002   1.0000000000000000     
   1436.4074707031250       0.94552570581436157        5.6119944900274277E-002   1.0000000000000000     
   1436.4373779296875       0.98877549171447754        5.7547748088836670E-002   1.0000000000000000     
   1436.4672851562500        1.0338476896286011        5.9003964066505432E-002   1.0000000000000000     
   1436.4971923828125        1.1017050743103027        6.0739763081073761E-002   1.0000000000000000     
   1436.5270996093750       0.99988383054733276        5.8037921786308289E-002   1.0000000000000000     
   1436.5570068359375       0.87848025560379028        5.4459419101476669E-002   1.0000000000000000     
   1436.5869140625000       0.99907445907592773        5.7750668376684189E-002   1.0000000000000000     
   1436.6168212890625        1.0970242023468018        6.0842834413051605E-002   1.0000000000000000     
   1436.6467285156250        1.0327059030532837        5.8938387781381607E-002   1.0000000000000000     
   1436.6766357421875        1.0412014722824097        5.9221558272838593E-002   1.0000000000000000     
   1436.7066650390625        1.0520023107528687        5.8813098818063736E-002   1.0000000000000000     
   1436.7365722656250        1.2810484170913696        6.5573051571846008E-002   1.0000000000000000     
   1436.7664794921875        1.1424553394317627        6.1935130506753922E-002   1.0000000000000000     
   1436.7963867187500        1.0235025882720947        5.9160105884075165E-002   1.0000000000000000     
   1436.8262939453125        1.0076622962951660        5.8548144996166229E-002   1.0000000000000000     
   1436.8562011718750       0.76035338640213013        5.1230531185865402E-002   1.0000000000000000     
   1436.8861083984375       0.75542992353439331        5.1334042102098465E-002   1.0000000000000000     
   1436.9160156250000       0.84304875135421753        5.3428694605827332E-002   1.0000000000000000     
   1436.9459228515625       0.89386326074600220        5.5293738842010498E-002   1.0000000000000000     
   1436.9758300781250       0.84982520341873169        5.3842317312955856E-002   1.0000000000000000     
   1437.0057373046875       0.92549633979797363        5.6866515427827835E-002  0.99992860367057068     
   1437.0356445312500        1.0214908123016357        5.8738667517900467E-002  0.99992369398616265     
   1437.0655517578125        1.0597568750381470        5.9769280254840851E-002  0.99991828503208513     
   1437.0954589843750       0.98545229434967041        5.7509094476699829E-002  0.99991231698810645     
   1437.1253662109375       0.96234959363937378        5.6703731417655945E-002  0.99990570594694395     
   1437.1552734375000       0.97449719905853271        5.7294767349958420E-002  0.99989833338391410     
   1437.1851806640625        1.0201622247695923        5.8488097041845322E-002  0.99989002936444393     
   1437.2150878906250        1.0782238245010376        6.0098603367805481E-002  0.99988055755769711     
   1437.2449951171875       0.98106640577316284        5.7773288339376450E-002  0.99986959709328416     
   1437.2749023437500        1.0307834148406982        5.8668989688158035E-002  0.99985672016099725     
   1437.3048095703125        1.0116063356399536        5.8134615421295166E-002  0.99984135673046948     
   1437.3347167968750       0.91266804933547974        5.5415336042642593E-002  0.99982273704323876     
   1437.3646240234375       0.92901414632797241        5.5721409618854523E-002  0.99979979168054378     
   1437.3945312500000       0.95047885179519653        5.6446384638547897E-002  0.99977097696599404     
   1437.4244384765625       0.93867790699005127        5.6435164064168930E-002  0.99973399354590853     
   1437.4543457031250       0.97852009534835815        5.7387407869100571E-002  0.99968548350113995     
   1437.4842529296875       0.97799909114837646        5.7187575846910477E-002  0.99962041481398300     
   1437.5141601562500       0.91908258199691772        5.5770121514797211E-002  0.99953081566041246     
   1437.5440673828125       0.96012663841247559        5.6827563792467117E-002  0.99940419425492866     
   1437.5739746093750        1.1216204166412354        6.1374109238386154E-002  0.99922098264785519     
   1437.6038818359375       0.97073686122894287        5.7202357798814774E-002  0.99895037891045779     
   1437.6337890625000       0.97812312841415405        5.7449631392955780E-002  0.99854397002782058     
   1437.6636962890625        1.0971330404281616        6.0921654105186462E-002  0.99792648533934403     
   1437.6936035156250        1.0092350244522095        5.8173492550849915E-002  0.99698345209930717     
   1437.7235107421875        1.0725177526473999        6.0117661952972412E-002  0.99554672472459160     
   1437.7534179687500        1.0233483314514160        5.8761637657880783E-002  0.99338102632798420     
   1437.7833251953125        1.0074560642242432        5.8148305863142014E-002  0.99017765233310462     
   1437.8132324218750        1.0224283933639526        5.8982584625482559E-002  0.98556457597759095     
   1437.8431396484375       0.94228929281234741        5.6245841085910797E-002  0.97914327494690268     
   1437.8730468750000       0.91739898920059204        5.5878270417451859E-002  0.97055932844032522     
   1437.9029541015625       0.97820305824279785        5.7363219559192657E-002  0.95960444253606514     
   1437.9328613281250       0.91279423236846924        5.5304884910583496E-002  0.94633245131393251     
   1437.9627685546875       0.94829910993576050        5.6419551372528076E-002  0.93115680553277436     
   1437.9926757812500       0.88780874013900757        5.4646093398332596E-002  0.91489414545808723     
   1438.0227050781250       0.92560434341430664        5.6375205516815186E-002  0.89872752618413276     
   1438.0526123046875       0.93588191270828247        5.6060269474983215E-002  0.88406703153857913     
   1438.0825195312500       0.87965583801269531        5.5315952748060226E-002  0.87233437384302481     
   1438.1124267578125       0.81730842590332031        5.3244005888700485E-002  0.86474083190106155     
   1438.1423339843750       0.82364231348037720        5.2568923681974411E-002  0.86209793022087700     
   1438.1722412109375       0.86958247423171997        5.4087582975625992E-002  0.86468699898476509     
   1438.2021484375000       0.93468433618545532        5.6070223450660706E-002  0.87221331863100404     
   1438.2320556640625       0.91041976213455200        5.5403798818588257E-002  0.88385343484112122     
   1438.2619628906250       0.88401210308074951        5.4775893688201904E-002  0.89838852503162647     
   1438.2918701171875       0.84064984321594238        5.3368546068668365E-002  0.91440190262090126     
   1438.3217773437500       0.89558887481689453        5.5167563259601593E-002  0.93050253224634083     
   1438.3516845703125       0.97147542238235474        5.7793676853179932E-002  0.94552567002326215     
   1438.3815917968750       0.95839041471481323        5.7034332305192947E-002  0.95866581888132230     
   1438.4114990234375       0.91945844888687134        5.5765580385923386E-002  0.96951839735083922     
   1438.4414062500000       0.97385090589523315        5.7267498224973679E-002  0.97803608315510715     
   1438.4713134765625       0.89702159166336060        5.5396273732185364E-002  0.98442974340642075     
   1438.5012207031250       0.85415607690811157        5.3741477429866791E-002  0.98905247904423421     
   1438.5311279296875       0.75202924013137817        5.0838802009820938E-002  0.99229852156830933     
   1438.5610351562500       0.75534945726394653        5.0820078700780869E-002  0.99453373943901957     
   1438.5909423828125       0.83790034055709839        5.3417190909385681E-002  0.99605982923450753     
   1438.6208496093750       0.78848296403884888        5.2380871027708054E-002  0.99710497770788253     
   1438.6507568359375       0.81040328741073608        5.2839353680610657E-002  0.99783066346661420     
   1438.6806640625000       0.93124806880950928        5.6177504360675812E-002  0.99834546234382382     
   1438.7105712890625       0.90759563446044922        5.5628299713134766E-002  0.99871974633769212     
   1438.7404785156250       0.95497864484786987        5.6763220578432083E-002  0.99899817305817240     
   1438.7703857421875       0.92144006490707397        5.5725060403347015E-002  0.99920900638663124     
   1438.8002929687500       0.94127184152603149        5.6323815137147903E-002  0.99937047665489009     
   1438.8302001953125       0.97402006387710571        5.7800471782684326E-002  0.99949483162204900     
   1438.8601074218750        1.0022364854812622        5.8192562311887741E-002  0.99959069389281618     
   1438.8900146484375       0.99789535999298096        5.7932034134864807E-002  0.99966436162095362     
   1438.9199218750000       0.99187779426574707        5.7769596576690674E-002  0.99972079415091109     
   1438.9498291015625        1.0200210809707642        5.8915995061397552E-002  0.99976399977408459     
   1438.9797363281250       0.90373766422271729        5.5466722697019577E-002  0.99979716139596919     
   1439.0096435546875       0.97610455751419067        5.7482507079839706E-002  0.99982278833003113     
   1439.0395507812500       0.97578799724578857        5.7373665273189545E-002  0.99984284171196425     
   1439.0694580078125       0.96555471420288086        5.7248119264841080E-002  0.99985882432001405     
   1439.0993652343750       0.94438004493713379        5.6608792394399643E-002  0.99987185790661759     
   1439.1292724609375       0.94335663318634033        5.6510824710130692E-002  0.99988275471670118     
   1439.1591796875000       0.93984681367874146        5.6394148617982864E-002  0.99989208372356464     
   1439.1890869140625       0.84870964288711548        5.3820755332708359E-002  0.99990022977433901     
   1439.2189941406250       0.89968430995941162        5.5509179830551147E-002  0.99990744494390682     
   1439.2489013671875        1.0357742309570312        5.9130933135747910E-002  0.99991389526492946     
   1439.2788085937500       0.92743635177612305        5.6317821145057678E-002  0.99991969133826719     
   1439.3087158203125       0.95551264286041260        5.7056941092014313E-002   1.0000000000000000     
   1439.3387451171875       0.92612856626510620        5.6017972528934479E-002   1.0000000000000000     
   1439.3686523437500       0.96257239580154419        5.7139419019222260E-002   1.0000000000000000     
   1439.3985595703125       0.96063441038131714        5.7198591530323029E-002   1.0000000000000000     
   1439.4284667968750       0.97877174615859985        5.7455126196146011E-002   1.0000000000000000     
   1439.4583740234375        1.0147600173950195        5.8717068284749985E-002   1.0000000000000000     
   1439.4882812500000       0.89375519752502441        5.5162854492664337E-002   1.0000000000000000     
   1439.5181884765625       0.95131862163543701        5.6717336177825928E-002   1.0000000000000000     
   1439.5480957031250       0.94897437095642090        5.6622158735990524E-002   1.0000000000000000     
   1439.5780029296875       0.98318475484848022        5.7537499815225601E-002   1.0000000000000000     
   1439.6079101562500       0.97657847404479980        5.7495307177305222E-002   1.0000000000000000     
   1439.6378173828125       0.96282780170440674        5.7263821363449097E-002   1.0000000000000000     
   1439.6677246093750       0.89704066514968872        5.5052999407052994E-002   1.0000000000000000     
   1439.6976318359375       0.92811655998229980        5.6215848773717880E-002   1.0000000000000000     
   1439.7275390625000       0.99412441253662109        5.7975169271230698E-002   1.0000000000000000     
   1439.7574462890625        1.0605983734130859        5.9984914958477020E-002   1.0000000000000000     
   1439.7873535156250        1.0162358283996582        5.9081882238388062E-002   1.0000000000000000     
   1439.8172607421875       0.95121592283248901        5.6729383766651154E-002   1.0000000000000000     
   1439.8471679687500       0.94112062454223633        5.6832980364561081E-002   1.0000000000000000     
   1439.8770751953125        1.0121430158615112        5.8528751134872437E-002   1.0000000000000000     
   1439.9069824218750        1.1173290014266968        6.1696346849203110E-002   1.0000000000000000     
   1439.9368896484375       0.92922699451446533        5.6466501206159592E-002   1.0000000000000000     
   1439.9667968750000        1.0153412818908691        5.8633923530578613E-002   1.0000000000000000     
   1439.9967041015625       0.91615968942642212        5.5693458765745163E-002   1.0000000000000000     
   1440.0266113281250        1.0075637102127075        5.8343842625617981E-002   1.0000000000000000     
   1440.0565185546875        1.0278259515762329        5.8919873088598251E-002   1.0000000000000000     
   1440.0864257812500        1.0594501495361328        5.9806477278470993E-002   1.0000000000000000     
   1440.1163330078125        1.0253194570541382        5.8822114020586014E-002   1.0000000000000000     
   1440.1462402343750        1.0122654438018799        5.8539904654026031E-002   1.0000000000000000     
   1440.1761474609375        1.0193867683410645        5.8602113276720047E-002   1.0000000000000000     
   1440.2060546875000       0.89519268274307251        5.5350039154291153E-002   1.0000000000000000     
   1440.2359619140625       0.92122924327850342        5.5971149355173111E-002   1.0000000000000000     
   1440.2658691406250       0.91860091686248779        5.5732611566781998E-002   1.0000000000000000     
   1440.2957763671875       0.95601737499237061        5.7337071746587753E-002   1.0000000000000000     
   1440.3256835937500       0.97527170181274414        5.7463407516479492E-002   1.0000000000000000     
   1440.3555908203125        1.0028730630874634        5.8267772197723389E-002   1.0000000000000000     
   1440.3854980468750        1.0322289466857910        5.9036090970039368E-002   1.0000000000000000     
   1440.4154052734375       0.99812382459640503        5.8111712336540222E-002   1.0000000000000000     
   1440.4453125000000        1.0872962474822998        6.0584090650081635E-002   1.0000000000000000     
   1440.4752197265625        1.0765321254730225        6.0525059700012207E-002   1.0000000000000000     
   1440.5051269531250        1.0583094358444214        6.0226511210203171E-002   1.0000000000000000     
   1440.5350341796875        1.0678844451904297        6.0551479458808899E-002   1.0000000000000000     
   1440.5649414062500       0.97817206382751465        5.8197923004627228E-002   1.0000000000000000     
   1440.5948486328125       0.94213598966598511        5.6687943637371063E-002   1.0000000000000000     
   1440.6247558593750       0.98826974630355835        5.7845268398523331E-002   1.0000000000000000     
   1440.6547851562500        1.0179133415222168        5.8848712593317032E-002   1.0000000000000000     
   1440.6846923828125       0.86976218223571777        5.4284922778606415E-002   1.0000000000000000     
   1440.7145996093750       0.93308687210083008        5.6331608444452286E-002   1.0000000000000000     
   1440.7445068359375       0.95882815122604370        5.7108748704195023E-002   1.0000000000000000     
   1440.7744140625000       0.96076810359954834        5.6976482272148132E-002   1.0000000000000000     
!  ---- tick mark positions for above ----
!      1438.14556     1     1
