! -------------------------
   1378.8949601461295       0.97534489631652832        5.1751215010881424E-002   1.0000000000000000     
   1378.9316501461294       0.84656655788421631        4.8218440264463425E-002   1.0000000000000000     
   1378.9683401461293       0.92187988758087158        5.0322383642196655E-002   1.0000000000000000     
   1379.0050301461292       0.96861708164215088        5.1587149500846863E-002   1.0000000000000000     
   1379.0417201461291       0.81327235698699951        4.7274235635995865E-002   1.0000000000000000     
   1379.0784101461290       0.93924725055694580        5.0808694213628769E-002   1.0000000000000000     
   1379.1151001461290       0.92676568031311035        5.0474811345338821E-002   1.0000000000000000     
   1379.1517901461289       0.88513112068176270        4.9332566559314728E-002   1.0000000000000000     
   1379.1884801461288       0.87856841087341309        4.9154151231050491E-002   1.0000000000000000     
   1379.2251701461287       0.97744762897491455        5.1851332187652588E-002   1.0000000000000000     
   1379.2618601461286        1.0505551099777222        5.3760480135679245E-002   1.0000000000000000     
   1379.2985501461285       0.99840337038040161        5.2414119243621826E-002   1.0000000000000000     
   1379.3352401461284       0.96698975563049316        5.1587775349617004E-002   1.0000000000000000     
   1379.3719301461283       0.98741310834884644        5.2134543657302856E-002   1.0000000000000000     
   1379.4086201461282       0.88390642404556274        4.9331076443195343E-002   1.0000000000000000     
   1379.4453101461281       0.94426250457763672        5.0992246717214584E-002   1.0000000000000000     
   1379.4820001461280       0.97882741689682007        5.1922008395195007E-002   1.0000000000000000     
   1379.5186901461279       0.95460927486419678        5.1280386745929718E-002   1.0000000000000000     
   1379.5553801461278        1.0546885728836060        5.3906563669443130E-002   1.0000000000000000     
   1379.5920701461278        1.0876986980438232        5.4748773574829102E-002   1.0000000000000000     
   1379.6287601461277       0.98711705207824707        5.2160806953907013E-002   1.0000000000000000     
   1379.6654501461276        1.0448321104049683        5.3668964654207230E-002   1.0000000000000000     
   1379.7021401461275       0.91903841495513916        5.0339329987764359E-002   1.0000000000000000     
   1379.7388301461274        1.0125960111618042        5.2844330668449402E-002   1.0000000000000000     
   1379.7755201461273        1.0703939199447632        5.4336529225111008E-002   1.0000000000000000     
   1379.8122101461272        1.0894516706466675        5.4823201149702072E-002   1.0000000000000000     
   1379.8489001461271        1.1483581066131592        5.6290917098522186E-002   1.0000000000000000     
   1379.8855901461270        1.0086195468902588        5.2759878337383270E-002   1.0000000000000000     
   1379.9222801461269        1.0212957859039307        5.3095091134309769E-002   1.0000000000000000     
   1379.9589701461268       0.99681609869003296        5.2459724247455597E-002   1.0000000000000000     
   1379.9956601461267        1.0466783046722412        5.3760655224323273E-002   1.0000000000000000     
   1380.0323501461266        1.0723813772201538        5.4421719163656235E-002   1.0000000000000000     
   1380.0690401461266        1.0302269458770752        5.3346134722232819E-002   1.0000000000000000     
   1380.1057301461265        1.0073430538177490        5.2755217999219894E-002   1.0000000000000000     
   1380.1424201461264       0.92447006702423096        5.0543136894702911E-002   1.0000000000000000     
   1380.1791101461263        1.0138250589370728        5.2934139966964722E-002   1.0000000000000000     
   1380.2158001461262       0.98198658227920532        5.2101027220487595E-002   1.0000000000000000     
   1380.2524901461261        1.0649088621139526        5.4261177778244019E-002   1.0000000000000000     
   1380.2891801461260        1.0121831893920898        5.2905488759279251E-002   1.0000000000000000     
   1380.3258701461259       0.99136132001876831        5.2363213151693344E-002   1.0000000000000000     
   1380.3625601461258       0.90458637475967407        5.0023540854454041E-002   1.0000000000000000     
   1380.3992501461257       0.89158982038497925        4.9667187035083771E-002   1.0000000000000000     
   1380.4359401461256       0.99606746435165405        5.2501343190670013E-002   1.0000000000000000     
   1380.4726301461255       0.87814295291900635        4.9299988895654678E-002   1.0000000000000000     
   1380.5093201461254       0.93065500259399414        5.0757080316543579E-002   1.0000000000000000     
   1380.5460101461254       0.95519280433654785        5.1426358520984650E-002   1.0000000000000000     
   1380.5827001461253       0.99469202756881714        5.2483443170785904E-002   1.0000000000000000     
   1380.6193901461252       0.95551288127899170        5.1443971693515778E-002   1.0000000000000000     
   1380.6560801461251       0.91572314500808716        5.0365861505270004E-002   1.0000000000000000     
   1380.6927701461250       0.91495490074157715        5.0349086523056030E-002   1.0000000000000000     
   1380.7294601461249       0.83652144670486450        4.8146825283765793E-002  0.99999917543286454     
   1380.7661501461248        1.0088884830474854        5.2879616618156433E-002  0.99999683798445715     
   1380.8028401461247       0.99471443891525269        5.2511379122734070E-002  0.99999114014782930     
   1380.8395301461246        1.0299241542816162        5.3437236696481705E-002  0.99998135058857096     
   1380.8762201461245       0.96980637311935425        5.1858600229024887E-002  0.99996859001438965     
   1380.9129101461244        1.0041220188140869        5.2772618830204010E-002  0.99995476337044098     
   1380.9496001461243        1.0039731264114380        5.2773237228393555E-002  0.99994176430556025     
   1380.9862901461242       0.98632377386093140        5.2311684936285019E-002  0.99993124535663858     
   1381.0229801461242        1.0572261810302734        5.4163921624422073E-002  0.99992356167719032     
   1381.0596701461241       0.90144652128219604        5.0018887966871262E-002  0.99991731033567699     
   1381.0963601461240       0.94671267271041870        5.1263701170682907E-002  0.99991098269219669     
   1381.1330501461239       0.98048031330108643        5.2174296230077744E-002  0.99990430704478284     
   1381.1697401461238       0.93832087516784668        5.1044575870037079E-002  0.99989803732089311     
   1381.2064301461237       0.98953211307525635        5.2423425018787384E-002  0.99989312605425740     
   1381.2431201461236       0.96547996997833252        5.1786717027425766E-002  0.99988993642659618     
   1381.2798101461235       0.83624899387359619        4.8200525343418121E-002  0.99988778574757153     
   1381.3165001461234       0.80569195747375488        4.7315556555986404E-002  0.99988505365320668     
   1381.3531901461233       0.82726520299911499        4.7948908060789108E-002  0.99987995049221257     
   1381.3898801461232       0.81661200523376465        4.7643046826124191E-002  0.99987154190872352     
   1381.4265701461231       0.80574935674667358        4.7329038381576538E-002  0.99986027361102536     
   1381.4632601461230       0.88629394769668579        4.9642406404018402E-002  0.99984766054901308     
   1381.4999501461230       0.92832648754119873        5.0809990614652634E-002  0.99983544085368015     
   1381.5366401461229       0.80993884801864624        4.7463573515415192E-002  0.99982461528535571     
   1381.5733301461228       0.90450102090835571        5.0161913037300110E-002  0.99981481914257753     
   1381.6100201461227       0.88698840141296387        4.9677990376949310E-002  0.99980439932485865     
   1381.6467101461226       0.95166474580764771        5.1461338996887207E-002  0.99979125577371375     
   1381.6834001461225        1.0024789571762085        5.2821613848209381E-002  0.99977407752894953     
   1381.7200901461224       0.99409139156341553        5.2604444324970245E-002  0.99975320050393490     
   1381.7567801461223       0.88860708475112915        4.9739193171262741E-002  0.99973036930970871     
   1381.7934701461222       0.88525187969207764        4.9649104475975037E-002  0.99970733169672332     
   1381.8301601461221       0.97677189111709595        5.2156701683998108E-002  0.99968433852000593     
   1381.8668501461220       0.93961822986602783        5.1159162074327469E-002  0.99965950537458248     
   1381.9035401461219       0.90579646825790405        5.0233967602252960E-002  0.99962892806721948     
   1381.9402301461218       0.92811185121536255        5.0853036344051361E-002  0.99958752409330842     
   1381.9769201461218       0.92280989885330200        5.0711739808320999E-002  0.99953069661643468     
   1382.0136101461217       0.83453327417373657        4.8229061067104340E-002  0.99945576021071503     
   1382.0503001461216       0.79894691705703735        4.7193352133035660E-002  0.99936229741762739     
   1382.0869901461215       0.83352494239807129        4.8207797110080719E-002  0.99925129108385546     
   1382.1236801461214       0.82460129261016846        4.7952860593795776E-002  0.99912178465368306     
   1382.1603701461213       0.66022145748138428        4.2911373078823090E-002  0.99896443070675867     
   1382.1970601461212       0.79501640796661377        4.7092363238334656E-002  0.99875611769443617     
   1382.2337501461211       0.72370821237564087        4.4934406876564026E-002  0.99846093670994296     
   1382.2704401461210       0.66570788621902466        4.3099712580442429E-002  0.99803079111178461     
   1382.3071301461209       0.68209677934646606        4.3630521744489670E-002  0.99739489821070271     
   1382.3438201461208       0.68502837419509888        4.3727662414312363E-002  0.99645087248832265     
   1382.3805101461207       0.55006295442581177        3.9187055081129074E-002  0.99507027009935067     
   1382.4172001461206       0.33419144153594971        3.1905803829431534E-002  0.99308396772447749     
   1382.4538901461206       0.12650309503078461        2.4501448497176170E-002  0.99023319408405008     
   1382.4905801461205       0.13502898812294006        2.5249373167753220E-002  0.98615648261479150     
   1382.5272701461204        7.4506863951683044E-002   2.0287325605750084E-002  0.98034218235175630     
   1382.5639601461203        5.4296817630529404E-002   1.8045596778392792E-002  0.97156602929616065     
   1382.6006501461202       0.10524079948663712        2.2932980209589005E-002  0.95617913161205437     
   1382.6373401461201        7.2373017668724060E-002   2.0148400217294693E-002  0.92545043082958089     
   1382.6740301461200       0.12964814901351929        2.4667257443070412E-002  0.86506786723888440     
   1382.7107201461199       0.22761158645153046        3.0450718477368355E-002  0.76408991418694694     
   1382.7474101461198       0.27752622961997986        3.2684739679098129E-002  0.63376658694554744     
   1382.7841001461197       0.29928344488143921        3.3180244266986847E-002  0.51300154610578508     
   1382.8207901461196       0.31255757808685303        3.1590662896633148E-002  0.44401592471692658     
   1382.8574801461195       0.38089060783386230        3.2642625272274017E-002  0.44838634024856489     
   1382.8941701461194       0.47691461443901062        3.6529112607240677E-002  0.52473451330118770     
   1382.9308601461194       0.62320214509963989        4.1760753840208054E-002  0.64877333606161636     
   1382.9675501461193       0.77995860576629639        4.6722181141376495E-002  0.77723395726030764     
   1383.0042401461192       0.78641885519027710        4.6919025480747223E-002  0.87344095431968316     
   1383.0409301461191       0.83390909433364868        4.8318702727556229E-002  0.92943464424675393     
   1383.0776201461190       0.85983175039291382        5.0723772495985031E-002  0.95758071986409155     
   1383.1143101461189       0.96569234132766724        5.2004601806402206E-002  0.97176653347270836     
   1383.1510001461188        1.0181729793548584        5.3403172641992569E-002  0.97991766577500983     
   1383.1876901461187       0.96444463729858398        5.2272304892539978E-002  0.98526643040563300     
   1383.2243801461186        1.0036971569061279        5.3030438721179962E-002  0.98894447237408400     
   1383.2610701461185       0.97445744276046753        5.2256293594837189E-002  0.99147419970780870     
   1383.2977601461184        1.0104477405548096        5.3216699510812759E-002  0.99325940445051197     
   1383.3344501461183       0.93601220846176147        5.1223080605268478E-002  0.99461873889587904     
   1383.3711401461183       0.89252465963363647        5.0022911280393600E-002  0.99573901747652760     
   1383.4078301461182       0.93728870153427124        5.1265954971313477E-002  0.99668248237880841     
   1383.4445201461181       0.98450362682342529        5.2545335143804550E-002  0.99744813443996838     
   1383.4812101461180        1.0442553758621216        5.4120689630508423E-002  0.99803549619959619     
   1383.5179001461179        1.0730756521224976        5.4866567254066467E-002   1.0000000000000000     
   1383.5545901461178       0.99510711431503296        5.2839782088994980E-002   1.0000000000000000     
   1383.5912801461177       0.91910380125045776        5.0785746425390244E-002   1.0000000000000000     
   1383.6279701461176       0.99540913105010986        5.2856061607599258E-002   1.0000000000000000     
   1383.6646601461175        1.0190744400024414        5.3484629839658737E-002   1.0000000000000000     
   1383.7013501461174        1.0132204294204712        5.3335011005401611E-002   1.0000000000000000     
   1383.7380401461173        1.0514030456542969        5.4334849119186401E-002   1.0000000000000000     
   1383.7747301461172        1.0403021574020386        5.4051291197538376E-002   1.0000000000000000     
   1383.8114201461171        1.0694749355316162        5.4808124899864197E-002   1.0000000000000000     
   1383.8481101461171        1.0685979127883911        5.4789893329143524E-002   1.0000000000000000     
   1383.8848001461170        1.0122193098068237        5.3328935056924820E-002   1.0000000000000000     
   1383.9214901461169       0.88613623380661011        4.9900997430086136E-002   1.0000000000000000     
   1383.9581801461168       0.97167080640792847        5.2257850766181946E-002   1.0000000000000000     
   1383.9948701461167       0.93466383218765259        5.1256973296403885E-002   1.0000000000000000     
   1384.0315601461166        1.0460325479507446        5.4228849709033966E-002   1.0000000000000000     
   1384.0682501461165       0.93221527338027954        5.1197562366724014E-002   1.0000000000000000     
   1384.1049401461164        1.0042895078659058        5.3143922239542007E-002   1.0000000000000000     
   1384.1416301461163       0.98333013057708740        5.2590373903512955E-002   1.0000000000000000     
   1384.1783201461162       0.95877635478973389        5.1933601498603821E-002   1.0000000000000000     
   1384.2150101461161       0.98143786191940308        5.2547652274370193E-002   1.0000000000000000     
   1384.2517001461160        1.0627797842025757        5.4686106741428375E-002   1.0000000000000000     
   1384.2883901461159       0.99354118108749390        5.2878718823194504E-002   1.0000000000000000     
   1384.3250801461159       0.94153183698654175        5.1479998975992203E-002   1.0000000000000000     
   1384.3617701461158        1.0035883188247681        5.3153362125158310E-002   1.0000000000000000     
   1384.3984601461157        1.0627406835556030        5.4701589047908783E-002   1.0000000000000000     
   1384.4351501461156        1.0065703392028809        5.3240273147821426E-002   1.0000000000000000     
   1384.4718401461155       0.91879141330718994        5.0869759172201157E-002   1.0000000000000000     
   1384.5085301461154       0.99523609876632690        5.2947636693716049E-002   1.0000000000000000     
   1384.5452201461153        1.0139764547348022        5.3447835147380829E-002   1.0000000000000000     
   1384.5819101461152        1.0381537675857544        5.4085310548543930E-002   1.0000000000000000     
   1384.6186001461151        1.0086007118225098        5.3313843905925751E-002   1.0000000000000000     
   1384.6552901461150        1.0371974706649780        5.4068446159362793E-002   1.0000000000000000     
   1384.6919801461149       0.94432842731475830        5.1594883203506470E-002   1.0000000000000000     
   1384.7286701461148       0.94782298803329468        5.1694102585315704E-002   1.0000000000000000     
   1384.7653601461147        1.0158990621566772        5.3522359579801559E-002   1.0000000000000000     
   1384.8020501461147        1.0376017093658447        5.4094981402158737E-002   1.0000000000000000     
   1384.8387401461146        1.0580974817276001        5.4630700498819351E-002   1.0000000000000000     
   1384.8754301461145        1.0087133646011353        5.3344529122114182E-002   1.0000000000000000     
   1384.9121201461144       0.99264299869537354        5.2921693772077560E-002   1.0000000000000000     
   1384.9488101461143        1.0690521001815796        5.4924927651882172E-002   1.0000000000000000     
   1384.9855001461142       0.95150524377822876        5.1821209490299225E-002   1.0000000000000000     
   1385.0221901461141        1.1083949804306030        5.5934723466634750E-002   1.0000000000000000     
   1385.0588801461140        1.0930156707763672        5.5549316108226776E-002   1.0000000000000000     
   1385.0955701461139       0.94225740432739258        5.1580164581537247E-002   1.0000000000000000     
   1385.1322601461138       0.98698091506958008        5.2793942391872406E-002   1.0000000000000000     
   1385.1689501461137        1.0371026992797852        5.4121829569339752E-002   1.0000000000000000     
   1385.2056401461136       0.90962219238281250        5.0690125674009323E-002   1.0000000000000000     
   1385.2423301461135       0.93314462900161743        5.1345121115446091E-002   1.0000000000000000     
   1385.2790201461135       0.95304751396179199        5.1893617957830429E-002   1.0000000000000000     
   1385.3157101461134       0.99682313203811646        5.3075827658176422E-002   1.0000000000000000     
!  ---- tick mark positions for above ----
!      1382.83947     3     1
