# %ECSV 1.0
# ---
# datatype:
# - {name: H, datatype: float64}
# - {name: H+, datatype: float64}
# - {name: C+, datatype: float64}
# - {name: C+2, datatype: float64}
# - {name: C+3, datatype: float64}
# - {name: N+, datatype: float64}
# - {name: N+2, datatype: float64}
# - {name: N+4, datatype: float64}
# - {name: O, datatype: float64}
# - {name: O+2, datatype: float64}
# - {name: O+5, datatype: float64}
# - {name: O+6, datatype: float64}
# - {name: P+, datatype: float64}
# - {name: Si+, datatype: float64}
# - {name: Si+2, datatype: float64}
# - {name: Si+3, datatype: float64}
# - {name: Si+4, datatype: float64}
# - {name: log_nH, datatype: float64}
# - {name: log_Te, datatype: float64}
# - {name: parameters, datatype: string, subtype: 'float64[1]'}
# schema: astropy-2.0
H H+ C+ C+2 C+3 N+ N+2 N+4 O O+2 O+5 O+6 P+ Si+ Si+2 Si+3 Si+4 log_nH log_Te parameters
3.38856e+17 1.422e+22 150114000000000.0 5.14787e+16 1.05567e+17 11115600000000.0 7671580000000000.0 8114620000000000.0 8423840000.0 3.14485e+17 5.20448e+16 8.04367e+16 109771000000.0 8000130000000.0 584409000000000.0 2247680000000000.0 1.36429e+16 -5.0 4.318 [-5.0]
3.38845e+17 1.34913e+22 155259000000000.0 5.07758e+16 9.99383e+16 11601000000000.0 7669560000000000.0 7821410000000000.0 8773570000.0 3.02047e+17 4.88214e+16 7.23469e+16 114727000000.0 8471950000000.0 600435000000000.0 2214210000000000.0 1.29501e+16 -4.98 4.318 [-4.98]
3.38876e+17 1.28013e+22 160517000000000.0 5.00902e+16 9.46392e+16 12093600000000.0 7666260000000000.0 7532090000000000.0 9124020000.0 2.90109e+17 4.57279e+16 6.49647e+16 119834000000.0 8959620000000.0 616331000000000.0 2179870000000000.0 1.22918e+16 -4.96 4.317 [-4.96]
3.38869e+17 1.21462e+22 165882000000000.0 4.94087e+16 8.96186e+16 12594600000000.0 7659360000000000.0 7245760000000000.0 9483460000.0 2.78581e+17 4.27627e+16 5.82436e+16 125083000000.0 9461420000000.0 631886000000000.0 2143650000000000.0 1.16628e+16 -4.94 4.316 [-4.94]
3.38852e+17 1.15234e+22 171281000000000.0 4.87188e+16 8.48629e+16 13101900000000.0 7648540000000000.0 6962880000000000.0 9853290000.0 2.67433e+17 3.99256e+16 5.21334e+16 130384000000.0 9968000000000.0 646734000000000.0 2105950000000000.0 1.10613e+16 -4.92 4.316 [-4.92]
3.38878e+17 1.09338e+22 176829000000000.0 4.80478e+16 8.03839e+16 13621700000000.0 7636320000000000.0 6684030000000000.0 10232800000.0 2.56755e+17 3.72168e+16 4.65899e+16 135882000000.0 10490300000000.0 661430000000000.0 2067640000000000.0 1.04916e+16 -4.9 4.315 [-4.9]
3.38868e+17 1.03741e+22 182436000000000.0 4.7377e+16 7.61367e+16 14145500000000.0 7619940000000000.0 6409550000000000.0 10624000000.0 2.4644e+17 3.46379e+16 4.1572e+16 141502000000.0 11021400000000.0 675534000000000.0 2027590000000000.0 9948340000000000.0 -4.88 4.314 [-4.88]
3.38853e+17 9.84165e+21 188043000000000.0 4.66979e+16 7.21126e+16 14671200000000.0 7599200000000000.0 6139450000000000.0 11025000000.0 2.36472e+17 3.21859e+16 3.70298e+16 147176000000.0 11552800000000.0 688783000000000.0 1986310000000000.0 9430230000000000.0 -4.86 4.314 [-4.86]
3.38844e+17 9.33699e+21 193715000000000.0 4.60279e+16 6.83083e+16 15199400000000.0 7575430000000000.0 5874210000000000.0 11435800000.0 2.26893e+17 2.98599e+16 3.29329e+16 153028000000.0 12094200000000.0 701587000000000.0 1944100000000000.0 8939090000000000.0 -4.84 4.313 [-4.84]
3.38871e+17 8.85975e+21 199502000000000.0 4.5371e+16 6.47209e+16 15741500000000.0 7549780000000000.0 5614640000000000.0 11868500000.0 2.17714e+17 2.76594e+16 2.92464e+16 159068000000.0 12644000000000.0 713952000000000.0 1901480000000000.0 8475160000000000.0 -4.82 4.312 [-4.82]
3.38856e+17 8.40561e+21 205266000000000.0 4.4703e+16 6.13129e+16 16285100000000.0 7519130000000000.0 5360050000000000.0 12317700000.0 2.08838e+17 2.55796e+16 2.59299e+16 165165000000.0 13188800000000.0 725282000000000.0 1857590000000000.0 8033180000000000.0 -4.8 4.311 [-4.8]
3.3885e+17 7.97509e+21 211055000000000.0 4.40389e+16 5.80875e+16 16831400000000.0 7485040000000000.0 5111270000000000.0 12785300000.0 2.00303e+17 2.36195e+16 2.2955e+16 171428000000.0 13736500000000.0 735959000000000.0 1813050000000000.0 7614890000000000.0 -4.78 4.31 [-4.78]
3.38874e+17 7.56694e+21 216879000000000.0 4.3381e+16 5.50329e+16 17380100000000.0 7447760000000000.0 4867940000000000.0 13276000000.0 1.92112e+17 2.17738e+16 2.02874e+16 177889000000.0 14288100000000.0 746020000000000.0 1767910000000000.0 7219620000000000.0 -4.76 4.309 [-4.76]
3.38865e+17 7.18003e+21 222686000000000.0 4.27195e+16 5.21419e+16 17935200000000.0 7406780000000000.0 4631860000000000.0 13792200000.0 1.84229e+17 2.00449e+16 1.79072e+16 184469000000.0 14833400000000.0 755190000000000.0 1722430000000000.0 6845830000000000.0 -4.74 4.309 [-4.74]
3.38854e+17 6.8126e+21 228479000000000.0 4.20534e+16 4.93965e+16 18494600000000.0 7361870000000000.0 4401390000000000.0 14338700000.0 1.7664e+17 1.84229e+16 1.57816e+16 191166000000.0 15369600000000.0 763351000000000.0 1676410000000000.0 6491800000000000.0 -4.72 4.308 [-4.72]
3.38846e+17 6.46456e+21 234334000000000.0 4.13915e+16 4.67943e+16 19066400000000.0 7313960000000000.0 4177400000000000.0 14923800000.0 1.6936e+17 1.69065e+16 1.38885e+16 198088000000.0 15905100000000.0 770851000000000.0 1630160000000000.0 6158000000000000.0 -4.7 4.307 [-4.7]
3.38877e+17 6.13506e+21 240188000000000.0 4.07335e+16 4.43299e+16 19642500000000.0 7263280000000000.0 3960320000000000.0 15546800000.0 1.62381e+17 1.54921e+16 1.22049e+16 205233000000.0 16436500000000.0 777630000000000.0 1583950000000000.0 5843790000000000.0 -4.68 4.306 [-4.68]
3.3887e+17 5.82153e+21 245883000000000.0 4.00643e+16 4.1985e+16 20206800000000.0 7207280000000000.0 3749900000000000.0 16192800000.0 1.55639e+17 1.41749e+16 1.07091e+16 212480000000.0 16952100000000.0 783262000000000.0 1537270000000000.0 5546260000000000.0 -4.66 4.305 [-4.66]
3.3885e+17 5.52417e+21 251617000000000.0 3.93913e+16 3.97569e+16 20788900000000.0 7148000000000000.0 3546020000000000.0 16896100000.0 1.49164e+17 1.29502e+16 9384150000000000.0 219894000000.0 17453000000000.0 787908000000000.0 1490670000000000.0 5265510000000000.0 -4.64 4.304 [-4.64]
3.38851e+17 5.24261e+21 257270000000000.0 3.87201e+16 3.76452e+16 21367900000000.0 7085660000000000.0 3349580000000000.0 17637300000.0 1.42955e+17 1.18152e+16 8212300000000000.0 227545000000.0 17945400000000.0 791815000000000.0 1444360000000000.0 5001680000000000.0 -4.62 4.303 [-4.62]
3.38847e+17 4.97554e+21 262929000000000.0 3.80462e+16 3.56378e+16 21959700000000.0 7019840000000000.0 3159980000000000.0 18435800000.0 1.36992e+17 1.07641e+16 7177470000000000.0 235419000000.0 18424800000000.0 794859000000000.0 1398280000000000.0 4753190000000000.0 -4.6 4.302 [-4.6]
3.38845e+17 4.72242e+21 268522000000000.0 3.7371e+16 3.37308e+16 22553800000000.0 6950840000000000.0 2977520000000000.0 19291200000.0 1.31273e+17 9792450000000000.0 6264510000000000.0 243533000000.0 18890600000000.0 797072000000000.0 1352540000000000.0 4519510000000000.0 -4.58 4.301 [-4.58]
3.38874e+17 4.48226e+21 273970000000000.0 3.66928e+16 3.19201e+16 23140600000000.0 6878500000000000.0 2802080000000000.0 20196200000.0 1.25783e+17 8895620000000000.0 5459790000000000.0 251870000000.0 19339300000000.0 798439000000000.0 1307480000000000.0 4299780000000000.0 -4.56 4.299 [-4.56]
3.38845e+17 4.25437e+21 279376000000000.0 3.60073e+16 3.01956e+16 23738700000000.0 6802320000000000.0 2633860000000000.0 21170800000.0 1.20498e+17 8070590000000000.0 4753430000000000.0 260388000000.0 19765300000000.0 798752000000000.0 1262650000000000.0 4092440000000000.0 -4.54 4.299 [-4.54]
3.38865e+17 4.03825e+21 284750000000000.0 3.53204e+16 2.85571e+16 24348500000000.0 6723380000000000.0 2472380000000000.0 22225800000.0 1.15437e+17 7311690000000000.0 4133020000000000.0 269186000000.0 20174500000000.0 798339000000000.0 1218740000000000.0 3897750000000000.0 -4.52 4.297 [-4.52]
3.3886e+17 3.83332e+21 290003000000000.0 3.46304e+16 2.69988e+16 24956300000000.0 6641310000000000.0 2317970000000000.0 23350200000.0 1.10579e+17 6615510000000000.0 3589340000000000.0 278235000000.0 20564000000000.0 797102000000000.0 1175500000000000.0 3714590000000000.0 -4.5 4.296 [-4.5]
3.38872e+17 3.63923e+21 295194000000000.0 3.39413e+16 2.55184e+16 25569100000000.0 6556660000000000.0 2170670000000000.0 24557300000.0 1.05926e+17 5978300000000000.0 3113600000000000.0 287632000000.0 20940400000000.0 795293000000000.0 1133150000000000.0 3542630000000000.0 -4.48 4.295 [-4.48]
3.38868e+17 3.4545e+21 300164000000000.0 3.32417e+16 2.41076e+16 26175100000000.0 6467790000000000.0 2029900000000000.0 25844600000.0 1.01441e+17 5395370000000000.0 2697650000000000.0 297174000000.0 21286400000000.0 792434000000000.0 1091520000000000.0 3380270000000000.0 -4.46 4.293 [-4.46]
3.38847e+17 3.27965e+21 305033000000000.0 3.25444e+16 2.27677e+16 26780100000000.0 6376840000000000.0 1896050000000000.0 27218100000.0 9.71486e+16 4862860000000000.0 2334580000000000.0 307079000000.0 21618400000000.0 789078000000000.0 1050940000000000.0 3227840000000000.0 -4.44 4.292 [-4.44]
3.38845e+17 3.11376e+21 309933000000000.0 3.18446e+16 2.14925e+16 27409600000000.0 6283350000000000.0 1768580000000000.0 28718000000.0 9.30327e+16 4377440000000000.0 2018230000000000.0 317295000000.0 21928300000000.0 785029000000000.0 1011410000000000.0 3084200000000000.0 -4.42 4.291 [-4.42]
3.38871e+17 2.95619e+21 314588000000000.0 3.11412e+16 2.02802e+16 28025800000000.0 6186950000000000.0 1647500000000000.0 30314400000.0 8.90802e+16 3935700000000000.0 1742760000000000.0 327782000000.0 22216000000000.0 780339000000000.0 973049000000000.0 2948870000000000.0 -4.4 4.29 [-4.4]
3.38844e+17 2.80682e+21 319160000000000.0 3.04375e+16 1.91272e+16 28647300000000.0 6088110000000000.0 1532870000000000.0 32025600000.0 8.52891e+16 3534610000000000.0 1503360000000000.0 338609000000.0 22485100000000.0 775096000000000.0 935648000000000.0 2821230000000000.0 -4.38 4.289 [-4.38]
3.38848e+17 2.66516e+21 323583000000000.0 2.97334e+16 1.80324e+16 29269000000000.0 5987100000000000.0 1424460000000000.0 33863300000.0 8.16546e+16 3170670000000000.0 1295500000000000.0 349777000000.0 22734700000000.0 769366000000000.0 899559000000000.0 2700870000000000.0 -4.36 4.287 [-4.36]
3.38853e+17 2.53043e+21 327741000000000.0 2.90259e+16 1.69913e+16 29876100000000.0 5883460000000000.0 1321840000000000.0 35824600000.0 7.81642e+16 2840440000000000.0 1114850000000000.0 361198000000.0 22961500000000.0 763093000000000.0 864707000000000.0 2587020000000000.0 -4.34 4.286 [-4.34]
3.38854e+17 2.40269e+21 331920000000000.0 2.83196e+16 1.60014e+16 30507000000000.0 5777840000000000.0 1225020000000000.0 37952100000.0 7.48164e+16 2541980000000000.0 958591000000000.0 373016000000.0 23171000000000.0 756408000000000.0 830988000000000.0 2479220000000000.0 -4.32 4.284 [-4.32]
3.38877e+17 2.28119e+21 335868000000000.0 2.761e+16 1.506e+16 31125600000000.0 5669380000000000.0 1133730000000000.0 40215000000.0 7.15915e+16 2271230000000000.0 823010000000000.0 385101000000.0 23357200000000.0 749123000000000.0 798214000000000.0 2376860000000000.0 -4.3 4.283 [-4.3]
3.38853e+17 2.16605e+21 339614000000000.0 2.69036e+16 1.41681e+16 31740200000000.0 5559850000000000.0 1048000000000000.0 42648500000.0 6.85113e+16 2028020000000000.0 706226000000000.0 397531000000.0 23528500000000.0 741690000000000.0 767062000000000.0 2279940000000000.0 -4.28 4.282 [-4.28]
3.38871e+17 2.05714e+21 343297000000000.0 2.62054e+16 1.33239e+16 32362900000000.0 5449850000000000.0 967670000000000.0 45270000000.0 6.5573e+16 1808910000000000.0 605337000000000.0 410455000000.0 23691700000000.0 734204000000000.0 737318000000000.0 2188250000000000.0 -4.26 4.28 [-4.26]
3.38845e+17 1.95347e+21 346793000000000.0 2.55062e+16 1.25205e+16 32981600000000.0 5337640000000000.0 892145000000000.0 48081600000.0 6.27476e+16 1611590000000000.0 518279000000000.0 423726000000.0 23839600000000.0 726448000000000.0 708670000000000.0 2100630000000000.0 -4.24 4.279 [-4.24]
3.38858e+17 1.85504e+21 350045000000000.0 2.48098e+16 1.17599e+16 33589400000000.0 5224320000000000.0 821427000000000.0 51097300000.0 6.00393e+16 1434120000000000.0 443184000000000.0 437268000000.0 23969500000000.0 718452000000000.0 681467000000000.0 2016950000000000.0 -4.22 4.277 [-4.22]
3.38873e+17 1.76163e+21 353209000000000.0 2.41179e+16 1.10388e+16 34209100000000.0 5109820000000000.0 755360000000000.0 54352700000.0 5.74433e+16 1274950000000000.0 378618000000000.0 451240000000.0 24091000000000.0 710384000000000.0 655392000000000.0 1936980000000000.0 -4.2 4.276 [-4.2]
3.38847e+17 1.67294e+21 356141000000000.0 2.34306e+16 1.03557e+16 34814100000000.0 4994360000000000.0 693695000000000.0 57824500000.0 5.49549e+16 1132120000000000.0 323078000000000.0 465512000000.0 24199500000000.0 702190000000000.0 630487000000000.0 1860290000000000.0 -4.18 4.275 [-4.18]
3.38864e+17 1.58879e+21 359003000000000.0 2.27498e+16 9709350000000000.0 35430300000000.0 4878480000000000.0 636337000000000.0 61581600000.0 5.25736e+16 1004070000000000.0 275323000000000.0 480187000000.0 24298600000000.0 693978000000000.0 606929000000000.0 1786580000000000.0 -4.16 4.273 [-4.16]
3.38868e+17 1.50869e+21 361634000000000.0 2.20721e+16 9096790000000000.0 36040800000000.0 4761200000000000.0 583073000000000.0 65617600000.0 5.0285e+16 889198000000000.0 234320000000000.0 495126000000.0 24386800000000.0 685662000000000.0 584377000000000.0 1715500000000000.0 -4.14 4.272 [-4.14]
3.38851e+17 1.43281e+21 364111000000000.0 2.14036e+16 8518490000000000.0 36646600000000.0 4643910000000000.0 533779000000000.0 69943400000.0 4.80976e+16 786536000000000.0 199215000000000.0 510475000000.0 24471700000000.0 677478000000000.0 562977000000000.0 1647030000000000.0 -4.12 4.27 [-4.12]
3.38864e+17 1.36057e+21 366350000000000.0 2.074e+16 7971470000000000.0 37244200000000.0 4525920000000000.0 488078000000000.0 74600800000.0 4.59968e+16 694931000000000.0 169122000000000.0 526004000000.0 24544700000000.0 669202000000000.0 542721000000000.0 1580610000000000.0 -4.1 4.269 [-4.1]
3.38849e+17 1.29204e+21 368433000000000.0 2.00858e+16 7454810000000000.0 37837100000000.0 4407960000000000.0 445835000000000.0 79594900000.0 4.39871e+16 613392000000000.0 143404000000000.0 541885000000.0 24615200000000.0 661055000000000.0 523451000000000.0 1516330000000000.0 -4.08 4.267 [-4.08]
3.38854e+17 1.22707e+21 370416000000000.0 1.94421e+16 6967960000000000.0 38436800000000.0 4290520000000000.0 406882000000000.0 84980500000.0 4.20659e+16 540969000000000.0 121477000000000.0 558147000000.0 24686800000000.0 653128000000000.0 505223000000000.0 1453960000000000.0 -4.06 4.266 [-4.06]
3.38866e+17 1.16524e+21 372272000000000.0 1.88055e+16 6507800000000000.0 39041800000000.0 4172820000000000.0 370919000000000.0 90795100000.0 4.02199e+16 476625000000000.0 102779000000000.0 574596000000.0 24750000000000.0 645154000000000.0 487878000000000.0 1393100000000000.0 -4.04 4.264 [-4.04]
3.38851e+17 1.10664e+21 373908000000000.0 1.81801e+16 6075260000000000.0 39634600000000.0 4055820000000000.0 337870000000000.0 97008500000.0 3.8454e+16 419624000000000.0 86881100000000.0 591243000000.0 24811100000000.0 637320000000000.0 471431000000000.0 1333920000000000.0 -4.02 4.262 [-4.02]
3.38867e+17 1.05086e+21 375369000000000.0 1.75635e+16 5667110000000000.0 40226400000000.0 3939130000000000.0 307405000000000.0 103725000000.0 3.67607e+16 369012000000000.0 73329100000000.0 608048000000.0 24870300000000.0 629586000000000.0 455855000000000.0 1276010000000000.0 -4.0 4.261 [-4.0]
3.38845e+17 9.97842e+20 376646000000000.0 1.69568e+16 5282810000000000.0 40814800000000.0 3822920000000000.0 279421000000000.0 110923000000.0 3.51361e+16 324194000000000.0 61809000000000.0 624890000000.0 24923000000000.0 621847000000000.0 440972000000000.0 1219420000000000.0 -3.98 4.259 [-3.98]
3.38859e+17 9.47511e+20 377797000000000.0 1.63623e+16 4921350000000000.0 41406000000000.0 3707880000000000.0 253717000000000.0 118707000000.0 3.35838e+16 284518000000000.0 52032400000000.0 642001000000.0 24983200000000.0 614407000000000.0 426881000000000.0 1164030000000000.0 -3.96 4.258 [-3.96]
3.38866e+17 8.99702e+20 378802000000000.0 1.57793e+16 4581520000000000.0 41998700000000.0 3593790000000000.0 230163000000000.0 127077000000.0 3.20961e+16 249464000000000.0 43755100000000.0 659120000000.0 25039500000000.0 606993000000000.0 413418000000000.0 1109860000000000.0 -3.94 4.256 [-3.94]
3.38853e+17 8.54396e+20 379692000000000.0 1.52102e+16 4262840000000000.0 42595600000000.0 3481330000000000.0 208618000000000.0 136091000000.0 3.06766e+16 218541000000000.0 36758200000000.0 676369000000.0 25100700000000.0 599802000000000.0 400605000000000.0 1056860000000000.0 -3.92 4.254 [-3.92]
3.38876e+17 8.11317e+20 380408000000000.0 1.46525e+16 3963620000000000.0 43192200000000.0 3370050000000000.0 188900000000000.0 145838000000.0 2.93157e+16 191262000000000.0 30846000000000.0 693454000000.0 25160200000000.0 592647000000000.0 388396000000000.0 1004860000000000.0 -3.9 4.253 [-3.9]
3.3885e+17 7.70308e+20 380973000000000.0 1.41057e+16 3682490000000000.0 43787100000000.0 3259680000000000.0 170875000000000.0 156270000000.0 2.8007e+16 167209000000000.0 25846700000000.0 710362000000.0 25212100000000.0 585374000000000.0 376559000000000.0 953945000000000.0 -3.88 4.251 [-3.88]
3.38857e+17 7.31377e+20 381410000000000.0 1.35723e+16 3419100000000000.0 44388100000000.0 3150930000000000.0 154438000000000.0 167538000000.0 2.67548e+16 146052000000000.0 21633800000000.0 727113000000.0 25265100000000.0 578183000000000.0 365180000000000.0 904142000000000.0 -3.86 4.249 [-3.86]
3.38845e+17 6.94468e+20 381739000000000.0 1.3053e+16 3172940000000000.0 44995600000000.0 3044120000000000.0 139472000000000.0 179650000000.0 2.55579e+16 127458000000000.0 18090200000000.0 743689000000.0 25316900000000.0 570999000000000.0 354211000000000.0 855561000000000.0 -3.84 4.248 [-3.84]
3.38858e+17 6.5938e+20 381910000000000.0 1.25463e+16 2942490000000000.0 45605200000000.0 2938960000000000.0 125837000000000.0 192716000000.0 2.44109e+16 111115000000000.0 15108900000000.0 759914000000.0 25366700000000.0 563792000000000.0 343607000000000.0 808072000000000.0 -3.82 4.246 [-3.82]
3.38871e+17 6.26005e+20 382017000000000.0 1.20524e+16 2726310000000000.0 46226500000000.0 2835430000000000.0 113417000000000.0 206844000000.0 2.33108e+16 96768400000000.0 12606900000000.0 775868000000.0 25416500000000.0 556561000000000.0 333257000000000.0 761656000000000.0 -3.8 4.244 [-3.8]
3.3885e+17 5.94335e+20 381952000000000.0 1.15722e+16 2524800000000000.0 46848500000000.0 2733910000000000.0 102146000000000.0 221981000000.0 2.22578e+16 84196600000000.0 10507700000000.0 791252000000.0 25457900000000.0 549155000000000.0 323185000000000.0 716577000000000.0 -3.78 4.242 [-3.78]
3.38863e+17 5.64266e+20 381843000000000.0 1.11061e+16 2336340000000000.0 47487900000000.0 2634510000000000.0 91905900000000.0 238374000000.0 2.12509e+16 73174700000000.0 8747230000000.0 806361000000.0 25503000000000.0 541785000000000.0 313323000000000.0 672730000000000.0 -3.76 4.24 [-3.76]
3.38848e+17 5.35683e+20 381576000000000.0 1.06526e+16 2160590000000000.0 48131400000000.0 2537040000000000.0 82623400000000.0 256008000000.0 2.02852e+16 63535600000000.0 7274430000000.0 820755000000.0 25539000000000.0 534173000000000.0 303658000000000.0 630216000000000.0 -3.74 4.239 [-3.74]
3.3887e+17 5.0862e+20 381275000000000.0 1.02145e+16 1997000000000000.0 48795000000000.0 2442130000000000.0 74218000000000.0 275045000000.0 1.93646e+16 55103000000000.0 6041310000000.0 834765000000.0 25576900000000.0 526545000000000.0 294177000000000.0 589173000000000.0 -3.72 4.237 [-3.72]
3.38849e+17 4.82791e+20 380782000000000.0 9787220000000000.0 1844060000000000.0 49459900000000.0 2348760000000000.0 66599600000000.0 295554000000.0 1.84776e+16 47737000000000.0 5011550000000.0 847825000000.0 25602100000000.0 518582000000000.0 284780000000000.0 549420000000000.0 -3.7 4.235 [-3.7]
3.38877e+17 4.58397e+20 380254000000000.0 9375920000000000.0 1702330000000000.0 50146200000000.0 2258270000000000.0 59732700000000.0 317675000000.0 1.76339e+16 41324000000000.0 4153730000000.0 860352000000.0 25627300000000.0 510555000000000.0 275563000000000.0 511329000000000.0 -3.68 4.233 [-3.68]
3.3885e+17 4.35097e+20 379629000000000.0 8975390000000000.0 1569570000000000.0 50846000000000.0 2169390000000000.0 53503300000000.0 341544000000.0 1.6821e+16 35715200000000.0 3436880000000.0 872007000000.0 25642800000000.0 502211000000000.0 266339000000000.0 474604000000000.0 -3.66 4.231 [-3.66]
3.3888e+17 4.13081e+20 378956000000000.0 8590110000000000.0 1446760000000000.0 51568800000000.0 2083340000000000.0 47898900000000.0 367314000000.0 1.60468e+16 30844100000000.0 2841530000000.0 882966000000.0 25655700000000.0 493726000000000.0 257279000000000.0 439603000000000.0 -3.64 4.229 [-3.64]
3.3886e+17 3.92119e+20 378150000000000.0 8216650000000000.0 1332390000000000.0 52301600000000.0 1999290000000000.0 42840300000000.0 395034000000.0 1.53034e+16 26603300000000.0 2346010000000.0 892939000000.0 25658300000000.0 484940000000000.0 248253000000000.0 406155000000000.0 -3.62 4.227 [-3.62]
3.38876e+17 3.72134e+20 377288000000000.0 7854570000000000.0 1225620000000000.0 53058600000000.0 1917170000000000.0 38272100000000.0 425147000000.0 1.45885e+16 22913000000000.0 1934120000000.0 901987000000.0 25655900000000.0 475903000000000.0 239235000000000.0 374203000000000.0 -3.6 4.225 [-3.6]
3.38855e+17 3.53241e+20 376392000000000.0 7506770000000000.0 1126900000000000.0 53836100000000.0 1837750000000000.0 34174400000000.0 457460000000.0 1.39069e+16 19721600000000.0 1593770000000.0 910250000000.0 25646800000000.0 466673000000000.0 230298000000000.0 344062000000000.0 -3.58 4.224 [-3.58]
3.38845e+17 3.35281e+20 375362000000000.0 7170850000000000.0 1035390000000000.0 54631000000000.0 1760590000000000.0 30486600000000.0 492330000000.0 1.32541e+16 16947800000000.0 1310740000000.0 917404000000.0 25629200000000.0 457166000000000.0 221457000000000.0 315552000000000.0 -3.56 4.222 [-3.56]
3.38868e+17 3.18305e+20 374343000000000.0 6848710000000000.0 950830000000000.0 55458100000000.0 1686120000000000.0 27180300000000.0 529967000000.0 1.26318e+16 14550900000000.0 1077210000000.0 923786000000.0 25609400000000.0 447505000000000.0 212729000000000.0 288798000000000.0 -3.54 4.22 [-3.54]
3.38854e+17 3.02153e+20 373206000000000.0 6537670000000000.0 872437000000000.0 56302500000000.0 1613750000000000.0 24212200000000.0 570483000000.0 1.20347e+16 12476800000000.0 884000000000.0 929005000000.0 25578600000000.0 437573000000000.0 204060000000000.0 263660000000000.0 -3.52 4.218 [-3.52]
3.38845e+17 2.86773e+20 372006000000000.0 6237380000000000.0 799666000000000.0 57173900000000.0 1543430000000000.0 21544900000000.0 614302000000.0 1.14612e+16 10681800000000.0 724341000000.0 933179000000.0 25542200000000.0 427399000000000.0 195451000000000.0 240084000000000.0 -3.5 4.216 [-3.5]
3.38849e+17 2.71998e+20 370654000000000.0 5944730000000000.0 731804000000000.0 58063600000000.0 1474410000000000.0 19138900000000.0 661559000000.0 1.09043e+16 9123850000000.0 591868000000.0 936102000000.0 25491300000000.0 416851000000000.0 186834000000000.0 217901000000000.0 -3.48 4.214 [-3.48]
3.38866e+17 2.58231e+20 369364000000000.0 5668810000000000.0 670075000000000.0 58994800000000.0 1409060000000000.0 17010300000000.0 712482000000.0 1.03824e+16 7794820000000.0 484040000000.0 938385000000.0 25447200000000.0 406421000000000.0 178504000000000.0 197584000000000.0 -3.46 4.212 [-3.46]
3.38865e+17 2.45121e+20 368007000000000.0 5402820000000000.0 612907000000000.0 59953300000000.0 1345710000000000.0 15100600000000.0 767374000000.0 9881140000000000.0 6647250000000.0 395116000000.0 939659000000.0 25398200000000.0 395817000000000.0 170266000000000.0 178715000000000.0 -3.44 4.21 [-3.44]
3.38852e+17 2.3266e+20 366579000000000.0 5146950000000000.0 560140000000000.0 60942800000000.0 1284430000000000.0 13392800000000.0 826581000000.0 9400500000000000.0 5659710000000.0 322025000000.0 939838000000.0 25343900000000.0 385068000000000.0 162161000000000.0 161279000000000.0 -3.42 4.207 [-3.42]
3.38847e+17 2.20838e+20 365059000000000.0 4901390000000000.0 511610000000000.0 61958000000000.0 1225300000000000.0 11869400000000.0 890316000000.0 8940500000000000.0 4812650000000.0 262131000000.0 938972000000.0 25286100000000.0 374203000000000.0 154251000000000.0 145237000000000.0 -3.4 4.205 [-3.4]
3.38878e+17 2.09647e+20 363564000000000.0 4666460000000000.0 466909000000000.0 63017300000000.0 1168420000000000.0 10512400000000.0 959201000000.0 8501090000000000.0 4087960000000.0 213223000000.0 937342000000.0 25230500000000.0 363360000000000.0 146493000000000.0 130539000000000.0 -3.38 4.203 [-3.38]
3.3886e+17 1.99025e+20 361974000000000.0 4441160000000000.0 425782000000000.0 64097600000000.0 1113540000000000.0 9304840000000.0 1033090000000.0 8080170000000000.0 3468990000000.0 173334000000.0 934686000000.0 25168800000000.0 352483000000000.0 138904000000000.0 117104000000000.0 -3.36 4.201 [-3.36]
3.38851e+17 1.88895e+20 360308000000000.0 4224120000000000.0 387827000000000.0 65211300000000.0 1060440000000000.0 8223100000000.0 1112810000000.0 7675470000000000.0 2935780000000.0 140489000000.0 931026000000.0 25107300000000.0 341517000000000.0 131504000000000.0 104791000000000.0 -3.34 4.199 [-3.34]
3.38846e+17 1.79313e+20 358577000000000.0 4016830000000000.0 353092000000000.0 66356700000000.0 1009450000000000.0 7264480000000.0 1198510000000.0 7289060000000000.0 2482580000000.0 113821000000.0 926436000000.0 25045200000000.0 330598000000000.0 124345000000000.0 93625900000000.0 -3.32 4.197 [-3.32]
3.38878e+17 1.70282e+20 356868000000000.0 3819750000000000.0 321338000000000.0 67544500000000.0 960715000000000.0 6415490000000.0 1290650000000.0 6921690000000000.0 2097590000000.0 92176300000.0 921273000000.0 24987300000000.0 319846000000000.0 117432000000000.0 83543600000000.0 -3.3 4.195 [-3.3]
3.38868e+17 1.61659e+20 355013000000000.0 3629870000000000.0 292111000000000.0 68752200000000.0 913521000000000.0 5658550000000.0 1389570000000.0 6567680000000000.0 1768570000000.0 74496200000.0 914962000000.0 24926300000000.0 309052000000000.0 110729000000000.0 74381400000000.0 -3.28 4.193 [-3.28]
3.38858e+17 1.53461e+20 353088000000000.0 3447870000000000.0 265276000000000.0 69990600000000.0 868051000000000.0 4985730000000.0 1495920000000.0 6228130000000000.0 1488460000000.0 60113900000.0 907789000000.0 24867000000000.0 298332000000000.0 104248000000000.0 66099100000000.0 -3.26 4.19 [-3.26]
3.38851e+17 1.45682e+20 351136000000000.0 3273820000000000.0 240647000000000.0 71261900000000.0 824344000000000.0 4388080000000.0 1610090000000.0 5903070000000000.0 1250300000000.0 48429100000.0 899959000000.0 24809600000000.0 287761000000000.0 97983100000000.0 58634900000000.0 -3.24 4.188 [-3.24]
3.38846e+17 1.38307e+20 349095000000000.0 3107570000000000.0 218190000000000.0 72563400000000.0 782369000000000.0 3860240000000.0 1732700000000.0 5591960000000000.0 1049260000000.0 38998100000.0 891247000000.0 24755300000000.0 277308000000000.0 91992000000000.0 51942100000000.0 -3.22 4.186 [-3.22]
3.3888e+17 1.31318e+20 347015000000000.0 2948890000000000.0 197653000000000.0 73896900000000.0 742104000000000.0 3392340000000.0 1864250000000.0 5294570000000000.0 878776000000.0 31348300000.0 881912000000.0 24707600000000.0 267025000000000.0 86257200000000.0 45941900000000.0 -3.2 4.184 [-3.2]
3.38868e+17 1.24656e+20 344818000000000.0 2796680000000000.0 178820000000000.0 75241600000000.0 703285000000000.0 2976950000000.0 2004680000000.0 5008780000000000.0 734181000000.0 25142900000.0 871786000000.0 24658700000000.0 256869000000000.0 80743600000000.0 40558500000000.0 -3.18 4.182 [-3.18]
3.3886e+17 1.18351e+20 342589000000000.0 2651640000000000.0 161683000000000.0 76622100000000.0 666086000000000.0 2611160000000.0 2155350000000.0 4735520000000000.0 612896000000.0 20165200000.0 861041000000.0 24614600000000.0 246927000000000.0 75486900000000.0 35766200000000.0 -3.16 4.179 [-3.16]
3.38849e+17 1.12304e+20 340184000000000.0 2511790000000000.0 145915000000000.0 78004200000000.0 630034000000000.0 2285580000000.0 2316520000000.0 4471450000000000.0 509895000000.0 16119800000.0 849376000000.0 24569600000000.0 237070000000000.0 70432000000000.0 31459600000000.0 -3.14 4.177 [-3.14]
3.38847e+17 1.06651e+20 337856000000000.0 2380280000000000.0 131705000000000.0 79419500000000.0 595957000000000.0 2000640000000.0 2487910000000.0 4222410000000000.0 423998000000.0 12889000000.0 837681000000.0 24535500000000.0 227588000000000.0 65682000000000.0 27675300000000.0 -3.12 4.175 [-3.12]
3.38845e+17 1.01286e+20 335463000000000.0 2254810000000000.0 118775000000000.0 80850400000000.0 563266000000000.0 1749590000000.0 2670730000000.0 3983960000000000.0 351996000000.0 10295200000.0 825429000000.0 24505000000000.0 218321000000000.0 61173200000000.0 24316100000000.0 -3.1 4.173 [-3.1]
3.3888e+17 9.61911e+19 332998000000000.0 2135100000000000.0 107001000000000.0 82292400000000.0 531907000000000.0 1528140000000.0 2865710000000.0 3755690000000000.0 291575000000.0 8209140000.0 812683000000.0 24481300000000.0 209268000000000.0 56900500000000.0 21335200000000.0 -3.08 4.17 [-3.08]
3.38874e+17 9.135e+19 330440000000000.0 2020860000000000.0 96293500000000.0 83729800000000.0 501823000000000.0 1333120000000.0 3072460000000.0 3537100000000000.0 241036000000.0 6536460000.0 799450000000.0 24457300000000.0 200440000000000.0 52850500000000.0 18696600000000.0 -3.06 4.168 [-3.06]
3.38867e+17 8.67512e+19 327797000000000.0 1911910000000000.0 86565800000000.0 85162100000000.0 472979000000000.0 1161530000000.0 3291830000000.0 3327880000000000.0 198829000000.0 5196640000.0 785778000000.0 24436500000000.0 191840000000000.0 49023200000000.0 16363900000000.0 -3.04 4.166 [-3.04]
3.38863e+17 8.24018e+19 325125000000000.0 1808460000000000.0 77766100000000.0 86596700000000.0 445441000000000.0 1011170000000.0 3524500000000.0 3128400000000000.0 163775000000.0 4128810000.0 771851000000.0 24418700000000.0 183517000000000.0 45419300000000.0 14311900000000.0 -3.02 4.164 [-3.02]
3.38859e+17 7.82674e+19 322363000000000.0 1709820000000000.0 69779100000000.0 88009200000000.0 419052000000000.0 878937000000.0 3770310000000.0 2937600000000000.0 134549000000.0 3273620000.0 757553000000.0 24405000000000.0 175417000000000.0 42026100000000.0 12501500000000.0 -3.0 4.161 [-3.0]
3.38856e+17 7.43494e+19 319537000000000.0 1616060000000000.0 62555000000000.0 89399300000000.0 393840000000000.0 763121000000.0 4029650000000.0 2755590000000000.0 110341000000.0 2593170000.0 743033000000.0 24392100000000.0 167581000000000.0 38835000000000.0 10910700000000.0 -2.98 4.159 [-2.98]
3.38852e+17 7.06215e+19 316615000000000.0 1526630000000000.0 56010900000000.0 90757500000000.0 369678000000000.0 661510000000.0 4303080000000.0 2581430000000000.0 90243500000.0 2049920000.0 728168000000.0 24381300000000.0 159961000000000.0 35839000000000.0 9510350000000.0 -2.96 4.157 [-2.96]
3.3885e+17 6.70807e+19 313613000000000.0 1441520000000000.0 50094800000000.0 92077000000000.0 346571000000000.0 572566000000.0 4590740000000.0 2415140000000000.0 73627700000.0 1606790000.0 713069000000.0 24371400000000.0 152579000000000.0 33029800000000.0 8280910000000.0 -2.94 4.155 [-2.94]
3.38847e+17 6.37174e+19 310527000000000.0 1360530000000000.0 44752000000000.0 93348900000000.0 324487000000000.0 494802000000.0 4892720000000.0 2256460000000000.0 59920700000.0 1240980000.0 697771000000.0 24361700000000.0 145434000000000.0 30399600000000.0 7202860000000.0 -2.92 4.152 [-2.92]
3.38845e+17 6.05197e+19 307358000000000.0 1283420000000000.0 39929100000000.0 94562300000000.0 303379000000000.0 426862000000.0 5209100000000.0 2105050000000000.0 48635100000.0 948949000.0 682283000000.0 24351900000000.0 138515000000000.0 27939700000000.0 6258120000000.0 -2.9 4.15 [-2.9]
3.38878e+17 5.74848e+19 304126000000000.0 1210150000000000.0 35584000000000.0 95717600000000.0 283245000000000.0 367624000000.0 5540610000000.0 1960870000000000.0 39369200000.0 729273000.0 666697000000.0 24343700000000.0 131833000000000.0 25644800000000.0 5431760000000.0 -2.88 4.148 [-2.88]
3.38871e+17 5.46017e+19 300801000000000.0 1140520000000000.0 31676400000000.0 96793000000000.0 264049000000000.0 316078000000.0 5885730000000.0 1823610000000000.0 31787300000.0 539870000.0 650987000000.0 24329700000000.0 125383000000000.0 23506600000000.0 4710330000000.0 -2.86 4.146 [-2.86]
3.38866e+17 5.18739e+19 297413000000000.0 1074630000000000.0 28175100000000.0 97772200000000.0 245843000000000.0 271391000000.0 6242620000000.0 1693800000000000.0 25613700000.0 409248000.0 635292000000.0 24315800000000.0 119182000000000.0 21525000000000.0 4082720000000.0 -2.84 4.143 [-2.84]
3.38862e+17 4.92805e+19 293943000000000.0 1012010000000000.0 25028300000000.0 98654400000000.0 228509000000000.0 232560000000.0 6612820000000.0 1570440000000000.0 20578500000.0 288374000.0 619548000000.0 24298200000000.0 113199000000000.0 19682100000000.0 3535040000000.0 -2.82 4.141 [-2.82]
3.38857e+17 4.68244e+19 290397000000000.0 952743000000000.0 22213600000000.0 99425900000000.0 212088000000000.0 198993000000.0 6994150000000.0 1453870000000000.0 16496300000.0 206829000.0 603833000000.0 24277100000000.0 107452000000000.0 17978200000000.0 3059140000000.0 -2.8 4.139 [-2.8]
3.38854e+17 4.4482e+19 286781000000000.0 896269000000000.0 19681800000000.0 100089000000000.0 196437000000000.0 169823000000.0 7389530000000.0 1342940000000000.0 13174200000.0 142500000.0 588101000000.0 24247700000000.0 101901000000000.0 16391600000000.0 2643570000000.0 -2.78 4.137 [-2.78]
3.3885e+17 4.22653e+19 283085000000000.0 842926000000000.0 17423700000000.0 100618000000000.0 181668000000000.0 144711000000.0 7793730000000.0 1238580000000000.0 10497500000.0 0.0 572464000000.0 24212500000000.0 96581500000000.0 14930500000000.0 2283440000000.0 -2.76 4.135 [-2.76]
3.38847e+17 4.01446e+19 279271000000000.0 792009000000000.0 15395000000000.0 101001000000000.0 167607000000000.0 122953000000.0 8208780000000.0 1139510000000000.0 8329940000.0 0.0 556736000000.0 24175400000000.0 91421800000000.0 13575500000000.0 1968960000000.0 -2.74 4.132 [-2.74]
3.38845e+17 3.81432e+19 275415000000000.0 744074000000000.0 13593300000000.0 101245000000000.0 154407000000000.0 104319000000.0 8630910000000.0 1046760000000000.0 6596760000.0 0.0 541241000000.0 24125900000000.0 86506000000000.0 12331400000000.0 1697530000000.0 -2.72 4.13 [-2.72]
3.38878e+17 3.62458e+19 271523000000000.0 698739000000000.0 11988700000000.0 101349000000000.0 141977000000000.0 88322100000.0 9061630000000.0 959658000000000.0 5208980000.0 0.0 525921000000.0 24070000000000.0 81796600000000.0 11187100000000.0 1462410000000.0 -2.7 4.128 [-2.7]
3.38872e+17 3.44425e+19 267541000000000.0 655818000000000.0 10561600000000.0 101282000000000.0 130290000000000.0 74626500000.0 9495780000000.0 878060000000000.0 4102120000.0 0.0 510700000000.0 24005800000000.0 77274500000000.0 10136600000000.0 1258930000000.0 -2.68 4.125 [-2.68]
3.38867e+17 3.27283e+19 263483000000000.0 615186000000000.0 9291940000000.0 101047000000000.0 119314000000000.0 62907600000.0 9933530000000.0 801702000000000.0 3220100000.0 0.0 495621000000.0 23932100000000.0 72936800000000.0 9172130000000.0 1082730000000.0 -2.66 4.123 [-2.66]
3.38862e+17 3.10928e+19 259340000000000.0 576594000000000.0 8160620000000.0 100644000000000.0 108990000000000.0 52876000000.0 10375700000000.0 730081000000000.0 2517750000.0 0.0 480636000000.0 23848200000000.0 68762700000000.0 8285370000000.0 929886000000.0 -2.64 4.121 [-2.64]
3.38857e+17 2.95472e+19 255157000000000.0 540308000000000.0 7161320000000.0 100077000000000.0 99388700000000.0 44369100000.0 10816900000000.0 663723000000000.0 1964150000.0 0.0 465939000000.0 23749800000000.0 64794100000000.0 7477100000000.0 798410000000.0 -2.62 4.119 [-2.62]
3.38853e+17 2.80789e+19 250912000000000.0 506030000000000.0 6276670000000.0 99341500000000.0 90437700000000.0 37146500000.0 11257600000000.0 602065000000000.0 1527830000.0 0.0 451444000000.0 23639100000000.0 61000200000000.0 6738800000000.0 684977000000.0 -2.6 4.117 [-2.6]
3.38849e+17 2.66821e+19 246609000000000.0 473620000000000.0 5493120000000.0 98438100000000.0 82103200000000.0 31019300000.0 11696200000000.0 544854000000000.0 1184300000.0 0.0 437152000000.0 23514200000000.0 57372400000000.0 6064530000000.0 587051000000.0 -2.58 4.114 [-2.58]
3.38847e+17 2.53562e+19 242252000000000.0 443065000000000.0 4801980000000.0 97366100000000.0 74384500000000.0 25848400000.0 12129200000000.0 492111000000000.0 915612000.0 0.0 423097000000.0 23379400000000.0 53909300000000.0 5451410000000.0 502753000000.0 -2.56 4.112 [-2.56]
3.38845e+17 2.41009e+19 237877000000000.0 414331000000000.0 4194090000000.0 96144300000000.0 67264400000000.0 21499500000.0 12555800000000.0 443637000000000.0 704367000.0 0.0 409349000000.0 23230800000000.0 50619700000000.0 4895190000000.0 430385000000.0 -2.54 4.11 [-2.54]
3.38877e+17 2.29052e+19 233449000000000.0 387173000000000.0 3657090000000.0 94767800000000.0 60677900000000.0 17832900000.0 12977100000000.0 398976000000000.0 535342000.0 0.0 395819000000.0 23071800000000.0 47473300000000.0 4389110000000.0 367951000000.0 -2.52 4.108 [-2.52]
3.38873e+17 2.17713e+19 228978000000000.0 361647000000000.0 3185900000000.0 93246100000000.0 54633900000000.0 14764700000.0 13387200000000.0 358142000000000.0 403380000.0 0.0 382577000000.0 22894100000000.0 44488900000000.0 3931200000000.0 314447000000.0 -2.5 4.106 [-2.5]
3.38867e+17 2.06951e+19 224478000000000.0 337636000000000.0 2772140000000.0 91591500000000.0 49093800000000.0 12198600000.0 13786500000000.0 320857000000000.0 302747000.0 0.0 369623000000.0 22700300000000.0 41655900000000.0 3516950000000.0 268530000000.0 -2.48 4.103 [-2.48]
3.38862e+17 1.96696e+19 219924000000000.0 314987000000000.0 2408540000000.0 89804100000000.0 44014400000000.0 10053600000.0 14174900000000.0 286808000000000.0 222684000.0 0.0 356902000000.0 22493300000000.0 38954800000000.0 3141960000000.0 229053000000.0 -2.46 4.101 [-2.46]
3.38856e+17 1.86957e+19 215350000000000.0 293697000000000.0 2090050000000.0 87904700000000.0 39382700000000.0 8268100000.0 14550500000000.0 255873000000000.0 162097000.0 0.0 344478000000.0 22269700000000.0 36395200000000.0 2803600000000.0 195230000000.0 -2.44 4.099 [-2.44]
3.38853e+17 1.77733e+19 210772000000000.0 273750000000000.0 1812210000000.0 85912300000000.0 35180200000000.0 6789120000.0 14912000000000.0 227913000000000.0 113769000.0 0.0 332388000000.0 22032400000000.0 33976900000000.0 2499490000000.0 166336000000.0 -2.42 4.097 [-2.42]
3.38851e+17 1.6903e+19 206226000000000.0 255132000000000.0 1570820000000.0 83850300000000.0 31389600000000.0 5569660000.0 15258100000000.0 202783000000000.0 81119700.0 0.0 320691000000.0 21779700000000.0 31706600000000.0 2227180000000.0 141751000000.0 -2.4 4.095 [-2.4]
3.38848e+17 1.60704e+19 201626000000000.0 237548000000000.0 1359040000000.0 81693100000000.0 27941500000000.0 4556990000.0 15589600000000.0 180033000000000.0 0.0 0.0 309195000000.0 21517600000000.0 29538000000000.0 1981420000000.0 120590000000.0 -2.38 4.093 [-2.38]
3.38848e+17 1.52858e+19 197079000000000.0 221172000000000.0 1175580000000.0 79497500000000.0 24849000000000.0 3725900000.0 15905000000000.0 159688000000000.0 0.0 0.0 298112000000.0 21239000000000.0 27511600000000.0 1762050000000.0 102631000000.0 -2.36 4.091 [-2.36]
3.38848e+17 1.45407e+19 192538000000000.0 205826000000000.0 1015990000000.0 77254000000000.0 22066300000000.0 3042160000.0 16204500000000.0 141450000000000.0 0.0 0.0 287336000000.0 20949500000000.0 25598700000000.0 1565580000000.0 87297400000.0 -2.34 4.088 [-2.34]
3.38848e+17 1.38338e+19 188014000000000.0 191469000000000.0 877320000000.0 74979300000000.0 19568900000000.0 2480530000.0 16488300000000.0 125132000000000.0 0.0 0.0 276882000000.0 20646000000000.0 23800700000000.0 1389910000000.0 74224100000.0 -2.32 4.086 [-2.32]
3.38848e+17 1.31625e+19 183504000000000.0 178034000000000.0 756908000000.0 72681400000000.0 17331200000000.0 2019970000.0 16756400000000.0 110561000000000.0 0.0 0.0 266731000000.0 20331900000000.0 22107600000000.0 1232930000000.0 63074000000.0 -2.3 4.084 [-2.3]
3.38848e+17 1.25243e+19 179008000000000.0 165458000000000.0 652392000000.0 70369100000000.0 15328700000000.0 1642630000.0 17009100000000.0 97560400000000.0 0.0 0.0 256875000000.0 20005300000000.0 20516000000000.0 1092740000000.0 53566400000.0 -2.28 4.082 [-2.28]
3.38848e+17 1.19182e+19 174537000000000.0 153706000000000.0 561839000000.0 68056100000000.0 13541900000000.0 1334240000.0 17246400000000.0 85996600000000.0 0.0 0.0 247324000000.0 19668800000000.0 19021600000000.0 967773000000.0 45469200000.0 -2.26 4.08 [-2.26]
3.38848e+17 1.13429e+19 170100000000000.0 142733000000000.0 483500000000.0 65753100000000.0 11951100000000.0 1082670000.0 17468800000000.0 75729500000000.0 0.0 0.0 238079000000.0 19322000000000.0 17622400000000.0 856547000000.0 38582100000.0 -2.24 4.078 [-2.24]
3.38848e+17 1.07964e+19 165698000000000.0 132491000000000.0 415775000000.0 63467200000000.0 10536800000000.0 877683000.0 17676700000000.0 66627100000000.0 0.0 0.0 229130000000.0 18966200000000.0 16312100000000.0 757621000000.0 32724700000.0 -2.22 4.076 [-2.22]
3.38848e+17 1.02779e+19 161342000000000.0 122947000000000.0 357337000000.0 61209800000000.0 9282650000000.0 711004000.0 17870400000000.0 58576600000000.0 0.0 0.0 220486000000.0 18602300000000.0 15088800000000.0 669800000000.0 27751000000.0 -2.2 4.074 [-2.2]
3.38848e+17 9.78503e+18 157026000000000.0 114041000000000.0 306881000000.0 58982400000000.0 8170490000000.0 575461000.0 18050700000000.0 51456100000000.0 0.0 0.0 212124000000.0 18231400000000.0 13944900000000.0 591796000000.0 23522500000.0 -2.18 4.072 [-2.18]
3.38848e+17 9.31711e+18 152762000000000.0 105748000000000.0 263407000000.0 56795000000000.0 7186710000000.0 465459000.0 18218100000000.0 45171100000000.0 0.0 0.0 204053000000.0 17853500000000.0 12879300000000.0 522653000000.0 19935000000.0 -2.16 4.07 [-2.16]
3.38848e+17 8.8724e+18 148549000000000.0 98021900000000.0 225957000000.0 54649800000000.0 6317240000000.0 376255000.0 18373000000000.0 39631600000000.0 0.0 0.0 196256000000.0 17471300000000.0 11884800000000.0 461370000000.0 16889000000.0 -2.14 4.068 [-2.14]
3.38848e+17 8.44972e+18 144390000000000.0 90828700000000.0 193724000000.0 52551700000000.0 5549470000000.0 303964000.0 18516300000000.0 34749900000000.0 0.0 0.0 188730000000.0 17084200000000.0 10959100000000.0 407108000000.0 14305000000.0 -2.12 4.066 [-2.12]
3.38848e+17 8.04859e+18 140298000000000.0 84144100000000.0 166028000000.0 50507800000000.0 4873110000000.0 245483000.0 18648400000000.0 30459100000000.0 0.0 0.0 181482000000.0 16694200000000.0 10099500000000.0 359138000000.0 12115900000.0 -2.1 4.064 [-2.1]
3.38848e+17 7.66743e+18 136269000000000.0 77929100000000.0 142230000000.0 48518400000000.0 4277350000000.0 198177000.0 18769900000000.0 26687500000000.0 0.0 0.0 174495000000.0 16301800000000.0 9301120000000.0 316730000000.0 10260600000.0 -2.08 4.062 [-2.08]
3.38848e+17 7.30532e+18 132308000000000.0 72154900000000.0 121802000000.0 46586200000000.0 3753140000000.0 159945000.0 18881500000000.0 23375300000000.0 0.0 0.0 167766000000.0 15908000000000.0 8560540000000.0 279272000000.0 8689190000.0 -2.06 4.06 [-2.06]
3.38848e+17 6.9613e+18 128418000000000.0 66793700000000.0 104279000000.0 44713100000000.0 3292360000000.0 129068000.0 18983700000000.0 20469900000000.0 0.0 0.0 161288000000.0 15513900000000.0 7874260000000.0 246206000000.0 7358670000.0 -2.04 4.058 [-2.04]
3.38848e+17 6.63469e+18 124606000000000.0 61821200000000.0 89260100000.0 42901700000000.0 2887730000000.0 104144000.0 19077100000000.0 17923000000000.0 0.0 0.0 155061000000.0 15120400000000.0 7239760000000.0 217044000000.0 6232910000.0 -2.02 4.056 [-2.02]
3.38848e+17 6.32428e+18 120868000000000.0 57207100000000.0 76387900000.0 41150600000000.0 2532410000000.0 84026100.0 19162300000000.0 15690600000000.0 0.0 0.0 149070000000.0 14728200000000.0 6652820000000.0 191321000000.0 5279930000.0 -2.0 4.054 [-2.0]
3.38848e+17 6.02933e+18 117208000000000.0 52929400000000.0 65364500000.0 39460700000000.0 2220670000000.0 67797500.0 19239800000000.0 13735400000000.0 0.0 0.0 143311000000.0 14338000000000.0 6110740000000.0 168648000000.0 4473670000.0 -1.98 4.052 [-1.98]
3.38848e+17 5.74915e+18 113630000000000.0 48965500000000.0 55927900000.0 37832400000000.0 1947290000000.0 54707700.0 19310000000000.0 12023700000000.0 0.0 0.0 137780000000.0 13950900000000.0 5610620000000.0 148671000000.0 3791600000.0 -1.96 4.05 [-1.96]
3.38848e+17 5.48295e+18 110134000000000.0 45294600000000.0 47853300000.0 36265100000000.0 1707650000000.0 44152900.0 19373500000000.0 10526200000000.0 0.0 0.0 132467000000.0 13568000000000.0 5149110000000.0 131073000000.0 3214410000.0 -1.94 4.048 [-1.94]
3.38848e+17 5.22965e+18 106717000000000.0 41891100000000.0 40941100000.0 34755800000000.0 1497460000000.0 35636700.0 19430800000000.0 9214350000000.0 0.0 0.0 127361000000.0 13188600000000.0 4723790000000.0 115564000000.0 2725960000.0 -1.92 4.046 [-1.92]
3.38848e+17 4.98892e+18 103383000000000.0 38740800000000.0 35029900000.0 33305500000000.0 1313310000000.0 28769900.0 19482200000000.0 8066900000000.0 0.0 0.0 122460000000.0 12814000000000.0 4332370000000.0 101910000000.0 2312750000.0 -1.9 4.045 [-1.9]
3.38848e+17 4.7601e+18 100134000000000.0 35825600000000.0 29975800000.0 31913100000000.0 1151990000000.0 23233300.0 19528100000000.0 7063460000000.0 0.0 0.0 117757000000.0 12445200000000.0 3972120000000.0 89886700000.0 1963090000.0 -1.88 4.043 [-1.88]
3.38848e+17 4.54278e+18 96973700000000.0 33131200000000.0 25657600000.0 30578500000000.0 1010770000000.0 18770200.0 19568900000000.0 6186450000000.0 0.0 0.0 113250000000.0 12082700000000.0 3641270000000.0 79307700000.0 1667360000.0 -1.86 4.041 [-1.86]
3.38848e+17 4.33604e+18 93896000000000.0 30637700000000.0 21964800000.0 29298000000000.0 887020000000.0 15169300.0 19604900000000.0 5419090000000.0 0.0 0.0 108926000000.0 11726500000000.0 3337160000000.0 69991000000.0 1416950000.0 -1.84 4.039 [-1.84]
3.38848e+17 4.13967e+18 90906500000000.0 28334400000000.0 18811000000.0 28072300000000.0 778725000000.0 12266200.0 19636600000000.0 4748440000000.0 0.0 0.0 104785000000.0 11377100000000.0 3058680000000.0 61796000000.0 1205220000.0 -1.82 4.037 [-1.82]
3.38848e+17 3.95242e+18 87993000000000.0 26200500000000.0 16110500000.0 26895100000000.0 683692000000.0 9920300.0 19664100000000.0 4161150000000.0 0.0 0.0 100804000000.0 11034700000000.0 2801740000000.0 54567400000.0 1025370000.0 -1.8 4.036 [-1.8]
3.38848e+17 3.77453e+18 85167200000000.0 24229900000000.0 13803700000.0 25769300000000.0 600505000000.0 7927000.0 19687700000000.0 3647730000000.0 0.0 0.0 96993400000.0 10699900000000.0 2566680000000.0 48207100000.0 873182000.0 -1.78 4.034 [-1.78]
3.38848e+17 3.60527e+18 82424100000000.0 22409000000000.0 11831800000.0 24691700000000.0 527620000000.0 6187510.0 19707800000000.0 3198680000000.0 0.0 0.0 93341500000.0 10372900000000.0 2350960000000.0 42605400000.0 744137000.0 -1.76 4.032 [-1.76]
3.38848e+17 3.44454e+18 79768600000000.0 20729400000000.0 10147800000.0 23662700000000.0 463825000000.0 4766170.0 19724500000000.0 2806280000000.0 0.0 0.0 89849200000.0 10054400000000.0 2153650000000.0 37676300000.0 634820000.0 -1.74 4.03 [-1.74]
3.38848e+17 3.2913e+18 77189400000000.0 19175200000000.0 8706110000.0 22676500000000.0 407849000000.0 3625130.0 19738000000000.0 2462500000000.0 0.0 0.0 86497600000.0 9743480000000.0 1972550000000.0 33329100000.0 541953000.0 -1.72 4.029 [-1.72]
3.38848e+17 3.14476e+18 74678300000000.0 17732800000000.0 7468310000.0 21728800000000.0 358584000000.0 2725560.0 19748700000000.0 2160720000000.0 0.0 0.0 83271600000.0 9440000000000.0 1805150000000.0 29483500000.0 462672000.0 -1.7 4.027 [-1.7]
3.38848e+17 3.00609e+18 72260900000000.0 16408400000000.0 6414590000.0 20828100000000.0 315601000000.0 1945300.0 19756600000000.0 1897580000000.0 0.0 0.0 80200500000.0 9145680000000.0 1653590000000.0 26110100000.0 395785000.0 -1.68 4.025 [-1.68]
3.38848e+17 2.87436e+18 69926700000000.0 15187400000000.0 5513740000.0 19969000000000.0 277940000000.0 0.0 19761900000000.0 1667420000000.0 0.0 0.0 77266200000.0 8860320000000.0 1515150000000.0 23138000000.0 338980000.0 -1.66 4.023 [-1.66]
3.38848e+17 2.74955e+18 67679600000000.0 14065400000000.0 4745460000.0 19151900000000.0 245024000000.0 0.0 19764700000000.0 1466540000000.0 0.0 0.0 74470700000.0 8584390000000.0 1389370000000.0 20525900000.0 290867000.0 -1.64 4.022 [-1.64]
3.38848e+17 2.62949e+18 65485200000000.0 13018300000000.0 4081900000.0 18363100000000.0 215901000000.0 0.0 19765300000000.0 1289170000000.0 0.0 0.0 71767100000.0 8314210000000.0 1272910000000.0 18203200000.0 249528000.0 -1.62 4.02 [-1.62]
3.38848e+17 2.51603e+18 63380500000000.0 12059000000000.0 3516670000.0 17615100000000.0 190468000000.0 0.0 19763800000000.0 1134570000000.0 0.0 0.0 69198900000.0 8054410000000.0 1167150000000.0 16163400000.0 214493000.0 -1.6 4.019 [-1.6]
3.38848e+17 2.40758e+18 61340300000000.0 11170000000000.0 3030910000.0 16897900000000.0 168075000000.0 0.0 19760200000000.0 998707000000.0 0.0 0.0 66732300000.0 7801970000000.0 1070060000000.0 14357700000.0 184533000.0 -1.58 4.017 [-1.58]
3.38848e+17 2.30432e+18 59371200000000.0 10349500000000.0 2614390000.0 16213000000000.0 148402000000.0 0.0 19754700000000.0 879577000000.0 0.0 0.0 64372600000.0 7557790000000.0 981301000000.0 12762500000.0 158959000.0 -1.56 4.015 [-1.56]
3.38848e+17 2.20674e+18 57486100000000.0 9597930000000.0 2259000000.0 15564000000000.0 131199000000.0 0.0 19747600000000.0 775637000000.0 0.0 0.0 62132900000.0 7323630000000.0 900747000000.0 11359700000.0 137222000.0 -1.54 4.014 [-1.54]
3.38848e+17 2.11265e+18 55645700000000.0 8895220000000.0 1950940000.0 14936500000000.0 115939000000.0 0.0 19738600000000.0 683570000000.0 0.0 0.0 59963900000.0 7094500000000.0 826294000000.0 10108400000.0 118463000.0 -1.52 4.012 [-1.52]
3.38848e+17 2.02395e+18 53889500000000.0 8253250000000.0 1688320000.0 14343400000000.0 102604000000.0 0.0 19728200000000.0 603346000000.0 0.0 0.0 57910800000.0 6875770000000.0 758753000000.0 9008790000.0 102506000.0 -1.5 4.011 [-1.5]
3.38848e+17 1.939e+18 52188000000000.0 7657320000000.0 1461690000.0 13774000000000.0 90826400000.0 0.0 19716200000000.0 532609000000.0 0.0 0.0 55936800000.0 6663460000000.0 696813000000.0 8032020000.0 88786500.0 -1.48 4.009 [-1.48]
3.38849e+17 1.85817e+18 50551000000000.0 7107730000000.0 1266900000.0 13230900000000.0 80461400000.0 0.0 19702900000000.0 470489000000.0 0.0 0.0 54051600000.0 6459020000000.0 640253000000.0 7167390000.0 77021400.0 -1.46 4.007 [-1.46]
3.38849e+17 1.78089e+18 48969000000000.0 6598610000000.0 1098880000.0 12710600000000.0 71312100000.0 0.0 19688100000000.0 415773000000.0 0.0 0.0 52242800000.0 6261290000000.0 588399000000.0 6399690000.0 66895500.0 -1.44 4.006 [-1.44]
3.38848e+17 1.70734e+18 47447700000000.0 6128940000000.0 954259000.0 12214200000000.0 63252200000.0 0.0 19672000000000.0 367686000000.0 0.0 0.0 50515300000.0 6071040000000.0 541046000000.0 5719330000.0 58192500.0 -1.42 4.004 [-1.42]
3.38848e+17 1.63717e+18 45982000000000.0 5694680000000.0 829486000.0 11739600000000.0 56138700000.0 0.0 19654700000000.0 325344000000.0 0.0 0.0 48862000000.0 5887660000000.0 497724000000.0 5115240000.0 50693700.0 -1.4 4.003 [-1.4]
3.38848e+17 1.57031e+18 44571700000000.0 5293620000000.0 721854000.0 11286500000000.0 49861800000.0 0.0 19636300000000.0 288075000000.0 0.0 0.0 47281500000.0 5711210000000.0 458099000000.0 4578940000.0 44229100.0 -1.38 4.002 [-1.38]
3.38848e+17 1.50659e+18 43215400000000.0 4923100000000.0 628909000.0 10853700000000.0 44319300000.0 0.0 19616800000000.0 255248000000.0 0.0 0.0 45770900000.0 5541490000000.0 421867000000.0 4102450000.0 38648500.0 -1.36 4.0 [-1.36]
3.38848e+17 1.44575e+18 41908800000000.0 4580210000000.0 548511000.0 10439600000000.0 39418500000.0 0.0 19596300000000.0 226297000000.0 0.0 0.0 44324300000.0 5378010000000.0 388676000000.0 3678470000.0 33821000.0 -1.34 3.999 [-1.34]
3.38848e+17 1.38785e+18 40654600000000.0 4263840000000.0 479053000.0 10044700000000.0 35091500000.0 0.0 19574800000000.0 200801000000.0 0.0 0.0 42943900000.0 5221110000000.0 358370000000.0 3301700000.0 29648500.0 -1.32 3.997 [-1.32]
3.38848e+17 1.33243e+18 39444100000000.0 3970270000000.0 418751000.0 9665880000000.0 31253800000.0 0.0 19552400000000.0 178254000000.0 0.0 0.0 41619200000.0 5069790000000.0 330489000000.0 2965470000.0 26021900.0 -1.3 3.996 [-1.3]
3.38848e+17 1.27957e+18 38280300000000.0 3698740000000.0 366481000.0 9303860000000.0 27856700000.0 0.0 19529200000000.0 158348000000.0 0.0 0.0 40352500000.0 4924360000000.0 304983000000.0 2665870000.0 22875000.0 -1.28 3.994 [-1.28]
3.38848e+17 1.22906e+18 37159500000000.0 3447140000000.0 321089000.0 8957160000000.0 24844900000.0 0.0 19505000000000.0 140750000000.0 0.0 0.0 39139000000.0 4784390000000.0 281573000000.0 2398490000.0 20137600.0 -1.26 3.993 [-1.26]
3.38848e+17 1.18086e+18 36082100000000.0 3214290000000.0 281664000.0 8625690000000.0 22175300000.0 0.0 19480100000000.0 125196000000.0 0.0 0.0 37978700000.0 4649930000000.0 260133000000.0 2159900000.0 17755400.0 -1.24 3.991 [-1.24]
3.38848e+17 1.13483e+18 35045500000000.0 2998580000000.0 247379000.0 8308390000000.0 19806800000.0 0.0 19454500000000.0 111437000000.0 0.0 0.0 36867900000.0 4520690000000.0 240458000000.0 1946760000.0 15678800.0 -1.22 3.99 [-1.22]
3.38848e+17 1.09086e+18 34048400000000.0 2798680000000.0 217527000.0 8004680000000.0 17703700000.0 0.0 19428200000000.0 99256200000.0 0.0 0.0 35804700000.0 4396490000000.0 222411000000.0 1756190000.0 13865800.0 -1.2 3.989 [-1.2]
3.38848e+17 1.04884e+18 33089100000000.0 2613350000000.0 191507000.0 7713840000000.0 15835100000.0 0.0 19401200000000.0 88466300000.0 0.0 0.0 34786800000.0 4277130000000.0 205838000000.0 1585670000.0 12280800.0 -1.18 3.987 [-1.18]
3.38848e+17 1.00867e+18 32165800000000.0 2441400000000.0 168800000.0 7435100000000.0 14173200000.0 0.0 19373700000000.0 78901200000.0 0.0 0.0 33811600000.0 4162380000000.0 190596000000.0 1432940000.0 10892500.0 -1.16 3.986 [-1.16]
3.38848e+17 9.70283e+17 31277800000000.0 2281890000000.0 148966000.0 7168150000000.0 12694600000.0 0.0 19345500000000.0 70417400000.0 0.0 0.0 32877900000.0 4052150000000.0 176603000000.0 1296080000.0 9675730.0 -1.14 3.984 [-1.14]
3.38848e+17 9.33584e+17 30423500000000.0 2133860000000.0 131625000.0 6912340000000.0 11378400000.0 0.0 19316800000000.0 62889200000.0 0.0 0.0 31983900000.0 3946260000000.0 163738000000.0 1173330000.0 8607480.0 -1.12 3.983 [-1.12]
3.38848e+17 8.98489e+17 29601500000000.0 1996400000000.0 116444000.0 6667140000000.0 10205700000.0 0.0 19287600000000.0 56204100000.0 0.0 0.0 31127400000.0 3844510000000.0 151905000000.0 1063150000.0 7668290.0 -1.1 3.982 [-1.1]
3.38848e+17 8.65012e+17 28812700000000.0 1869040000000.0 103161000.0 6432650000000.0 9161870000.0 0.0 19258100000000.0 50273200000.0 0.0 0.0 30309100000.0 3747020000000.0 141046000000.0 964302000.0 6842710.0 -1.08 3.98 [-1.08]
3.38849e+17 8.32959e+17 28053000000000.0 1750550000000.0 91497400.0 6207590000000.0 8229920000.0 0.0 19228100000000.0 44995600000.0 0.0 0.0 29524400000.0 3653280000000.0 131039000000.0 875379000.0 6114290.0 -1.06 3.979 [-1.06]
3.38849e+17 8.02227e+17 27320400000000.0 1640200000000.0 81241000.0 5991250000000.0 7396990000.0 0.0 19197700000000.0 40294900000.0 0.0 0.0 28770900000.0 3563040000000.0 121800000000.0 795277000.0 5470460.0 -1.04 3.978 [-1.04]
3.38849e+17 7.72765e+17 26614100000000.0 1537420000000.0 72215400.0 5783300000000.0 6652240000.0 0.0 19166900000000.0 36107500000.0 0.0 0.0 28047500000.0 3476210000000.0 113259000000.0 723089000.0 4900760.0 -1.02 3.976 [-1.02]
3.38849e+17 7.44593e+17 25934900000000.0 1441860000000.0 64273700.0 5583940000000.0 5986860000.0 0.0 19135800000000.0 32378400000.0 0.0 0.0 27354800000.0 3392860000000.0 105403000000.0 658058000.0 4396750.0 -1.0 3.975 [-1.0]
3.38849e+17 7.17614e+17 25281000000000.0 1352910000000.0 57274200.0 5392490000000.0 5391560000.0 0.0 19104400000000.0 29054300000.0 0.0 0.0 26690600000.0 3312780000000.0 98147900000.0 599394000.0 3949880.0 -0.98 3.974 [-0.98]
3.38849e+17 6.91913e+17 24654700000000.0 1270450000000.0 51115900.0 5209600000000.0 4860190000.0 0.0 19072900000000.0 26097400000.0 0.0 0.0 26057100000.0 3236230000000.0 91488900000.0 546569000.0 3554330.0 -0.96 3.972 [-0.96]
3.38848e+17 6.67136e+17 24047600000000.0 1193170000000.0 45655700.0 5032790000000.0 4382470000.0 0.0 19040900000000.0 23448600000.0 0.0 0.0 25445500000.0 3162200000000.0 85296400000.0 498685000.0 3201480.0 -0.94 3.971 [-0.94]
3.38848e+17 6.43403e+17 23463000000000.0 1121140000000.0 40827700.0 4862930000000.0 3954270000.0 0.0 19008800000000.0 21083000000.0 0.0 0.0 24859100000.0 3091080000000.0 79572100000.0 455391000.0 2887440.0 -0.92 3.97 [-0.92]
3.38849e+17 6.20669e+17 22900200000000.0 1053970000000.0 36553700.0 4699770000000.0 3570260000.0 0.0 18976600000000.0 18968500000.0 0.0 0.0 24296800000.0 3022750000000.0 74287400000.0 416216000.0 2607650.0 -0.9 3.968 [-0.9]
3.38849e+17 5.98853e+17 22357200000000.0 991246000000.0 32763400.0 4542700000000.0 3225330000.0 0.0 18944200000000.0 17076600000.0 0.0 0.0 23756600000.0 2957010000000.0 69384600000.0 380715000.0 2357790.0 -0.88 3.967 [-0.88]
3.38849e+17 5.7787e+17 21832200000000.0 932532000000.0 29394900.0 4391160000000.0 2914980000.0 0.0 18911600000000.0 15381000000.0 0.0 0.0 23236400000.0 2893620000000.0 64825000000.0 348489000.0 2134170.0 -0.86 3.966 [-0.86]
3.38849e+17 5.57799e+17 21327400000000.0 877817000000.0 26406500.0 4245760000000.0 2636460000.0 0.0 18879000000000.0 13864300000.0 0.0 0.0 22738400000.0 2832830000000.0 60618600000.0 319289000.0 1934400.0 -0.84 3.964 [-0.84]
3.38849e+17 5.38524e+17 20840100000000.0 826635000000.0 23747000.0 4105690000000.0 2385800000.0 0.0 18846400000000.0 12504200000.0 0.0 0.0 22259700000.0 2774310000000.0 56715200000.0 292760000.0 1755340.0 -0.82 3.963 [-0.82]
3.38849e+17 5.20051e+17 20370700000000.0 778832000000.0 21380800.0 3971010000000.0 2160370000.0 0.0 18813700000000.0 11285500000.0 0.0 0.0 21800500000.0 2718100000000.0 53096900000.0 268668000.0 1594840.0 -0.8 3.962 [-0.8]
3.38849e+17 5.02276e+17 19916700000000.0 734021000000.0 19268600.0 3841000000000.0 1957060000.0 0.0 18781000000000.0 10190700000.0 0.0 0.0 21358300000.0 2663900000000.0 49727900000.0 246730000.0 1450490.0 -0.78 3.96 [-0.78]
3.38849e+17 4.85284e+17 19480300000000.0 692235000000.0 17387800.0 3716330000000.0 1774430000.0 0.0 18748300000000.0 9209890000.0 0.0 0.0 20935200000.0 2611960000000.0 46628000000.0 226800000.0 1321050.0 -0.76 3.959 [-0.76]
3.38849e+17 4.68916e+17 19057700000000.0 653005000000.0 15704900.0 3595820000000.0 1609390000.0 0.0 18715700000000.0 8327580000.0 0.0 0.0 20527200000.0 2561840000000.0 43726600000.0 208619000.0 1204290.0 -0.74 3.958 [-0.74]
3.38849e+17 4.53191e+17 18649500000000.0 616250000000.0 14199700.0 3479660000000.0 1460500000.0 0.0 18683100000000.0 7534390000.0 0.0 0.0 20135000000.0 2513600000000.0 41029300000.0 192043000.0 1099040.0 -0.72 3.957 [-0.72]
3.38849e+17 4.38088e+17 18255400000000.0 581813000000.0 12852400.0 3367710000000.0 1326110000.0 0.0 18650600000000.0 6821180000.0 0.0 0.0 19758100000.0 2467190000000.0 38518800000.0 176921000.0 1004090.0 -0.7 3.955 [-0.7]
3.38849e+17 4.23548e+17 17873900000000.0 549470000000.0 11643700.0 3259570000000.0 1204590000.0 0.0 18618200000000.0 6178690000.0 0.0 0.0 19394900000.0 2422420000000.0 36175300000.0 163102000.0 918232.0 -0.68 3.954 [-0.68]
3.38849e+17 4.09579e+17 17505400000000.0 519141000000.0 10559500.0 3155330000000.0 1094810000.0 0.0 18585900000000.0 5600200000.0 0.0 0.0 19045800000.0 2379350000000.0 33995900000.0 150476000.0 840606.0 -0.66 3.953 [-0.66]
3.38849e+17 3.96146e+17 17149000000000.0 490667000000.0 9585570.0 3054730000000.0 995515000.0 0.0 18553700000000.0 5078840000.0 0.0 0.0 18709800000.0 2337860000000.0 31964000000.0 138928000.0 770313.0 -0.64 3.951 [-0.64]
3.38848e+17 3.83331e+17 16807000000000.0 464113000000.0 8713370.0 2958430000000.0 906110000.0 0.0 18521900000000.0 4610680000.0 0.0 0.0 18389000000.0 2298200000000.0 30091200000.0 128395000.0 706853.0 -0.62 3.95 [-0.62]
3.38848e+17 3.70895e+17 16473300000000.0 438971000000.0 7924730.0 2864680000000.0 824713000.0 0.0 18490100000000.0 4186220000.0 0.0 0.0 18077600000.0 2259680000000.0 28321200000.0 118709000.0 649003.0 -0.6 3.949 [-0.6]
3.38847e+17 3.58926e+17 16150200000000.0 415333000000.0 7214100.0 2774130000000.0 750965000.0 0.0 18458400000000.0 3802960000.0 0.0 0.0 17777700000.0 2222550000000.0 26667700000.0 109830000.0 596447.0 -0.58 3.948 [-0.58]
3.38847e+17 3.47402e+17 15837200000000.0 393095000000.0 6573090.0 2686640000000.0 684107000.0 0.0 18427000000000.0 3456660000.0 0.0 0.0 17488800000.0 2186750000000.0 25121800000.0 101683000.0 548648.0 -0.56 3.946 [-0.56]
3.38847e+17 3.36305e+17 15534000000000.0 372169000000.0 5994370.0 2602110000000.0 623470000.0 0.0 18395800000000.0 3143630000.0 0.0 0.0 17210400000.0 2152230000000.0 23676100000.0 94203500.0 505136.0 -0.54 3.945 [-0.54]
3.38847e+17 3.25618e+17 15240200000000.0 352467000000.0 5471370.0 2520430000000.0 568446000.0 0.0 18364800000000.0 2860470000.0 0.0 0.0 16942200000.0 2118940000000.0 22323600000.0 87331800.0 465486.0 -0.52 3.944 [-0.52]
3.38847e+17 3.15321e+17 14955200000000.0 333907000000.0 4998220.0 2441450000000.0 518485000.0 0.0 18334000000000.0 2604170000.0 0.0 0.0 16683600000.0 2086830000000.0 21057100000.0 81013300.0 429315.0 -0.5 3.942 [-0.5]
3.38847e+17 3.05398e+17 14678900000000.0 316416000000.0 4569790.0 2365090000000.0 473098000.0 0.0 18303500000000.0 2372070000.0 0.0 0.0 16434300000.0 2055850000000.0 19870000000.0 75199700.0 396289.0 -0.48 3.941 [-0.48]
3.38847e+17 2.95834e+17 14410800000000.0 299928000000.0 4181510.0 2291250000000.0 431852000.0 0.0 18273300000000.0 2161760000.0 0.0 0.0 16193900000.0 2025960000000.0 18757800000.0 69847000.0 366106.0 -0.46 3.94 [-0.46]
3.38847e+17 2.86612e+17 14150500000000.0 284374000000.0 3829260.0 2219800000000.0 394344000.0 0.0 18243400000000.0 1971080000.0 0.0 0.0 15962000000.0 1997110000000.0 17714300000.0 64914900.0 338493.0 -0.44 3.938 [-0.44]
3.38847e+17 2.7772e+17 13897700000000.0 269698000000.0 3509420.0 2150690000000.0 360224000.0 0.0 18213700000000.0 1798100000.0 0.0 0.0 15738200000.0 1969260000000.0 16735000000.0 60367400.0 313210.0 -0.42 3.937 [-0.42]
3.38848e+17 2.69148e+17 13652400000000.0 255851000000.0 3218830.0 2083850000000.0 329181000.0 0.0 18184400000000.0 1641140000.0 0.0 0.0 15522500000.0 1942380000000.0 15816700000.0 56172600.0 290045.0 -0.4 3.935 [-0.4]
3.38848e+17 2.60882e+17 13414000000000.0 242778000000.0 2954550.0 2019190000000.0 300918000.0 0.0 18155400000000.0 1498620000.0 0.0 0.0 15314400000.0 1916440000000.0 14954000000.0 52300100.0 245830.0 -0.38 3.934 [-0.38]
3.38847e+17 2.52897e+17 13182100000000.0 230417000000.0 2713850.0 1956530000000.0 275159000.0 0.0 18126500000000.0 1369070000.0 0.0 0.0 15113200000.0 1891350000000.0 14142000000.0 48721200.0 176189.0 -0.36 3.933 [-0.36]
3.38848e+17 2.45184e+17 12956300000000.0 218729000000.0 2494490.0 1895800000000.0 251673000.0 0.0 18098100000000.0 1251270000.0 0.0 0.0 14918800000.0 1867100000000.0 13376800000.0 45412200.0 0.0 -0.34 3.931 [-0.34]
3.38847e+17 2.37743e+17 12736800000000.0 207683000000.0 2294510.0 1837050000000.0 230271000.0 0.0 18070000000000.0 1144150000.0 0.0 0.0 14731200000.0 1843680000000.0 12658200000.0 42351500.0 0.0 -0.32 3.93 [-0.32]
3.38847e+17 2.30538e+17 12522600000000.0 197211000000.0 2083880.0 1780000000000.0 210721000.0 0.0 18042100000000.0 1046510000.0 0.0 0.0 14549500000.0 1820980000000.0 11980000000.0 39515700.0 0.0 -0.3 3.928 [-0.3]
3.38847e+17 2.23608e+17 12314900000000.0 187339000000.0 1363240.0 1724920000000.0 192920000.0 0.0 18014700000000.0 957864000.0 0.0 0.0 14374700000.0 1799140000000.0 11341800000.0 36893600.0 0.0 -0.28 3.927 [-0.28]
3.38848e+17 2.16887e+17 12111800000000.0 177964000000.0 0.0 1671360000000.0 176637000.0 0.0 17987600000000.0 876943000.0 0.0 0.0 14205000000.0 1777940000000.0 10737900000.0 34460100.0 0.0 -0.26 3.925 [-0.26]
3.38847e+17 2.10416e+17 11914500000000.0 169112000000.0 0.0 1619670000000.0 161799000.0 0.0 17960800000000.0 803291000.0 0.0 0.0 14041700000.0 1757500000000.0 10172300000.0 32205800.0 0.0 -0.24 3.924 [-0.24]
3.38847e+17 2.04149e+17 11721800000000.0 160714000000.0 0.0 1569450000000.0 148228000.0 0.0 17934400000000.0 736080000.0 0.0 0.0 13883400000.0 1737700000000.0 9636580000.0 30112700.0 0.0 -0.22 3.922 [-0.22]
3.38848e+17 1.98079e+17 11533500000000.0 152745000000.0 0.0 1520660000000.0 135812000.0 0.0 17908300000000.0 674734000.0 0.0 0.0 13730100000.0 1718500000000.0 9128440000.0 28168600.0 0.0 -0.2 3.921 [-0.2]
3.38847e+17 1.9223e+17 11350400000000.0 145213000000.0 0.0 1473540000000.0 124485000.0 0.0 17882600000000.0 618812000.0 0.0 0.0 13582200000.0 1699990000000.0 8651930000.0 26364300.0 0.0 -0.18 3.919 [-0.18]
3.38847e+17 1.86566e+17 11171400000000.0 138063000000.0 0.0 1427780000000.0 114119000.0 0.0 17857200000000.0 567727000.0 0.0 0.0 13439100000.0 1682050000000.0 8200280000.0 24686600.0 0.0 -0.16 3.918 [-0.16]
3.38848e+17 1.81087e+17 10996700000000.0 131282000000.0 0.0 1383420000000.0 104637000.0 0.0 17832300000000.0 521051000.0 0.0 0.0 13300500000.0 1664690000000.0 7773750000.0 23126200.0 0.0 -0.14 3.916 [-0.14]
3.38847e+17 1.75782e+17 10825800000000.0 124845000000.0 0.0 1340320000000.0 95953100.0 0.0 17807600000000.0 478392000.0 0.0 0.0 13166300000.0 1647860000000.0 7368610000.0 21674100.0 0.0 -0.12 3.914 [-0.12]
3.38847e+17 1.70654e+17 10659100000000.0 118743000000.0 0.0 1298580000000.0 88011900.0 0.0 17783400000000.0 439408000.0 0.0 0.0 13036600000.0 1631590000000.0 6986380000.0 20322600.0 0.0 -0.1 3.912 [-0.1]
3.38848e+17 1.65683e+17 10495800000000.0 112943000000.0 0.0 1258010000000.0 80733300.0 0.0 17759400000000.0 403723000.0 0.0 0.0 12910800000.0 1615800000000.0 6623430000.0 19063000.0 0.0 -0.08 3.911 [-0.08]
3.38847e+17 1.60872e+17 10336100000000.0 107438000000.0 0.0 1218650000000.0 74067700.0 0.0 17735800000000.0 371076000.0 0.0 0.0 12789000000.0 1600510000000.0 6279520000.0 17889300.0 0.0 -0.06 3.909 [-0.06]
3.38846e+17 1.56209e+17 10179800000000.0 102206000000.0 0.0 1180410000000.0 67957300.0 0.0 17712500000000.0 341182000.0 0.0 0.0 12670900000.0 1585670000000.0 5952800000.0 16794700.0 0.0 -0.04 3.908 [-0.04]
3.38846e+17 1.51693e+17 10026800000000.0 97236900000.0 0.0 1143290000000.0 62358300.0 0.0 17689700000000.0 313802000.0 0.0 0.0 12556600000.0 1571300000000.0 5643220000.0 15773400.0 0.0 -0.02 3.906 [-0.02]
3.38846e+17 1.47318e+17 9876950000000.0 92514500000.0 0.0 1107240000000.0 57225300.0 0.0 17667200000000.0 288715000.0 0.0 0.0 12445700000.0 1557370000000.0 5349310000.0 14820200.0 0.0 -0.0 3.904 [-0.0]
3.38847e+17 1.43086e+17 9730360000000.0 88031000000.0 0.0 1072330000000.0 52525100.0 0.0 17645100000000.0 265730000.0 0.0 0.0 12338500000.0 1543890000000.0 5071840000.0 13930300.0 0.0 0.02 3.902 [0.02]
3.38846e+17 1.38978e+17 9586560000000.0 83765500000.0 0.0 1038330000000.0 48207900.0 0.0 17623200000000.0 244651000.0 0.0 0.0 12234400000.0 1530780000000.0 4806530000.0 13098700.0 0.0 0.04 3.9 [0.04]
3.38846e+17 1.34983e+17 9445180000000.0 79700900000.0 0.0 1005180000000.0 44240600.0 0.0 17601700000000.0 225295000.0 0.0 0.0 12133100000.0 1518040000000.0 4553140000.0 12320800.0 0.0 0.06 3.898 [0.06]
3.38846e+17 1.31117e+17 9306790000000.0 75840700000.0 0.0 973043000000.0 40604000.0 0.0 17580600000000.0 207545000.0 0.0 0.0 12035100000.0 1505690000000.0 4312930000.0 11593700.0 0.0 0.08 3.896 [0.08]
3.38847e+17 1.27375e+17 9171230000000.0 72173400000.0 0.0 941874000000.0 37269900.0 0.0 17559900000000.0 191260000.0 0.0 0.0 11940200000.0 1493740000000.0 4085270000.0 10913700.0 0.0 0.1 3.893 [0.1]
3.38846e+17 1.23736e+17 9037930000000.0 68679500000.0 0.0 911470000000.0 34203800.0 0.0 17539400000000.0 176300000.0 0.0 0.0 11847900000.0 1482100000000.0 3867070000.0 10277000.0 0.0 0.12 3.892 [0.12]
3.38847e+17 1.20205e+17 8907100000000.0 65355100000.0 0.0 881900000000.0 31388200.0 0.0 17519300000000.0 162556000.0 0.0 0.0 11758300000.0 1470810000000.0 3659250000.0 9680820.0 0.0 0.14 3.889 [0.14]
3.38847e+17 1.16774e+17 8778420000000.0 62188700000.0 0.0 853125000000.0 28802000.0 0.0 17499500000000.0 149918000.0 0.0 0.0 11671200000.0 1459820000000.0 3461450000.0 9122120.0 0.0 0.16 3.887 [0.16]
3.38847e+17 1.13443e+17 8652050000000.0 59175400000.0 0.0 825091000000.0 26424400.0 0.0 17480100000000.0 138306000.0 0.0 0.0 11586700000.0 1449150000000.0 3272030000.0 8598620.0 0.0 0.18 3.884 [0.18]
3.38846e+17 1.10206e+17 8527750000000.0 56305800000.0 0.0 797779000000.0 24238400.0 0.0 17460900000000.0 127623000.0 0.0 0.0 11504400000.0 1438770000000.0 3091040000.0 8107700.0 0.0 0.2 3.882 [0.2]
3.38846e+17 1.07082e+17 8406400000000.0 53586300000.0 0.0 771325000000.0 22235700.0 0.0 17442200000000.0 117827000.0 0.0 0.0 11425100000.0 1428750000000.0 2919160000.0 7648010.0 0.0 0.22 3.879 [0.22]
3.38847e+17 1.04028e+17 8286400000000.0 50986300000.0 0.0 745383000000.0 20387900.0 0.0 17423700000000.0 108791000.0 0.0 0.0 11347500000.0 1418940000000.0 2753380000.0 7216140.0 0.0 0.24 3.876 [0.24]
3.38847e+17 1.0106e+17 8168400000000.0 48511200000.0 0.0 720093000000.0 18688700.0 0.0 17405600000000.0 100476000.0 0.0 0.0 11272100000.0 1409410000000.0 2594780000.0 6810810.0 0.0 0.26 3.873 [0.26]
3.38846e+17 9.81701e+16 8052180000000.0 46152400000.0 0.0 695357000000.0 17123800.0 0.0 17387700000000.0 92818400.0 0.0 0.0 11198600000.0 1400110000000.0 2442190000.0 6430150.0 0.0 0.28 3.87 [0.28]
3.38847e+17 9.53633e+16 7937990000000.0 43908200000.0 0.0 671250000000.0 15685700.0 0.0 17370100000000.0 85770200.0 0.0 0.0 11127300000.0 1391080000000.0 2296400000.0 6072730.0 0.0 0.3 3.866 [0.3]
3.38846e+17 9.26303e+16 7825500000000.0 41770100000.0 0.0 647683000000.0 14361600.0 0.0 17352800000000.0 79275500.0 0.0 0.0 11057800000.0 1382270000000.0 2156410000.0 5736820.0 0.0 0.32 3.863 [0.32]
3.38846e+17 8.99604e+16 7714560000000.0 39730700000.0 0.0 624490000000.0 13138900.0 0.0 17335800000000.0 73288800.0 0.0 0.0 10989900000.0 1373660000000.0 2020390000.0 5421050.0 0.0 0.34 3.859 [0.34]
3.38844e+17 8.73789e+16 7605500000000.0 37791000000.0 0.0 601913000000.0 12016700.0 0.0 17319100000000.0 67790600.0 0.0 0.0 10924200000.0 1365310000000.0 1890380000.0 5124540.0 0.0 0.36 3.854 [0.36]
3.38844e+17 8.4901e+16 7498270000000.0 35941200000.0 0.0 579908000000.0 10986900.0 0.0 17303100000000.0 62767600.0 0.0 0.0 10861100000.0 1357290000000.0 1765050000.0 4846550.0 0.0 0.38 3.85 [0.38]
3.38845e+17 8.24845e+16 7391840000000.0 34167600000.0 0.0 558191000000.0 10034700.0 0.0 17287300000000.0 58139900.0 0.0 0.0 10799600000.0 1349440000000.0 1643070000.0 4585010.0 0.0 0.4 3.844 [0.4]
3.38844e+17 8.01459e+16 7287950000000.0 32486200000.0 0.0 536841000000.0 9157160.0 0.0 17271900000000.0 53892200.0 0.0 0.0 10740100000.0 1341830000000.0 1524670000.0 4339420.0 0.0 0.42 3.838 [0.42]
3.38845e+17 7.7771e+16 7184820000000.0 30886500000.0 0.0 515258000000.0 8335720.0 0.0 17256200000000.0 49892200.0 0.0 0.0 10679600000.0 1334120000000.0 1407970000.0 4106700.0 0.0 0.44 3.831 [0.44]
3.38847e+17 7.54366e+16 7083000000000.0 29360000000.0 0.0 493587000000.0 7571520.0 0.0 17240800000000.0 46208200.0 0.0 0.0 10620100000.0 1326520000000.0 1292020000.0 3887820.0 0.0 0.46 3.821 [0.46]
3.38846e+17 7.31383e+16 6982120000000.0 27901600000.0 0.0 471756000000.0 6860160.0 0.0 17225400000000.0 42815300.0 0.0 0.0 10561500000.0 1319000000000.0 1177010000.0 3681850.0 0.0 0.48 3.811 [0.48]
3.38846e+17 7.08138e+16 6882000000000.0 26510700000.0 0.0 449125000000.0 6189370.0 0.0 17209800000000.0 39659100.0 0.0 0.0 10502100000.0 1311370000000.0 1060730000.0 3487570.0 0.0 0.5 3.793 [0.5]
3.38844e+17 6.84611e+16 6783890000000.0 25194700000.0 0.0 424758000000.0 5547320.0 0.0 17194200000000.0 36766200.0 0.0 0.0 10441900000.0 1303600000000.0 938924000.0 3305570.0 0.0 0.52 3.755 [0.52]
3.38845e+17 6.49116e+16 6659630000000.0 23588400000.0 0.0 382461000000.0 4771810.0 0.0 17174600000000.0 33980200.0 0.0 0.0 10351000000.0 1291060000000.0 789606000.0 3136790.0 0.0 0.54 3.439 [0.54]
3.38844e+17 6.11364e+16 6527030000000.0 21970000000.0 0.0 338011000000.0 4037160.0 0.0 17154500000000.0 31344800.0 0.0 0.0 10254200000.0 1277420000000.0 651312000.0 2976830.0 0.0 0.56 3.418 [0.56]
3.38844e+17 5.689e+16 6380330000000.0 20286700000.0 0.0 287958000000.0 3302210.0 0.0 17133300000000.0 28817400.0 0.0 0.0 10145400000.0 1261670000000.0 514925000.0 2824710.0 0.0 0.58 3.4 [0.58]
3.38844e+17 5.38358e+16 6257100000000.0 18988200000.0 0.0 255294000000.0 2790060.0 0.0 17116400000000.0 26579600.0 0.0 0.0 10067100000.0 1250470000000.0 416403000.0 2679970.0 0.0 0.6 3.383 [0.6]
3.38845e+17 5.0412e+16 6121320000000.0 17634500000.0 0.0 218777000000.0 2284300.0 0.0 17098500000000.0 24423100.0 0.0 0.0 9979340000.0 1237580000000.0 324185000.0 2542110.0 0.0 0.62 3.367 [0.62]
3.38845e+17 4.72136e+16 5987410000000.0 16385900000.0 0.0 185589000000.0 1848810.0 0.0 17081800000000.0 22443400.0 0.0 0.0 9897320000.0 1225360000000.0 244531000.0 2411800.0 0.0 0.64 3.35 [0.64]
3.38845e+17 4.41294e+16 5853960000000.0 15228100000.0 0.0 155006000000.0 1470920.0 0.0 17065500000000.0 20579300.0 0.0 0.0 9818220000.0 1213450000000.0 176436000.0 2287740.0 0.0 0.66 3.334 [0.66]
3.38845e+17 4.10451e+16 5714950000000.0 14090600000.0 0.0 124498000000.0 1124180.0 0.0 17049800000000.0 18854200.0 0.0 0.0 9739060000.0 1201230000000.0 115426000.0 2170540.0 0.0 0.68 3.32 [0.68]
3.38844e+17 3.87074e+16 5592710000000.0 13175200000.0 0.0 104637000000.0 897091.0 0.0 17036600000000.0 17311100.0 0.0 0.0 9679050000.0 1192010000000.0 77129000.0 2059900.0 0.0 0.7 3.305 [0.7]
3.38845e+17 3.47777e+16 5431380000000.0 11982200000.0 0.0 63283700000.0 502758.0 0.0 17018200000000.0 15689000.0 0.0 0.0 9578120000.0 1176050000000.0 1192910.0 1954110.0 0.0 0.72 3.289 [0.72]
3.38844e+17 3.34934e+16 5328720000000.0 11348300000.0 0.0 59021600000.0 449590.0 0.0 17008500000000.0 14435800.0 0.0 0.0 9545120000.0 1170990000000.0 1097300.0 1855350.0 0.0 0.74 3.276 [0.74]
3.38845e+17 3.23131e+16 5226480000000.0 10746800000.0 0.0 55245200000.0 403790.0 0.0 16999700000000.0 13304400.0 0.0 0.0 9514760000.0 1166180000000.0 1022200.0 1762130.0 0.0 0.76 3.263 [0.76]
3.38844e+17 3.11732e+16 5126070000000.0 10182300000.0 0.0 51794900000.0 363310.0 0.0 16990900000000.0 12253400.0 0.0 0.0 9485370000.0 1161540000000.0 959094.0 1673700.0 0.0 0.78 3.25 [0.78]
3.38844e+17 3.00902e+16 5026470000000.0 9648150000.0 0.0 48648400000.0 327613.0 0.0 16982500000000.0 11287800.0 0.0 0.0 9457440000.0 1157050000000.0 904327.0 1589940.0 0.0 0.8 3.238 [0.8]
3.38844e+17 2.90551e+16 4928130000000.0 9144160000.0 0.0 45761100000.0 295964.0 0.0 16974400000000.0 10398100.0 0.0 0.0 9430710000.0 1152710000000.0 855461.0 1510560.0 0.0 0.82 3.225 [0.82]
3.38844e+17 2.80629e+16 4830860000000.0 8667410000.0 0.0 43094700000.0 267771.0 0.0 16966500000000.0 9577520.0 0.0 0.0 9405050000.0 1148500000000.0 810919.0 1435280.0 0.0 0.84 3.213 [0.84]
3.38844e+17 2.71106e+16 4734560000000.0 8215900000.0 0.0 40625300000.0 242598.0 0.0 16958900000000.0 8820630.0 0.0 0.0 9380390000.0 1144390000000.0 769821.0 1363880.0 0.0 0.86 3.2 [0.86]
3.38844e+17 2.61987e+16 4639560000000.0 7789350000.0 0.0 38334900000.0 220086.0 0.0 16951500000000.0 8123530.0 0.0 0.0 9356740000.0 1140410000000.0 731543.0 1296180.0 0.0 0.88 3.188 [0.88]
3.38844e+17 2.53191e+16 4545280000000.0 7383800000.0 0.0 36197100000.0 199867.0 0.0 16944400000000.0 7479640.0 0.0 0.0 9333900000.0 1136500000000.0 695634.0 1231900.0 0.0 0.9 3.176 [0.9]
3.38844e+17 2.4471e+16 4451750000000.0 6998740000.0 0.0 34200500000.0 181720.0 0.0 16937400000000.0 6884370.0 0.0 0.0 9311830000.0 1132670000000.0 661814.0 1170890.0 0.0 0.92 3.163 [0.92]
3.38844e+17 2.36565e+16 4359350000000.0 6633640000.0 0.0 32332600000.0 165430.0 0.0 16930700000000.0 6335100.0 0.0 0.0 9290610000.0 1128930000000.0 629876.0 1112990.0 0.0 0.94 3.151 [0.94]
3.38844e+17 2.28717e+16 4267950000000.0 6287120000.0 0.0 30582300000.0 150779.0 0.0 16924200000000.0 5827830.0 0.0 0.0 9270120000.0 1125260000000.0 599642.0 1058010.0 0.0 0.96 3.139 [0.96]
3.38844e+17 2.21082e+16 4176620000000.0 5956020000.0 0.0 28934000000.0 137563.0 0.0 16917900000000.0 5357830.0 0.0 0.0 9250140000.0 1121600000000.0 570962.0 1005750.0 0.0 0.98 3.126 [0.98]
3.38844e+17 2.13797e+16 4087170000000.0 5643400000.0 0.0 27389700000.0 125663.0 0.0 16911700000000.0 4926440.0 0.0 0.0 9231050000.0 1118060000000.0 543768.0 956184.0 0.0 1.0 3.115 [1.0]
