SiII     0.0634910522    0.0000068315     8.38437      4.16485  12.292645    0.061430  1.2265904 

SiIII    0.0632573224    0.0000050809    21.18360      2.37423  12.637782    0.026376  1.1035922 
SiIII    0.0635174041    0.0000023669    11.68938      1.30533  12.913140    0.036077  1.1035922

SiIV     0.0634854626    0.0000028924    21.66068      0.16025  13.569981    0.023475  1.0089679
HI*      0.2180482065A    0.0000068532    25.77640A      2.57635  13.328769A    0.027458  1.0089679 
HI*      0.2189914204A    0.0000392143    40.38062A     11.14741  13.215357A    0.113116  1.0089679 
HI*      0.2191614071A    0.0000070975     9.70286A      4.02173  13.244169A    0.094665  1.0089679
HI*      0.4536298731A    0.0000016165    58.35620A      5.70455  14.379461A    0.032277  1.0089679 
HI*      0.4539697558A    0.0000178483    30.60586A      5.53523  13.946406A    0.061073  1.0089679 
CIII*    0.5279823395A    0.0000046492    21.97432A      1.47436  13.571375A    0.019510  1.0089679 
CIII*    0.5283367769A    0.0000171640    25.52265A      5.63598  12.911651A    0.057837  1.0089679

CIV     0.0632731817    0.0000016729    11.88487      2.82570  13.420154    0.057904  1.0998816 
CIV     0.0633967402    0.0000071014    12.83844      3.32650  13.626301    0.061364  1.0998816 
CIV     0.0635317047    0.0000061648    16.75602      2.26839  13.857129    0.036431  1.0998816

CII     0.0635174366    0.0000060947    16.89287      2.80902  13.371311    0.038858  1.1558447 

HI      0.0628787911   0.0000065447    24.62232      1.77257  13.867914    0.037795  0.8192792
HI      0.0632731817A   0.0000000000    49.83774      6.44775  14.875406    0.121494  0.8192792
HI      0.0633967402A   0.0000000000    53.68545      6.10288  14.418450    0.203800  0.8192792
HI      0.0635317047A   0.0000000000    11.66669      3.05168  16.463248    0.129113  0.8192792

