! -------------------------
   1696.6303601453305       0.61448597908020020        7.4795588850975037E-002   1.0000000000000000     
   1696.6670501453304       0.82772696018218994        7.6672196388244629E-002   1.0000000000000000     
   1696.7037401453304       0.89747071266174316        7.9566486179828644E-002   1.0000000000000000     
   1696.7404301453303        1.1206756830215454        8.4341727197170258E-002   1.0000000000000000     
   1696.7771201453302       0.92441719770431519        7.7132716774940491E-002   1.0000000000000000     
   1696.8138101453301       0.84372323751449585        7.6539337635040283E-002   1.0000000000000000     
   1696.8505001453300       0.84073203802108765        7.7084921300411224E-002   1.0000000000000000     
   1696.8871901453299       0.90296626091003418        7.5677938759326935E-002   1.0000000000000000     
   1696.9238801453298       0.85773485898971558        7.3751091957092285E-002   1.0000000000000000     
   1696.9605701453297       0.90734392404556274        7.5846672058105469E-002   1.0000000000000000     
   1696.9972601453296       0.91763603687286377        7.6268240809440613E-002   1.0000000000000000     
   1697.0339501453295       0.88016164302825928        7.4687436223030090E-002   1.0000000000000000     
   1697.0706401453294        1.0367631912231445        8.1052318215370178E-002   1.0000000000000000     
   1697.1073301453293       0.99817234277725220        7.9521909356117249E-002   1.0000000000000000     
   1697.1440201453293        1.0223854780197144        8.0926544964313507E-002   1.0000000000000000     
   1697.1807101453292        1.0065687894821167        8.3261370658874512E-002   1.0000000000000000     
   1697.2174001453291       0.89836436510086060        7.5419828295707703E-002   1.0000000000000000     
   1697.2540901453290       0.87288838624954224        7.8552752733230591E-002   1.0000000000000000     
   1697.2907801453289       0.97446119785308838        7.8534021973609924E-002   1.0000000000000000     
   1697.3274701453288        1.0362445116043091        8.0977536737918854E-002   1.0000000000000000     
   1697.3641601453287       0.90384995937347412        7.5620695948600769E-002   1.0000000000000000     
   1697.4008501453286        1.0414782762527466        8.1166364252567291E-002   1.0000000000000000     
   1697.4375401453285        1.0981084108352661        8.3335578441619873E-002   1.0000000000000000     
   1697.4742301453284        1.0218950510025024        8.0383695662021637E-002   1.0000000000000000     
   1697.5109201453283        1.0351934432983398        8.4776863455772400E-002   1.0000000000000000     
   1697.5476101453282        1.1039847135543823        8.3533644676208496E-002   1.0000000000000000     
   1697.5843001453281       0.85741347074508667        7.7854745090007782E-002   1.0000000000000000     
   1697.6209901453281        1.1060739755630493        8.3596393465995789E-002   1.0000000000000000     
   1697.6576801453280       0.97010761499404907        7.8282177448272705E-002   1.0000000000000000     
   1697.6943701453279        1.0866326093673706        8.2841902971267700E-002   1.0000000000000000     
   1697.7310601453278       0.94431525468826294        7.7219232916831970E-002   1.0000000000000000     
   1697.7677501453277       0.82165163755416870        7.2022497653961182E-002   1.0000000000000000     
   1697.8044401453276       0.79128843545913696        7.5120247900485992E-002   1.0000000000000000     
   1697.8411301453275       0.91532921791076660        7.6002389192581177E-002   1.0000000000000000     
   1697.8778201453274       0.91548085212707520        7.6001219451427460E-002   1.0000000000000000     
   1697.9145101453273        1.0854164361953735        8.2746803760528564E-002   1.0000000000000000     
   1697.9512001453272       0.87879836559295654        7.4448242783546448E-002   1.0000000000000000     
   1697.9878901453271       0.93104118108749390        7.7266044914722443E-002   1.0000000000000000     
   1698.0245801453270       0.89158582687377930        8.4943145513534546E-002   1.0000000000000000     
   1698.0612701453269        1.0574933290481567        8.1845417618751526E-002   1.0000000000000000     
   1698.0979601453269       0.86715447902679443        7.7782258391380310E-002   1.0000000000000000     
   1698.1346501453268        1.0275620222091675        8.0463342368602753E-002   1.0000000000000000     
   1698.1713401453267        1.0844359397888184        8.2651741802692413E-002   1.0000000000000000     
   1698.2080301453266        1.0735763311386108        8.2228519022464752E-002   1.0000000000000000     
   1698.2447201453265        1.1330324411392212        8.4466785192489624E-002   1.0000000000000000     
   1698.2814101453264        1.0890843868255615        8.2804143428802490E-002   1.0000000000000000     
   1698.3181001453263        1.1856040954589844        8.6386933922767639E-002   1.0000000000000000     
   1698.3547901453262        1.0164277553558350        7.9978473484516144E-002   1.0000000000000000     
   1698.3914801453261       0.94255405664443970        7.7009454369544983E-002   1.0000000000000000     
   1698.4281701453260       0.98741751909255981        7.8813053667545319E-002   1.0000000000000000     
   1698.4648601453259        1.0471216440200806        8.1152677536010742E-002  0.99800240490079195     
   1698.5015501453258        1.0615041255950928        8.1699937582015991E-002  0.99721273536032484     
   1698.5382401453257       0.92923223972320557        7.6432727277278900E-002  0.99621117926086722     
   1698.5749301453257        1.1441594362258911        8.4804065525531769E-002  0.99470347330021491     
   1698.6116201453256        1.0248478651046753        8.0252595245838165E-002  0.99272053965428098     
   1698.6483101453255       0.99424242973327637        7.9037271440029144E-002  0.99066406517313510     
   1698.6850001453254       0.96549743413925171        7.7878579497337341E-002  0.98802064497476794     
   1698.7216901453253        1.0371562242507935        8.0708473920822144E-002  0.98376032162344984     
   1698.7583801453252        1.0905574560165405        8.2751832902431488E-002  0.97604911006934569     
   1698.7950701453251        1.1645480394363403        8.5504390299320221E-002  0.95800230699021460     
   1698.8317601453250        1.0140608549118042        7.9780444502830505E-002  0.90408370473030752     
   1698.8684501453249       0.72988963127136230        7.1494229137897491E-002  0.75665569313027026     
   1698.9051401453248       0.52764201164245605        7.0108175277709961E-002  0.56829521573229336     
   1698.9418301453247       0.57230800390243530        7.2281576693058014E-002  0.60613143229335054     
   1698.9785201453246       0.84058171510696411        7.2631210088729858E-002  0.80223081159080933     
   1699.0152101453245       0.96823853254318237        7.7917285263538361E-002  0.91907469338396963     
   1699.0519001453245       0.98293727636337280        7.8498385846614838E-002  0.96138025036641894     
   1699.0885901453244       0.90146118402481079        7.5166709721088409E-002  0.97718916559185887     
   1699.1252801453243        1.0495902299880981        8.1099122762680054E-002  0.98468811522332500     
   1699.1619701453242       0.90908741950988770        7.5468301773071289E-002  0.98842253665747426     
   1699.1986601453241        1.0027481317520142        7.9252384603023529E-002  0.99052835925694771     
   1699.2353501453240        1.0936151742935181        8.2756750285625458E-002  0.99179792834703573     
   1699.2720401453239        1.1192508935928345        8.3712123334407806E-002  0.99329563652958175     
   1699.3087301453238       0.92597353458404541        7.6133944094181061E-002  0.99482346524284893     
   1699.3454201453237       0.75315886735916138        7.6476752758026123E-002  0.99609398241450864     
   1699.3821101453236       0.93555790185928345        7.6640978455543518E-002  0.99707796791503644     
   1699.4188001453235        1.0633918046951294        8.1562146544456482E-002   1.0000000000000000     
   1699.4554901453234        1.0359402894973755        8.0493986606597900E-002   1.0000000000000000     
   1699.4921801453233        1.0345367193222046        8.0430924892425537E-002   1.0000000000000000     
   1699.5288701453233       0.95937621593475342        7.7445998787879944E-002   1.0000000000000000     
   1699.5655601453232        1.0156298875808716        7.9675666987895966E-002   1.0000000000000000     
   1699.6022501453231        1.0026518106460571        7.9156637191772461E-002   1.0000000000000000     
   1699.6389401453230        1.0095077753067017        7.9418435692787170E-002   1.0000000000000000     
   1699.6756301453229        1.0459845066070557        8.0831721425056458E-002   1.0000000000000000     
   1699.7123201453228        1.0944238901138306        8.2673408091068268E-002   1.0000000000000000     
   1699.7490101453227       0.84288251399993896        7.2545491158962250E-002   1.0000000000000000     
   1699.7857001453226        1.1029361486434937        8.2976639270782471E-002   1.0000000000000000     
   1699.8223901453225       0.96008318662643433        8.1079684197902679E-002   1.0000000000000000     
   1699.8590801453224        1.0080862045288086        7.9311452805995941E-002   1.0000000000000000     
   1699.8957701453223        1.1413960456848145        8.4383815526962280E-002   1.0000000000000000     
   1699.9324601453222       0.89540123939514160        7.4731469154357910E-002   1.0000000000000000     
   1699.9691501453221        1.0869183540344238        8.2327567040920258E-002   1.0000000000000000     
   1700.0058401453221       0.99702495336532593        7.8841120004653931E-002   1.0000000000000000     
   1700.0425301453220       0.90511775016784668        7.5111366808414459E-002   1.0000000000000000     
   1700.0792201453219       0.91903090476989746        7.9695135354995728E-002   1.0000000000000000     
   1700.1159101453218       0.94234091043472290        7.6623514294624329E-002   1.0000000000000000     
   1700.1526001453217        1.1040893793106079        8.2930073142051697E-002   1.0000000000000000     
   1700.1892901453216       0.95008271932601929        7.6920688152313232E-002   1.0000000000000000     
   1700.2259801453215        1.0157818794250488        7.9527162015438080E-002   1.0000000000000000     
   1700.2626701453214        1.0324118137359619        8.0166578292846680E-002   1.0000000000000000     
   1700.2993601453213       0.92367488145828247        7.5819313526153564E-002   1.0000000000000000     
   1700.3360501453212        1.0981361865997314        8.2660853862762451E-002   1.0000000000000000     
   1700.3727401453211        1.0228960514068604        7.9769983887672424E-002   1.0000000000000000     
   1700.4094301453210       0.97058784961700439        7.7695138752460480E-002   1.0000000000000000     
   1700.4461201453209        1.1681764125823975        8.5227973759174347E-002   1.0000000000000000     
   1700.4828101453209        1.0505869388580322        8.0815777182579041E-002   1.0000000000000000     
   1700.5195001453208       0.77392530441284180        7.3540888726711273E-002   1.0000000000000000     
   1700.5561901453207        1.1650096178054810        8.5084401071071625E-002   1.0000000000000000     
   1700.5928801453206        1.0650269985198975        8.1342414021492004E-002   1.0000000000000000     
   1700.6295701453205       0.99254202842712402        7.8516572713851929E-002   1.0000000000000000     
   1700.6662601453204       0.90189522504806519        7.4837230145931244E-002   1.0000000000000000     
   1700.7029501453203       0.98106306791305542        8.1554666161537170E-002   1.0000000000000000     
   1700.7396401453202        1.1239449977874756        8.3524674177169800E-002   1.0000000000000000     
   1700.7763301453201        1.0932614803314209        8.2367636263370514E-002   1.0000000000000000     
   1700.8130201453200        1.0419361591339111        8.0401837825775146E-002   1.0000000000000000     
   1700.8497101453199        1.0613219738006592        8.1137523055076599E-002   1.0000000000000000     
   1700.8864001453198       0.93835419416427612        7.6283842325210571E-002   1.0000000000000000     
   1700.9230901453197        1.0390262603759766        8.0262854695320129E-002   1.0000000000000000     
   1700.9597801453197        1.1592532396316528        8.4769681096076965E-002   1.0000000000000000     
   1700.9964701453196       0.96521216630935669        7.7341690659523010E-002   1.0000000000000000     
   1701.0331601453195       0.95743131637573242        7.7020555734634399E-002   1.0000000000000000     
   1701.0698501453194        1.1305670738220215        8.3685852587223053E-002   1.0000000000000000     
   1701.1065401453193        1.0453404188156128        8.0460682511329651E-002   1.0000000000000000     
   1701.1432301453192        1.0047317743301392        7.8873291611671448E-002   1.0000000000000000     
   1701.1799201453191        1.0053718090057373        7.8889496624469757E-002   1.0000000000000000     
   1701.2166101453190        1.0750935077667236        8.1569887697696686E-002   1.0000000000000000     
!  ---- tick mark positions for above ----
!      1698.92346     5     1
