! -------------------------
   1647.5922851562500        1.1680386066436768        7.2863176465034485E-002   1.0000000000000000     
   1647.6289062500000        1.0033683776855469        6.7615374922752380E-002   1.0000000000000000     
   1647.6656494140625       0.98814707994461060        6.7291826009750366E-002   1.0000000000000000     
   1647.7022705078125       0.95406603813171387        6.6165171563625336E-002   1.0000000000000000     
   1647.7390136718750       0.95078605413436890        6.5826512873172760E-002   1.0000000000000000     
   1647.7757568359375       0.96356517076492310        6.6829167306423187E-002   1.0000000000000000     
   1647.8123779296875       0.92177873849868774        6.4867645502090454E-002   1.0000000000000000     
   1647.8491210937500       0.89602106809616089        6.4221307635307312E-002   1.0000000000000000     
   1647.8857421875000       0.91858178377151489        6.5202273428440094E-002   1.0000000000000000     
   1647.9224853515625       0.89353537559509277        6.4072102308273315E-002   1.0000000000000000     
   1647.9591064453125       0.92178428173065186        6.5307237207889557E-002   1.0000000000000000     
   1647.9958496093750       0.92762303352355957        6.5608099102973938E-002   1.0000000000000000     
   1648.0324707031250       0.93811088800430298        6.5814018249511719E-002   1.0000000000000000     
   1648.0692138671875        1.0089682340621948        6.8043306469917297E-002   1.0000000000000000     
   1648.1059570312500       0.98636317253112793        6.7945994436740875E-002   1.0000000000000000     
   1648.1425781250000        1.1020039319992065        7.1068637073040009E-002   1.0000000000000000     
   1648.1793212890625        1.1322023868560791        7.1930728852748871E-002   1.0000000000000000     
   1648.2159423828125        1.1027930974960327        7.1212850511074066E-002   1.0000000000000000     
   1648.2526855468750        1.0489937067031860        6.9455906748771667E-002   1.0000000000000000     
   1648.2893066406250       0.94580280780792236        6.6341236233711243E-002   1.0000000000000000     
   1648.3260498046875        1.0199902057647705        6.8150654435157776E-002   1.0000000000000000     
   1648.3627929687500       0.91836261749267578        6.5499462187290192E-002   1.0000000000000000     
   1648.3994140625000        1.0145438909530640        6.8896532058715820E-002   1.0000000000000000     
   1648.4361572265625        1.0248280763626099        6.8863973021507263E-002   1.0000000000000000     
   1648.4727783203125       0.99961632490158081        6.7986883223056793E-002   1.0000000000000000     
   1648.5095214843750       0.92700135707855225        6.5056875348091125E-002   1.0000000000000000     
   1648.5461425781250        1.0144076347351074        6.8169608712196350E-002   1.0000000000000000     
   1648.5828857421875        1.0213824510574341        6.8596199154853821E-002   1.0000000000000000     
   1648.6196289062500        1.0565177202224731        7.0053778588771820E-002   1.0000000000000000     
   1648.6562500000000       0.97407811880111694        6.7282497882843018E-002   1.0000000000000000     
   1648.6929931640625        1.1227313280105591        7.1504637598991394E-002   1.0000000000000000     
   1648.7296142578125        1.0226763486862183        6.8517759442329407E-002   1.0000000000000000     
   1648.7663574218750        1.0646748542785645        6.9908939301967621E-002   1.0000000000000000     
   1648.8029785156250        1.0436741113662720        6.9191925227642059E-002   1.0000000000000000     
   1648.8397216796875        1.0095434188842773        6.8219177424907684E-002   1.0000000000000000     
   1648.8763427734375       0.93392246961593628        6.6028513014316559E-002   1.0000000000000000     
   1648.9130859375000       0.95640718936920166        6.6178016364574432E-002   1.0000000000000000     
   1648.9498291015625       0.98718506097793579        6.7797690629959106E-002   1.0000000000000000     
   1648.9864501953125       0.94137430191040039        6.5845288336277008E-002   1.0000000000000000     
   1649.0231933593750        1.0175493955612183        6.8297937512397766E-002   1.0000000000000000     
   1649.0598144531250       0.95493948459625244        6.5985649824142456E-002   1.0000000000000000     
   1649.0965576171875        1.0889191627502441        7.0473015308380127E-002   1.0000000000000000     
   1649.1331787109375        1.0819644927978516        7.0336177945137024E-002   1.0000000000000000     
   1649.1699218750000        1.0253006219863892        6.8426385521888733E-002   1.0000000000000000     
   1649.2066650390625        1.0964798927307129        7.0759184658527374E-002   1.0000000000000000     
   1649.2432861328125        1.0400345325469971        6.8893827497959137E-002   1.0000000000000000     
   1649.2800292968750        1.0472760200500488        6.9328673183917999E-002   1.0000000000000000     
   1649.3166503906250       0.98193156719207764        6.7171022295951843E-002   1.0000000000000000     
   1649.3533935546875        1.0245331525802612        6.8577863276004791E-002   1.0000000000000000     
   1649.3900146484375       0.99648058414459229        6.7606873810291290E-002   1.0000000000000000     
   1649.4267578125000       0.94623279571533203        6.5832488238811493E-002  0.99984922054264436     
   1649.4633789062500        1.0543054342269897        7.0005312561988831E-002  0.99983357696116559     
   1649.5001220703125        1.0444365739822388        6.9287344813346863E-002  0.99981884179549463     
   1649.5368652343750       0.98633915185928345        6.7308612167835236E-002  0.99980390681317477     
   1649.5734863281250        1.0053466558456421        6.8273618817329407E-002  0.99978984290925166     
   1649.6102294921875        1.0117198228836060        6.8156920373439789E-002  0.99976439744298284     
   1649.6468505859375        1.0007328987121582        6.7974373698234558E-002  0.99971356486103613     
   1649.6835937500000       0.98180317878723145        6.7541591823101044E-002  0.99962902335576043     
   1649.7202148437500        1.1683031320571899        7.2938039898872375E-002  0.99951179467659967     
   1649.7569580078125        1.1073890924453735        7.1165882050991058E-002  0.99937086981124013     
   1649.7937011718750       0.91920804977416992        6.4878173172473907E-002  0.99920260975948683     
   1649.8303222656250       0.93951970338821411        6.5802708268165588E-002  0.99897419902072171     
   1649.8670654296875        1.0343664884567261        6.8785056471824646E-002  0.99857947301453753     
   1649.9036865234375        1.0876163244247437        7.0489779114723206E-002  0.99799666069921533     
   1649.9404296875000       0.99815058708190918        6.7701183259487152E-002  0.99723520966684065     
   1649.9770507812500       0.99116992950439453        6.7948743700981140E-002  0.99606018084641779     
   1650.0137939453125       0.81842702627182007        6.1662245541810989E-002  0.99470397156122703     
   1650.0505371093750       0.92783421277999878        6.5657570958137512E-002  0.99327033172172285     
   1650.0871582031250       0.91916865110397339        6.5206512808799744E-002  0.99112143476677350     
   1650.1239013671875       0.85868674516677856        6.2926873564720154E-002  0.98732396318639104     
   1650.1605224609375       0.63732588291168213        5.4365031421184540E-002  0.97913308495511642     
   1650.1972656250000       0.48463216423988342        5.0969317555427551E-002  0.95616387183379670     
   1650.2338867187500       0.46938544511795044        4.8256304115056992E-002  0.88895232156236803     
   1650.2706298828125       0.47899207472801208        4.7574687749147415E-002  0.76249762488038331     
   1650.3072509765625       0.57468664646148682        5.2393238991498947E-002  0.72338487144723940     
   1650.3439941406250       0.74582767486572266        5.8709196746349335E-002  0.83724058965955683     
   1650.3807373046875       0.96886742115020752        6.6587619483470917E-002  0.93253195219653839     
   1650.4173583984375       0.90299308300018311        6.4257584512233734E-002  0.97028226912490856     
   1650.4541015625000       0.95347601175308228        6.6084504127502441E-002  0.98321974939085177     
   1650.4907226562500       0.92466312646865845        6.5422624349594116E-002  0.98921175026732422     
   1650.5274658203125        1.1120786666870117        7.1147948503494263E-002  0.99215235794099244     
   1650.5640869140625        1.0284261703491211        6.8644173443317413E-002  0.99374591345644581     
   1650.6008300781250       0.98116683959960938        6.7533604800701141E-002  0.99461597022822845     
   1650.6375732421875       0.93935173749923706        6.5741881728172302E-002  0.99558261189464892     
   1650.6741943359375       0.98610436916351318        6.7360922694206238E-002  0.99660258675351898     
   1650.7109375000000       0.89103657007217407        6.4192682504653931E-002  0.99746258724235182     
   1650.7475585937500       0.93012076616287231        6.5445497632026672E-002  0.99812050120965967     
   1650.7843017578125       0.89096075296401978        6.4519174396991730E-002  0.99852268877463823     
   1650.8209228515625        1.0075362920761108        6.7903399467468262E-002  0.99873777596390789     
   1650.8576660156250        1.0289913415908813        6.8549595773220062E-002  0.99889426355078204     
   1650.8944091796875       0.97402030229568481        6.6709503531455994E-002  0.99905537817262824     
   1650.9310302734375       0.95058697462081909        6.5836653113365173E-002  0.99925562925433564     
   1650.9677734375000       0.95268255472183228        6.6872969269752502E-002  0.99944707800147936     
   1651.0043945312500       0.88801240921020508        6.4551375806331635E-002   1.0000000000000000     
   1651.0411376953125       0.96042829751968384        6.7065216600894928E-002   1.0000000000000000     
   1651.0777587890625       0.95813149213790894        6.6143743693828583E-002   1.0000000000000000     
   1651.1145019531250       0.92462694644927979        6.5172813832759857E-002   1.0000000000000000     
   1651.1511230468750        1.1145442724227905        7.1496166288852692E-002   1.0000000000000000     
   1651.1878662109375       0.94840240478515625        6.5789394080638885E-002   1.0000000000000000     
   1651.2246093750000       0.89769929647445679        6.5078437328338623E-002   1.0000000000000000     
   1651.2612304687500       0.92608165740966797        6.5469846129417419E-002   1.0000000000000000     
   1651.2979736328125        1.1020234823226929        7.0874564349651337E-002   1.0000000000000000     
   1651.3345947265625       0.94377368688583374        6.6045626997947693E-002   1.0000000000000000     
   1651.3713378906250        1.0536086559295654        6.9441854953765869E-002   1.0000000000000000     
   1651.4079589843750       0.99549978971481323        6.8081699311733246E-002   1.0000000000000000     
   1651.4447021484375       0.94136345386505127        6.6597491502761841E-002   1.0000000000000000     
   1651.4814453125000       0.88411182165145874        6.3763372600078583E-002   1.0000000000000000     
   1651.5180664062500        1.0695215463638306        7.0005476474761963E-002   1.0000000000000000     
   1651.5548095703125       0.97628134489059448        6.6944688558578491E-002   1.0000000000000000     
   1651.5914306640625        1.0569826364517212        6.9691598415374756E-002   1.0000000000000000     
   1651.6281738281250       0.85668832063674927        6.3170462846755981E-002   1.0000000000000000     
   1651.6647949218750       0.98651510477066040        6.7281611263751984E-002   1.0000000000000000     
   1651.7015380859375       0.90213447809219360        6.4584493637084961E-002   1.0000000000000000     
   1651.7381591796875        1.0587538480758667        6.9503344595432281E-002   1.0000000000000000     
   1651.7749023437500        1.0186090469360352        6.8550348281860352E-002   1.0000000000000000     
   1651.8116455078125       0.89704501628875732        6.4833097159862518E-002   1.0000000000000000     
   1651.8482666015625       0.92059636116027832        6.6258110105991364E-002   1.0000000000000000     
   1651.8850097656250        1.0469665527343750        6.9438926875591278E-002   1.0000000000000000     
   1651.9216308593750        1.0670123100280762        6.9756984710693359E-002   1.0000000000000000     
   1651.9583740234375       0.95997983217239380        6.6151067614555359E-002   1.0000000000000000     
   1651.9949951171875       0.99507331848144531        6.8499274551868439E-002   1.0000000000000000     
   1652.0317382812500        1.0198333263397217        6.8460322916507721E-002   1.0000000000000000     
   1652.0684814453125       0.95949518680572510        6.6389746963977814E-002   1.0000000000000000     
   1652.1051025390625       0.99713867902755737        6.7567795515060425E-002   1.0000000000000000     
   1652.1418457031250       0.95593905448913574        6.6589191555976868E-002   1.0000000000000000     
   1652.1784667968750       0.92079591751098633        6.6022664308547974E-002   1.0000000000000000     
   1652.2152099609375        1.0426058769226074        6.8998269736766815E-002   1.0000000000000000     
   1652.2518310546875        1.0285003185272217        6.8567857146263123E-002   1.0000000000000000     
   1652.2885742187500        1.1236320734024048        7.2091378271579742E-002   1.0000000000000000     
   1652.3253173828125        1.0612187385559082        6.9891326129436493E-002   1.0000000000000000     
   1652.3619384765625        1.0131951570510864        6.8703308701515198E-002   1.0000000000000000     
   1652.3986816406250        1.0477007627487183        6.9313600659370422E-002   1.0000000000000000     
   1652.4353027343750        1.1949810981750488        7.4029900133609772E-002   1.0000000000000000     
   1652.4720458984375        1.0887839794158936        7.0517480373382568E-002   1.0000000000000000     
   1652.5086669921875       0.97631835937500000        6.6721796989440918E-002   1.0000000000000000     
   1652.5454101562500        1.0687440633773804        6.9942817091941833E-002   1.0000000000000000     
   1652.5820312500000        1.1091778278350830        7.1161366999149323E-002   1.0000000000000000     
   1652.6187744140625        1.0896478891372681        7.1129895746707916E-002   1.0000000000000000     
   1652.6555175781250        1.1194597482681274        7.1872651576995850E-002   1.0000000000000000     
   1652.6921386718750        1.0255359411239624        6.8635582923889160E-002   1.0000000000000000     
   1652.7288818359375        1.0454133749008179        6.9289140403270721E-002   1.0000000000000000     
   1652.7655029296875       0.97602528333663940        6.6879540681838989E-002   1.0000000000000000     
   1652.8022460937500        1.0591132640838623        6.9685131311416626E-002   1.0000000000000000     
!  ---- tick mark positions for above ----
!      1650.30156     3     1
