      1.00000   6.1688443e-06
      2.00000   6.3678222e-06
      3.00000   6.5003569e-06
      4.00000   6.6040166e-06
      5.00000   6.6584794e-06
      6.00000   6.6772327e-06
      7.00000   6.6761672e-06
      8.00000   6.6627413e-06
      9.00000   6.6352623e-06
      10.0000   6.5946329e-06
      11.0000   6.5473550e-06
      12.0000   6.5071590e-06
      13.0000   6.4979035e-06
      14.0000   6.5489830e-06
      15.0000   6.6807424e-06
      16.0000   6.8906966e-06
      17.0000   7.1545624e-06
      18.0000   7.4442014e-06
      19.0000   7.7398008e-06
      20.0000   8.0314167e-06
      21.0000   8.3195846e-06
      22.0000   8.6145592e-06
      23.0000   8.9307268e-06
      24.0000   9.2672954e-06
      25.0000   9.5963760e-06
      26.0000   9.8772762e-06
      27.0000   1.0072698e-05
      28.0000   1.0162988e-05
      29.0000   1.0163072e-05
      30.0000   1.0110024e-05
      31.0000   1.0033031e-05
      32.0000   9.9462914e-06
      33.0000   9.8567780e-06
      34.0000   9.7666116e-06
      35.0000   9.6769427e-06
      36.0000   9.6040221e-06
      37.0000   9.5870282e-06
      38.0000   9.6647136e-06
      39.0000   9.8483251e-06
      40.0000   1.0125305e-05
      41.0000   1.0486618e-05
      42.0000   1.0935461e-05
      43.0000   1.1470478e-05
      44.0000   1.2077766e-05
      45.0000   1.2730906e-05
      46.0000   1.3378943e-05
      47.0000   1.3954217e-05
      48.0000   1.4415148e-05
      49.0000   1.4772309e-05
      50.0000   1.5073183e-05
      51.0000   1.5360729e-05
      52.0000   1.5641008e-05
      53.0000   1.5894138e-05
      54.0000   1.6102860e-05
      55.0000   1.6254015e-05
      56.0000   1.6336115e-05
      57.0000   1.6359261e-05
      58.0000   1.6366186e-05
      59.0000   1.6437440e-05
      60.0000   1.6664482e-05
      61.0000   1.7081951e-05
      62.0000   1.7641349e-05
      63.0000   1.8249804e-05
      64.0000   1.8831250e-05
      65.0000   1.9378498e-05
      66.0000   1.9958738e-05
      67.0000   2.0657635e-05
      68.0000   2.1533157e-05
      69.0000   2.2600065e-05
      70.0000   2.3817172e-05
      71.0000   2.5081314e-05
      72.0000   2.6251817e-05
      73.0000   2.7234670e-05
      74.0000   2.8006729e-05
      75.0000   2.8569099e-05
      76.0000   2.8952007e-05
      77.0000   2.9224662e-05
      78.0000   2.9451465e-05
      79.0000   2.9653474e-05
      80.0000   2.9816707e-05
      81.0000   2.9943920e-05
      82.0000   3.0077867e-05
      83.0000   3.0299108e-05
      84.0000   3.0727977e-05
      85.0000   3.1479969e-05
      86.0000   3.2628341e-05
      87.0000   3.4198347e-05
      88.0000   3.6137109e-05
      89.0000   3.8289370e-05
      90.0000   4.0459949e-05
      91.0000   4.2560743e-05
      92.0000   4.4720142e-05
      93.0000   4.7193898e-05
      94.0000   5.0152506e-05
      95.0000   5.3586409e-05
      96.0000   5.7429548e-05
      97.0000   6.1723338e-05
      98.0000   6.6521730e-05
      99.0000   7.1752154e-05
      100.000   7.7330442e-05
      101.000   8.3164305e-05
      102.000   8.9041809e-05
      103.000   9.4850424e-05
      104.000   0.00010083828
      105.000   0.00010747497
      106.000   0.00011512373
      107.000   0.00012384276
      108.000   0.00013346921
      109.000   0.00014393704
      110.000   0.00015559659
      111.000   0.00016915299
      112.000   0.00018520108
      113.000   0.00020379624
      114.000   0.00022449125
      115.000   0.00024708462
      116.000   0.00027237282
      117.000   0.00030166117
      118.000   0.00033550878
      119.000   0.00037345014
      120.000   0.00041429562
      121.000   0.00045627268
      122.000   0.00049722573
      123.000   0.00053501711
      124.000   0.00056830561
      125.000   0.00059732300
      126.000   0.00062394573
      127.000   0.00065019983
      128.000   0.00067743781
      129.000   0.00070826896
      130.000   0.00074771862
      131.000   0.00080109615
      132.000   0.00087194581
      133.000   0.00096307328
      134.000    0.0010784966
      135.000    0.0012218197
      136.000    0.0013916267
      137.000    0.0015817983
      138.000    0.0017903749
      139.000    0.0020248441
      140.000    0.0022909297
      141.000    0.0025756897
      142.000    0.0028480960
      143.000    0.0030875998
      144.000    0.0033119668
      145.000    0.0035626257
      146.000    0.0038644078
      147.000    0.0042353445
      148.000    0.0047464347
      149.000    0.0055159703
      150.000    0.0066101141
      151.000    0.0080154818
      152.000    0.0097918194
      153.000     0.012266523
      154.000     0.016098751
      155.000     0.022132851
      156.000     0.031104719
      157.000     0.043389834
      158.000     0.058848701
      159.000     0.076142706
      160.000     0.091417708
      161.000     0.098833047
      162.000     0.094796382
      163.000     0.081452601
      164.000     0.064431936
      165.000     0.048417959
      166.000     0.035441007
      167.000     0.025678387
      168.000     0.018667256
      169.000     0.013823972
      170.000     0.010565313
      171.000    0.0083654206
      172.000    0.0068240305
      173.000    0.0056998758
      174.000    0.0048801247
      175.000    0.0043173102
      176.000    0.0039608381
      177.000    0.0037228216
      178.000    0.0035006725
      179.000    0.0032315708
      180.000    0.0029196315
      181.000    0.0025980568
      182.000    0.0022860640
      183.000    0.0019909444
      184.000    0.0017263488
      185.000    0.0015066852
      186.000    0.0013312071
      187.000    0.0011882588
      188.000    0.0010685123
      189.000   0.00096773205
      190.000   0.00088198361
      191.000   0.00080383697
      192.000   0.00072543649
      193.000   0.00064369378
      194.000   0.00056198001
      195.000   0.00048702394
      196.000   0.00042370189
      197.000   0.00037281358
      198.000   0.00033279855
      199.000   0.00030176644
      200.000   0.00027735258
      201.000   0.00025633018
      202.000   0.00023599896
      203.000   0.00021526137
      204.000   0.00019413087
      205.000   0.00017333277
      206.000   0.00015410874
      207.000   0.00013772844
      208.000   0.00012489209
      209.000   0.00011539285
      210.000   0.00010852960
      211.000   0.00010354823
      212.000   9.9697849e-05
      213.000   9.6321841e-05
      214.000   9.3048358e-05
      215.000   8.9748602e-05
      216.000   8.6296219e-05
      217.000   8.2609768e-05
      218.000   7.8769030e-05
      219.000   7.4890675e-05
      220.000   7.1016308e-05
      221.000   6.7165376e-05
      222.000   6.3399493e-05
      223.000   5.9818576e-05
      224.000   5.6532583e-05
      225.000   5.3572901e-05
      226.000   5.0772785e-05
      227.000   4.7893227e-05
      228.000   4.4895893e-05
      229.000   4.1964991e-05
      230.000   3.9311613e-05
      231.000   3.7059413e-05
      232.000   3.5226225e-05
      233.000   3.3746208e-05
      234.000   3.2540029e-05
      235.000   3.1533669e-05
      236.000   3.0671104e-05
      237.000   2.9929890e-05
      238.000   2.9299808e-05
      239.000   2.8778981e-05
      240.000   2.8369708e-05
      241.000   2.8058594e-05
      242.000   2.7819644e-05
      243.000   2.7623342e-05
      244.000   2.7433476e-05
      245.000   2.7181502e-05
      246.000   2.6748743e-05
      247.000   2.6028101e-05
      248.000   2.5035182e-05
      249.000   2.3912942e-05
      250.000   2.2815508e-05
      251.000   2.1810347e-05
      252.000   2.0868680e-05
      253.000   1.9932069e-05
      254.000   1.9002333e-05
      255.000   1.8157618e-05
      256.000   1.7473209e-05
      257.000   1.6953951e-05
      258.000   1.6550013e-05
      259.000   1.6224469e-05
      260.000   1.5976046e-05
      261.000   1.5814052e-05
      262.000   1.5735963e-05
      263.000   1.5719155e-05
      264.000   1.5726564e-05
      265.000   1.5719797e-05
      266.000   1.5672191e-05
      267.000   1.5571120e-05
      268.000   1.5409847e-05
      269.000   1.5184209e-05
      270.000   1.4886618e-05
      271.000   1.4496592e-05
      272.000   1.4005893e-05
      273.000   1.3436505e-05
      274.000   1.2822054e-05
      275.000   1.2200875e-05
      276.000   1.1612632e-05
      277.000   1.1075229e-05
      278.000   1.0577675e-05
      279.000   1.0106575e-05
      280.000   9.6680305e-06
      281.000   9.2876689e-06
      282.000   9.0005051e-06
      283.000   8.8319539e-06
      284.000   8.7833560e-06
      285.000   8.8319630e-06
      286.000   8.9445666e-06
      287.000   9.0905151e-06
      288.000   9.2423643e-06
      289.000   9.3764284e-06
      290.000   9.4792904e-06
      291.000   9.5442683e-06
      292.000   9.5667720e-06
      293.000   9.5531486e-06
      294.000   9.5135811e-06
      295.000   9.4403222e-06
      296.000   9.3087028e-06
      297.000   9.1002066e-06
      298.000   8.8159741e-06
      299.000   8.4726598e-06
      300.000   8.0976788e-06
      301.000   7.7246541e-06
      302.000   7.3803030e-06
      303.000   7.0726760e-06
      304.000   6.8031436e-06
      305.000   6.5781132e-06
      306.000   6.4018172e-06
      307.000   6.2741524e-06
      308.000   6.1923161e-06
      309.000   6.1528381e-06
      310.000   6.1528053e-06
      311.000   6.1868332e-06
      312.000   6.2465760e-06
      313.000   6.3232128e-06
      314.000   6.4033284e-06
      315.000   6.4636206e-06
      316.000   6.4792775e-06
      317.000   6.4455148e-06
      318.000   6.3804650e-06
      319.000   6.3143966e-06
      320.000   6.2355648e-06
      321.000       0.0000000
