      1.00000   4.8857969e-06
      2.00000   4.9160230e-06
      3.00000   4.9419500e-06
      4.00000   4.9750315e-06
      5.00000   5.0249455e-06
      6.00000   5.1062648e-06
      7.00000   5.2233422e-06
      8.00000   5.3635627e-06
      9.00000   5.5030546e-06
      10.0000   5.6242588e-06
      11.0000   5.7239931e-06
      12.0000   5.8067967e-06
      13.0000   5.8778651e-06
      14.0000   5.9362469e-06
      15.0000   5.9783315e-06
      16.0000   6.0069715e-06
      17.0000   6.0313100e-06
      18.0000   6.0655329e-06
      19.0000   6.1230003e-06
      20.0000   6.2053678e-06
      21.0000   6.3036923e-06
      22.0000   6.4080059e-06
      23.0000   6.5136796e-06
      24.0000   6.6209632e-06
      25.0000   6.7336587e-06
      26.0000   6.8609384e-06
      27.0000   7.0147462e-06
      28.0000   7.2027010e-06
      29.0000   7.4182994e-06
      30.0000   7.6404240e-06
      31.0000   7.8458434e-06
      32.0000   8.0235113e-06
      33.0000   8.1733770e-06
      34.0000   8.2985107e-06
      35.0000   8.3943141e-06
      36.0000   8.4493668e-06
      37.0000   8.4646954e-06
      38.0000   8.4507792e-06
      39.0000   8.4164449e-06
      40.0000   8.3759232e-06
      41.0000   8.3526957e-06
      42.0000   8.3771274e-06
      43.0000   8.4793446e-06
      44.0000   8.6775153e-06
      45.0000   8.9740506e-06
      46.0000   9.3519602e-06
      47.0000   9.7797765e-06
      48.0000   1.0234004e-05
      49.0000   1.0705640e-05
      50.0000   1.1183227e-05
      51.0000   1.1636391e-05
      52.0000   1.2021895e-05
      53.0000   1.2310918e-05
      54.0000   1.2504436e-05
      55.0000   1.2620294e-05
      56.0000   1.2677659e-05
      57.0000   1.2700704e-05
      58.0000   1.2722775e-05
      59.0000   1.2774008e-05
      60.0000   1.2871317e-05
      61.0000   1.3019846e-05
      62.0000   1.3229600e-05
      63.0000   1.3537417e-05
      64.0000   1.3981156e-05
      65.0000   1.4557866e-05
      66.0000   1.5231504e-05
      67.0000   1.5964137e-05
      68.0000   1.6728762e-05
      69.0000   1.7502372e-05
      70.0000   1.8266470e-05
      71.0000   1.9020517e-05
      72.0000   1.9778798e-05
      73.0000   2.0539215e-05
      74.0000   2.1260099e-05
      75.0000   2.1883945e-05
      76.0000   2.2410502e-05
      77.0000   2.2931705e-05
      78.0000   2.3560382e-05
      79.0000   2.4355093e-05
      80.0000   2.5309051e-05
      81.0000   2.6340140e-05
      82.0000   2.7322021e-05
      83.0000   2.8145043e-05
      84.0000   2.8836293e-05
      85.0000   2.9603827e-05
      86.0000   3.0689385e-05
      87.0000   3.2203239e-05
      88.0000   3.4053330e-05
      89.0000   3.5978581e-05
      90.0000   3.7720085e-05
      91.0000   3.9173141e-05
      92.0000   4.0384552e-05
      93.0000   4.1491501e-05
      94.0000   4.2609645e-05
      95.0000   4.3726999e-05
      96.0000   4.4748758e-05
      97.0000   4.5647266e-05
      98.0000   4.6600380e-05
      99.0000   4.7993126e-05
      100.000   5.0189632e-05
      101.000   5.3402335e-05
      102.000   5.7709840e-05
      103.000   6.3108448e-05
      104.000   6.9555041e-05
      105.000   7.6852390e-05
      106.000   8.4666564e-05
      107.000   9.2834169e-05
      108.000   0.00010150258
      109.000   0.00011098759
      110.000   0.00012158287
      111.000   0.00013351860
      112.000   0.00014689697
      113.000   0.00016151795
      114.000   0.00017715679
      115.000   0.00019389286
      116.000   0.00021198957
      117.000   0.00023176441
      118.000   0.00025382295
      119.000   0.00027911412
      120.000   0.00030832933
      121.000   0.00034118444
      122.000   0.00037659419
      123.000   0.00041382160
      124.000   0.00045296419
      125.000   0.00049448811
      126.000   0.00053981278
      127.000   0.00059212430
      128.000   0.00065511203
      129.000   0.00073116127
      130.000   0.00082033302
      131.000   0.00091843237
      132.000    0.0010164751
      133.000    0.0011058165
      134.000    0.0011838520
      135.000    0.0012538520
      136.000    0.0013217706
      137.000    0.0013984672
      138.000    0.0015005039
      139.000    0.0016446735
      140.000    0.0018434474
      141.000    0.0021043033
      142.000    0.0024307957
      143.000    0.0028231952
      144.000    0.0032792017
      145.000    0.0038018655
      146.000    0.0044001685
      147.000    0.0050666099
      148.000    0.0057820776
      149.000    0.0065823998
      150.000    0.0076188524
      151.000    0.0091435229
      152.000     0.011436705
      153.000     0.014715845
      154.000     0.019101545
      155.000     0.024801323
      156.000     0.032547481
      157.000     0.043610059
      158.000     0.058465533
      159.000     0.075013392
      160.000     0.088517219
      161.000     0.093957409
      162.000     0.089409374
      163.000     0.077390186
      164.000     0.062388986
      165.000     0.048024654
      166.000     0.035983127
      167.000     0.026559805
      168.000     0.019510495
      169.000     0.014498421
      170.000     0.011149514
      171.000    0.0090270238
      172.000    0.0076772566
      173.000    0.0067374106
      174.000    0.0060099377
      175.000    0.0054232976
      176.000    0.0049233623
      177.000    0.0044335588
      178.000    0.0038973419
      179.000    0.0033283101
      180.000    0.0027918748
      181.000    0.0023440474
      182.000    0.0020001149
      183.000    0.0017451990
      184.000    0.0015548490
      185.000    0.0014095732
      186.000    0.0012960755
      187.000    0.0011973605
      188.000    0.0010919963
      189.000   0.00096768903
      190.000   0.00083034072
      191.000   0.00069750682
      192.000   0.00058522826
      193.000   0.00050062378
      194.000   0.00044188992
      195.000   0.00040150309
      196.000   0.00037070736
      197.000   0.00034286937
      198.000   0.00031407535
      199.000   0.00028342337
      200.000   0.00025292856
      201.000   0.00022567647
      202.000   0.00020343275
      203.000   0.00018597976
      204.000   0.00017220495
      205.000   0.00016118184
      206.000   0.00015201361
      207.000   0.00014359817
      208.000   0.00013492253
      209.000   0.00012556669
      210.000   0.00011577692
      211.000   0.00010609152
      212.000   9.7057920e-05
      213.000   8.8969646e-05
      214.000   8.1721693e-05
      215.000   7.5079559e-05
      216.000   6.9064205e-05
      217.000   6.3831132e-05
      218.000   5.9349662e-05
      219.000   5.5490244e-05
      220.000   5.2207975e-05
      221.000   4.9518942e-05
      222.000   4.7368128e-05
      223.000   4.5590554e-05
      224.000   4.3985568e-05
      225.000   4.2437881e-05
      226.000   4.0966203e-05
      227.000   3.9626255e-05
      228.000   3.8391085e-05
      229.000   3.7138125e-05
      230.000   3.5763354e-05
      231.000   3.4279317e-05
      232.000   3.2750235e-05
      233.000   3.1179221e-05
      234.000   2.9589550e-05
      235.000   2.8085287e-05
      236.000   2.6769472e-05
      237.000   2.5684350e-05
      238.000   2.4812547e-05
      239.000   2.4096315e-05
      240.000   2.3474689e-05
      241.000   2.2927454e-05
      242.000   2.2438951e-05
      243.000   2.1957216e-05
      244.000   2.1430744e-05
      245.000   2.0860349e-05
      246.000   2.0276620e-05
      247.000   1.9715435e-05
      248.000   1.9189547e-05
      249.000   1.8649385e-05
      250.000   1.8014887e-05
      251.000   1.7247410e-05
      252.000   1.6383759e-05
      253.000   1.5497935e-05
      254.000   1.4650293e-05
      255.000   1.3862545e-05
      256.000   1.3141033e-05
      257.000   1.2517726e-05
      258.000   1.2030083e-05
      259.000   1.1687233e-05
      260.000   1.1476917e-05
      261.000   1.1373311e-05
      262.000   1.1335159e-05
      263.000   1.1316162e-05
      264.000   1.1282921e-05
      265.000   1.1219467e-05
      266.000   1.1129157e-05
      267.000   1.1025269e-05
      268.000   1.0906780e-05
      269.000   1.0757548e-05
      270.000   1.0566770e-05
      271.000   1.0337933e-05
      272.000   1.0074764e-05
      273.000   9.7768243e-06
      274.000   9.4548386e-06
      275.000   9.1293459e-06
      276.000   8.8190391e-06
      277.000   8.5352312e-06
      278.000   8.2848383e-06
      279.000   8.0753553e-06
      280.000   7.9187976e-06
      281.000   7.8141793e-06
      282.000   7.7468803e-06
      283.000   7.7079885e-06
      284.000   7.6895849e-06
      285.000   7.6721999e-06
      286.000   7.6360911e-06
      287.000   7.5760890e-06
      288.000   7.5055532e-06
      289.000   7.4398881e-06
      290.000   7.3783717e-06
      291.000   7.3085334e-06
      292.000   7.2171238e-06
      293.000   7.0954379e-06
      294.000   6.9465359e-06
      295.000   6.7890378e-06
      296.000   6.6425255e-06
      297.000   6.5121335e-06
      298.000   6.3925813e-06
      299.000   6.2806107e-06
      300.000   6.1787641e-06
      301.000   6.0897778e-06
      302.000   6.0138732e-06
      303.000   5.9529725e-06
      304.000   5.9093031e-06
      305.000   5.8817623e-06
      306.000   5.8629726e-06
      307.000   5.8354899e-06
      308.000   5.7847292e-06
      309.000   5.7166621e-06
      310.000   5.6502245e-06
      311.000   5.5941973e-06
      312.000   5.5388291e-06
      313.000   5.4710940e-06
      314.000   5.3878393e-06
      315.000   5.2992064e-06
      316.000   5.2211608e-06
      317.000   5.1642819e-06
      318.000   5.1270322e-06
      319.000   5.0992744e-06
      320.000   5.0618232e-06
      321.000       0.0000000
