      1.00000       0.0000000
      2.00000   6.4216497e-06
      3.00000   6.4950113e-06
      4.00000   6.5438799e-06
      5.00000   6.5843128e-06
      6.00000   6.6104931e-06
      7.00000   6.6254720e-06
      8.00000   6.6388179e-06
      9.00000   6.6623375e-06
      10.0000   6.6908478e-06
      11.0000   6.7145288e-06
      12.0000   6.7394099e-06
      13.0000   6.7751484e-06
      14.0000   6.8240088e-06
      15.0000   6.8929662e-06
      16.0000   7.0005412e-06
      17.0000   7.1687919e-06
      18.0000   7.4097493e-06
      19.0000   7.7184677e-06
      20.0000   8.0815735e-06
      21.0000   8.4810817e-06
      22.0000   8.8926026e-06
      23.0000   9.2935634e-06
      24.0000   9.6659342e-06
      25.0000   9.9983499e-06
      26.0000   1.0287096e-05
      27.0000   1.0522183e-05
      28.0000   1.0687933e-05
      29.0000   1.0774403e-05
      30.0000   1.0773885e-05
      31.0000   1.0682044e-05
      32.0000   1.0513902e-05
      33.0000   1.0306281e-05
      34.0000   1.0097339e-05
      35.0000   9.9124682e-06
      36.0000   9.7765296e-06
      37.0000   9.7217680e-06
      38.0000   9.7697384e-06
      39.0000   9.9251611e-06
      40.0000   1.0192828e-05
      41.0000   1.0579346e-05
      42.0000   1.1074123e-05
      43.0000   1.1649247e-05
      44.0000   1.2275487e-05
      45.0000   1.2915045e-05
      46.0000   1.3517792e-05
      47.0000   1.4045911e-05
      48.0000   1.4491049e-05
      49.0000   1.4876045e-05
      50.0000   1.5242361e-05
      51.0000   1.5610734e-05
      52.0000   1.5961654e-05
      53.0000   1.6259879e-05
      54.0000   1.6472808e-05
      55.0000   1.6575683e-05
      56.0000   1.6564931e-05
      57.0000   1.6487411e-05
      58.0000   1.6445827e-05
      59.0000   1.6550683e-05
      60.0000   1.6853022e-05
      61.0000   1.7326971e-05
      62.0000   1.7902181e-05
      63.0000   1.8493101e-05
      64.0000   1.9039855e-05
      65.0000   1.9553967e-05
      66.0000   2.0122665e-05
      67.0000   2.0851772e-05
      68.0000   2.1795362e-05
      69.0000   2.2922501e-05
      70.0000   2.4142026e-05
      71.0000   2.5355987e-05
      72.0000   2.6467422e-05
      73.0000   2.7404401e-05
      74.0000   2.8143595e-05
      75.0000   2.8683799e-05
      76.0000   2.9062499e-05
      77.0000   2.9355990e-05
      78.0000   2.9619550e-05
      79.0000   2.9851455e-05
      80.0000   3.0038009e-05
      81.0000   3.0221145e-05
      82.0000   3.0492285e-05
      83.0000   3.0936026e-05
      84.0000   3.1611766e-05
      85.0000   3.2558590e-05
      86.0000   3.3772259e-05
      87.0000   3.5208894e-05
      88.0000   3.6789948e-05
      89.0000   3.8433547e-05
      90.0000   4.0162231e-05
      91.0000   4.2157499e-05
      92.0000   4.4664179e-05
      93.0000   4.7841495e-05
      94.0000   5.1695723e-05
      95.0000   5.6105069e-05
      96.0000   6.0897553e-05
      97.0000   6.5941800e-05
      98.0000   7.1229515e-05
      99.0000   7.6830351e-05
      100.000   8.2765575e-05
      101.000   8.8917142e-05
      102.000   9.5131349e-05
      103.000   0.00010154091
      104.000   0.00010856610
      105.000   0.00011650433
      106.000   0.00012528693
      107.000   0.00013459982
      108.000   0.00014427392
      109.000   0.00015476152
      110.000   0.00016721398
      111.000   0.00018281977
      112.000   0.00020186497
      113.000   0.00022376480
      114.000   0.00024816088
      115.000   0.00027554925
      116.000   0.00030677766
      117.000   0.00034204192
      118.000   0.00038004870
      119.000   0.00041825845
      120.000   0.00045398340
      121.000   0.00048535815
      122.000   0.00051210268
      123.000   0.00053596118
      124.000   0.00055985391
      125.000   0.00058583706
      126.000   0.00061418966
      127.000   0.00064529234
      128.000   0.00068250706
      129.000   0.00073191815
      130.000   0.00079739210
      131.000   0.00087751681
      132.000   0.00097059284
      133.000    0.0010802210
      134.000    0.0012106260
      135.000    0.0013594363
      136.000    0.0015206544
      137.000    0.0016934744
      138.000    0.0018828658
      139.000    0.0020869828
      140.000    0.0022892216
      141.000    0.0024715315
      142.000    0.0026355146
      143.000    0.0028081315
      144.000    0.0030295490
      145.000    0.0033313611
      146.000    0.0037121407
      147.000    0.0041601066
      148.000    0.0047218511
      149.000    0.0055005490
      150.000    0.0065684416
      151.000    0.0079356404
      152.000    0.0096730087
      153.000     0.012073548
      154.000     0.015648928
      155.000     0.020989751
      156.000     0.028753871
      157.000     0.039790180
      158.000     0.054830123
      159.000     0.073157504
      160.000     0.090948798
      161.000      0.10170766
      162.000      0.10018925
      163.000     0.087048873
      164.000     0.068288215
      165.000     0.050098203
      166.000     0.035588011
      167.000     0.025157439
      168.000     0.018071981
      169.000     0.013394472
      170.000     0.010299049
      171.000    0.0081802607
      172.000    0.0066803372
      173.000    0.0056079794
      174.000    0.0048539136
      175.000    0.0043424289
      176.000    0.0039823153
      177.000    0.0036730727
      178.000    0.0033567213
      179.000    0.0030340573
      180.000    0.0027306597
      181.000    0.0024527228
      182.000    0.0021837791
      183.000    0.0019157815
      184.000    0.0016630394
      185.000    0.0014437712
      186.000    0.0012634005
      187.000    0.0011185835
      188.000    0.0010025110
      189.000   0.00090486160
      190.000   0.00081410632
      191.000   0.00072441576
      192.000   0.00063738524
      193.000   0.00055758096
      194.000   0.00048910739
      195.000   0.00043322798
      196.000   0.00038771582
      197.000   0.00034946305
      198.000   0.00031679866
      199.000   0.00028875115
      200.000   0.00026401001
      201.000   0.00024122348
      202.000   0.00021942388
      203.000   0.00019818137
      204.000   0.00017782538
      205.000   0.00015928000
      206.000   0.00014343199
      207.000   0.00013052237
      208.000   0.00012016929
      209.000   0.00011186083
      210.000   0.00010526308
      211.000   0.00010017461
      212.000   9.6329866e-05
      213.000   9.3233590e-05
      214.000   9.0225461e-05
      215.000   8.6840628e-05
      216.000   8.3069521e-05
      217.000   7.9199403e-05
      218.000   7.5416283e-05
      219.000   7.1742492e-05
      220.000   6.8160385e-05
      221.000   6.4657674e-05
      222.000   6.1273291e-05
      223.000   5.8054971e-05
      224.000   5.5073844e-05
      225.000   5.2424370e-05
      226.000   5.0053772e-05
      227.000   4.7690239e-05
      228.000   4.5099223e-05
      229.000   4.2353873e-05
      230.000   3.9718703e-05
      231.000   3.7392667e-05
      232.000   3.5429264e-05
      233.000   3.3785269e-05
      234.000   3.2368513e-05
      235.000   3.1082913e-05
      236.000   2.9872486e-05
      237.000   2.8794571e-05
      238.000   2.7992028e-05
      239.000   2.7531012e-05
      240.000   2.7336449e-05
      241.000   2.7269391e-05
      242.000   2.7222621e-05
      243.000   2.7147596e-05
      244.000   2.7009559e-05
      245.000   2.6749707e-05
      246.000   2.6311729e-05
      247.000   2.5667276e-05
      248.000   2.4847073e-05
      249.000   2.3946046e-05
      250.000   2.3039140e-05
      251.000   2.2123455e-05
      252.000   2.1155727e-05
      253.000   2.0137024e-05
      254.000   1.9136074e-05
      255.000   1.8240497e-05
      256.000   1.7512490e-05
      257.000   1.6975744e-05
      258.000   1.6608368e-05
      259.000   1.6338743e-05
      260.000   1.6089207e-05
      261.000   1.5825291e-05
      262.000   1.5574236e-05
      263.000   1.5391186e-05
      264.000   1.5291889e-05
      265.000   1.5243610e-05
      266.000   1.5208389e-05
      267.000   1.5165311e-05
      268.000   1.5106431e-05
      269.000   1.5025744e-05
      270.000   1.4894008e-05
      271.000   1.4665083e-05
      272.000   1.4312573e-05
      273.000   1.3839662e-05
      274.000   1.3275907e-05
      275.000   1.2666576e-05
      276.000   1.2051643e-05
      277.000   1.1446613e-05
      278.000   1.0847477e-05
      279.000   1.0254766e-05
      280.000   9.6931753e-06
      281.000   9.2109276e-06
      282.000   8.8566903e-06
      283.000   8.6534646e-06
      284.000   8.5899219e-06
      285.000   8.6311138e-06
      286.000   8.7404633e-06
      287.000   8.8931365e-06
      288.000   9.0656595e-06
      289.000   9.2300679e-06
      290.000   9.3734461e-06
      291.000   9.5099858e-06
      292.000   9.6555141e-06
      293.000   9.7892416e-06
      294.000   9.8592300e-06
      295.000   9.8245109e-06
      296.000   9.6775730e-06
      297.000   9.4443749e-06
      298.000   9.1667562e-06
      299.000   8.8681554e-06
      300.000   8.5417123e-06
      301.000   8.1738626e-06
      302.000   7.7717295e-06
      303.000   7.3718861e-06
      304.000   7.0213446e-06
      305.000   6.7469132e-06
      306.000   6.5475524e-06
      307.000   6.4105220e-06
      308.000   6.3271445e-06
      309.000   6.2949025e-06
      310.000   6.3087300e-06
      311.000   6.3514503e-06
      312.000   6.3966518e-06
      313.000   6.4241344e-06
      314.000   6.4328051e-06
      315.000   6.4389842e-06
      316.000   6.4544565e-06
      317.000   6.4681617e-06
      318.000   6.4560872e-06
      319.000   6.4007809e-06
      320.000   6.3197335e-06
      321.000   6.2070344e-06
