      1.00000       0.0000000
      2.00000   7.0178830e-06
      3.00000   7.1629943e-06
      4.00000   7.3023680e-06
      5.00000   7.4576469e-06
      6.00000   7.6197643e-06
      7.00000   7.7850336e-06
      8.00000   7.9429719e-06
      9.00000   8.0850905e-06
      10.0000   8.2066772e-06
      11.0000   8.3126661e-06
      12.0000   8.4098465e-06
      13.0000   8.4972871e-06
      14.0000   8.5695037e-06
      15.0000   8.6269101e-06
      16.0000   8.6758746e-06
      17.0000   8.7255648e-06
      18.0000   8.7910867e-06
      19.0000   8.8981942e-06
      20.0000   9.0719814e-06
      21.0000   9.3230583e-06
      22.0000   9.6425319e-06
      23.0000   1.0009304e-05
      24.0000   1.0401236e-05
      25.0000   1.0801574e-05
      26.0000   1.1204505e-05
      27.0000   1.1600285e-05
      28.0000   1.1963542e-05
      29.0000   1.2273360e-05
      30.0000   1.2541040e-05
      31.0000   1.2798847e-05
      32.0000   1.3067604e-05
      33.0000   1.3334902e-05
      34.0000   1.3565431e-05
      35.0000   1.3720759e-05
      36.0000   1.3785043e-05
      37.0000   1.3781766e-05
      38.0000   1.3761412e-05
      39.0000   1.3776322e-05
      40.0000   1.3859387e-05
      41.0000   1.4020520e-05
      42.0000   1.4257122e-05
      43.0000   1.4555227e-05
      44.0000   1.4896019e-05
      45.0000   1.5261134e-05
      46.0000   1.5631524e-05
      47.0000   1.5978885e-05
      48.0000   1.6283351e-05
      49.0000   1.6570712e-05
      50.0000   1.6905042e-05
      51.0000   1.7372462e-05
      52.0000   1.8033417e-05
      53.0000   1.8862975e-05
      54.0000   1.9761641e-05
      55.0000   2.0615451e-05
      56.0000   2.1356274e-05
      57.0000   2.1970864e-05
      58.0000   2.2466340e-05
      59.0000   2.2865021e-05
      60.0000   2.3197372e-05
      61.0000   2.3480721e-05
      62.0000   2.3718314e-05
      63.0000   2.3910598e-05
      64.0000   2.4074881e-05
      65.0000   2.4239815e-05
      66.0000   2.4430348e-05
      67.0000   2.4660632e-05
      68.0000   2.4917230e-05
      69.0000   2.5180352e-05
      70.0000   2.5449352e-05
      71.0000   2.5742635e-05
      72.0000   2.6097738e-05
      73.0000   2.6522252e-05
      74.0000   2.6975596e-05
      75.0000   2.7413846e-05
      76.0000   2.7882839e-05
      77.0000   2.8514620e-05
      78.0000   2.9416458e-05
      79.0000   3.0615767e-05
      80.0000   3.2113683e-05
      81.0000   3.3908211e-05
      82.0000   3.5953828e-05
      83.0000   3.8171518e-05
      84.0000   4.0509556e-05
      85.0000   4.2970962e-05
      86.0000   4.5572611e-05
      87.0000   4.8283924e-05
      88.0000   5.1055835e-05
      89.0000   5.3853306e-05
      90.0000   5.6602326e-05
      91.0000   5.9281119e-05
      92.0000   6.2025189e-05
      93.0000   6.5060885e-05
      94.0000   6.8470239e-05
      95.0000   7.2090494e-05
      96.0000   7.5718744e-05
      97.0000   7.9386344e-05
      98.0000   8.3388470e-05
      99.0000   8.8176988e-05
      100.000   9.4189323e-05
      101.000   0.00010170607
      102.000   0.00011076969
      103.000   0.00012124522
      104.000   0.00013313255
      105.000   0.00014670355
      106.000   0.00016217945
      107.000   0.00017956999
      108.000   0.00019899457
      109.000   0.00022051172
      110.000   0.00024345316
      111.000   0.00026630575
      112.000   0.00028743266
      113.000   0.00030573885
      114.000   0.00032124025
      115.000   0.00033544726
      116.000   0.00035042156
      117.000   0.00036691851
      118.000   0.00038380313
      119.000   0.00039973526
      120.000   0.00041561076
      121.000   0.00043500087
      122.000   0.00046244409
      123.000   0.00050103711
      124.000   0.00055035291
      125.000   0.00060768437
      126.000   0.00067212584
      127.000   0.00074544060
      128.000   0.00082827325
      129.000   0.00091716420
      130.000    0.0010072947
      131.000    0.0010985718
      132.000    0.0011981030
      133.000    0.0013127505
      134.000    0.0014376482
      135.000    0.0015562567
      136.000    0.0016522344
      137.000    0.0017221554
      138.000    0.0017782020
      139.000    0.0018407981
      140.000    0.0019315036
      141.000    0.0020711476
      142.000    0.0022666452
      143.000    0.0024965003
      144.000    0.0027330208
      145.000    0.0029897594
      146.000    0.0033397437
      147.000    0.0038627423
      148.000    0.0045671221
      149.000    0.0053922702
      150.000    0.0063106045
      151.000    0.0074356706
      152.000    0.0090347789
      153.000     0.011491989
      154.000     0.015299696
      155.000     0.020957569
      156.000     0.028859688
      157.000     0.039550174
      158.000     0.053967562
      159.000     0.072202601
      160.000     0.090969965
      161.000      0.10311980
      162.000      0.10211108
      163.000     0.088367254
      164.000     0.068733178
      165.000     0.050130796
      166.000     0.035726514
      167.000     0.025517642
      168.000     0.018437875
      169.000     0.013557610
      170.000     0.010252042
      171.000    0.0080459146
      172.000    0.0065360018
      173.000    0.0054478226
      174.000    0.0046397527
      175.000    0.0040316726
      176.000    0.0035598702
      177.000    0.0031742572
      178.000    0.0028438466
      179.000    0.0025590302
      180.000    0.0023246820
      181.000    0.0021380549
      182.000    0.0019835834
      183.000    0.0018477560
      184.000    0.0017229235
      185.000    0.0015984053
      186.000    0.0014620493
      187.000    0.0013109980
      188.000    0.0011532941
      189.000    0.0010048654
      190.000   0.00088215736
      191.000   0.00079005852
      192.000   0.00071951147
      193.000   0.00065748527
      194.000   0.00059557549
      195.000   0.00053144997
      196.000   0.00046749564
      197.000   0.00040899980
      198.000   0.00036073942
      199.000   0.00032396353
      200.000   0.00029632583
      201.000   0.00027397819
      202.000   0.00025403904
      203.000   0.00023539494
      204.000   0.00021796324
      205.000   0.00020162045
      206.000   0.00018604017
      207.000   0.00017122140
      208.000   0.00015735230
      209.000   0.00014442363
      210.000   0.00013219989
      211.000   0.00012059337
      212.000   0.00010978727
      213.000   0.00010010030
      214.000   9.1790418e-05
      215.000   8.4832813e-05
      216.000   7.9012025e-05
      217.000   7.4104551e-05
      218.000   7.0005561e-05
      219.000   6.6816327e-05
      220.000   6.4617758e-05
      221.000   6.3225765e-05
      222.000   6.2232364e-05
      223.000   6.1187588e-05
      224.000   5.9804181e-05
      225.000   5.8121790e-05
      226.000   5.6397661e-05
      227.000   5.4803881e-05
      228.000   5.3367847e-05
      229.000   5.2078460e-05
      230.000   5.0871327e-05
      231.000   4.9576196e-05
      232.000   4.8053535e-05
      233.000   4.6297675e-05
      234.000   4.4371467e-05
      235.000   4.2393742e-05
      236.000   4.0519863e-05
      237.000   3.8860977e-05
      238.000   3.7372676e-05
      239.000   3.5838362e-05
      240.000   3.4077202e-05
      241.000   3.2151929e-05
      242.000   3.0293901e-05
      243.000   2.8702820e-05
      244.000   2.7458764e-05
      245.000   2.6526746e-05
      246.000   2.5770956e-05
      247.000   2.5037218e-05
      248.000   2.4263374e-05
      249.000   2.3470138e-05
      250.000   2.2730948e-05
      251.000   2.2130216e-05
      252.000   2.1710426e-05
      253.000   2.1475469e-05
      254.000   2.1424010e-05
      255.000   2.1546701e-05
      256.000   2.1784175e-05
      257.000   2.2039387e-05
      258.000   2.2227901e-05
      259.000   2.2297492e-05
      260.000   2.2223368e-05
      261.000   2.1993174e-05
      262.000   2.1615426e-05
      263.000   2.1120150e-05
      264.000   2.0548068e-05
      265.000   1.9941353e-05
      266.000   1.9327916e-05
      267.000   1.8714476e-05
      268.000   1.8081644e-05
      269.000   1.7408853e-05
      270.000   1.6694252e-05
      271.000   1.5954920e-05
      272.000   1.5235041e-05
      273.000   1.4595412e-05
      274.000   1.4076640e-05
      275.000   1.3680852e-05
      276.000   1.3390819e-05
      277.000   1.3186577e-05
      278.000   1.3054283e-05
      279.000   1.2975805e-05
      280.000   1.2935143e-05
      281.000   1.2924834e-05
      282.000   1.2942141e-05
      283.000   1.2991467e-05
      284.000   1.3069262e-05
      285.000   1.3150689e-05
      286.000   1.3210371e-05
      287.000   1.3228684e-05
      288.000   1.3191814e-05
      289.000   1.3095285e-05
      290.000   1.2928756e-05
      291.000   1.2677399e-05
      292.000   1.2335036e-05
      293.000   1.1910206e-05
      294.000   1.1434427e-05
      295.000   1.0946953e-05
      296.000   1.0471921e-05
      297.000   1.0014451e-05
      298.000   9.5777896e-06
      299.000   9.1690654e-06
      300.000   8.7969111e-06
      301.000   8.4785070e-06
      302.000   8.2293327e-06
      303.000   8.0500358e-06
      304.000   7.9245992e-06
      305.000   7.8370531e-06
      306.000   7.7838331e-06
      307.000   7.7719469e-06
      308.000   7.8101457e-06
      309.000   7.8896628e-06
      310.000   7.9717720e-06
      311.000   8.0075151e-06
      312.000   7.9664896e-06
      313.000   7.8502644e-06
      314.000   7.6903389e-06
      315.000   7.5348958e-06
      316.000   7.4241666e-06
      317.000   7.3649535e-06
      318.000   7.3248752e-06
      319.000   7.2492721e-06
      320.000   7.1289496e-06
      321.000   6.9127054e-06
