! -------------------------
   1553.8018798828125        1.0019019842147827       0.11820796877145767        1.0000000000000000     
   1553.8385009765625       0.82864785194396973       0.10871488600969315        1.0000000000000000     
   1553.8752441406250        1.0924236774444580       0.12439301609992981        1.0000000000000000     
   1553.9118652343750        1.1063771247863770       0.12496582418680191        1.0000000000000000     
   1553.9486083984375        1.1055809259414673       0.12662947177886963        1.0000000000000000     
   1553.9852294921875        1.0666757822036743       0.12426213920116425        1.0000000000000000     
   1554.0219726562500        1.1302551031112671       0.12807177007198334        1.0000000000000000     
   1554.0587158203125        1.0823534727096558       0.12558721005916595        1.0000000000000000     
   1554.0953369140625        1.0926625728607178       0.12418230623006821        1.0000000000000000     
   1554.1320800781250       0.85652923583984375       0.11255972832441330        1.0000000000000000     
   1554.1687011718750       0.83322507143020630       0.10998727381229401        1.0000000000000000     
   1554.2054443359375       0.93756806850433350       0.11537847667932510        1.0000000000000000     
   1554.2420654296875        1.0386060476303101       0.12059424072504044        1.0000000000000000     
   1554.2788085937500       0.97010123729705811       0.12379583716392517        1.0000000000000000     
   1554.3154296875000        1.1077872514724731       0.12659576535224915        1.0000000000000000     
   1554.3521728515625        1.1108989715576172       0.12595719099044800        1.0000000000000000     
   1554.3889160156250        1.1077481508255005       0.12443920969963074        1.0000000000000000     
   1554.4255371093750        1.1858527660369873       0.13309177756309509        1.0000000000000000     
   1554.4622802734375        1.2243871688842773       0.13047254085540771        1.0000000000000000     
   1554.4989013671875        1.0817456245422363       0.12331748008728027        1.0000000000000000     
   1554.5356445312500        1.1147841215133667       0.12518845498561859        1.0000000000000000     
   1554.5722656250000       0.98099189996719360       0.12071618437767029        1.0000000000000000     
   1554.6090087890625       0.81460905075073242       0.10816944390535355        1.0000000000000000     
   1554.6457519531250       0.94457721710205078       0.11889151483774185        1.0000000000000000     
   1554.6823730468750        1.0150592327117920       0.12050016224384308        1.0000000000000000     
   1554.7191162109375       0.84623181819915771       0.11003279685974121        1.0000000000000000     
   1554.7557373046875       0.81694710254669189       0.11527384817600250        1.0000000000000000     
   1554.7924804687500       0.96709156036376953       0.11836388707160950        1.0000000000000000     
   1554.8291015625000        1.0430839061737061       0.12324485927820206        1.0000000000000000     
   1554.8658447265625        1.3070187568664551       0.13722743093967438        1.0000000000000000     
   1554.9025878906250       0.97087746858596802       0.11748434603214264        1.0000000000000000     
   1554.9392089843750       0.92015612125396729       0.12008269131183624        1.0000000000000000     
   1554.9759521484375        1.0279663801193237       0.12604704499244690        1.0000000000000000     
   1555.0125732421875       0.99850720167160034       0.11812238395214081        1.0000000000000000     
   1555.0493164062500       0.96701872348785400       0.12003744393587112        1.0000000000000000     
   1555.0859375000000       0.98834282159805298       0.11864861100912094        1.0000000000000000     
   1555.1226806640625       0.83402770757675171       0.11900522559881210        1.0000000000000000     
   1555.1593017578125        1.0883464813232422       0.12522870302200317        1.0000000000000000     
   1555.1960449218750        1.1115279197692871       0.12760306894779205        1.0000000000000000     
   1555.2327880859375       0.93293064832687378       0.11485513299703598        1.0000000000000000     
   1555.2694091796875        1.0021091699600220       0.11888661980628967        1.0000000000000000     
   1555.3061523437500        1.0570242404937744       0.12319871038198471        1.0000000000000000     
   1555.3427734375000        1.1130659580230713       0.12812982499599457        1.0000000000000000     
   1555.3795166015625       0.83965808153152466       0.11195392161607742        1.0000000000000000     
   1555.4161376953125        1.0184407234191895       0.12013828009366989        1.0000000000000000     
   1555.4528808593750        1.3116682767868042       0.13589744269847870        1.0000000000000000     
   1555.4896240234375       0.72575950622558594       0.10981283336877823        1.0000000000000000     
   1555.5262451171875       0.95581638813018799       0.12110718339681625        1.0000000000000000     
   1555.5629882812500        1.0162843465805054       0.12179176509380341        1.0000000000000000     
   1555.5996093750000        1.0115818977355957       0.12061557173728943        1.0000000000000000     
   1555.6363525390625        1.1172615289688110       0.12496536225080490       0.99985410085567505     
   1555.6729736328125       0.95288950204849243       0.11717315763235092       0.99984140759588069     
   1555.7097167968750       0.91106992959976196       0.11877653002738953       0.99983119877930093     
   1555.7463378906250       0.95962393283843994       0.11709787696599960       0.99982352646036732     
   1555.7830810546875       0.66245591640472412        9.8305687308311462E-002  0.99981602702856753     
   1555.8198242187500       0.90668547153472900       0.11746974289417267       0.99980516669527209     
   1555.8564453125000       0.88169002532958984       0.11311144381761551       0.99978796635119160     
   1555.8931884765625        1.0870985984802246       0.12479236721992493       0.99976307818194865     
   1555.9298095703125        1.0610954761505127       0.12578660249710083       0.99973063558775033     
   1555.9665527343750        1.0700407028198242       0.12746417522430420       0.99969151585137561     
   1556.0031738281250        1.0470738410949707       0.12369210273027420       0.99964733285351759     
   1556.0399169921875        1.1269932985305786       0.12752036750316620       0.99960008423465352     
   1556.0766601562500       0.99710458517074585       0.12244674563407898       0.99955112490344333     
   1556.1132812500000       0.99878567457199097       0.12273219227790833       0.99949893244355392     
   1556.1500244140625        1.0709729194641113       0.12381921708583832       0.99943493148177698     
   1556.1866455078125       0.97884577512741089       0.11734936386346817       0.99934183329552917     
   1556.2233886718750       0.96753156185150146       0.12088131159543991       0.99919605160447755     
   1556.2600097656250       0.97079569101333618       0.11980199813842773       0.99897427433017583     
   1556.2967529296875       0.64248275756835938       0.10942011326551437       0.99865852049137238     
   1556.3334960937500        1.0828427076339722       0.12723569571971893       0.99822424782759789     
   1556.3701171875000       0.96075308322906494       0.11773367971181870       0.99761018629526310     
   1556.4068603515625       0.85178816318511963       0.11115115880966187       0.99670133175534759     
   1556.4434814453125       0.83892798423767090       0.11242776364088058       0.99534886750850260     
   1556.4802246093750        1.0905178785324097       0.12757413089275360       0.99341282144100618     
   1556.5168457031250        1.0444810390472412       0.12381249666213989       0.99083453408222966     
   1556.5535888671875        1.0814317464828491       0.12429969757795334       0.98754029351990580     
   1556.5902099609375        1.0190023183822632       0.12069049477577209       0.98292680964019319     
   1556.6269531250000       0.87759244441986084       0.11291006207466125       0.97483032934967062     
   1556.6636962890625       0.84250944852828979       0.11624904721975327       0.95723626141001905     
   1556.7003173828125       0.83128863573074341       0.11176983267068863       0.91690519313893981     
   1556.7370605468750        1.0495647192001343       0.12276770174503326       0.83657810504190877     
   1556.7736816406250       0.77963596582412720       0.11018679291009903       0.71887773051201120     
   1556.8104248046875       0.63834905624389648        9.9648170173168182E-002  0.61007016472965425     
   1556.8470458984375       0.56844866275787354        9.3525186181068420E-002  0.57190014025041902     
   1556.8837890625000       0.56576752662658691        9.1907031834125519E-002  0.62777076188031344     
   1556.9205322265625       0.78417444229125977       0.10845057666301727       0.74300213518431779     
   1556.9571533203125       0.81261241436004639       0.11227164417505264       0.85430675545138024     
   1556.9938964843750        1.0061885118484497       0.12239290028810501       0.92508435178417514     
   1557.0305175781250        1.0218751430511475       0.12488956004381180       0.95954105037662740     
   1557.0672607421875       0.71662861108779907       0.10294346511363983       0.97482008514682328     
   1557.1038818359375        1.1382005214691162       0.13170149922370911       0.98210983431639265     
   1557.1406250000000       0.95158946514129639       0.11994116008281708       0.98622609203676070     
   1557.1773681640625       0.95954185724258423       0.11904563009738922       0.98909552195413530     
   1557.2139892578125        1.0703209638595581       0.12409725040197372       0.99144613695737516     
   1557.2507324218750        1.0475481748580933       0.12421388179063797       0.99341933894964818     
   1557.2873535156250        1.1266773939132690       0.12823608517646790       0.99494320021646965     
   1557.3240966796875       0.86554837226867676       0.11462715268135071       0.99600846363489115     
   1557.3607177734375        1.0564225912094116       0.12334243953227997       0.99672846648734315     
   1557.3974609375000       0.99033343791961670       0.12206912040710449       0.99726755160596225     
   1557.4340820312500        1.1043577194213867       0.12800279259681702       0.99774490311944941     
   1557.4708251953125       0.95763611793518066       0.11852718144655228       0.99819437238909758     
   1557.5075683593750        1.0311634540557861       0.12356179952621460       0.99859169243982160     
   1557.5441894531250       0.88742113113403320       0.11692280322313309       0.99890580589823141     
   1557.5809326171875        1.0004913806915283       0.12209619581699371       0.99913316097755767     
   1557.6175537109375        1.0173991918563843       0.12461048364639282       0.99929418772264900     
   1557.6542968750000       0.95949566364288330       0.11882128566503525       0.99941386728503268     
   1557.6909179687500        1.0236080884933472       0.12314445525407791       0.99950922297261913     
   1557.7276611328125        1.3058344125747681       0.13702604174613953       0.99958695744183201     
   1557.7644042968750       0.84600615501403809       0.11550758779048920       0.99964763971281778     
   1557.8010253906250       0.72585350275039673       0.10371261090040207       0.99969076251126110     
   1557.8377685546875        1.2479983568191528       0.13422393798828125       0.99971806106935712     
   1557.8743896484375       0.97033452987670898       0.12112774699926376       0.99973369276899315     
   1557.9111328125000       0.83324420452117920       0.11068562418222427        1.0000000000000000     
   1557.9477539062500        1.0574326515197754       0.12579874694347382        1.0000000000000000     
   1557.9844970703125        1.0793281793594360       0.12475153803825378        1.0000000000000000     
   1558.0211181640625        1.2193865776062012       0.13334214687347412        1.0000000000000000     
   1558.0578613281250        1.1372990608215332       0.13034035265445709        1.0000000000000000     
   1558.0946044921875       0.97399115562438965       0.12135836482048035        1.0000000000000000     
   1558.1312255859375       0.79252952337265015       0.10885819792747498        1.0000000000000000     
   1558.1679687500000       0.88866299390792847       0.11762361973524094        1.0000000000000000     
   1558.2045898437500        1.0878747701644897       0.12571053206920624        1.0000000000000000     
   1558.2413330078125       0.84860712289810181       0.11377321928739548        1.0000000000000000     
   1558.2779541015625       0.77591216564178467       0.10759401321411133        1.0000000000000000     
   1558.3146972656250        1.1604155302047729       0.12992389500141144        1.0000000000000000     
   1558.3514404296875        1.0614844560623169       0.12579175829887390        1.0000000000000000     
   1558.3880615234375        1.1505439281463623       0.12974953651428223        1.0000000000000000     
   1558.4248046875000        1.0939919948577881       0.12748584151268005        1.0000000000000000     
   1558.4614257812500        1.0824667215347290       0.12500366568565369        1.0000000000000000     
   1558.4981689453125       0.96079766750335693       0.12096292525529861        1.0000000000000000     
   1558.5347900390625        1.0923724174499512       0.12767358124256134        1.0000000000000000     
   1558.5715332031250        1.0332871675491333       0.12332589179277420        1.0000000000000000     
   1558.6082763671875        1.1678255796432495       0.13117496669292450        1.0000000000000000     
   1558.6448974609375       0.91330516338348389       0.11964788287878036        1.0000000000000000     
   1558.6816406250000       0.77558833360671997       0.10849578678607941        1.0000000000000000     
   1558.7182617187500       0.93621665239334106       0.11780351400375366        1.0000000000000000     
   1558.7550048828125        1.1313970088958740       0.12771190702915192        1.0000000000000000     
   1558.7916259765625       0.91329622268676758       0.11888878792524338        1.0000000000000000     
   1558.8283691406250        1.1679134368896484       0.13342192769050598        1.0000000000000000     
   1558.8649902343750       0.99590814113616943       0.12046623229980469        1.0000000000000000     
   1558.9017333984375       0.89420425891876221       0.11843837797641754        1.0000000000000000     
   1558.9384765625000       0.98113846778869629       0.12438215315341949        1.0000000000000000     
   1558.9750976562500        1.1833590269088745       0.13155245780944824        1.0000000000000000     
   1559.0118408203125       0.85815101861953735       0.11625411361455917        1.0000000000000000     
   1559.0484619140625        1.0312087535858154       0.12353200465440750        1.0000000000000000     
   1559.0852050781250        1.0064321756362915       0.12286642938852310        1.0000000000000000     
   1559.1218261718750       0.91398417949676514       0.11989216506481171        1.0000000000000000     
   1559.1585693359375        1.0476343631744385       0.12483713030815125        1.0000000000000000     
   1559.1953125000000       0.73223966360092163       0.10884822905063629        1.0000000000000000     
   1559.2319335937500       0.76079702377319336       0.10913193225860596        1.0000000000000000     
   1559.2686767578125       0.95146149396896362       0.12111659348011017        1.0000000000000000     
   1559.3052978515625       0.93883943557739258       0.12067493051290512        1.0000000000000000     
   1559.3420410156250       0.85147112607955933       0.11370912194252014        1.0000000000000000     
   1559.3786621093750       0.58739978075027466       0.10641322284936905        1.0000000000000000     
   1559.4154052734375       0.86044144630432129       0.11604833602905273        1.0000000000000000     
   1559.4521484375000       0.73294317722320557       0.10612582415342331        1.0000000000000000     
   1559.4887695312500       0.91908478736877441       0.11931679397821426        1.0000000000000000     
   1559.5255126953125       0.88032305240631104       0.11592815816402435        1.0000000000000000     
   1559.5621337890625       0.85908591747283936       0.11461266130208969        1.0000000000000000     
   1559.5988769531250        1.0941195487976074       0.12811578810214996        1.0000000000000000     
   1559.6354980468750       0.95373922586441040       0.11872833967208862        1.0000000000000000     
   1559.6722412109375        1.1870700120925903       0.13366512954235077        1.0000000000000000     
   1559.7088623046875        1.0385838747024536       0.12352871894836426        1.0000000000000000     
!  ---- tick mark positions for above ----
!      1556.84831     1     1
!      1559.43623     2     1
