      1.00000       0.0000000
      2.00000   6.1802648e-06
      3.00000   6.2790659e-06
      4.00000   6.4169276e-06
      5.00000   6.5895515e-06
      6.00000   6.7760939e-06
      7.00000   6.9667790e-06
      8.00000   7.1529607e-06
      9.00000   7.3307674e-06
      10.0000   7.5060470e-06
      11.0000   7.6886354e-06
      12.0000   7.8820995e-06
      13.0000   8.0818609e-06
      14.0000   8.2814486e-06
      15.0000   8.4694921e-06
      16.0000   8.6274831e-06
      17.0000   8.7492008e-06
      18.0000   8.8501156e-06
      19.0000   8.9476598e-06
      20.0000   9.0365811e-06
      21.0000   9.0997964e-06
      22.0000   9.1253060e-06
      23.0000   9.0966814e-06
      24.0000   9.0021531e-06
      25.0000   8.8622301e-06
      26.0000   8.7330955e-06
      27.0000   8.6722930e-06
      28.0000   8.7069484e-06
      29.0000   8.8339702e-06
      30.0000   9.0293797e-06
      31.0000   9.2642358e-06
      32.0000   9.5292471e-06
      33.0000   9.8439241e-06
      34.0000   1.0242274e-05
      35.0000   1.0738941e-05
      36.0000   1.1316427e-05
      37.0000   1.1946407e-05
      38.0000   1.2597706e-05
      39.0000   1.3215474e-05
      40.0000   1.3725152e-05
      41.0000   1.4091938e-05
      42.0000   1.4345223e-05
      43.0000   1.4537823e-05
      44.0000   1.4710055e-05
      45.0000   1.4870265e-05
      46.0000   1.4997361e-05
      47.0000   1.5073987e-05
      48.0000   1.5109178e-05
      49.0000   1.5110701e-05
      50.0000   1.5064937e-05
      51.0000   1.4989287e-05
      52.0000   1.4963987e-05
      53.0000   1.5076320e-05
      54.0000   1.5352274e-05
      55.0000   1.5766378e-05
      56.0000   1.6293057e-05
      57.0000   1.6909573e-05
      58.0000   1.7571321e-05
      59.0000   1.8216249e-05
      60.0000   1.8815645e-05
      61.0000   1.9420682e-05
      62.0000   2.0135632e-05
      63.0000   2.1026593e-05
      64.0000   2.2052149e-05
      65.0000   2.3099534e-05
      66.0000   2.4071262e-05
      67.0000   2.4922158e-05
      68.0000   2.5651503e-05
      69.0000   2.6260184e-05
      70.0000   2.6730069e-05
      71.0000   2.7052149e-05
      72.0000   2.7252727e-05
      73.0000   2.7391490e-05
      74.0000   2.7513697e-05
      75.0000   2.7639313e-05
      76.0000   2.7805603e-05
      77.0000   2.8073408e-05
      78.0000   2.8478567e-05
      79.0000   2.9030054e-05
      80.0000   2.9754623e-05
      81.0000   3.0668987e-05
      82.0000   3.1721749e-05
      83.0000   3.2788157e-05
      84.0000   3.3776025e-05
      85.0000   3.4775941e-05
      86.0000   3.6030702e-05
      87.0000   3.7752056e-05
      88.0000   4.0018836e-05
      89.0000   4.2810003e-05
      90.0000   4.6040917e-05
      91.0000   4.9574475e-05
      92.0000   5.3294934e-05
      93.0000   5.7207533e-05
      94.0000   6.1396226e-05
      95.0000   6.5852575e-05
      96.0000   7.0467700e-05
      97.0000   7.5154581e-05
      98.0000   7.9883379e-05
      99.0000   8.4767198e-05
      100.000   9.0085465e-05
      101.000   9.6039767e-05
      102.000   0.00010250214
      103.000   0.00010917240
      104.000   0.00011604329
      105.000   0.00012358339
      106.000   0.00013258024
      107.000   0.00014378878
      108.000   0.00015753841
      109.000   0.00017367992
      110.000   0.00019199702
      111.000   0.00021269282
      112.000   0.00023623616
      113.000   0.00026290788
      114.000   0.00029273258
      115.000   0.00032487238
      116.000   0.00035720013
      117.000   0.00038717373
      118.000   0.00041282660
      119.000   0.00043361814
      120.000   0.00045122899
      121.000   0.00046882109
      122.000   0.00048864412
      123.000   0.00051080459
      124.000   0.00053480524
      125.000   0.00056203699
      126.000   0.00059685123
      127.000   0.00064445433
      128.000   0.00070672110
      129.000   0.00078192103
      130.000   0.00086934806
      131.000   0.00097055314
      132.000    0.0010848300
      133.000    0.0012074026
      134.000    0.0013346605
      135.000    0.0014709148
      136.000    0.0016235651
      137.000    0.0017882142
      138.000    0.0019468673
      139.000    0.0020831702
      140.000    0.0021972575
      141.000    0.0023083871
      142.000    0.0024474703
      143.000    0.0026479841
      144.000    0.0029277420
      145.000    0.0032719001
      146.000    0.0036605408
      147.000    0.0041248850
      148.000    0.0047497847
      149.000    0.0055929082
      150.000    0.0066343779
      151.000    0.0078747114
      152.000    0.0094932532
      153.000     0.011888145
      154.000     0.015596741
      155.000     0.021199021
      156.000     0.029192397
      157.000     0.040037178
      158.000     0.054327205
      159.000     0.071850777
      160.000     0.089455925
      161.000      0.10067978
      162.000     0.099735275
      163.000     0.086978391
      164.000     0.068440825
      165.000     0.050390191
      166.000     0.036052011
      167.000     0.025833620
      168.000     0.018845093
      169.000     0.014075967
      170.000     0.010795533
      171.000    0.0085062264
      172.000    0.0068792221
      173.000    0.0057083159
      174.000    0.0048550917
      175.000    0.0042228820
      176.000    0.0037439652
      177.000    0.0033664720
      178.000    0.0030549520
      179.000    0.0027897151
      180.000    0.0025611820
      181.000    0.0023618191
      182.000    0.0021762471
      183.000    0.0019839450
      184.000    0.0017749467
      185.000    0.0015571773
      186.000    0.0013509213
      187.000    0.0011770845
      188.000    0.0010425238
      189.000   0.00093747687
      190.000   0.00084606244
      191.000   0.00075714185
      192.000   0.00066808128
      193.000   0.00058321602
      194.000   0.00050884404
      195.000   0.00044827897
      196.000   0.00040066554
      197.000   0.00036264258
      198.000   0.00033075837
      199.000   0.00030285702
      200.000   0.00027783876
      201.000   0.00025497447
      202.000   0.00023362091
      203.000   0.00021327287
      204.000   0.00019375513
      205.000   0.00017518636
      206.000   0.00015785779
      207.000   0.00014209803
      208.000   0.00012834130
      209.000   0.00011697632
      210.000   0.00010792246
      211.000   0.00010064841
      212.000   9.4563322e-05
      213.000   8.9511363e-05
      214.000   8.5647458e-05
      215.000   8.2861821e-05
      216.000   8.0619015e-05
      217.000   7.8258505e-05
      218.000   7.5460790e-05
      219.000   7.2369789e-05
      220.000   6.9269685e-05
      221.000   6.6366178e-05
      222.000   6.3745290e-05
      223.000   6.1308812e-05
      224.000   5.8853053e-05
      225.000   5.6284425e-05
      226.000   5.3630079e-05
      227.000   5.0978873e-05
      228.000   4.8483864e-05
      229.000   4.6286670e-05
      230.000   4.4347151e-05
      231.000   4.2412426e-05
      232.000   4.0302195e-05
      233.000   3.8119586e-05
      234.000   3.6084992e-05
      235.000   3.4310400e-05
      236.000   3.2763051e-05
      237.000   3.1319225e-05
      238.000   2.9882156e-05
      239.000   2.8477285e-05
      240.000   2.7194515e-05
      241.000   2.6123749e-05
      242.000   2.5345436e-05
      243.000   2.4871188e-05
      244.000   2.4641948e-05
      245.000   2.4591382e-05
      246.000   2.4652823e-05
      247.000   2.4744331e-05
      248.000   2.4785832e-05
      249.000   2.4730383e-05
      250.000   2.4564733e-05
      251.000   2.4282990e-05
      252.000   2.3875176e-05
      253.000   2.3339204e-05
      254.000   2.2696357e-05
      255.000   2.1996222e-05
      256.000   2.1284848e-05
      257.000   2.0543561e-05
      258.000   1.9715757e-05
      259.000   1.8806233e-05
      260.000   1.7904074e-05
      261.000   1.7118597e-05
      262.000   1.6497270e-05
      263.000   1.6011885e-05
      264.000   1.5618038e-05
      265.000   1.5283984e-05
      266.000   1.4979628e-05
      267.000   1.4674786e-05
      268.000   1.4366151e-05
      269.000   1.4099152e-05
      270.000   1.3926836e-05
      271.000   1.3855226e-05
      272.000   1.3839347e-05
      273.000   1.3838971e-05
      274.000   1.3852185e-05
      275.000   1.3882400e-05
      276.000   1.3898272e-05
      277.000   1.3833590e-05
      278.000   1.3638533e-05
      279.000   1.3327462e-05
      280.000   1.2965163e-05
      281.000   1.2590860e-05
      282.000   1.2184234e-05
      283.000   1.1719113e-05
      284.000   1.1211764e-05
      285.000   1.0702423e-05
      286.000   1.0205828e-05
      287.000   9.7122456e-06
      288.000   9.2310520e-06
      289.000   8.8008765e-06
      290.000   8.4613666e-06
      291.000   8.2270490e-06
      292.000   8.0927903e-06
      293.000   8.0519649e-06
      294.000   8.0890040e-06
      295.000   8.1691487e-06
      296.000   8.2496254e-06
      297.000   8.3080995e-06
      298.000   8.3554096e-06
      299.000   8.4134963e-06
      300.000   8.4901840e-06
      301.000   8.5729644e-06
      302.000   8.6396740e-06
      303.000   8.6714799e-06
      304.000   8.6587943e-06
      305.000   8.5966885e-06
      306.000   8.4805088e-06
      307.000   8.3124987e-06
      308.000   8.1060189e-06
      309.000   7.8796902e-06
      310.000   7.6502101e-06
      311.000   7.4326349e-06
      312.000   7.2415091e-06
      313.000   7.0802344e-06
      314.000   6.9341904e-06
      315.000   6.7794076e-06
      316.000   6.6002499e-06
      317.000   6.4045498e-06
      318.000   6.2207150e-06
      319.000   6.0807038e-06
      320.000   6.0017214e-06
      321.000   5.9781601e-06
