H	H+	C+	C+2	C+3	N+	N+2	N+4	O	O+2	O+5	O+6	P+	Si+	Si+2	Si+3	Si+4	Fe+	Al+
8.12908e+17	1.19772e+22	3.89204e+14	7.80332e+16	9.95641e+16	2.89733e+13	1.28632e+16	6.51794e+15	3.22015e+10	3.37296e+17	2.95162e+16	3.13233e+16	4.72466e+11	4.00345e+13	1.81294e+15	4.19514e+15	1.35244e+16	3.24383e+10	7.16449e+12
8.12866e+17	1.13698e+22	3.98009e+14	7.64056e+16	9.37931e+16	2.99571e+13	1.27589e+16	6.22108e+15	3.40561e+10	3.23138e+17	2.72959e+16	2.77961e+16	4.90597e+11	4.16416e+13	1.84178e+15	4.09742e+15	1.27504e+16	3.44870e+10	7.46813e+12
8.12831e+17	1.07944e+22	4.06914e+14	7.48148e+16	8.83628e+16	3.09620e+13	1.26524e+16	5.93099e+15	3.60429e+10	3.09607e+17	2.52026e+16	2.46280e+16	5.09207e+11	4.32508e+13	1.86897e+15	3.99798e+15	1.20194e+16	3.66559e+10	7.78092e+12
8.12929e+17	1.02492e+22	4.15966e+14	7.32580e+16	8.32445e+16	3.19872e+13	1.25422e+16	5.64860e+15	3.81784e+10	2.96639e+17	2.32357e+16	2.17885e+16	5.28476e+11	4.48777e+13	1.89485e+15	3.89628e+15	1.13292e+16	3.89558e+10	8.10589e+12
8.12872e+17	9.72895e+21	4.24618e+14	7.16807e+16	7.84096e+16	3.30044e+13	1.24248e+16	5.37292e+15	4.04438e+10	2.84114e+17	2.13871e+16	1.92452e+16	5.47403e+11	4.64089e+13	1.91627e+15	3.79272e+15	1.06729e+16	4.13711e+10	8.43021e+12
8.12839e+17	9.23682e+21	4.33518e+14	7.01495e+16	7.38578e+16	3.40532e+13	1.23054e+16	5.10494e+15	4.28906e+10	2.72159e+17	1.96566e+16	1.69737e+16	5.67111e+11	4.79558e+13	1.93660e+15	3.68789e+15	1.00558e+16	4.39348e+10	8.76794e+12
8.12955e+17	8.76965e+21	4.42275e+14	6.86288e+16	6.95718e+16	3.51185e+13	1.21822e+16	4.84478e+15	4.55259e+10	2.60686e+17	1.80382e+16	1.49493e+16	5.86875e+11	4.94378e+13	1.95365e+15	3.58255e+15	9.47330e+15	4.66440e+10	9.10992e+12
8.12899e+17	8.32618e+21	4.51039e+14	6.71271e+16	6.55222e+16	3.61974e+13	1.20538e+16	4.59238e+15	4.83499e+10	2.49670e+17	1.65283e+16	1.31471e+16	6.07053e+11	5.08881e+13	1.96829e+15	3.47547e+15	8.92406e+15	4.94991e+10	9.45983e+12
8.12884e+17	7.90452e+21	4.59572e+14	6.56342e+16	6.17036e+16	3.72728e+13	1.19201e+16	4.34799e+15	5.13733e+10	2.39078e+17	1.51226e+16	1.15444e+16	6.27358e+11	5.22720e+13	1.97972e+15	3.36791e+15	8.40624e+15	5.25109e+10	9.81447e+12
8.12943e+17	7.50503e+21	4.68248e+14	6.41700e+16	5.81043e+16	3.83846e+13	1.17838e+16	4.11132e+15	5.46567e+10	2.28956e+17	1.38153e+16	1.01234e+16	6.48224e+11	5.36243e+13	1.98911e+15	3.26037e+15	7.91998e+15	5.57094e+10	1.01798e+13
8.12959e+17	7.12628e+21	4.76818e+14	6.27248e+16	5.47099e+16	3.95046e+13	1.16434e+16	3.88330e+15	5.81812e+10	2.19248e+17	1.26038e+16	8.86558e+15	6.69370e+11	5.49163e+13	1.99574e+15	3.15271e+15	7.46315e+15	5.90827e+10	1.05509e+13
8.12940e+17	6.76608e+21	4.85218e+14	6.12831e+16	5.15051e+16	4.06414e+13	1.14975e+16	3.66339e+15	6.19763e+10	2.09909e+17	1.14818e+16	7.75368e+15	6.90508e+11	5.61159e+13	1.99881e+15	3.04522e+15	7.03313e+15	6.26361e+10	1.09238e+13
8.12917e+17	6.42484e+21	4.93626e+14	5.98695e+16	4.84814e+16	4.17930e+13	1.13483e+16	3.45176e+15	6.60692e+10	2.00976e+17	1.04448e+16	6.77178e+15	7.12217e+11	5.72759e+13	1.99991e+15	2.93814e+15	6.63052e+15	6.63976e+10	1.13060e+13
8.12894e+17	6.10019e+21	5.01686e+14	5.84597e+16	4.56266e+16	4.29367e+13	1.11934e+16	3.24837e+15	7.04596e+10	1.92379e+17	9.48793e+15	5.90572e+15	7.33841e+11	5.83338e+13	1.99747e+15	2.83182e+15	6.25220e+15	7.03582e+10	1.16882e+13
8.12890e+17	5.79247e+21	5.09807e+14	5.70702e+16	4.29320e+16	4.41129e+13	1.10355e+16	3.05317e+15	7.52200e+10	1.84149e+17	8.60737e+15	5.14480e+15	7.55900e+11	5.93309e+13	1.99273e+15	2.72667e+15	5.89781e+15	7.45550e+10	1.20772e+13
8.12859e+17	5.50006e+21	5.17777e+14	5.56902e+16	4.03871e+16	4.53062e+13	1.08730e+16	2.86611e+15	8.03586e+10	1.76241e+17	7.79779e+15	4.47602e+15	7.77996e+11	6.02327e+13	1.98490e+15	2.62277e+15	5.56542e+15	7.89856e+10	1.24669e+13
8.12886e+17	5.22315e+21	5.25717e+14	5.43356e+16	3.79866e+16	4.65138e+13	1.07079e+16	2.68726e+15	8.59041e+10	1.68685e+17	7.05534e+15	3.88965e+15	8.00714e+11	6.10916e+13	1.97546e+15	2.52056e+15	5.25504e+15	8.36789e+10	1.28653e+13
8.12869e+17	4.96013e+21	5.33492e+14	5.29925e+16	3.57190e+16	4.77347e+13	1.05386e+16	2.51642e+15	9.18851e+10	1.61428e+17	6.37527e+15	3.37582e+15	8.23504e+11	6.18570e+13	1.96322e+15	2.42006e+15	4.96422e+15	8.86355e+10	1.32632e+13
8.12857e+17	4.70979e+21	5.40905e+14	5.16536e+16	3.35762e+16	4.89468e+13	1.03646e+16	2.35337e+15	9.83264e+10	1.54448e+17	5.75280e+15	2.92605e+15	8.46189e+11	6.25174e+13	1.94799e+15	2.32154e+15	4.69145e+15	9.38706e+10	1.36583e+13
8.12867e+17	4.47271e+21	5.48409e+14	5.03378e+16	3.15535e+16	5.01988e+13	1.01882e+16	2.19818e+15	1.05300e+11	1.47773e+17	5.18483e+15	2.53367e+15	8.69383e+11	6.31264e+13	1.93126e+15	2.22517e+15	4.43680e+15	9.94159e+10	1.40580e+13
8.12888e+17	4.24790e+21	5.55757e+14	4.90401e+16	2.96444e+16	5.14587e+13	1.00091e+16	2.05071e+15	1.12827e+11	1.41382e+17	4.66728e+15	2.19150e+15	8.92865e+11	6.36655e+13	1.91266e+15	2.13122e+15	4.19877e+15	1.05288e+11	1.44584e+13
8.12877e+17	4.03417e+21	5.62882e+14	4.77526e+16	2.78396e+16	5.27261e+13	9.82623e+15	1.91059e+15	1.20944e+11	1.35245e+17	4.19620e+15	1.89325e+15	9.16422e+11	6.41220e+13	1.89195e+15	2.03960e+15	3.97588e+15	1.11496e+11	1.48557e+13
8.12900e+17	3.83195e+21	5.70056e+14	4.64903e+16	2.61373e+16	5.40237e+13	9.64231e+15	1.77792e+15	1.29727e+11	1.29387e+17	3.76840e+15	1.63393e+15	9.40561e+11	6.45349e+13	1.87021e+15	1.95071e+15	3.76781e+15	1.18084e+11	1.52565e+13
8.12926e+17	3.63933e+21	5.76805e+14	4.52330e+16	2.45285e+16	5.53102e+13	9.45429e+15	1.65221e+15	1.39196e+11	1.23752e+17	3.37980e+15	1.40825e+15	9.64490e+11	6.48525e+13	1.84624e+15	1.86453e+15	3.57256e+15	1.25050e+11	1.56480e+13
8.12904e+17	3.45589e+21	5.83386e+14	4.39811e+16	2.30050e+16	5.66148e+13	9.26189e+15	1.53316e+15	1.49385e+11	1.18321e+17	3.02619e+15	1.21197e+15	9.88243e+11	6.50804e+13	1.82012e+15	1.78050e+15	3.38908e+15	1.32376e+11	1.60277e+13
8.12838e+17	3.28211e+21	5.89672e+14	4.27495e+16	2.15704e+16	5.79152e+13	9.06872e+15	1.42115e+15	1.60399e+11	1.13136e+17	2.70810e+15	1.04247e+15	1.01220e+12	6.52511e+13	1.79303e+15	1.69994e+15	3.21754e+15	1.40178e+11	1.64030e+13
8.12881e+17	3.11744e+21	5.95950e+14	4.15383e+16	2.02182e+16	5.92526e+13	8.87484e+15	1.31574e+15	1.72341e+11	1.08178e+17	2.42077e+15	8.95773e+14	1.03644e+12	6.53736e+13	1.76508e+15	1.62249e+15	3.05676e+15	1.48469e+11	1.67734e+13
8.12833e+17	2.96119e+21	6.02042e+14	4.03447e+16	1.89416e+16	6.05975e+13	8.67950e+15	1.21655e+15	1.85209e+11	1.03433e+17	2.16138e+15	7.68881e+14	1.06091e+12	6.54491e+13	1.73639e+15	1.54789e+15	2.90594e+15	1.57256e+11	1.71362e+13
8.12874e+17	2.81274e+21	6.07956e+14	3.91652e+16	1.77371e+16	6.19593e+13	8.48291e+15	1.12336e+15	1.99144e+11	9.88825e+16	1.92766e+15	6.59313e+14	1.08536e+12	6.54632e+13	1.70663e+15	1.47644e+15	2.76387e+15	1.66600e+11	1.74867e+13
8.12892e+17	2.67161e+21	6.13583e+14	3.80009e+16	1.66000e+16	6.33244e+13	8.28466e+15	1.03590e+15	2.14183e+11	9.45200e+16	1.71724e+15	5.64594e+14	1.11000e+12	6.54428e+13	1.67646e+15	1.40773e+15	2.63019e+15	1.76516e+11	1.78286e+13
8.12836e+17	2.53758e+21	6.18906e+14	3.68515e+16	1.55288e+16	6.46911e+13	8.08560e+15	9.54050e+14	2.30373e+11	9.03376e+16	1.52806e+15	4.82935e+14	1.13423e+12	6.53507e+13	1.64513e+15	1.34218e+15	2.50406e+15	1.87019e+11	1.81474e+13
8.12832e+17	2.41017e+21	6.24107e+14	3.57178e+16	1.45175e+16	6.60854e+13	7.88557e+15	8.77510e+14	2.47909e+11	8.63272e+16	1.35822e+15	4.12620e+14	1.15863e+12	6.52296e+13	1.61356e+15	1.27938e+15	2.38480e+15	1.98197e+11	1.84536e+13
8.12897e+17	2.28970e+21	6.29188e+14	3.46105e+16	1.35671e+16	6.74955e+13	7.68701e+15	8.06217e+14	2.66885e+11	8.25072e+16	1.20604e+15	3.52198e+14	1.18347e+12	6.51012e+13	1.58236e+15	1.21963e+15	2.27234e+15	2.10120e+11	1.87518e+13
8.12931e+17	2.17500e+21	6.34049e+14	3.35162e+16	1.26706e+16	6.89246e+13	7.48774e+15	7.39643e+14	2.87382e+11	7.88381e+16	1.06943e+15	3.00151e+14	1.20798e+12	6.49214e+13	1.55050e+15	1.16269e+15	2.16546e+15	2.22791e+11	1.90254e+13
8.12844e+17	2.06577e+21	6.38469e+14	3.24330e+16	1.18264e+16	7.03513e+13	7.28739e+15	6.77743e+14	3.09430e+11	7.53099e+16	9.47092e+14	2.55534e+14	1.23178e+12	6.46843e+13	1.51789e+15	1.10846e+15	2.06371e+15	2.36218e+11	1.92671e+13
8.12907e+17	1.96248e+21	6.42941e+14	3.13786e+16	1.10326e+16	7.18155e+13	7.08949e+15	6.20222e+14	3.33394e+11	7.19543e+16	8.37479e+14	2.17265e+14	1.25647e+12	6.44751e+13	1.48644e+15	1.05693e+15	1.96720e+15	2.50613e+11	1.95064e+13
8.12845e+17	1.86401e+21	6.46838e+14	3.03338e+16	1.02868e+16	7.32646e+13	6.89062e+15	5.67078e+14	3.59146e+11	6.87212e+16	7.39861e+14	1.84508e+14	1.27980e+12	6.41894e+13	1.45382e+15	1.00809e+15	1.87492e+15	2.65856e+11	1.97005e+13
8.12884e+17	1.77069e+21	6.50713e+14	2.93151e+16	9.58466e+15	7.47447e+13	6.69389e+15	5.17825e+14	3.87080e+11	6.56412e+16	6.52822e+14	1.56447e+14	1.30388e+12	6.39335e+13	1.42241e+15	9.61678e+14	1.78682e+15	2.82177e+11	1.98884e+13
8.12850e+17	1.68200e+21	6.54246e+14	2.83130e+16	8.92647e+15	7.62359e+13	6.49803e+15	4.72477e+14	4.17212e+11	6.26873e+16	5.75584e+14	1.32531e+14	1.32719e+12	6.36386e+13	1.39071e+15	9.17794e+14	1.70242e+15	2.99555e+11	2.00419e+13
8.12840e+17	1.59740e+21	6.57642e+14	2.73264e+16	8.30498e+15	7.77560e+13	6.30245e+15	4.30474e+14	4.49867e+11	5.98482e+16	5.06879e+14	1.12115e+14	1.35026e+12	6.33340e+13	1.35926e+15	8.76050e+14	1.62098e+15	3.18129e+11	2.01678e+13
8.12895e+17	1.51764e+21	6.60871e+14	2.63695e+16	7.72595e+15	7.92992e+13	6.11066e+15	3.92046e+14	4.85152e+11	5.71502e+16	4.46135e+14	9.47720e+13	1.37335e+12	6.30401e+13	1.32860e+15	8.36673e+14	1.54330e+15	3.37968e+11	2.02745e+13
8.12858e+17	1.44146e+21	6.63708e+14	2.54264e+16	7.18060e+15	8.08466e+13	5.91933e+15	3.56567e+14	5.23202e+11	5.45548e+16	3.92169e+14	7.99805e+13	1.39564e+12	6.27245e+13	1.29799e+15	7.99309e+14	1.46810e+15	3.59102e+11	2.03463e+13
8.12883e+17	1.36929e+21	6.66483e+14	2.45083e+16	6.66966e+15	8.24339e+13	5.73094e+15	3.24002e+14	5.64453e+11	5.20797e+16	3.44416e+14	6.74099e+13	1.41806e+12	6.24280e+13	1.26829e+15	7.63876e+14	1.39571e+15	3.81752e+11	2.04001e+13
8.12839e+17	1.30052e+21	6.68792e+14	2.36063e+16	6.19142e+15	8.40214e+13	5.54403e+15	2.94129e+14	6.08952e+11	4.97014e+16	3.02186e+14	5.67492e+13	1.43923e+12	6.21036e+13	1.23842e+15	7.30440e+14	1.32563e+15	4.05923e+11	2.04123e+13
8.12892e+17	1.23538e+21	6.71098e+14	2.27305e+16	5.74348e+15	8.56625e+13	5.36070e+15	2.66733e+14	6.57311e+11	4.74375e+16	2.64837e+14	4.77086e+13	1.46070e+12	6.18131e+13	1.20974e+15	6.98730e+14	1.25790e+15	4.31927e+11	2.04132e+13
8.12938e+17	1.17335e+21	6.73099e+14	2.18729e+16	5.32407e+15	8.73192e+13	5.17929e+15	2.41659e+14	7.09536e+11	4.52622e+16	2.31895e+14	4.00662e+13	1.48112e+12	6.15076e+13	1.18113e+15	6.68640e+14	1.19228e+15	4.59674e+11	2.03763e+13
8.12874e+17	1.11437e+21	6.74658e+14	2.10351e+16	4.93267e+15	8.89843e+13	5.00055e+15	2.18751e+14	7.65791e+11	4.31790e+16	2.02866e+14	3.36119e+13	1.50026e+12	6.11914e+13	1.15270e+15	6.40228e+14	1.12871e+15	4.89310e+11	2.03029e+13
8.12914e+17	1.05849e+21	6.76315e+14	2.02233e+16	4.56643e+15	9.07118e+13	4.82558e+15	1.97813e+14	8.26859e+11	4.11930e+16	1.77260e+14	2.81539e+13	1.51964e+12	6.09059e+13	1.12536e+15	6.13087e+14	1.06722e+15	5.21116e+11	2.02180e+13
8.12866e+17	1.00530e+21	6.77506e+14	1.94297e+16	4.22516e+15	9.24443e+13	4.65309e+15	1.78746e+14	8.92613e+11	3.92856e+16	1.54782e+14	2.35610e+13	1.53741e+12	6.06023e+13	1.09797e+15	5.87368e+14	1.00763e+15	5.55033e+11	2.00929e+13
8.12833e+17	9.54859e+20	6.78544e+14	1.86602e+16	3.90704e+15	9.42192e+13	4.48443e+15	1.61374e+14	9.63676e+11	3.74659e+16	1.35010e+14	1.96935e+13	1.55465e+12	6.03159e+13	1.07133e+15	5.62870e+14	9.50000e+14	5.91343e+11	1.99495e+13
8.12896e+17	9.06804e+20	6.79332e+14	1.79097e+16	3.60989e+15	9.60315e+13	4.31860e+15	1.45537e+14	1.04087e+12	3.57192e+16	1.17635e+14	1.64411e+13	1.57075e+12	6.00322e+13	1.04493e+15	5.39537e+14	8.94035e+14	6.30401e+11	1.97779e+13
8.12878e+17	8.61278e+20	6.79813e+14	1.71825e+16	3.33435e+15	9.78711e+13	4.15668e+15	1.31178e+14	1.12376e+12	3.40518e+16	1.02413e+14	1.37129e+13	1.58565e+12	5.97448e+13	1.01893e+15	5.17239e+14	8.40238e+14	6.71907e+11	1.95767e+13
8.12984e+17	8.18041e+20	6.80321e+14	1.64781e+16	3.07695e+15	9.97760e+13	3.99860e+15	1.18107e+14	1.21407e+12	3.24589e+16	8.90597e+13	1.14248e+13	1.60004e+12	5.94865e+13	9.93570e+14	4.95935e+14	7.88087e+14	7.16785e+11	1.93658e+13
8.12833e+17	7.76996e+20	6.80460e+14	1.57952e+16	2.83821e+15	1.01698e+14	3.84425e+15	1.06259e+14	1.31055e+12	3.09359e+16	7.73721e+13	9.50743e+12	1.61302e+12	5.92172e+13	9.68523e+14	4.75522e+14	7.37910e+14	7.64313e+11	1.91301e+13
8.12893e+17	7.37957e+20	6.80563e+14	1.51333e+16	2.61533e+15	1.03694e+14	3.69354e+15	9.54906e+13	1.41579e+12	2.94784e+16	6.71286e+13	7.90076e+12	1.62528e+12	5.89719e+13	9.44006e+14	4.55892e+14	6.89375e+14	8.15658e+11	1.88850e+13
8.12856e+17	7.00838e+20	6.80280e+14	1.44913e+16	2.40881e+15	1.05710e+14	3.54640e+15	8.57486e+13	1.52897e+12	2.80821e+16	5.81867e+13	6.55844e+12	1.63574e+12	5.87199e+13	9.19538e+14	4.37095e+14	6.42762e+14	8.70430e+11	1.86161e+13
8.12959e+17	6.65634e+20	6.80036e+14	1.38718e+16	2.21669e+15	1.07806e+14	3.40338e+15	7.69287e+13	1.65198e+12	2.67492e+16	5.03785e+13	5.43809e+12	1.64562e+12	5.84916e+13	8.95680e+14	4.18901e+14	5.98013e+14	9.29382e+11	1.83422e+13
8.12888e+17	6.32111e+20	6.79349e+14	1.32707e+16	2.03861e+15	1.09912e+14	3.26372e+15	6.89616e+13	1.78380e+12	2.54702e+16	4.35777e+13	4.50447e+12	1.65347e+12	5.82506e+13	8.71802e+14	4.01391e+14	5.55152e+14	9.92018e+11	1.80472e+13
8.12956e+17	6.00319e+20	6.78729e+14	1.26915e+16	1.87320e+15	1.12109e+14	3.12825e+15	6.17545e+13	1.92697e+12	2.42498e+16	3.76379e+13	3.72518e+12	1.66067e+12	5.80314e+13	8.48465e+14	3.84386e+14	5.14216e+14	1.05938e+12	1.77490e+13
8.12921e+17	5.70088e+20	6.77767e+14	1.21312e+16	1.72018e+15	1.14333e+14	2.99643e+15	5.52577e+13	2.08067e+12	2.30805e+16	3.24754e+13	3.07735e+12	1.66607e+12	5.78067e+13	8.25201e+14	3.67965e+14	4.75237e+14	1.13105e+12	1.74375e+13
8.12857e+17	5.41348e+20	6.76654e+14	1.15903e+16	1.57833e+15	1.16610e+14	2.86833e+15	4.93987e+13	2.24633e+12	2.19609e+16	2.79871e+13	2.53912e+12	1.67009e+12	5.75865e+13	8.02158e+14	3.52017e+14	4.38182e+14	1.20757e+12	1.71184e+13
8.12927e+17	5.14024e+20	6.75398e+14	1.10682e+16	1.44690e+15	1.18957e+14	2.74395e+15	4.41178e+13	2.42575e+12	2.08890e+16	2.40863e+13	2.09202e+12	1.67278e+12	5.73767e+13	7.79389e+14	3.36517e+14	4.03009e+14	1.28958e+12	1.67948e+13
8.12856e+17	4.88104e+20	6.73929e+14	1.05656e+16	1.32555e+15	1.21337e+14	2.62350e+15	3.93748e+13	2.61777e+12	1.98644e+16	2.07130e+13	1.72269e+12	1.67397e+12	5.71669e+13	7.56797e+14	3.21467e+14	3.69881e+14	1.37655e+12	1.64656e+13
8.12974e+17	4.63523e+20	6.72396e+14	1.00824e+16	1.21365e+15	1.23804e+14	2.50709e+15	3.51105e+13	2.82594e+12	1.88864e+16	1.77839e+13	1.41582e+12	1.67399e+12	5.69709e+13	7.34523e+14	3.06866e+14	3.38695e+14	1.46979e+12	1.61384e+13
8.12881e+17	4.40165e+20	6.70687e+14	9.61717e+15	1.11011e+15	1.26301e+14	2.39430e+15	3.12805e+13	3.04815e+12	1.79501e+16	1.52520e+13	1.16263e+12	1.67258e+12	5.67707e+13	7.12474e+14	2.92606e+14	3.09425e+14	1.56827e+12	1.58095e+13
8.12836e+17	4.17936e+20	6.68668e+14	9.16848e+15	1.01477e+15	1.28839e+14	2.28498e+15	2.78441e+13	3.28702e+12	1.70525e+16	1.30624e+13	9.53176e+11	1.66926e+12	5.65701e+13	6.90468e+14	2.78814e+14	2.82010e+14	1.67300e+12	1.54760e+13
8.12880e+17	3.96837e+20	6.66655e+14	8.73759e+15	9.26558e+14	1.31458e+14	2.17938e+15	2.47600e+13	3.54448e+12	1.61945e+16	1.11705e+13	7.80413e+11	1.66501e+12	5.63803e+13	6.68846e+14	2.65330e+14	2.56394e+14	1.78438e+12	1.51505e+13
8.12947e+17	3.76625e+20	6.64240e+14	8.31959e+15	8.45096e+14	1.34088e+14	2.07641e+15	2.19832e+13	3.81955e+12	1.53660e+16	9.53029e+12	6.37145e+11	1.65854e+12	5.61813e+13	6.47090e+14	2.52233e+14	2.32431e+14	1.90200e+12	1.48058e+13
8.12873e+17	3.57597e+20	6.61740e+14	7.92173e+15	7.70627e+14	1.36768e+14	1.97790e+15	1.95179e+13	4.11372e+12	1.45808e+16	8.12991e+12	5.20423e+11	1.65096e+12	5.59941e+13	6.25794e+14	2.39579e+14	2.10409e+14	2.02655e+12	1.44795e+13
8.12850e+17	3.39621e+20	6.59263e+14	7.54191e+15	7.02344e+14	1.39516e+14	1.88339e+15	1.73160e+13	4.42890e+12	1.38337e+16	6.92610e+12	4.24580e+11	1.64263e+12	5.58188e+13	6.04943e+14	2.27322e+14	1.90136e+14	2.15822e+12	1.41632e+13
8.12837e+17	3.22579e+20	6.56560e+14	7.17804e+15	6.39813e+14	1.42294e+14	1.79240e+15	1.53526e+13	4.76515e+12	1.31202e+16	5.89344e+12	3.45978e+11	1.63280e+12	5.56484e+13	5.84344e+14	2.15501e+14	1.71496e+14	2.29707e+12	1.38496e+13
8.12940e+17	3.06277e+20	6.53729e+14	6.82658e+15	5.81885e+14	1.45129e+14	1.70406e+15	1.35888e+13	5.12635e+12	1.24328e+16	5.00190e+12	2.81202e+11	1.62152e+12	5.54844e+13	5.63910e+14	2.03973e+14	1.54223e+14	2.44405e+12	1.35391e+13
8.12875e+17	2.90821e+20	6.50692e+14	6.49022e+15	5.28856e+14	1.47961e+14	1.61909e+15	1.20211e+13	5.50856e+12	1.17761e+16	4.24209e+12	2.28482e+11	1.60889e+12	5.53180e+13	5.43803e+14	1.92826e+14	1.38450e+14	2.59762e+12	1.32331e+13
8.12835e+17	2.76160e+20	6.47581e+14	6.16834e+15	4.80211e+14	1.50827e+14	1.53738e+15	1.06233e+13	5.91539e+12	1.11487e+16	3.59180e+12	1.85392e+11	1.59532e+12	5.51594e+13	5.24098e+14	1.82027e+14	1.24047e+14	2.75868e+12	1.29353e+13
8.12934e+17	2.62249e+20	6.44294e+14	5.86025e+15	4.35787e+14	1.53721e+14	1.45880e+15	9.38073e+12	6.34938e+12	1.05491e+16	3.03687e+12	1.50229e+11	1.58046e+12	5.50093e+13	5.04707e+14	1.71664e+14	1.10930e+14	2.92800e+12	1.26439e+13
8.12919e+17	2.49143e+20	6.40869e+14	5.56761e+15	3.95508e+14	1.56602e+14	1.38383e+15	8.28234e+12	6.80670e+12	9.98019e+15	2.56651e+12	1.21730e+11	1.56472e+12	5.48641e+13	4.85803e+14	1.61769e+14	9.91169e+13	3.10420e+12	1.23613e+13
8.12862e+17	2.36590e+20	6.37221e+14	5.28521e+15	3.58333e+14	1.59473e+14	1.31116e+15	7.29949e+12	7.29022e+12	9.43167e+15	2.16311e+12	9.83812e+10	1.54756e+12	5.47138e+13	4.67131e+14	1.52163e+14	8.83130e+13	3.28735e+12	1.20813e+13
8.12831e+17	2.24645e+20	6.33411e+14	5.01457e+15	3.24295e+14	1.62331e+14	1.24121e+15	6.42453e+12	7.80179e+12	8.90642e+15	1.81896e+12	7.93432e+10	1.52930e+12	5.45714e+13	4.48804e+14	1.42926e+14	7.85251e+13	3.47857e+12	1.18069e+13
8.12966e+17	2.13434e+20	6.29619e+14	4.75876e+15	2.93564e+14	1.65204e+14	1.17479e+15	5.65483e+12	8.34321e+12	8.40979e+15	1.52932e+12	6.40139e+10	1.51071e+12	5.44466e+13	4.31099e+14	1.34161e+14	6.97913e+13	3.67787e+12	1.15465e+13
8.12900e+17	2.02679e+20	6.25439e+14	4.51186e+15	2.65326e+14	1.67992e+14	1.11043e+15	4.96878e+12	8.90823e+12	7.93068e+15	1.28245e+12	5.15232e+10	1.49044e+12	5.43052e+13	4.13588e+14	1.25727e+14	6.18635e+13	3.88246e+12	1.12849e+13
8.12850e+17	1.92467e+20	6.21142e+14	4.27602e+15	2.39570e+14	1.70738e+14	1.04869e+15	4.36093e+12	9.50171e+12	7.47302e+15	1.07340e+12	4.14081e+10	1.46936e+12	5.41703e+13	3.96514e+14	1.17656e+14	5.47458e+13	4.09432e+12	1.10298e+13
8.12964e+17	1.82782e+20	6.16758e+14	4.05109e+15	2.16121e+14	1.73458e+14	9.89570e+14	3.82315e+12	1.01271e+13	7.03629e+15	8.96744e+11	3.32303e+10	1.44762e+12	5.40442e+13	3.79907e+14	1.09956e+14	4.83699e+13	4.31398e+12	1.07825e+13
8.12890e+17	1.73595e+20	6.12173e+14	3.83665e+15	1.94840e+14	1.76076e+14	9.33000e+14	3.34915e+12	1.07751e+13	6.61984e+15	7.48337e+11	2.66560e+10	1.42505e+12	5.39105e+13	3.63754e+14	1.02630e+14	4.26860e+13	4.53824e+12	1.05408e+13
8.12846e+17	1.64846e+20	6.07380e+14	3.63150e+15	1.75441e+14	1.78597e+14	8.78702e+14	2.92923e+12	1.14511e+13	6.22158e+15	6.22796e+11	2.13235e+10	1.40162e+12	5.37808e+13	3.47980e+14	9.56600e+13	3.76001e+13	4.76904e+12	1.03034e+13
8.12903e+17	1.56445e+20	6.02285e+14	3.43374e+15	1.57632e+14	1.81014e+14	8.26189e+14	2.55527e+12	1.21555e+13	5.83756e+15	5.16138e+11	1.69761e+10	1.37711e+12	5.36421e+13	3.32494e+14	8.89715e+13	3.30145e+13	5.00527e+12	1.00649e+13
8.12855e+17	1.48578e+20	5.97222e+14	3.24773e+15	1.41695e+14	1.83331e+14	7.76640e+14	2.22977e+12	1.28837e+13	5.47632e+15	4.27952e+11	1.35320e+10	1.35259e+12	5.35106e+13	3.17664e+14	8.27135e+13	2.90047e+13	5.24652e+12	9.84040e+12
8.12972e+17	1.41120e+20	5.92052e+14	3.07077e+15	1.27255e+14	1.85548e+14	7.29349e+14	1.94330e+12	1.36418e+13	5.13246e+15	3.54112e+11	1.07694e+10	1.32767e+12	5.33841e+13	3.03310e+14	7.67981e+13	2.54490e+13	5.49394e+12	9.62260e+12
8.12906e+17	1.34033e+20	5.86706e+14	2.90209e+15	1.14164e+14	1.87595e+14	6.84189e+14	1.69118e+12	1.44180e+13	4.80506e+15	2.92322e+11	8.54495e+09	1.30226e+12	5.32439e+13	2.89407e+14	7.12007e+13	2.22996e+13	5.74375e+12	9.40953e+12
8.12863e+17	1.27315e+20	5.81188e+14	2.74179e+15	1.02352e+14	1.89493e+14	6.41169e+14	1.47025e+12	1.52165e+13	4.49390e+15	2.40936e+11	6.77078e+09	1.27644e+12	5.30993e+13	2.75964e+14	6.59411e+13	1.95207e+13	5.99688e+12	9.20146e+12
8.12834e+17	1.20922e+20	5.75504e+14	2.58890e+15	9.16562e+13	1.91212e+14	6.00084e+14	1.27613e+12	1.60372e+13	4.19766e+15	1.98077e+11	5.36125e+09	1.25013e+12	5.29596e+13	2.62916e+14	6.09863e+13	1.70642e+13	6.25518e+12	8.99620e+12
8.12932e+17	1.14881e+20	5.69750e+14	2.44415e+15	8.20146e+13	1.92788e+14	5.61112e+14	1.10631e+12	1.68812e+13	3.91718e+15	1.62531e+11	4.21626e+09	1.22389e+12	5.28081e+13	2.50406e+14	5.63293e+13	1.49040e+13	6.51579e+12	8.79921e+12
8.12881e+17	1.09126e+20	5.63783e+14	2.30607e+15	7.33010e+13	1.94138e+14	5.23937e+14	9.57444e+11	1.77367e+13	3.65038e+15	1.33001e+11	3.31829e+09	1.19717e+12	5.26426e+13	2.38275e+14	5.19592e+13	1.29990e+13	6.77679e+12	8.60394e+12
8.12843e+17	1.03653e+20	5.57648e+14	2.17463e+15	6.54418e+13	1.95276e+14	4.88551e+14	8.27286e+11	1.86093e+13	3.39712e+15	1.08578e+11	2.60438e+09	1.17013e+12	5.24780e+13	2.26539e+14	4.78632e+13	1.13239e+13	7.04147e+12	8.41112e+12
8.12955e+17	9.84707e+19	5.51429e+14	2.05009e+15	5.83695e+13	1.96240e+14	4.55009e+14	7.13719e+11	1.95018e+13	3.15747e+15	8.84207e+10	2.03738e+09	1.14317e+12	5.23005e+13	2.15277e+14	4.40327e+13	9.85483e+12	7.30743e+12	8.22432e+12
8.12893e+17	9.35414e+19	5.45008e+14	1.93163e+15	5.20039e+13	1.96949e+14	4.23160e+14	6.14695e+11	2.03988e+13	2.93049e+15	7.18227e+10	1.56061e+09	1.11599e+12	5.21043e+13	2.04409e+14	4.04533e+13	8.56672e+12	7.57188e+12	8.03976e+12
8.12851e+17	8.88565e+19	5.38418e+14	1.81909e+15	4.62804e+13	1.97422e+14	3.92958e+14	5.28472e+11	2.13059e+13	2.71579e+15	5.81868e+10	1.20524e+09	1.08871e+12	5.18996e+13	1.93934e+14	3.71151e+13	7.43853e+12	7.83697e+12	7.85796e+12
8.12970e+17	8.44192e+19	5.31767e+14	1.71253e+15	4.11461e+13	1.97692e+14	3.64412e+14	4.53584e+11	2.22284e+13	2.51327e+15	4.70185e+10	9.25196e+08	1.06158e+12	5.16844e+13	1.83890e+14	3.40085e+13	6.45311e+12	8.10303e+12	7.68069e+12
8.12910e+17	8.02135e+19	5.24968e+14	1.61167e+15	3.65548e+13	1.97695e+14	3.37497e+14	3.88752e+11	2.31467e+13	2.32281e+15	3.79096e+10	7.00807e+08	1.03454e+12	5.14462e+13	1.74260e+14	3.11294e+13	5.59488e+12	8.36460e+12	7.50670e+12
8.12871e+17	7.62216e+19	5.18038e+14	1.51608e+15	3.24425e+13	1.97448e+14	3.12100e+14	3.32594e+11	2.40694e+13	2.14354e+15	3.04842e+10	5.14711e+08	1.00760e+12	5.11953e+13	1.65015e+14	2.84566e+13	4.84657e+12	8.62560e+12	7.33563e+12
8.12842e+17	7.24333e+19	5.10994e+14	1.42556e+15	2.87621e+13	1.96957e+14	2.88166e+14	2.84015e+11	2.49928e+13	1.97497e+15	2.44403e+10	4.04805e+08	9.80838e+11	5.09229e+13	1.56156e+14	2.59798e+13	4.19443e+12	8.88288e+12	7.16759e+12
8.12963e+17	6.88416e+19	5.03878e+14	1.33991e+15	2.54744e+13	1.96238e+14	2.65645e+14	2.42099e+11	2.59229e+13	1.81667e+15	1.95452e+10	2.81001e+08	9.54313e+11	5.06396e+13	1.47672e+14	2.36881e+13	3.62721e+12	9.14006e+12	7.00252e+12
8.12911e+17	6.54212e+19	4.96564e+14	1.25864e+15	2.25328e+13	1.95234e+14	2.44442e+14	2.05908e+11	2.68412e+13	1.66803e+15	1.55761e+10	1.84563e+08	9.27865e+11	5.03285e+13	1.39524e+14	2.15683e+13	3.13303e+12	9.39068e+12	6.83891e+12
8.12872e+17	6.21770e+19	4.89146e+14	1.18183e+15	1.99103e+13	1.93979e+14	2.24565e+14	1.74788e+11	2.77533e+13	1.52902e+15	1.23788e+10	1.15689e+08	9.01704e+11	4.99953e+13	1.31736e+14	1.96139e+13	2.70402e+12	9.63647e+12	6.67806e+12
8.12842e+17	5.90872e+19	4.81584e+14	1.10897e+15	1.75688e+13	1.92463e+14	2.05892e+14	1.48021e+11	2.86587e+13	1.39878e+15	9.80413e+09	0	8.75693e+11	4.96463e+13	1.24255e+14	1.78108e+13	2.33090e+12	9.87869e+12	6.51834e+12
8.12970e+17	5.61683e+19	4.74002e+14	1.04042e+15	1.54914e+13	1.90733e+14	1.88495e+14	1.25148e+11	2.95618e+13	1.27770e+15	7.74396e+09	0	8.50209e+11	4.92753e+13	1.17151e+14	1.61562e+13	2.00857e+12	1.01159e+13	6.36293e+12
8.12927e+17	5.33940e+19	4.66285e+14	9.75608e+14	1.36463e+13	1.88734e+14	1.72262e+14	1.05604e+11	3.04433e+13	1.16507e+15	6.10156e+09	0	8.24968e+11	4.88827e+13	1.10355e+14	1.46387e+13	1.72950e+12	1.03462e+13	6.20880e+12
8.12885e+17	5.07588e+19	4.58486e+14	9.14380e+14	1.20060e+13	1.86504e+14	1.57129e+14	8.89094e+10	3.13112e+13	1.06032e+15	4.79114e+09	0	8.00094e+11	4.84629e+13	1.03874e+14	1.32460e+13	1.48783e+12	1.05687e+13	6.05700e+12
8.12857e+17	4.82538e+19	4.50607e+14	8.56515e+14	1.05499e+13	1.84041e+14	1.43045e+14	7.46846e+10	3.21641e+13	9.63094e+14	3.74933e+09	0	7.75550e+11	4.80244e+13	9.76834e+13	1.19697e+13	1.27872e+12	1.07867e+13	5.90663e+12
8.12837e+17	4.58753e+19	4.42644e+14	8.01943e+14	9.25960e+12	1.81364e+14	1.29975e+14	6.25946e+10	3.30002e+13	8.73072e+14	2.92317e+09	0	7.51431e+11	4.75575e+13	9.17935e+13	1.08026e+13	1.09807e+12	1.09952e+13	5.75871e+12
8.12951e+17	4.36147e+19	4.34613e+14	7.50439e+14	8.11646e+12	1.78480e+14	1.17858e+14	5.23368e+10	3.38233e+13	7.89878e+14	2.26992e+09	0	7.27708e+11	4.70771e+13	8.61732e+13	9.73678e+12	9.41935e+11	1.11988e+13	5.61247e+12
8.12907e+17	4.14599e+19	4.26462e+14	7.01744e+14	7.10464e+12	1.75373e+14	1.06636e+14	4.36503e+10	3.46192e+13	7.13002e+14	1.75471e+09	0	7.04307e+11	4.65659e+13	8.08122e+13	8.76292e+12	8.07140e+11	1.13922e+13	5.46746e+12
8.12874e+17	3.94178e+19	4.18288e+14	6.55966e+14	6.21354e+12	1.72088e+14	9.63149e+13	3.63371e+10	3.53926e+13	6.42491e+14	1.34936e+09	0	6.81426e+11	4.60315e+13	7.57318e+13	7.87792e+12	6.91310e+11	1.15767e+13	5.32505e+12
8.12851e+17	3.74849e+19	4.10105e+14	6.13009e+14	5.43004e+12	1.68643e+14	8.68563e+13	3.01983e+10	3.61403e+13	5.78082e+14	1.04371e+09	0	6.59095e+11	4.54763e+13	7.09259e+13	7.07631e+12	5.91870e+11	1.17520e+13	5.18537e+12
8.12836e+17	3.56541e+19	4.01922e+14	5.72690e+14	4.74058e+12	1.65065e+14	7.81934e+13	2.50464e+10	3.68620e+13	5.19244e+14	7.94898e+08	0	6.37324e+11	4.48945e+13	6.63880e+13	6.35009e+12	5.06438e+11	1.19149e+13	5.04846e+12
8.12966e+17	3.39033e+19	3.93636e+14	5.34536e+14	4.13175e+12	1.61312e+14	7.02205e+13	2.07159e+10	3.75672e+13	4.65285e+14	5.97842e+08	0	6.15849e+11	4.43090e+13	6.20362e+13	5.68911e+12	4.32650e+11	1.20772e+13	4.91165e+12
8.12939e+17	3.22419e+19	3.85338e+14	4.98711e+14	3.59733e+12	1.57439e+14	6.29499e+13	1.70993e+10	3.82373e+13	4.16168e+14	4.59102e+08	0	5.94909e+11	4.36855e+13	5.79380e+13	5.09129e+12	3.69419e+11	1.22227e+13	4.77757e+12
8.12902e+17	3.06607e+19	3.76995e+14	4.65015e+14	3.12767e+12	1.53451e+14	5.63177e+13	1.40805e+10	3.88778e+13	3.71514e+14	3.38811e+08	0	5.74420e+11	4.30458e+13	5.40494e+13	4.55072e+12	3.15058e+11	1.23588e+13	4.64507e+12
8.12870e+17	2.91569e+19	3.68648e+14	4.33340e+14	2.71614e+12	1.49367e+14	5.02895e+13	1.15710e+10	3.94915e+13	3.31023e+14	2.59497e+08	0	5.54415e+11	4.23857e+13	5.03719e+13	4.06251e+12	2.68500e+11	1.24862e+13	4.51452e+12
8.12854e+17	2.77315e+19	3.60328e+14	4.03687e+14	2.35724e+12	1.45217e+14	4.48435e+13	9.49575e+09	4.00759e+13	2.94556e+14	1.86506e+08	0	5.34971e+11	4.17101e+13	4.69078e+13	3.62377e+12	2.28747e+11	1.26041e+13	4.38659e+12
8.12845e+17	2.63870e+19	3.52110e+14	3.76055e+14	2.04511e+12	1.41052e+14	3.99480e+13	7.78513e+09	4.06302e+13	2.61837e+14	1.28010e+08	0	5.16205e+11	4.10116e+13	4.36767e+13	3.23084e+12	1.94941e+11	1.27079e+13	4.26233e+12
8.12838e+17	2.51050e+19	3.43873e+14	3.50081e+14	1.77170e+12	1.36834e+14	3.55174e+13	6.36789e+09	4.11556e+13	2.32326e+14	9.81747e+07	0	4.97871e+11	4.03010e+13	4.06163e+13	2.87705e+12	1.65909e+11	1.28023e+13	4.13947e+12
8.12833e+17	2.38821e+19	3.35623e+14	3.25670e+14	1.53256e+12	1.32580e+14	3.15157e+13	5.19673e+09	4.16526e+13	2.05756e+14	6.28650e+07	0	4.79962e+11	3.95819e+13	3.77162e+13	2.55874e+12	1.41003e+11	1.28891e+13	4.01793e+12
8.12831e+17	2.27272e+19	3.27490e+14	3.02938e+14	1.32571e+12	1.28345e+14	2.79480e+13	4.24001e+09	4.21198e+13	1.82117e+14	0	0	4.62699e+11	3.88443e+13	3.50169e+13	2.27488e+12	1.19915e+11	1.29626e+13	3.90013e+12
8.12832e+17	2.16364e+19	3.19476e+14	2.81777e+14	1.14646e+12	1.24152e+14	2.47650e+13	3.45725e+09	4.25575e+13	1.61083e+14	0	0	4.46053e+11	3.81011e+13	3.24967e+13	2.02176e+12	1.01993e+11	1.30266e+13	3.78546e+12
8.12832e+17	2.05968e+19	3.11494e+14	2.61939e+14	9.90403e+11	1.19970e+14	2.19137e+13	2.81476e+09	4.29683e+13	1.42283e+14	0	0	4.29863e+11	3.73445e+13	3.01268e+13	1.79505e+12	8.66883e+10	1.30798e+13	3.67280e+12
8.12832e+17	1.96093e+19	3.03582e+14	2.43409e+14	8.54912e+11	1.15831e+14	1.93693e+13	2.28897e+09	4.33519e+13	1.25545e+14	0	0	4.14181e+11	3.65794e+13	2.79078e+13	1.59266e+12	7.36471e+10	1.31226e+13	3.56254e+12
8.12833e+17	1.86752e+19	2.95789e+14	2.26173e+14	7.37757e+11	1.11763e+14	1.71107e+13	1.86048e+09	4.37088e+13	1.10708e+14	0	0	3.99074e+11	3.58040e+13	2.58474e+13	1.41268e+12	6.25901e+10	1.31526e+13	3.45543e+12
8.12833e+17	1.77852e+19	2.88059e+14	2.10048e+14	6.35929e+11	1.07748e+14	1.50950e+13	1.50987e+09	4.40407e+13	9.75065e+13	0	0	3.84410e+11	3.50301e+13	2.39078e+13	1.25193e+12	5.31346e+10	1.31764e+13	3.35007e+12
8.12834e+17	1.69391e+19	2.80418e+14	1.94997e+14	5.47752e+11	1.03803e+14	1.33047e+13	1.22414e+09	4.43486e+13	8.58017e+13	0	0	3.70225e+11	3.42491e+13	2.20983e+13	1.10880e+12	4.50913e+10	1.31883e+13	3.24718e+12
8.12834e+17	1.61354e+19	2.72882e+14	1.80971e+14	4.71479e+11	9.99416e+13	1.17171e+13	9.91586e+08	4.46331e+13	7.54447e+13	0	0	3.56524e+11	3.34661e+13	2.04114e+13	9.81549e+11	3.82498e+10	1.31890e+13	3.14678e+12
8.12834e+17	1.53717e+19	2.65451e+14	1.67904e+14	4.05605e+11	9.61667e+13	1.03120e+13	8.02680e+08	4.48954e+13	6.62929e+13	0	0	3.43294e+11	3.26815e+13	1.88403e+13	8.68498e+11	3.24417e+10	1.31809e+13	3.04884e+12
8.12835e+17	1.46464e+19	2.58138e+14	1.55740e+14	3.48746e+11	9.24874e+13	9.06981e+12	6.49345e+08	4.51364e+13	5.82165e+13	0	0	3.30531e+11	3.18978e+13	1.73789e+13	7.68171e+11	2.75098e+10	1.31631e+13	2.95340e+12
8.12835e+17	1.39564e+19	2.50933e+14	1.44413e+14	2.99696e+11	8.89023e+13	7.97259e+12	5.24990e+08	4.53572e+13	5.10952e+13	0	0	3.18208e+11	3.11149e+13	1.60195e+13	6.79162e+11	2.33227e+10	1.31359e+13	2.86033e+12
8.12836e+17	1.32969e+19	2.43805e+14	1.33821e+14	2.57272e+11	8.53969e+13	7.00095e+12	4.23964e+08	4.55594e+13	4.48009e+13	0	0	3.06254e+11	3.03331e+13	1.47470e+13	5.99961e+11	1.97552e+10	1.31010e+13	2.76910e+12
8.12836e+17	1.26743e+19	2.36858e+14	1.24033e+14	2.20892e+11	8.20215e+13	6.14844e+12	3.42452e+08	4.57431e+13	3.92855e+13	0	0	2.94816e+11	2.95583e+13	1.35773e+13	5.30150e+11	1.67446e+10	1.30553e+13	2.68101e+12
8.12837e+17	1.20851e+19	2.30081e+14	1.14968e+14	1.89626e+11	7.87689e+13	5.39891e+12	2.76558e+08	4.59095e+13	3.44435e+13	0	0	2.83851e+11	2.87927e+13	1.24978e+13	4.68482e+11	1.41958e+10	1.29999e+13	2.59577e+12
8.12837e+17	1.15222e+19	2.23397e+14	1.06516e+14	1.62703e+11	7.56055e+13	4.73853e+12	2.23261e+08	4.60599e+13	3.01845e+13	0	0	2.73238e+11	2.80301e+13	1.14934e+13	4.13818e+11	1.20325e+10	1.29371e+13	2.51247e+12
8.12838e+17	1.09880e+19	2.16864e+14	9.86778e+13	1.39576e+11	7.25550e+13	4.15832e+12	1.80212e+08	4.61953e+13	2.64480e+13	0	0	2.63040e+11	2.72769e+13	1.05656e+13	3.65524e+11	1.02006e+10	1.28660e+13	2.43170e+12
8.12838e+17	1.04802e+19	2.10473e+14	9.14062e+13	1.19717e+11	6.96132e+13	3.64874e+12	1.45375e+08	4.63163e+13	2.31711e+13	0	0	2.53234e+11	2.65329e+13	9.70857e+12	3.22862e+11	8.64916e+09	1.27868e+13	2.35333e+12
8.12840e+17	9.99980e+18	2.04262e+14	8.46887e+13	1.02708e+11	6.67933e+13	3.20234e+12	1.17199e+08	4.64240e+13	2.03042e+13	0	0	2.43853e+11	2.58028e+13	8.92096e+12	2.85277e+11	7.33859e+09	1.27005e+13	2.27769e+12
8.12840e+17	9.54076e+18	1.98163e+14	7.84308e+13	8.80640e+10	6.40643e+13	2.80942e+12	9.44241e+07	4.65193e+13	1.77842e+13	0	0	2.34792e+11	2.50791e+13	8.19164e+12	2.51989e+11	6.22512e+09	1.26046e+13	2.20403e+12
8.12840e+17	9.10499e+18	1.92224e+14	7.26383e+13	7.55002e+10	6.14448e+13	2.46450e+12	7.59521e+07	4.66029e+13	1.55768e+13	0	0	2.26099e+11	2.43719e+13	7.51711e+12	2.22603e+11	5.28035e+09	1.25047e+13	2.13270e+12
8.12840e+17	8.68973e+18	1.86417e+14	6.72617e+13	6.47301e+10	5.89213e+13	2.16211e+12	6.11221e+07	4.66756e+13	1.36435e+13	0	0	2.17732e+11	2.36743e+13	6.89591e+12	1.96660e+11	4.48146e+09	1.23975e+13	2.06349e+12
8.12841e+17	8.29646e+18	1.80786e+14	6.23005e+13	5.55213e+10	5.65086e+13	1.89764e+12	4.91262e+07	4.67380e+13	1.19548e+13	0	0	2.09732e+11	2.29930e+13	6.32645e+12	1.73829e+11	3.80672e+09	1.22847e+13	1.99678e+12
8.12842e+17	7.92201e+18	1.75298e+14	5.77013e+13	4.76264e+10	5.41906e+13	1.66573e+12	3.95331e+07	4.67909e+13	1.04759e+13	0	0	2.02045e+11	2.23242e+13	5.80263e+12	1.53677e+11	3.23519e+09	1.21649e+13	1.93220e+12
8.12844e+17	7.56699e+18	1.69979e+14	5.34539e+13	4.08669e+10	5.19751e+13	1.46262e+12	3.17794e+07	4.68351e+13	9.18235e+12	0	0	1.94694e+11	2.16725e+13	5.32227e+12	1.35918e+11	2.75138e+09	1.20399e+13	1.86997e+12
8.12844e+17	7.22789e+18	1.64785e+14	4.95095e+13	3.50681e+10	4.98423e+13	1.28439e+12	2.54960e+07	4.68708e+13	8.04881e+12	0	0	1.87611e+11	2.10326e+13	4.87947e+12	1.20227e+11	2.34097e+09	1.19094e+13	1.80956e+12
8.12851e+17	6.90526e+18	1.59739e+14	4.58596e+13	3.01030e+10	4.77987e+13	1.12824e+12	2.03932e+07	4.68989e+13	7.05732e+12	0	0	1.80818e+11	2.04080e+13	4.47289e+12	1.06386e+11	1.99328e+09	1.17742e+13	1.75120e+12
8.12887e+17	6.60103e+18	1.54890e+14	4.25076e+13	2.58617e+10	4.58599e+13	9.91808e+11	1.62200e+07	4.69217e+13	6.19195e+12	0	0	1.74366e+11	1.98047e+13	4.10292e+12	9.42246e+10	1.69941e+09	1.16353e+13	1.69539e+12
8.12840e+17	6.30963e+18	1.50150e+14	3.93897e+13	2.22181e+10	4.39909e+13	8.71876e+11	1.31153e+07	4.69329e+13	5.43272e+12	0	0	1.68137e+11	1.92134e+13	3.76090e+12	8.34549e+10	1.44930e+09	1.14922e+13	1.64111e+12
8.12841e+17	6.03347e+18	1.45576e+14	3.65158e+13	1.91004e+10	4.22100e+13	7.66876e+11	1.03154e+07	4.69406e+13	4.76891e+12	0	0	1.62193e+11	1.86407e+13	3.44848e+12	7.39692e+10	1.23737e+09	1.13461e+13	1.58897e+12
8.12890e+17	5.76938e+18	1.41121e+14	3.38478e+13	1.64250e+10	4.04979e+13	6.74707e+11	7.93790e+06	4.69449e+13	4.18709e+12	0	0	1.56470e+11	1.80812e+13	3.16105e+12	6.55796e+10	1.05721e+09	1.11961e+13	1.53848e+12
8.12883e+17	5.51839e+18	1.36813e+14	3.13843e+13	1.41339e+10	3.88625e+13	5.93934e+11	6.42761e+06	4.69405e+13	3.67799e+12	0	0	1.50995e+11	1.75382e+13	2.89827e+12	5.81801e+10	9.04314e+08	1.10430e+13	1.48985e+12
8.12871e+17	5.27928e+18	1.32639e+14	2.91052e+13	1.21687e+10	3.72975e+13	5.23058e+11	4.82615e+06	4.69307e+13	3.23196e+12	0	0	1.45746e+11	1.70111e+13	2.65726e+12	5.16407e+10	7.74243e+08	1.08875e+13	1.44296e+12
8.12863e+17	5.05214e+18	1.28612e+14	2.70022e+13	1.04851e+10	3.58043e+13	4.60907e+11	3.91193e+06	4.69165e+13	2.84159e+12	0	0	1.40730e+11	1.65015e+13	2.43672e+12	4.58702e+10	6.63689e+08	1.07309e+13	1.39786e+12
8.12862e+17	4.83585e+18	1.24716e+14	2.50584e+13	9.04197e+09	3.43769e+13	4.06430e+11	2.80720e+06	4.68978e+13	2.49987e+12	0	0	1.35926e+11	1.60072e+13	2.23537e+12	4.07725e+10	5.69675e+08	1.05713e+13	1.35446e+12
8.12854e+17	4.62936e+18	1.20943e+14	2.32565e+13	7.80008e+09	3.30087e+13	3.58440e+11	1.86583e+06	4.68747e+13	2.19956e+12	0	0	1.31314e+11	1.55281e+13	2.04997e+12	3.62560e+10	4.89308e+08	1.04112e+13	1.31253e+12
8.12904e+17	4.43476e+18	1.17337e+14	2.16067e+13	6.74145e+09	3.17150e+13	3.16622e+11	1.11421e+06	4.68512e+13	1.93825e+12	0	0	1.26948e+11	1.50696e+13	1.88217e+12	3.22861e+10	4.21251e+08	1.02518e+13	1.27268e+12
8.12889e+17	4.24949e+18	1.13857e+14	2.00814e+13	5.83213e+09	3.04785e+13	2.79858e+11	0	4.68202e+13	1.70879e+12	0	0	1.22768e+11	1.46254e+13	1.72961e+12	2.87760e+10	3.63326e+08	1.00897e+13	1.23429e+12
8.12894e+17	4.07293e+18	1.10498e+14	1.86689e+13	5.04916e+09	2.92963e+13	2.47525e+11	0	4.67872e+13	1.50747e+12	0	0	1.18768e+11	1.41969e+13	1.58917e+12	2.56628e+10	3.13650e+08	9.92895e+12	1.19742e+12
8.12889e+17	3.90289e+18	1.07219e+14	1.73508e+13	4.37103e+09	2.81541e+13	2.18855e+11	0	4.67499e+13	1.32929e+12	0	0	1.14895e+11	1.37784e+13	1.45944e+12	2.28884e+10	2.70908e+08	9.76601e+12	1.16149e+12
8.12851e+17	3.74338e+18	1.04109e+14	1.61468e+13	3.79424e+09	2.70788e+13	1.93957e+11	0	4.67082e+13	1.17492e+12	0	0	1.11248e+11	1.33806e+13	1.34283e+12	2.04538e+10	2.34745e+08	9.60530e+12	1.12757e+12
8.12892e+17	3.59285e+18	1.01143e+14	1.50400e+13	3.30011e+09	2.60604e+13	1.72165e+11	0	4.66684e+13	1.04022e+12	0	0	1.07794e+11	1.30013e+13	1.23672e+12	1.83054e+10	2.03913e+08	9.44799e+12	1.09533e+12
8.12872e+17	3.44558e+18	9.82020e+13	1.39967e+13	2.86595e+09	2.50624e+13	1.52554e+11	0	4.66218e+13	9.19001e+11	0	0	1.04398e+11	1.26252e+13	1.13755e+12	1.63680e+10	1.76958e+08	9.28592e+12	1.06338e+12
8.12859e+17	3.30514e+18	9.53670e+13	1.30304e+13	2.49109e+09	2.41079e+13	1.35252e+11	0	4.65730e+13	8.12326e+11	0	0	1.01146e+11	1.22628e+13	1.04659e+12	1.46462e+10	1.53758e+08	9.12514e+12	1.03266e+12
8.12847e+17	3.17058e+18	9.26223e+13	1.21322e+13	2.16654e+09	2.31908e+13	1.19943e+11	0	4.65221e+13	7.18233e+11	0	0	9.80196e+10	1.19123e+13	9.62552e+11	1.31118e+10	1.33718e+08	8.96599e+12	1.00300e+12
8.12841e+17	3.04347e+18	9.00028e+13	1.13087e+13	1.88836e+09	2.23221e+13	1.06541e+11	0	4.64694e+13	6.35941e+11	0	0	9.50556e+10	1.15773e+13	8.87068e+11	1.17572e+10	1.16629e+08	8.80794e+12	9.74780e+11
8.12835e+17	2.92116e+18	8.74577e+13	1.05399e+13	1.64634e+09	2.14840e+13	9.46313e+10	0	4.64145e+13	5.63065e+11	0	0	9.21938e+10	1.12524e+13	8.16872e+11	1.05451e+10	1.01773e+08	8.65153e+12	9.47421e+11
8.12832e+17	2.80438e+18	8.50046e+13	9.82734e+12	1.43690e+09	2.06815e+13	8.41101e+10	0	4.63578e+13	4.98836e+11	0	0	8.94525e+10	1.09394e+13	7.52622e+11	9.46576e+09	8.89484e+07	8.49663e+12	9.21122e+11
8.12877e+17	2.69332e+18	8.26520e+13	9.16924e+12	1.25586e+09	1.99164e+13	7.48248e+10	0	4.63021e+13	4.42304e+11	0	0	8.68388e+10	1.06394e+13	6.93922e+11	8.50593e+09	7.78792e+07	8.34454e+12	8.95955e+11
8.12868e+17	2.58715e+18	8.03812e+13	8.55879e+12	1.09895e+09	1.91828e+13	6.66145e+10	0	4.62416e+13	3.92449e+11	0	0	8.43311e+10	1.03500e+13	6.40146e+11	7.65015e+09	6.82992e+07	8.19395e+12	8.71730e+11
8.12856e+17	2.48598e+18	7.81993e+13	7.99373e+12	9.62865e+08	1.84819e+13	5.93508e+10	0	4.61796e+13	3.48457e+11	0	0	8.19348e+10	1.00721e+13	5.90960e+11	6.88707e+09	5.99980e+07	8.04584e+12	8.48503e+11
8.12850e+17	2.38892e+18	7.60889e+13	7.46756e+12	8.44390e+08	1.78078e+13	5.29038e+10	0	4.61163e+13	3.09522e+11	0	0	7.96298e+10	9.80359e+12	5.45654e+11	6.20417e+09	5.27745e+07	7.89955e+12	8.26091e+11
8.12842e+17	2.29667e+18	7.40669e+13	6.98197e+12	7.41772e+08	1.71651e+13	4.72084e+10	0	4.60519e+13	2.75248e+11	0	0	7.74330e+10	9.54673e+12	5.04194e+11	5.59590e+09	4.65123e+07	7.75681e+12	8.04663e+11
8.12837e+17	2.20826e+18	7.21142e+13	6.52984e+12	6.52271e+08	1.65475e+13	4.21497e+10	0	4.59860e+13	2.44878e+11	0	0	7.53226e+10	9.29885e+12	4.66158e+11	5.05099e+09	4.10534e+07	7.61583e+12	7.84021e+11
8.12835e+17	2.12403e+18	7.02402e+13	6.11114e+12	5.74390e+08	1.59575e+13	3.76658e+10	0	4.59195e+13	2.18039e+11	0	0	7.33073e+10	9.06123e+12	4.31336e+11	4.56394e+09	3.62992e+07	7.47798e+12	7.64251e+11
8.12832e+17	2.04326e+18	6.84299e+13	5.72112e+12	5.06352e+08	1.53900e+13	3.36782e+10	0	4.58517e+13	1.94248e+11	0	0	7.13701e+10	8.83203e+12	3.99245e+11	4.12701e+09	3.21409e+07	7.34247e+12	7.45197e+11
8.12876e+17	1.96649e+18	6.66987e+13	5.36055e+12	4.47118e+08	1.48492e+13	3.01451e+10	0	4.57858e+13	1.73224e+11	0	0	6.95264e+10	8.61306e+12	3.70019e+11	3.73644e+09	2.85173e+07	7.21045e+12	7.27016e+11
8.12861e+17	1.89222e+18	6.50104e+13	5.02203e+12	3.95042e+08	1.43244e+13	2.69859e+10	0	4.57150e+13	1.54495e+11	0	0	6.77370e+10	8.39993e+12	3.42791e+11	3.38413e+09	2.53239e+07	7.07979e+12	7.09325e+11
8.12853e+17	1.82185e+18	6.34008e+13	4.70991e+12	3.49686e+08	1.38257e+13	2.41867e+10	0	4.56446e+13	1.37956e+11	0	0	6.60388e+10	8.19707e+12	3.17957e+11	3.06922e+09	2.25351e+07	6.95336e+12	6.92492e+11
8.12849e+17	1.75440e+18	6.18478e+13	4.41898e+12	3.09898e+08	1.33462e+13	2.16913e+10	0	4.55736e+13	1.23260e+11	0	0	6.44077e+10	8.00165e+12	2.95086e+11	2.78590e+09	2.00832e+07	6.82956e+12	6.76287e+11
8.12842e+17	1.68978e+18	6.03506e+13	4.14787e+12	2.74972e+08	1.28855e+13	1.94667e+10	0	4.55017e+13	1.10199e+11	0	0	6.28423e+10	7.81356e+12	2.74046e+11	2.53094e+09	1.79252e+07	6.70845e+12	6.60700e+11
8.12836e+17	1.62794e+18	5.89087e+13	3.89566e+12	2.44316e+08	1.24432e+13	1.74828e+10	0	4.54293e+13	9.85955e+10	0	0	6.13412e+10	7.63278e+12	2.54641e+11	2.30149e+09	1.60238e+07	6.59039e+12	6.45717e+11
8.12833e+17	1.56869e+18	5.75191e+13	3.66032e+12	2.17339e+08	1.20181e+13	1.57118e+10	0	4.53566e+13	8.82719e+10	0	0	5.99010e+10	7.45889e+12	2.36760e+11	2.09467e+09	1.43453e+07	6.47520e+12	6.31315e+11
8.12832e+17	1.51203e+18	5.61823e+13	3.44116e+12	1.93600e+08	1.16102e+13	1.41308e+10	0	4.52836e+13	7.90878e+10	0	0	5.85214e+10	7.29191e+12	2.20305e+11	1.90825e+09	1.28628e+07	6.36305e+12	6.17490e+11
8.12871e+17	1.45785e+18	5.48976e+13	3.23712e+12	1.72707e+08	1.12189e+13	1.27200e+10	0	4.52124e+13	7.09216e+10	0	0	5.72012e+10	7.13180e+12	2.05163e+11	1.74021e+09	1.15527e+07	6.25413e+12	6.04237e+11
8.12862e+17	1.40563e+18	5.36511e+13	3.04567e+12	1.54188e+08	1.08406e+13	1.14524e+10	0	4.51383e+13	6.36130e+10	0	0	5.59256e+10	6.97681e+12	1.91063e+11	1.58785e+09	1.03859e+07	6.14744e+12	5.91405e+11
8.12852e+17	1.35572e+18	5.24528e+13	2.86740e+12	1.37862e+08	1.04777e+13	1.03206e+10	0	4.50639e+13	5.71099e+10	0	0	5.47046e+10	6.82812e+12	1.78115e+11	1.45035e+09	9.35291e+06	6.04374e+12	5.79100e+11
8.12848e+17	1.30781e+18	5.12964e+13	2.70073e+12	1.23411e+08	1.01282e+13	9.30618e+09	0	4.49896e+13	5.13040e+10	0	0	5.35312e+10	6.68500e+12	1.66116e+11	1.32586e+09	8.43385e+06	5.94285e+12	5.67254e+11
8.12843e+17	1.26192e+18	5.01825e+13	2.54508e+12	1.10616e+08	9.79229e+12	8.39733e+09	0	4.49152e+13	4.61211e+10	0	0	5.24056e+10	6.54745e+12	1.55040e+11	1.21315e+09	7.61604e+06	5.84479e+12	5.55870e+11
8.12839e+17	1.21810e+18	4.91131e+13	2.40004e+12	9.92985e+07	9.47035e+12	7.58469e+09	0	4.48410e+13	4.15028e+10	0	0	5.13298e+10	6.41572e+12	1.44872e+11	1.11122e+09	6.88910e+06	5.74979e+12	5.44975e+11
8.12837e+17	1.17584e+18	4.80762e+13	2.26384e+12	8.92191e+07	9.15889e+12	6.85243e+09	0	4.47667e+13	3.73587e+10	0	0	5.02908e+10	6.28837e+12	1.35372e+11	1.01849e+09	6.23767e+06	5.65713e+12	5.34433e+11
8.12834e+17	1.13536e+18	4.70775e+13	2.13647e+12	8.02660e+07	8.85934e+12	6.19542e+09	0	4.46926e+13	3.36547e+10	0	0	4.92943e+10	6.16603e+12	1.26589e+11	9.34351e+08	5.65584e+06	5.56726e+12	5.24308e+11
8.12833e+17	1.09649e+18	4.61133e+13	2.01710e+12	7.22972e+07	8.57068e+12	5.60499e+09	0	4.46185e+13	3.03388e+10	0	0	4.83364e+10	6.04827e+12	1.18452e+11	8.57879e+08	5.13499e+06	5.47993e+12	5.14563e+11
8.12831e+17	1.05921e+18	4.51835e+13	1.90534e+12	6.51983e+07	8.29282e+12	5.07411e+09	0	4.45447e+13	2.73684e+10	0	0	4.74168e+10	5.93505e+12	1.10913e+11	7.88341e+08	4.66818e+06	5.39521e+12	5.05193e+11
8.12864e+17	1.02339e+18	4.42862e+13	1.80051e+12	5.88633e+07	8.02492e+12	4.59613e+09	0	4.44727e+13	2.47042e+10	0	0	4.65332e+10	5.82614e+12	1.03913e+11	7.25024e+08	4.24902e+06	5.31305e+12	4.96180e+11
8.12856e+17	9.89019e+17	4.34194e+13	1.70227e+12	5.32065e+07	7.76684e+12	4.16575e+09	0	4.43991e+13	2.23144e+10	0	0	4.56834e+10	5.72126e+12	9.74164e+10	6.67347e+08	3.87229e+06	5.23327e+12	4.87498e+11
8.12859e+17	9.55964e+17	4.25816e+13	1.60997e+12	4.81459e+07	7.51774e+12	3.77776e+09	0	4.43262e+13	2.01682e+10	0	0	4.48657e+10	5.62023e+12	9.13768e+10	6.14736e+08	3.53310e+06	5.15581e+12	4.79135e+11
8.12833e+17	9.24188e+17	4.17710e+13	1.52332e+12	4.36127e+07	7.27746e+12	3.42755e+09	0	4.42523e+13	1.82385e+10	0	0	4.40782e+10	5.52283e+12	8.57470e+10	5.66700e+08	3.22713e+06	5.08060e+12	4.71069e+11
8.12832e+17	8.93578e+17	4.09865e+13	1.44175e+12	3.95472e+07	7.04503e+12	3.11129e+09	0	4.41797e+13	1.65031e+10	0	0	4.33194e+10	5.42890e+12	8.04983e+10	5.22796e+08	2.95092e+06	5.00756e+12	4.63289e+11
8.12831e+17	8.64215e+17	4.02296e+13	1.36520e+12	3.59014e+07	6.82135e+12	2.82619e+09	0	4.41077e+13	1.49427e+10	0	0	4.25910e+10	5.33860e+12	7.56545e+10	4.82688e+08	2.70167e+06	4.93676e+12	4.55812e+11
8.12834e+17	8.36218e+17	3.95038e+13	1.29374e+12	3.26396e+07	6.60722e+12	2.56976e+09	0	4.40369e+13	1.35446e+10	0	0	4.18961e+10	5.25237e+12	7.11755e+10	4.46123e+08	2.47701e+06	4.86872e+12	4.48673e+11
8.12833e+17	8.08956e+17	3.87932e+13	1.22583e+12	2.96890e+07	6.39788e+12	2.33616e+09	0	4.39657e+13	1.22782e+10	0	0	4.12186e+10	5.16829e+12	6.69105e+10	4.12475e+08	2.27226e+06	4.80209e+12	4.41704e+11
8.12840e+17	7.82842e+17	3.81083e+13	1.16208e+12	2.70375e+07	6.19666e+12	2.12552e+09	0	4.38956e+13	1.11393e+10	0	0	4.05695e+10	5.08763e+12	6.29712e+10	3.81695e+08	2.08704e+06	4.73772e+12	4.35021e+11
8.12836e+17	7.57667e+17	3.74442e+13	1.10201e+12	2.46458e+07	6.00195e+12	1.93463e+09	0	4.38254e+13	1.01110e+10	0	0	3.99429e+10	5.00971e+12	5.92918e+10	3.53446e+08	1.91876e+06	4.67515e+12	4.28563e+11
8.12848e+17	7.33555e+17	3.68043e+13	1.04557e+12	2.24916e+07	5.81481e+12	1.76220e+09	0	4.37570e+13	9.18512e+09	0	0	3.93428e+10	4.93501e+12	5.58728e+10	3.27565e+08	1.76608e+06	4.61485e+12	4.22374e+11
8.12843e+17	7.10211e+17	3.61810e+13	9.92180e+11	2.05417e+07	5.63294e+12	1.60549e+09	0	4.36878e+13	8.34703e+09	0	0	3.87610e+10	4.86255e+12	5.26606e+10	3.03745e+08	1.62687e+06	4.55603e+12	4.16366e+11
8.12832e+17	6.87864e+17	3.55799e+13	9.42001e+11	1.87822e+07	5.45817e+12	1.46385e+09	0	4.36194e+13	7.59197e+09	0	0	3.82036e+10	4.79306e+12	4.96749e+10	2.81892e+08	1.50032e+06	4.49934e+12	4.10606e+11
8.12831e+17	6.66185e+17	3.49938e+13	8.94432e+11	1.71850e+07	5.28808e+12	1.33483e+09	0	4.35516e+13	6.90678e+09	0	0	3.76626e+10	4.72559e+12	4.68630e+10	2.61738e+08	1.38460e+06	4.44402e+12	4.05011e+11
8.12836e+17	6.45378e+17	3.44272e+13	8.49609e+11	1.57399e+07	5.12417e+12	1.21797e+09	0	4.34852e+13	6.28844e+09	0	0	3.71433e+10	4.66079e+12	4.42336e+10	2.43211e+08	1.27911e+06	4.39066e+12	3.99636e+11
8.12835e+17	6.25245e+17	3.38757e+13	8.07187e+11	1.44271e+07	4.96507e+12	1.11158e+09	0	4.34188e+13	5.72722e+09	0	0	3.66404e+10	4.59797e+12	4.17670e+10	2.26116e+08	1.18255e+06	4.33869e+12	3.94425e+11
8.12848e+17	6.05971e+17	3.33438e+13	7.67248e+11	1.32380e+07	4.81218e+12	1.01528e+09	0	4.33542e+13	5.22074e+09	0	0	3.61590e+10	4.53782e+12	3.94712e+10	2.10392e+08	1.09446e+06	4.28870e+12	3.89436e+11
8.12846e+17	5.87228e+17	3.28233e+13	7.29303e+11	1.21540e+07	4.66304e+12	9.27289e+08	0	4.32891e+13	4.75971e+09	0	0	3.56902e+10	4.47921e+12	3.72972e+10	1.95842e+08	1.01351e+06	4.23980e+12	3.84572e+11
8.12844e+17	5.69165e+17	3.23180e+13	6.93434e+11	1.11681e+07	4.51884e+12	8.47288e+08	0	4.32247e+13	4.34174e+09	0	0	3.52382e+10	4.42266e+12	3.52609e+10	1.82412e+08	9.39340e+05	4.19243e+12	3.79878e+11
8.12831e+17	5.51871e+17	3.18296e+13	6.59595e+11	1.02727e+07	4.38018e+12	7.74819e+08	0	4.31610e+13	3.96428e+09	0	0	3.48049e+10	4.36843e+12	3.33620e+10	1.70034e+08	8.71485e+05	4.14682e+12	3.75379e+11
8.12831e+17	5.35051e+17	3.13521e+13	6.27452e+11	9.45427e+06	4.24502e+12	7.08492e+08	0	4.30982e+13	3.61979e+09	0	0	3.43836e+10	4.31567e+12	3.15649e+10	1.58558e+08	8.08966e+05	4.10228e+12	3.70998e+11
8.12831e+17	5.18806e+17	3.08876e+13	5.96999e+11	8.70756e+06	4.11404e+12	6.48041e+08	0	4.30362e+13	3.30682e+09	0	0	3.39765e+10	4.26467e+12	2.98720e+10	1.47940e+08	7.51488e+05	4.05908e+12	3.66763e+11
8.12835e+17	5.03326e+17	3.04399e+13	5.68283e+11	8.02863e+06	3.98859e+12	5.93364e+08	0	4.29759e+13	3.02459e+09	0	0	3.35886e+10	4.21603e+12	2.82991e+10	1.38150e+08	6.98863e+05	4.01776e+12	3.62728e+11
8.12834e+17	4.88174e+17	2.99996e+13	5.40921e+11	7.40528e+06	3.86569e+12	5.43101e+08	0	4.29153e+13	2.76571e+09	0	0	3.32085e+10	4.16838e+12	2.68005e+10	1.29040e+08	5.89984e+05	3.97712e+12	3.58768e+11
8.12835e+17	4.73589e+17	2.95719e+13	5.14997e+11	6.83571e+06	3.74694e+12	4.97333e+08	0	4.28558e+13	2.53066e+09	0	0	3.28426e+10	4.12246e+12	2.53931e+10	1.20603e+08	4.79724e+05	3.93785e+12	3.54955e+11
8.12834e+17	4.59446e+17	2.91541e+13	4.90385e+11	6.31372e+06	3.63154e+12	4.55474e+08	0	4.27969e+13	2.31614e+09	0	0	3.24875e+10	4.07790e+12	2.40627e+10	1.12768e+08	3.79536e+05	3.89961e+12	3.51252e+11
8.12833e+17	4.45771e+17	2.87465e+13	4.67018e+11	5.83541e+06	3.51964e+12	4.17249e+08	0	4.27387e+13	2.12073e+09	0	0	3.21440e+10	4.03477e+12	2.28073e+10	1.05494e+08	3.01642e+05	3.86250e+12	3.47668e+11
8.12833e+17	4.32563e+17	2.83495e+13	4.44850e+11	5.39695e+06	3.41127e+12	3.82345e+08	0	4.26813e+13	1.94267e+09	0	0	3.18122e+10	3.99309e+12	2.16242e+10	9.87408e+07	2.46111e+05	3.82654e+12	3.44203e+11
8.12832e+17	4.19784e+17	2.79618e+13	4.23784e+11	4.99449e+06	3.30615e+12	3.50445e+08	0	4.26247e+13	1.78029e+09	0	0	3.14909e+10	3.95272e+12	2.05069e+10	9.24633e+07	1.76330e+05	3.79161e+12	3.40848e+11
8.12832e+17	4.07435e+17	2.75837e+13	4.03785e+11	3.72805e+06	3.20425e+12	3.21291e+08	0	4.25690e+13	1.63222e+09	0	0	3.11804e+10	3.91369e+12	1.94514e+10	8.66277e+07	0	3.75776e+12	3.37603e+11
8.12831e+17	3.95473e+17	2.72139e+13	3.84758e+11	2.68063e+06	3.10532e+12	2.94614e+08	0	4.25140e+13	1.49699e+09	0	0	3.08795e+10	3.87585e+12	1.84527e+10	8.11960e+07	0	3.72486e+12	3.34457e+11
8.12831e+17	3.83913e+17	2.68531e+13	3.66687e+11	1.93015e+06	3.00948e+12	2.70224e+08	0	4.24599e+13	1.37356e+09	0	0	3.05886e+10	3.83926e+12	1.75099e+10	7.61410e+07	0	3.69296e+12	3.31415e+11
8.12831e+17	3.72722e+17	2.65003e+13	3.49498e+11	1.16160e+06	2.91645e+12	2.47898e+08	0	4.24065e+13	1.26079e+09	0	0	3.03069e+10	3.80380e+12	1.66167e+10	7.14324e+07	0	3.66200e+12	3.28467e+11
8.12831e+17	3.61890e+17	2.61553e+13	3.33147e+11	0	2.82620e+12	2.27461e+08	0	4.23540e+13	1.15773e+09	0	0	3.00342e+10	3.76947e+12	1.57714e+10	6.70441e+07	0	3.63194e+12	3.25612e+11
8.12843e+17	3.51383e+17	2.58175e+13	3.17573e+11	0	2.73849e+12	2.08731e+08	0	4.23028e+13	1.06338e+09	0	0	2.97698e+10	3.73618e+12	1.49702e+10	6.29505e+07	0	3.60274e+12	3.22843e+11
8.12842e+17	3.41251e+17	2.54879e+13	3.02786e+11	0	2.65364e+12	1.91602e+08	0	4.22520e+13	9.77291e+08	0	0	2.95145e+10	3.70401e+12	1.42117e+10	5.91356e+07	0	3.57447e+12	3.20169e+11
8.12840e+17	3.31415e+17	2.51644e+13	2.88690e+11	0	2.57112e+12	1.75892e+08	0	4.22018e+13	8.98399e+08	0	0	2.92665e+10	3.67277e+12	1.34918e+10	5.55723e+07	0	3.54696e+12	3.17570e+11
8.12840e+17	3.21889e+17	2.48477e+13	2.75270e+11	0	2.49101e+12	1.61491e+08	0	4.21524e+13	8.26174e+08	0	0	2.90263e+10	3.64249e+12	1.28086e+10	5.22449e+07	0	3.52025e+12	3.15051e+11
8.12842e+17	3.12657e+17	2.45373e+13	2.62487e+11	0	2.41322e+12	1.48287e+08	0	4.21040e+13	7.60019e+08	0	0	2.87935e+10	3.61314e+12	1.21599e+10	4.91360e+07	0	3.49431e+12	3.12610e+11
8.12840e+17	3.03710e+17	2.42329e+13	2.50307e+11	0	2.33767e+12	1.36177e+08	0	4.20562e+13	6.99397e+08	0	0	2.85678e+10	3.58466e+12	1.15440e+10	4.62296e+07	0	3.46910e+12	3.10242e+11
8.12841e+17	2.95035e+17	2.39343e+13	2.38700e+11	0	2.26427e+12	1.25065e+08	0	4.20092e+13	6.43821e+08	0	0	2.83489e+10	3.55704e+12	1.09584e+10	4.35113e+07	0	3.44461e+12	3.07944e+11
8.12840e+17	2.86620e+17	2.36412e+13	2.27635e+11	0	2.19291e+12	1.14866e+08	0	4.19629e+13	5.92852e+08	0	0	2.81364e+10	3.53022e+12	1.04009e+10	4.09677e+07	0	3.42080e+12	3.05714e+11
8.12837e+17	2.78469e+17	2.33537e+13	2.17094e+11	0	2.12365e+12	1.05508e+08	0	4.19174e+13	5.46109e+08	0	0	2.79305e+10	3.50423e+12	9.87114e+09	3.85872e+07	0	3.39769e+12	3.03552e+11
8.12837e+17	2.70561e+17	2.30714e+13	2.07046e+11	0	2.05631e+12	9.69131e+07	0	4.18727e+13	5.03207e+08	0	0	2.77308e+10	3.47900e+12	9.36630e+09	3.63578e+07	0	3.37523e+12	3.01454e+11
8.12838e+17	2.62883e+17	2.27939e+13	1.97457e+11	0	1.99078e+12	8.90166e+07	0	4.18289e+13	4.63812e+08	0	0	2.75368e+10	3.45450e+12	8.88464e+09	3.42688e+07	0	3.35339e+12	2.99416e+11
8.12836e+17	2.55435e+17	2.25212e+13	1.88315e+11	0	1.92708e+12	8.17636e+07	0	4.17856e+13	4.27633e+08	0	0	2.73485e+10	3.43070e+12	8.42584e+09	3.23108e+07	0	3.33216e+12	2.97438e+11
8.12837e+17	2.48203e+17	2.22530e+13	1.79592e+11	0	1.86509e+12	7.50978e+07	0	4.17432e+13	3.94391e+08	0	0	2.71657e+10	3.40759e+12	7.98784e+09	3.04747e+07	0	3.31151e+12	2.95516e+11
8.12835e+17	2.41179e+17	2.19890e+13	1.71268e+11	0	1.80476e+12	6.89707e+07	0	4.17014e+13	3.63836e+08	0	0	2.69880e+10	3.38513e+12	7.56972e+09	2.87521e+07	0	3.29142e+12	2.93648e+11
8.12836e+17	2.34353e+17	2.17292e+13	1.63323e+11	0	1.74595e+12	6.33341e+07	0	4.16604e+13	3.35740e+08	0	0	2.68154e+10	3.36329e+12	7.16931e+09	2.71356e+07	0	3.27187e+12	2.91833e+11
8.12836e+17	2.27764e+17	2.14746e+13	1.55764e+11	0	1.68907e+12	5.81739e+07	0	4.16203e+13	3.09971e+08	0	0	2.66487e+10	3.34219e+12	6.79110e+09	2.56197e+07	0	3.25296e+12	2.90080e+11
8.12835e+17	2.21321e+17	2.12228e+13	1.48529e+11	0	1.63326e+12	5.34044e+07	0	4.15806e+13	2.86200e+08	0	0	2.64856e+10	3.32155e+12	6.42436e+09	2.41943e+07	0	3.23446e+12	2.88364e+11
8.12834e+17	2.15046e+17	2.09743e+13	1.41616e+11	0	1.57870e+12	4.90094e+07	0	4.15416e+13	2.64317e+08	0	0	2.63267e+10	3.30143e+12	6.07105e+09	2.28551e+07	0	3.21642e+12	2.86693e+11
8.12834e+17	2.08958e+17	2.07298e+13	1.35025e+11	0	1.52565e+12	4.49713e+07	0	4.15033e+13	2.44178e+08	0	0	2.61725e+10	3.28189e+12	5.73448e+09	2.15965e+07	0	3.19888e+12	2.85070e+11
8.12835e+17	2.03054e+17	2.04896e+13	1.28746e+11	0	1.47396e+12	4.12610e+07	0	4.14659e+13	2.25666e+08	0	0	2.60229e+10	3.26295e+12	5.41257e+09	2.04145e+07	0	3.18187e+12	2.83497e+11
8.12835e+17	1.97269e+17	2.02514e+13	1.22729e+11	0	1.42306e+12	3.78278e+07	0	4.14288e+13	2.08572e+08	0	0	2.58763e+10	3.24436e+12	5.09916e+09	1.93015e+07	0	3.16519e+12	2.81954e+11
8.12838e+17	1.91639e+17	2.00160e+13	1.16982e+11	0	1.37343e+12	3.46701e+07	0	4.13926e+13	1.92812e+08	0	0	2.57336e+10	3.22627e+12	4.79991e+09	1.82543e+07	0	3.14893e+12	2.80453e+11
8.12834e+17	1.86192e+17	1.97839e+13	1.11510e+11	0	1.32538e+12	3.17777e+07	0	4.13567e+13	1.78313e+08	0	0	2.55954e+10	3.20872e+12	4.51705e+09	1.72691e+07	0	3.13315e+12	2.78998e+11
8.12831e+17	1.80858e+17	1.95553e+13	1.06283e+11	0	1.27746e+12	2.90888e+07	0	4.13215e+13	1.64973e+08	0	0	2.54599e+10	3.19153e+12	4.23426e+09	1.63430e+07	0	3.11773e+12	2.77573e+11
8.12839e+17	1.75640e+17	1.93287e+13	1.01283e+11	0	1.23035e+12	2.66100e+07	0	4.12872e+13	1.52653e+08	0	0	2.53277e+10	3.17473e+12	3.96226e+09	1.54709e+07	0	3.10266e+12	2.76182e+11
8.12831e+17	1.70502e+17	1.91036e+13	9.64967e+10	0	1.18309e+12	2.43022e+07	0	4.12526e+13	1.41298e+08	0	0	2.51969e+10	3.15811e+12	3.69019e+09	1.46500e+07	0	3.08780e+12	2.74808e+11
8.12831e+17	1.65432e+17	1.88810e+13	9.19242e+10	0	1.13535e+12	2.21514e+07	0	4.12186e+13	1.30829e+08	0	0	2.50679e+10	3.14171e+12	3.41858e+09	1.38781e+07	0	3.07317e+12	2.73454e+11
8.12831e+17	1.59816e+17	1.86520e+13	8.74392e+10	0	1.07561e+12	2.00128e+07	0	4.11822e+13	1.21210e+08	0	0	2.49243e+10	3.12330e+12	3.11531e+09	1.31663e+07	0	3.05703e+12	2.71962e+11
8.12831e+17	1.53964e+17	1.84172e+13	8.29793e+10	0	1.00977e+12	1.79840e+07	0	4.11456e+13	1.12467e+08	0	0	2.47744e+10	3.10382e+12	2.81729e+09	1.25068e+07	0	3.04017e+12	2.70417e+11
8.12831e+17	1.48138e+17	1.81798e+13	7.86268e+10	0	9.44199e+11	1.61042e+07	0	4.11096e+13	1.04381e+08	0	0	2.46253e+10	3.08426e+12	2.53278e+09	1.18838e+07	0	3.02334e+12	2.68877e+11
8.12833e+17	1.42306e+17	1.79399e+13	7.44112e+10	0	8.79425e+11	1.43625e+07	0	4.10738e+13	9.68110e+07	0	0	2.44762e+10	3.06456e+12	2.26129e+09	1.12921e+07	0	3.00644e+12	2.67332e+11
8.12833e+17	1.36323e+17	1.76958e+13	7.03127e+10	0	8.13131e+11	1.27278e+07	0	4.10376e+13	8.97014e+07	0	0	2.43231e+10	3.04418e+12	2.00080e+09	1.07319e+07	0	2.98902e+12	2.65744e+11
8.12831e+17	1.30459e+17	1.74512e+13	6.64200e+10	0	7.49918e+11	1.12403e+07	0	4.10019e+13	8.30361e+07	0	0	2.41731e+10	3.02410e+12	1.75776e+09	1.01977e+07	0	2.97189e+12	2.64182e+11
8.12836e+17	1.24757e+17	1.72078e+13	6.27299e+10	0	6.89378e+11	9.89077e+06	0	4.09677e+13	7.68562e+07	0	0	2.40274e+10	3.00446e+12	1.53202e+09	9.69086e+06	0	2.95520e+12	2.62663e+11
8.12831e+17	1.19013e+17	1.69583e+13	5.91367e+10	0	6.28782e+11	8.64535e+06	0	4.09334e+13	7.11024e+07	0	0	2.38804e+10	2.98440e+12	1.32351e+09	9.21054e+06	0	2.93829e+12	2.61128e+11
8.12834e+17	1.13385e+17	1.67081e+13	5.57301e+10	0	5.70640e+11	7.51537e+06	0	4.09002e+13	6.57314e+07	0	0	2.37365e+10	2.96461e+12	1.13086e+09	8.75358e+06	0	2.92168e+12	2.59623e+11
8.12832e+17	1.07973e+17	1.64579e+13	5.25181e+10	0	5.15841e+11	6.50338e+06	0	4.08682e+13	6.07619e+07	0	0	2.35980e+10	2.94537e+12	9.55402e+08	8.31960e+06	0	2.90566e+12	2.58173e+11
8.12832e+17	1.02582e+17	1.62031e+13	4.94332e+10	0	4.62279e+11	5.58110e+06	0	4.08368e+13	5.61092e+07	0	0	2.34601e+10	2.92599e+12	7.96798e+08	7.90693e+06	0	2.88963e+12	2.56726e+11
8.12831e+17	9.72424e+16	1.59438e+13	4.64814e+10	0	4.10200e+11	4.74193e+06	0	4.08061e+13	5.17601e+07	0	0	2.33234e+10	2.90653e+12	6.52502e+08	7.51442e+06	0	2.87371e+12	2.55292e+11
8.12832e+17	9.22561e+16	1.56878e+13	4.37482e+10	0	3.63466e+11	4.01785e+06	0	4.07772e+13	4.77406e+07	0	0	2.31958e+10	2.88819e+12	5.28045e+08	7.14134e+06	0	2.85879e+12	2.53951e+11
8.12831e+17	8.66702e+16	1.54117e+13	4.09584e+10	0	3.09899e+11	3.28226e+06	0	4.07467e+13	4.38775e+07	0	0	2.30526e+10	2.86719e+12	4.05911e+08	6.78564e+06	0	2.84202e+12	2.52446e+11
8.12833e+17	8.25595e+16	1.51666e+13	3.86726e+10	0	2.76150e+11	2.78762e+06	0	4.07218e+13	4.04630e+07	0	0	2.29473e+10	2.85182e+12	3.21655e+08	6.44891e+06	0	2.82963e+12	2.51340e+11
8.12832e+17	7.81896e+16	1.49077e+13	3.63830e+10	0	2.39445e+11	2.30648e+06	0	4.06964e+13	3.72408e+07	0	0	2.28352e+10	2.83508e+12	2.43414e+08	6.12883e+06	0	2.81642e+12	2.50163e+11
8.12831e+17	7.35023e+16	1.46378e+13	3.41312e+10	0	1.99371e+11	1.83068e+06	0	4.06705e+13	3.41643e+07	0	0	2.27149e+10	2.81683e+12	1.67810e+08	5.82368e+06	0	2.80223e+12	2.48898e+11
8.12831e+17	7.00341e+16	1.43920e+13	3.22338e+10	0	1.74896e+11	1.52844e+06	0	4.06489e+13	3.14609e+07	0	0	2.26258e+10	2.80327e+12	1.19396e+08	5.53589e+06	0	2.79168e+12	2.47966e+11
8.12832e+17	6.63554e+16	1.41377e+13	3.03642e+10	0	1.48145e+11	1.23223e+06	0	4.06272e+13	2.88995e+07	0	0	2.25312e+10	2.78864e+12	7.59792e+07	5.26200e+06	0	2.78047e+12	2.46976e+11
8.12831e+17	6.12823e+16	1.38476e+13	2.83188e+10	0	1.03294e+11	8.01965e+05	0	4.06009e+13	2.63167e+07	0	0	2.24008e+10	2.76816e+12	2.24296e+06	5.00009e+06	0	2.76514e+12	2.45604e+11
8.12831e+17	5.90751e+16	1.36198e+13	2.68772e+10	0	9.64806e+10	7.21330e+05	0	4.05846e+13	2.42480e+07	0	0	2.23438e+10	2.75917e+12	2.07113e+06	4.75461e+06	0	2.75828e+12	2.45015e+11
8.12833e+17	5.69366e+16	1.33941e+13	2.55183e+10	0	9.03158e+10	6.50435e+05	0	4.05685e+13	2.23176e+07	0	0	2.22885e+10	2.75046e+12	1.93668e+06	4.52119e+06	0	2.75163e+12	2.44444e+11
8.12831e+17	5.49324e+16	1.31702e+13	2.42306e+10	0	8.47466e+10	5.88381e+05	0	4.05532e+13	2.05559e+07	0	0	2.22366e+10	2.74211e+12	1.82347e+06	4.29990e+06	0	2.74541e+12	2.43908e+11
8.12831e+17	5.30190e+16	1.29464e+13	2.30061e+10	0	7.96617e+10	5.33562e+05	0	4.05386e+13	1.89329e+07	0	0	2.21869e+10	2.73401e+12	1.72444e+06	4.08974e+06	0	2.73947e+12	2.43399e+11
8.12832e+17	5.11887e+16	1.27244e+13	2.18455e+10	0	7.49748e+10	4.84751e+05	0	4.05245e+13	1.74360e+07	0	0	2.21393e+10	2.72614e+12	1.63504e+06	3.89015e+06	0	2.73379e+12	2.42911e+11
8.12832e+17	4.94252e+16	1.25026e+13	2.07406e+10	0	7.06355e+10	4.41150e+05	0	4.05109e+13	1.60520e+07	0	0	2.20933e+10	2.71843e+12	1.55299e+06	3.70042e+06	0	2.72833e+12	2.42442e+11
8.12832e+17	4.77327e+16	1.22817e+13	1.96895e+10	0	6.66046e+10	4.02092e+05	0	4.04977e+13	1.47757e+07	0	0	2.20491e+10	2.71090e+12	1.47682e+06	3.52014e+06	0	2.72309e+12	2.41993e+11
8.12832e+17	4.61057e+16	1.20617e+13	1.86899e+10	0	6.28542e+10	3.67044e+05	0	4.04850e+13	1.35983e+07	0	0	2.20065e+10	2.70353e+12	1.40552e+06	3.34879e+06	0	2.71806e+12	2.41561e+11
8.12832e+17	4.45438e+16	1.18429e+13	1.77389e+10	0	5.93578e+10	3.35531e+05	0	4.04728e+13	1.25136e+07	0	0	2.19654e+10	2.69632e+12	1.33844e+06	3.18594e+06	0	2.71324e+12	2.41148e+11
8.12832e+17	4.30371e+16	1.16252e+13	1.68329e+10	0	5.60845e+10	3.07097e+05	0	4.04610e+13	1.15123e+07	0	0	2.19257e+10	2.68923e+12	1.27500e+06	3.03109e+06	0	2.70859e+12	2.40749e+11
8.12832e+17	4.15847e+16	1.14080e+13	1.59683e+10	0	5.30196e+10	2.81433e+05	0	4.04495e+13	1.05893e+07	0	0	2.18874e+10	2.68224e+12	1.21493e+06	2.88383e+06	0	2.70412e+12	2.40366e+11
8.12832e+17	4.01940e+16	1.11932e+13	1.51470e+10	0	5.01487e+10	2.58237e+05	0	4.04385e+13	9.74090e+06	0	0	2.18505e+10	2.67542e+12	1.15796e+06	2.74390e+06	0	2.69984e+12	2.40000e+11
8.12832e+17	3.88503e+16	1.09788e+13	1.43626e+10	0	4.74497e+10	2.37218e+05	0	4.04278e+13	8.95868e+06	0	0	2.18148e+10	2.66866e+12	1.10383e+06	2.61077e+06	0	2.69571e+12	2.39647e+11
8.12832e+17	3.75566e+16	1.07658e+13	1.36148e+10	0	4.49117e+10	2.18156e+05	0	4.04174e+13	8.23878e+06	0	0	2.17802e+10	2.66201e+12	1.05237e+06	2.48418e+06	0	2.69173e+12	2.39308e+11
8.12831e+17	3.63078e+16	1.05540e+13	1.29011e+10	0	4.25214e+10	2.00836e+05	0	4.04073e+13	7.57580e+06	0	0	2.17467e+10	2.65541e+12	1.00341e+06	2.36383e+06	0	2.68790e+12	2.38982e+11
8.12831e+17	3.51080e+16	1.03440e+13	1.22217e+10	0	4.02722e+10	1.85097e+05	0	4.03976e+13	6.96685e+06	0	0	2.17145e+10	2.64893e+12	9.56822e+05	2.24957e+06	0	2.68422e+12	2.38670e+11
8.12831e+17	3.39522e+16	1.01357e+13	1.15736e+10	0	3.81511e+10	1.70767e+05	0	4.03883e+13	6.40698e+06	0	0	2.16833e+10	2.64252e+12	9.12460e+05	2.14104e+06	0	2.68068e+12	2.38370e+11
8.12831e+17	3.28383e+16	9.92891e+12	1.09556e+10	0	3.61497e+10	1.57699e+05	0	4.03792e+13	5.89250e+06	0	0	2.16531e+10	2.63617e+12	8.70212e+05	2.03793e+06	0	2.67728e+12	2.38082e+11
8.12831e+17	3.17690e+16	9.72411e+12	1.03668e+10	0	3.42651e+10	1.45790e+05	0	4.03706e+13	5.42060e+06	0	0	2.16240e+10	2.62991e+12	8.30026e+05	1.93998e+06	0	2.67402e+12	2.37806e+11
8.12831e+17	3.07370e+16	9.52118e+12	9.80554e+09	0	3.24814e+10	1.34890e+05	0	4.03622e+13	4.98697e+06	0	0	2.15959e+10	2.62371e+12	7.91692e+05	1.84691e+06	0	2.67088e+12	2.37542e+11
8.12831e+17	2.97409e+16	9.31965e+12	9.26990e+09	0	3.07945e+10	1.24915e+05	0	4.03541e+13	4.58856e+06	0	0	2.15685e+10	2.61755e+12	7.55163e+05	1.75844e+06	0	2.66785e+12	2.37287e+11
8.12831e+17	2.87835e+16	9.12096e+12	8.76042e+09	0	2.91996e+10	1.15767e+05	0	4.03463e+13	4.22334e+06	0	0	2.15422e+10	2.61147e+12	7.20353e+05	1.67437e+06	0	2.66494e+12	2.37044e+11
8.12831e+17	2.78562e+16	8.92374e+12	8.27391e+09	0	2.76838e+10	1.07347e+05	0	4.03387e+13	3.88766e+06	0	0	2.15165e+10	2.60542e+12	6.87130e+05	1.59443e+06	0	2.66214e+12	2.36809e+11
8.12831e+17	2.69613e+16	8.72808e+12	7.81071e+09	0	2.62562e+10	9.96364e+04	0	4.03314e+13	3.57921e+06	0	0	2.14916e+10	2.59937e+12	6.55501e+05	1.51840e+06	0	2.65943e+12	2.36584e+11
8.12831e+17	2.61032e+16	8.53534e+12	7.36997e+09	0	2.49017e+10	9.25379e+04	0	4.03244e+13	3.29699e+06	0	0	2.14676e+10	2.59342e+12	6.25356e+05	1.44614e+06	0	2.65685e+12	2.36369e+11
