! -------------------------
   1178.9692382812500       0.96518808603286743        3.7026528269052505E-002   1.0000000000000000     
   1178.9991455078125        1.0479248762130737        3.8531668484210968E-002   1.0000000000000000     
   1179.0290527343750       0.98324954509735107        3.7379957735538483E-002   1.0000000000000000     
   1179.0589599609375       0.94294768571853638        3.6630466580390930E-002   1.0000000000000000     
   1179.0888671875000        1.0115945339202881        3.7850651890039444E-002   1.0000000000000000     
   1179.1188964843750       0.97826439142227173        3.7291258573532104E-002   1.0000000000000000     
   1179.1488037109375        1.0399658679962158        3.8366723805665970E-002   1.0000000000000000     
   1179.1787109375000       0.94463831186294556        3.6575272679328918E-002   1.0000000000000000     
   1179.2086181640625       0.94537365436553955        3.6765430122613907E-002   1.0000000000000000     
   1179.2385253906250        1.0137690305709839        3.7951234728097916E-002   1.0000000000000000     
   1179.2684326171875       0.99080848693847656        3.7506934255361557E-002   1.0000000000000000     
   1179.2983398437500        1.0101932287216187        3.7943195551633835E-002   1.0000000000000000     
   1179.3282470703125        1.0473209619522095        3.8678340613842010E-002   1.0000000000000000     
   1179.3581542968750        1.0002239942550659        3.7748169153928757E-002   1.0000000000000000     
   1179.3880615234375       0.94031316041946411        3.6565918475389481E-002   1.0000000000000000     
   1179.4179687500000       0.95234674215316772        3.6828178912401199E-002   1.0000000000000000     
   1179.4478759765625        1.0074565410614014        3.7834964692592621E-002   1.0000000000000000     
   1179.4777832031250       0.96382844448089600        3.6967832595109940E-002   1.0000000000000000     
   1179.5076904296875       0.97747015953063965        3.7307057529687881E-002   1.0000000000000000     
   1179.5375976562500        1.0094666481018066        3.7909701466560364E-002   1.0000000000000000     
   1179.5675048828125        1.0434014797210693        3.8490694016218185E-002   1.0000000000000000     
   1179.5974121093750        1.0193632841110229        3.8028709590435028E-002   1.0000000000000000     
   1179.6273193359375       0.94904887676239014        3.6715187132358551E-002   1.0000000000000000     
   1179.6572265625000       0.96112161874771118        3.7014547735452652E-002   1.0000000000000000     
   1179.6871337890625        1.0376545190811157        3.8510125130414963E-002   1.0000000000000000     
   1179.7170410156250       0.91343539953231812        3.6193750798702240E-002   1.0000000000000000     
   1179.7469482421875       0.90920817852020264        3.6086153239011765E-002   1.0000000000000000     
   1179.7768554687500       0.90468859672546387        3.5966292023658752E-002   1.0000000000000000     
   1179.8067626953125       0.84886085987091064        3.5163346678018570E-002   1.0000000000000000     
   1179.8366699218750       0.76497507095336914        3.3457688987255096E-002   1.0000000000000000     
   1179.8665771484375       0.67225837707519531        3.1220782548189163E-002   1.0000000000000000     
   1179.8964843750000       0.69375753402709961        3.1890664249658585E-002   1.0000000000000000     
   1179.9263916015625       0.71604228019714355        3.2079029828310013E-002   1.0000000000000000     
   1179.9562988281250       0.84475064277648926        3.5119224339723587E-002   1.0000000000000000     
   1179.9862060546875       0.91228407621383667        3.6123517900705338E-002   1.0000000000000000     
   1180.0161132812500       0.91435080766677856        3.6100961267948151E-002   1.0000000000000000     
   1180.0460205078125       0.98222064971923828        3.7386264652013779E-002   1.0000000000000000     
   1180.0759277343750       0.97961586713790894        3.7394765764474869E-002   1.0000000000000000     
   1180.1058349609375       0.95622014999389648        3.6972001194953918E-002   1.0000000000000000     
   1180.1357421875000       0.95035630464553833        3.6788195371627808E-002   1.0000000000000000     
   1180.1656494140625       0.96365952491760254        3.7208035588264465E-002   1.0000000000000000     
   1180.1955566406250       0.94751375913619995        3.6730691790580750E-002   1.0000000000000000     
   1180.2254638671875       0.97879397869110107        3.7337787449359894E-002   1.0000000000000000     
   1180.2553710937500       0.97223865985870361        3.7324950098991394E-002   1.0000000000000000     
   1180.2852783203125       0.97029143571853638        3.7173122167587280E-002   1.0000000000000000     
   1180.3151855468750       0.97554779052734375        3.7334360182285309E-002   1.0000000000000000     
   1180.3450927734375       0.98422724008560181        3.7370905280113220E-002   1.0000000000000000     
   1180.3750000000000        1.0139394998550415        3.8110055029392242E-002   1.0000000000000000     
   1180.4049072265625       0.92838716506958008        3.6419995129108429E-002   1.0000000000000000     
   1180.4349365234375       0.98077934980392456        3.7402309477329254E-002   1.0000000000000000     
   1180.4648437500000        1.0179417133331299        3.8108710199594498E-002  0.99991057050772059     
   1180.4947509765625        1.0180486440658569        3.8085885345935822E-002  0.99990138508626014     
   1180.5246582031250        1.0163453817367554        3.8273271173238754E-002  0.99989095614570278     
   1180.5545654296875       0.97856843471527100        3.7367008626461029E-002  0.99987895907780888     
   1180.5844726562500       0.98040461540222168        3.7484735250473022E-002  0.99986487816016900     
   1180.6143798828125        1.0001136064529419        3.7778537720441818E-002  0.99984793831666841     
   1180.6442871093750       0.96514129638671875        3.7191547453403473E-002  0.99982701442934585     
   1180.6741943359375        1.0322016477584839        3.8385227322578430E-002  0.99980052184708412     
   1180.7041015625000        1.0249078273773193        3.8280487060546875E-002  0.99976625070912029     
   1180.7340087890625        1.0120230913162231        3.8062613457441330E-002  0.99972107065583415     
   1180.7639160156250       0.98882794380187988        3.7501372396945953E-002  0.99966039422057629     
   1180.7938232421875       0.99599623680114746        3.7652086466550827E-002  0.99957723385171782     
   1180.8237304687500       0.93338185548782349        3.6445286124944687E-002  0.99946069983109043     
   1180.8536376953125       0.97532361745834351        3.7295829504728317E-002  0.99929364226480466     
   1180.8835449218750       0.96177637577056885        3.7162203341722488E-002  0.99904863327929616     
   1180.9134521484375       0.99699646234512329        3.7711530923843384E-002  0.99868159135499524     
   1180.9433593750000       0.96611547470092773        3.7112902849912643E-002  0.99812093437508553     
   1180.9732666015625        1.0091731548309326        3.7934701889753342E-002  0.99724817365243423     
   1181.0031738281250        1.0287600755691528        3.8282770663499832E-002  0.99586481439601393     
   1181.0330810546875        1.0354752540588379        3.8376051932573318E-002  0.99364246897471131     
   1181.0629882812500        1.0078563690185547        3.7863399833440781E-002  0.99006379641459097     
   1181.0928955078125       0.98533147573471069        3.7513557821512222E-002  0.98438558431246614     
   1181.1228027343750       0.97736358642578125        3.7286646664142609E-002  0.97568625794741914     
   1181.1527099609375       0.98606711626052856        3.7430170923471451E-002  0.96307288689050463     
   1181.1826171875000       0.94952327013015747        3.6798343062400818E-002  0.94607692060706616     
   1181.2125244140625       0.93883496522903442        3.6535188555717468E-002  0.92514516197147867     
   1181.2424316406250       0.90400362014770508        3.5884711891412735E-002  0.90198988558390203     
   1181.2723388671875       0.82406955957412720        3.4403614699840546E-002  0.87952865751731402     
   1181.3022460937500       0.93114638328552246        3.6483973264694214E-002  0.86130724454440599     
   1181.3321533203125       0.84798544645309448        3.4712791442871094E-002  0.85057426482967935     
   1181.3620605468750       0.86933875083923340        3.5195250064134598E-002  0.84935983941011151     
   1181.3919677734375       0.84676253795623779        3.4755498170852661E-002  0.85789077944491821     
   1181.4218750000000       0.85957324504852295        3.4983530640602112E-002  0.87452566708289903     
   1181.4517822265625       0.91726088523864746        3.6092776805162430E-002  0.89622809464673736     
   1181.4816894531250       0.96731495857238770        3.7090159952640533E-002  0.91943391427424770     
   1181.5115966796875       0.94745081663131714        3.6762475967407227E-002  0.94100901518972979     
   1181.5415039062500       0.98160594701766968        3.7400458008050919E-002  0.95893289172941920     
   1181.5714111328125        1.0281536579132080        3.8207530975341797E-002  0.97248130443335634     
   1181.6013183593750        1.0196992158889771        3.8041006773710251E-002  0.98195284917324843     
   1181.6312255859375        1.0278288125991821        3.8196556270122528E-002  0.98818742240410684     
   1181.6611328125000       0.95654094219207764        3.6966096609830856E-002  0.99213412567076753     
   1181.6910400390625       0.96683043241500854        3.7034559994935989E-002  0.99459710060867523     
   1181.7209472656250        1.1034743785858154        3.9649672806262970E-002  0.99615313123549631     
   1181.7509765625000        1.0675917863845825        3.8920108228921890E-002  0.99717185247920226     
   1181.7808837890625        1.0614635944366455        3.8791935890913010E-002  0.99787221227943546     
   1181.8107910156250        1.0021270513534546        3.7779998034238815E-002  0.99837727749549232     
   1181.8406982421875        1.0571368932723999        3.8734205067157745E-002  0.99875452284776911     
   1181.8706054687500        1.0378322601318359        3.8319103419780731E-002  0.99904154326505379     
   1181.9005126953125       0.97108674049377441        3.7096045911312103E-002  0.99926079360417752     
   1181.9304199218750       0.97935605049133301        3.7233650684356689E-002  0.99942731950501817     
   1181.9603271484375       0.98918700218200684        3.7453647702932358E-002  0.99955254040402053     
   1181.9902343750000       0.98265600204467773        3.7279393523931503E-002  0.99964569561042238     
   1182.0201416015625        1.0459132194519043        3.8456015288829803E-002  0.99971436997049812     
   1182.0500488281250        1.0611070394515991        3.8727805018424988E-002  0.99976477318583745     
   1182.0799560546875       0.92219513654708862        3.6101758480072021E-002  0.99980190156713833     
   1182.1098632812500       0.95823001861572266        3.6842219531536102E-002  0.99982965681319025     
   1182.1397705078125       0.93667131662368774        3.6417722702026367E-002  0.99985095958662873     
   1182.1696777343750       0.94479787349700928        3.6556329578161240E-002  0.99986788655051484     
   1182.1995849609375        1.0314742326736450        3.8263164460659027E-002  0.99988182423842531     
   1182.2294921875000        1.0059508085250854        3.7807945162057877E-002   1.0000000000000000     
   1182.2593994140625       0.94697499275207520        3.6613095551729202E-002   1.0000000000000000     
   1182.2893066406250        1.0076601505279541        3.7718571722507477E-002   1.0000000000000000     
   1182.3192138671875        1.0713365077972412        3.8911018520593643E-002   1.0000000000000000     
   1182.3491210937500       0.98665428161621094        3.7345681339502335E-002   1.0000000000000000     
   1182.3790283203125        1.0484454631805420        3.8465917110443115E-002   1.0000000000000000     
   1182.4089355468750        1.0111737251281738        3.7758734077215195E-002   1.0000000000000000     
   1182.4388427734375        1.0422873497009277        3.8286723196506500E-002   1.0000000000000000     
   1182.4687500000000        1.0237536430358887        3.7963327020406723E-002   1.0000000000000000     
   1182.4986572265625        1.0389980077743530        3.8224205374717712E-002   1.0000000000000000     
   1182.5285644531250        1.0146555900573730        3.7789061665534973E-002   1.0000000000000000     
   1182.5584716796875       0.95628482103347778        3.6725483834743500E-002   1.0000000000000000     
   1182.5883789062500       0.92961162328720093        3.6229528486728668E-002   1.0000000000000000     
   1182.6182861328125       0.94910567998886108        3.6539722234010696E-002   1.0000000000000000     
   1182.6481933593750       0.91221874952316284        3.5790119320154190E-002   1.0000000000000000     
   1182.6781005859375       0.98942375183105469        3.7277568131685257E-002   1.0000000000000000     
   1182.7080078125000       0.96436280012130737        3.6781642585992813E-002   1.0000000000000000     
   1182.7379150390625       0.97727090120315552        3.7133235484361649E-002   1.0000000000000000     
   1182.7678222656250        1.0168851613998413        3.8018841296434402E-002   1.0000000000000000     
   1182.7977294921875        1.0337693691253662        3.8157679140567780E-002   1.0000000000000000     
   1182.8276367187500       0.97306489944458008        3.7089262157678604E-002   1.0000000000000000     
   1182.8575439453125       0.99039953947067261        3.7239566445350647E-002   1.0000000000000000     
   1182.8874511718750       0.96459209918975830        3.6753512918949127E-002   1.0000000000000000     
   1182.9173583984375        1.0608935356140137        3.8534432649612427E-002   1.0000000000000000     
   1182.9472656250000       0.99608373641967773        3.7371296435594559E-002   1.0000000000000000     
   1182.9771728515625        1.0433043241500854        3.8256473839282990E-002   1.0000000000000000     
   1183.0070800781250        1.0413841009140015        3.8197219371795654E-002   1.0000000000000000     
   1183.0369873046875       0.94616943597793579        3.6352094262838364E-002   1.0000000000000000     
   1183.0670166015625        1.0042886734008789        3.7471055984497070E-002   1.0000000000000000     
   1183.0969238281250        1.0239071846008301        3.7834871560335159E-002   1.0000000000000000     
   1183.1268310546875        1.0329631567001343        3.8023613393306732E-002   1.0000000000000000     
   1183.1567382812500        1.0272175073623657        3.7887185811996460E-002   1.0000000000000000     
   1183.1866455078125       0.94476312398910522        3.6456808447837830E-002   1.0000000000000000     
   1183.2165527343750       0.93791002035140991        3.6216862499713898E-002   1.0000000000000000     
   1183.2464599609375        1.0170145034790039        3.7615913897752762E-002   1.0000000000000000     
   1183.2763671875000       0.93766087293624878        3.6181699484586716E-002   1.0000000000000000     
   1183.3062744140625        1.0269384384155273        3.7777006626129150E-002   1.0000000000000000     
   1183.3361816406250       0.99552375078201294        3.7346668541431427E-002   1.0000000000000000     
   1183.3660888671875       0.98504137992858887        3.7024695426225662E-002   1.0000000000000000     
   1183.3959960937500       0.99993431568145752        3.7323273718357086E-002   1.0000000000000000     
   1183.4259033203125       0.97914791107177734        3.6938834935426712E-002   1.0000000000000000     
   1183.4558105468750       0.97930192947387695        3.6889269948005676E-002   1.0000000000000000     
   1183.4857177734375        1.0218678712844849        3.7675522267818451E-002   1.0000000000000000     
   1183.5156250000000        1.0204863548278809        3.7678204476833344E-002   1.0000000000000000     
   1183.5455322265625        1.0463821887969971        3.8330934941768646E-002   1.0000000000000000     
   1183.5754394531250        1.0183374881744385        3.7635698914527893E-002   1.0000000000000000     
   1183.6053466796875        1.0085909366607666        3.7366509437561035E-002   1.0000000000000000     
   1183.6352539062500        1.0335363149642944        3.7812363356351852E-002   1.0000000000000000     
   1183.6651611328125        1.0026078224182129        3.7220824509859085E-002   1.0000000000000000     
   1183.6950683593750        1.0056970119476318        3.7276059389114380E-002   1.0000000000000000     
!  ---- tick mark positions for above ----
!      1181.35306     2     1
