      1.00000       0.0000000
      2.00000   6.4014343e-06
      3.00000   6.5099721e-06
      4.00000   6.6008088e-06
      5.00000   6.7255828e-06
      6.00000   6.8797290e-06
      7.00000   7.0466649e-06
      8.00000   7.2005205e-06
      9.00000   7.3277865e-06
      10.0000   7.4293685e-06
      11.0000   7.5083244e-06
      12.0000   7.5654757e-06
      13.0000   7.6067113e-06
      14.0000   7.6467531e-06
      15.0000   7.7037603e-06
      16.0000   7.7870891e-06
      17.0000   7.8950516e-06
      18.0000   8.0199998e-06
      19.0000   8.1639246e-06
      20.0000   8.3441246e-06
      21.0000   8.5694746e-06
      22.0000   8.8354973e-06
      23.0000   9.1331713e-06
      24.0000   9.4389898e-06
      25.0000   9.7190514e-06
      26.0000   9.9402978e-06
      27.0000   1.0076460e-05
      28.0000   1.0127928e-05
      29.0000   1.0132697e-05
      30.0000   1.0139148e-05
      31.0000   1.0173908e-05
      32.0000   1.0235246e-05
      33.0000   1.0303391e-05
      34.0000   1.0366073e-05
      35.0000   1.0429300e-05
      36.0000   1.0506691e-05
      37.0000   1.0612638e-05
      38.0000   1.0770233e-05
      39.0000   1.1013825e-05
      40.0000   1.1360565e-05
      41.0000   1.1782239e-05
      42.0000   1.2220459e-05
      43.0000   1.2626533e-05
      44.0000   1.2986631e-05
      45.0000   1.3325879e-05
      46.0000   1.3687844e-05
      47.0000   1.4095756e-05
      48.0000   1.4532111e-05
      49.0000   1.4949342e-05
      50.0000   1.5302909e-05
      51.0000   1.5582253e-05
      52.0000   1.5815715e-05
      53.0000   1.6049460e-05
      54.0000   1.6304883e-05
      55.0000   1.6570808e-05
      56.0000   1.6837212e-05
      57.0000   1.7119713e-05
      58.0000   1.7460663e-05
      59.0000   1.7897424e-05
      60.0000   1.8417697e-05
      61.0000   1.8953742e-05
      62.0000   1.9435007e-05
      63.0000   1.9839979e-05
      64.0000   2.0208241e-05
      65.0000   2.0639991e-05
      66.0000   2.1252605e-05
      67.0000   2.2093040e-05
      68.0000   2.3094970e-05
      69.0000   2.4120196e-05
      70.0000   2.5038273e-05
      71.0000   2.5791196e-05
      72.0000   2.6386037e-05
      73.0000   2.6859103e-05
      74.0000   2.7261469e-05
      75.0000   2.7632190e-05
      76.0000   2.7989074e-05
      77.0000   2.8340855e-05
      78.0000   2.8720657e-05
      79.0000   2.9194834e-05
      80.0000   2.9809407e-05
      81.0000   3.0549920e-05
      82.0000   3.1394149e-05
      83.0000   3.2364900e-05
      84.0000   3.3465098e-05
      85.0000   3.4615452e-05
      86.0000   3.5720925e-05
      87.0000   3.6785510e-05
      88.0000   3.7997263e-05
      89.0000   3.9639839e-05
      90.0000   4.1883068e-05
      91.0000   4.4741209e-05
      92.0000   4.8132217e-05
      93.0000   5.1941821e-05
      94.0000   5.6086799e-05
      95.0000   6.0559829e-05
      96.0000   6.5418906e-05
      97.0000   7.0689981e-05
      98.0000   7.6328106e-05
      99.0000   8.2224964e-05
      100.000   8.8236855e-05
      101.000   9.4427858e-05
      102.000   0.00010114662
      103.000   0.00010863505
      104.000   0.00011669513
      105.000   0.00012493131
      106.000   0.00013338207
      107.000   0.00014270374
      108.000   0.00015383422
      109.000   0.00016754871
      110.000   0.00018408072
      111.000   0.00020321904
      112.000   0.00022493205
      113.000   0.00024965915
      114.000   0.00027771390
      115.000   0.00030881204
      116.000   0.00034221378
      117.000   0.00037649568
      118.000   0.00040922326
      119.000   0.00043796303
      120.000   0.00046166667
      121.000   0.00048152692
      122.000   0.00050060329
      123.000   0.00052163436
      124.000   0.00054542464
      125.000   0.00057199993
      126.000   0.00060295337
      127.000   0.00064192998
      128.000   0.00069301348
      129.000   0.00075853796
      130.000   0.00083861157
      131.000   0.00093354023
      132.000    0.0010443398
      133.000    0.0011692371
      134.000    0.0013032262
      135.000    0.0014438026
      136.000    0.0015960876
      137.000    0.0017655643
      138.000    0.0019439283
      139.000    0.0021122990
      140.000    0.0022607918
      141.000    0.0023976681
      142.000    0.0025451845
      143.000    0.0027345861
      144.000    0.0029965551
      145.000    0.0033372568
      146.000    0.0037382599
      147.000    0.0042110197
      148.000    0.0048310440
      149.000    0.0056800786
      150.000    0.0067705391
      151.000    0.0080953762
      152.000    0.0097849136
      153.000     0.012205505
      154.000     0.015927216
      155.000     0.021598659
      156.000     0.029712664
      157.000     0.040570259
      158.000     0.054552056
      159.000     0.071392544
      160.000     0.088141933
      161.000     0.098753296
      162.000     0.097866416
      163.000     0.085831165
      164.000     0.068185486
      165.000     0.050735790
      166.000     0.036628138
      167.000     0.026417505
      168.000     0.019357217
      169.000     0.014503332
      170.000     0.011134809
      171.000    0.0087537859
      172.000    0.0070434217
      173.000    0.0058143581
      174.000    0.0049337484
      175.000    0.0042967061
      176.000    0.0038218314
      177.000    0.0034480845
      178.000    0.0031395373
      179.000    0.0028778233
      180.000    0.0026477394
      181.000    0.0024330521
      182.000    0.0022180972
      183.000    0.0019924045
      184.000    0.0017564973
      185.000    0.0015260373
      186.000    0.0013249164
      187.000    0.0011656116
      188.000    0.0010411190
      189.000   0.00093469786
      190.000   0.00083330180
      191.000   0.00073337683
      192.000   0.00063908211
      193.000   0.00055665500
      194.000   0.00048930757
      195.000   0.00043592695
      196.000   0.00039274694
      197.000   0.00035636802
      198.000   0.00032498621
      199.000   0.00029724307
      200.000   0.00027175251
      201.000   0.00024763562
      202.000   0.00022446254
      203.000   0.00020211616
      204.000   0.00018108467
      205.000   0.00016217315
      206.000   0.00014588717
      207.000   0.00013228269
      208.000   0.00012108042
      209.000   0.00011188277
      210.000   0.00010439287
      211.000   9.8540098e-05
      212.000   9.4267394e-05
      213.000   9.1191185e-05
      214.000   8.8579814e-05
      215.000   8.5685017e-05
      216.000   8.2258892e-05
      217.000   7.8594778e-05
      218.000   7.4998497e-05
      219.000   7.1584109e-05
      220.000   6.8405636e-05
      221.000   6.5414803e-05
      222.000   6.2462917e-05
      223.000   5.9469810e-05
      224.000   5.6443427e-05
      225.000   5.3470507e-05
      226.000   5.0710023e-05
      227.000   4.8241167e-05
      228.000   4.5959572e-05
      229.000   4.3675987e-05
      230.000   4.1345844e-05
      231.000   3.9107039e-05
      232.000   3.7086444e-05
      233.000   3.5307305e-05
      234.000   3.3723434e-05
      235.000   3.2250300e-05
      236.000   3.0856256e-05
      237.000   2.9581752e-05
      238.000   2.8490260e-05
      239.000   2.7654351e-05
      240.000   2.7097707e-05
      241.000   2.6775982e-05
      242.000   2.6619793e-05
      243.000   2.6559215e-05
      244.000   2.6513841e-05
      245.000   2.6395619e-05
      246.000   2.6153441e-05
      247.000   2.5787918e-05
      248.000   2.5312787e-05
      249.000   2.4720070e-05
      250.000   2.3992801e-05
      251.000   2.3147255e-05
      252.000   2.2229586e-05
      253.000   2.1282094e-05
      254.000   2.0329700e-05
      255.000   1.9394180e-05
      256.000   1.8507253e-05
      257.000   1.7715594e-05
      258.000   1.7067201e-05
      259.000   1.6586135e-05
      260.000   1.6257089e-05
      261.000   1.6029155e-05
      262.000   1.5847480e-05
      263.000   1.5676278e-05
      264.000   1.5507690e-05
      265.000   1.5354422e-05
      266.000   1.5231579e-05
      267.000   1.5136568e-05
      268.000   1.5031689e-05
      269.000   1.4886286e-05
      270.000   1.4717985e-05
      271.000   1.4557671e-05
      272.000   1.4399635e-05
      273.000   1.4194347e-05
      274.000   1.3882836e-05
      275.000   1.3444707e-05
      276.000   1.2917287e-05
      277.000   1.2349946e-05
      278.000   1.1769586e-05
      279.000   1.1200144e-05
      280.000   1.0667646e-05
      281.000   1.0184886e-05
      282.000   9.7540442e-06
      283.000   9.3797044e-06
      284.000   9.0756748e-06
      285.000   8.8652914e-06
      286.000   8.7699591e-06
      287.000   8.7868593e-06
      288.000   8.8814031e-06
      289.000   9.0144695e-06
      290.000   9.1680413e-06
      291.000   9.3312246e-06
      292.000   9.4811357e-06
      293.000   9.5938167e-06
      294.000   9.6537133e-06
      295.000   9.6461472e-06
      296.000   9.5522118e-06
      297.000   9.3624967e-06
      298.000   9.0969170e-06
      299.000   8.8011566e-06
      300.000   8.5148540e-06
      301.000   8.2486913e-06
      302.000   7.9942893e-06
      303.000   7.7422219e-06
      304.000   7.4898421e-06
      305.000   7.2466355e-06
      306.000   7.0397809e-06
      307.000   6.8986928e-06
      308.000   6.8285322e-06
      309.000   6.8114364e-06
      310.000   6.8266177e-06
      311.000   6.8525092e-06
      312.000   6.8596009e-06
      313.000   6.8299046e-06
      314.000   6.7733204e-06
      315.000   6.7069232e-06
      316.000   6.6340986e-06
      317.000   6.5446729e-06
      318.000   6.4327696e-06
      319.000   6.3023172e-06
      320.000   6.1737792e-06
      321.000   6.0166599e-06
