      1.00000   5.3290300e-06
      2.00000   5.3610693e-06
      3.00000   5.4389120e-06
      4.00000   5.5502173e-06
      5.00000   5.6903837e-06
      6.00000   5.8560154e-06
      7.00000   6.0409252e-06
      8.00000   6.2378613e-06
      9.00000   6.4415167e-06
      10.0000   6.6460775e-06
      11.0000   6.8435902e-06
      12.0000   7.0217975e-06
      13.0000   7.1657582e-06
      14.0000   7.2714156e-06
      15.0000   7.3487854e-06
      16.0000   7.4054165e-06
      17.0000   7.4367636e-06
      18.0000   7.4346908e-06
      19.0000   7.3979095e-06
      20.0000   7.3358797e-06
      21.0000   7.2706098e-06
      22.0000   7.2338521e-06
      23.0000   7.2471717e-06
      24.0000   7.3100423e-06
      25.0000   7.4137820e-06
      26.0000   7.5545508e-06
      27.0000   7.7357636e-06
      28.0000   7.9654410e-06
      29.0000   8.2527731e-06
      30.0000   8.5948050e-06
      31.0000   8.9659870e-06
      32.0000   9.3342824e-06
      33.0000   9.6851791e-06
      34.0000   1.0014158e-05
      35.0000   1.0306917e-05
      36.0000   1.0547722e-05
      37.0000   1.0730328e-05
      38.0000   1.0852330e-05
      39.0000   1.0905497e-05
      40.0000   1.0885040e-05
      41.0000   1.0806329e-05
      42.0000   1.0706571e-05
      43.0000   1.0627336e-05
      44.0000   1.0596555e-05
      45.0000   1.0633419e-05
      46.0000   1.0751258e-05
      47.0000   1.0950058e-05
      48.0000   1.1224519e-05
      49.0000   1.1567154e-05
      50.0000   1.1970147e-05
      51.0000   1.2441072e-05
      52.0000   1.2994768e-05
      53.0000   1.3620453e-05
      54.0000   1.4278246e-05
      55.0000   1.4916744e-05
      56.0000   1.5488058e-05
      57.0000   1.5965108e-05
      58.0000   1.6352582e-05
      59.0000   1.6688309e-05
      60.0000   1.7021302e-05
      61.0000   1.7374445e-05
      62.0000   1.7727931e-05
      63.0000   1.8055507e-05
      64.0000   1.8363018e-05
      65.0000   1.8676887e-05
      66.0000   1.9024945e-05
      67.0000   1.9435238e-05
      68.0000   1.9925132e-05
      69.0000   2.0500427e-05
      70.0000   2.1152688e-05
      71.0000   2.1864776e-05
      72.0000   2.2628601e-05
      73.0000   2.3440727e-05
      74.0000   2.4304954e-05
      75.0000   2.5270425e-05
      76.0000   2.6406900e-05
      77.0000   2.7668937e-05
      78.0000   2.8859971e-05
      79.0000   2.9811470e-05
      80.0000   3.0495730e-05
      81.0000   3.0997449e-05
      82.0000   3.1442720e-05
      83.0000   3.1906242e-05
      84.0000   3.2400265e-05
      85.0000   3.2914490e-05
      86.0000   3.3478816e-05
      87.0000   3.4178112e-05
      88.0000   3.5102599e-05
      89.0000   3.6296173e-05
      90.0000   3.7776579e-05
      91.0000   3.9603932e-05
      92.0000   4.1818970e-05
      93.0000   4.4320521e-05
      94.0000   4.6916906e-05
      95.0000   4.9536789e-05
      96.0000   5.2369480e-05
      97.0000   5.5736986e-05
      98.0000   5.9828533e-05
      99.0000   6.4654261e-05
      100.000   7.0192982e-05
      101.000   7.6450378e-05
      102.000   8.3429142e-05
      103.000   9.1126421e-05
      104.000   9.9485071e-05
      105.000   0.00010835287
      106.000   0.00011755402
      107.000   0.00012709558
      108.000   0.00013729268
      109.000   0.00014857815
      110.000   0.00016108184
      111.000   0.00017462215
      112.000   0.00018924910
      113.000   0.00020552696
      114.000   0.00022424286
      115.000   0.00024586706
      116.000   0.00027032604
      117.000   0.00029746574
      118.000   0.00032790678
      119.000   0.00036303318
      120.000   0.00040375118
      121.000   0.00044947257
      122.000   0.00049801497
      123.000   0.00054609397
      124.000   0.00058999349
      125.000   0.00062689360
      126.000   0.00065695541
      127.000   0.00068360998
      128.000   0.00071101956
      129.000   0.00074138335
      130.000   0.00077588385
      131.000   0.00081786967
      132.000   0.00087426847
      133.000   0.00095375895
      134.000    0.0010629168
      135.000    0.0012040195
      136.000    0.0013751666
      137.000    0.0015703206
      138.000    0.0017836384
      139.000    0.0020190764
      140.000    0.0022895718
      141.000    0.0025979406
      142.000    0.0029238968
      143.000    0.0032353015
      144.000    0.0035182138
      145.000    0.0038031535
      146.000    0.0041460362
      147.000    0.0045995084
      148.000    0.0052318899
      149.000    0.0061266739
      150.000    0.0073355897
      151.000    0.0088831382
      152.000     0.010883757
      153.000     0.013693206
      154.000     0.017939290
      155.000     0.024331290
      156.000     0.033300936
      157.000     0.044739991
      158.000     0.058022294
      159.000     0.071830556
      160.000     0.083642513
      161.000     0.089940146
      162.000     0.088072993
      163.000     0.078547865
      164.000     0.064735048
      165.000     0.050398439
      166.000     0.037997324
      167.000     0.028376551
      168.000     0.021280732
      169.000     0.016107012
      170.000     0.012336054
      171.000    0.0095919501
      172.000    0.0076126312
      173.000    0.0062289960
      174.000    0.0052996059
      175.000    0.0046775388
      176.000    0.0042363890
      177.000    0.0038837634
      178.000    0.0035570515
      179.000    0.0032256406
      180.000    0.0028920104
      181.000    0.0025727225
      182.000    0.0022752981
      183.000    0.0019999691
      184.000    0.0017535430
      185.000    0.0015449963
      186.000    0.0013729602
      187.000    0.0012270999
      188.000    0.0010956425
      189.000   0.00097007025
      190.000   0.00084762310
      191.000   0.00073240435
      192.000   0.00063100626
      193.000   0.00054713013
      194.000   0.00048038914
      195.000   0.00042825751
      196.000   0.00038720245
      197.000   0.00035322798
      198.000   0.00032272865
      199.000   0.00029316981
      200.000   0.00026360175
      201.000   0.00023457287
      202.000   0.00020745372
      203.000   0.00018386707
      204.000   0.00016493557
      205.000   0.00015058275
      206.000   0.00013986850
      207.000   0.00013181580
      208.000   0.00012561055
      209.000   0.00012034078
      210.000   0.00011513764
      211.000   0.00010956767
      212.000   0.00010364054
      213.000   9.7579177e-05
      214.000   9.1717964e-05
      215.000   8.6336629e-05
      216.000   8.1381862e-05
      217.000   7.6632765e-05
      218.000   7.1957104e-05
      219.000   6.7360736e-05
      220.000   6.3013984e-05
      221.000   5.9114260e-05
      222.000   5.5684617e-05
      223.000   5.2583622e-05
      224.000   4.9670791e-05
      225.000   4.6912912e-05
      226.000   4.4348275e-05
      227.000   4.2021635e-05
      228.000   3.9945287e-05
      229.000   3.8093778e-05
      230.000   3.6445570e-05
      231.000   3.5002307e-05
      232.000   3.3773937e-05
      233.000   3.2766711e-05
      234.000   3.1980318e-05
      235.000   3.1402906e-05
      236.000   3.0986488e-05
      237.000   3.0651670e-05
      238.000   3.0302870e-05
      239.000   2.9842058e-05
      240.000   2.9191131e-05
      241.000   2.8319650e-05
      242.000   2.7266444e-05
      243.000   2.6121721e-05
      244.000   2.4975345e-05
      245.000   2.3864231e-05
      246.000   2.2788223e-05
      247.000   2.1756970e-05
      248.000   2.0809932e-05
      249.000   2.0006348e-05
      250.000   1.9396750e-05
      251.000   1.8974926e-05
      252.000   1.8657496e-05
      253.000   1.8348344e-05
      254.000   1.8019455e-05
      255.000   1.7706496e-05
      256.000   1.7449775e-05
      257.000   1.7252254e-05
      258.000   1.7075839e-05
      259.000   1.6876273e-05
      260.000   1.6637978e-05
      261.000   1.6362806e-05
      262.000   1.6036507e-05
      263.000   1.5630481e-05
      264.000   1.5130218e-05
      265.000   1.4555321e-05
      266.000   1.3935753e-05
      267.000   1.3283229e-05
      268.000   1.2601544e-05
      269.000   1.1914561e-05
      270.000   1.1262498e-05
      271.000   1.0683641e-05
      272.000   1.0200043e-05
      273.000   9.8259952e-06
      274.000   9.5799651e-06
      275.000   9.4663064e-06
      276.000   9.4626066e-06
      277.000   9.5289024e-06
      278.000   9.6331005e-06
      279.000   9.7669736e-06
      280.000   9.9279041e-06
      281.000   1.0093328e-05
      282.000   1.0222561e-05
      283.000   1.0277042e-05
      284.000   1.0245732e-05
      285.000   1.0139919e-05
      286.000   9.9733916e-06
      287.000   9.7608563e-06
      288.000   9.5096566e-06
      289.000   9.2072787e-06
      290.000   8.8413080e-06
      291.000   8.4341345e-06
      292.000   8.0401878e-06
      293.000   7.7081477e-06
      294.000   7.4536451e-06
      295.000   7.2667281e-06
      296.000   7.1386689e-06
      297.000   7.0656961e-06
      298.000   7.0342617e-06
      299.000   7.0282335e-06
      300.000   7.0410201e-06
      301.000   7.0676083e-06
      302.000   7.1028676e-06
      303.000   7.1381151e-06
      304.000   7.1566237e-06
      305.000   7.1430522e-06
      306.000   7.0909464e-06
      307.000   7.0024566e-06
      308.000   6.8863555e-06
      309.000   6.7549604e-06
      310.000   6.6173734e-06
      311.000   6.4732117e-06
      312.000   6.3160910e-06
      313.000   6.1427736e-06
      314.000   5.9588624e-06
      315.000   5.7808288e-06
      316.000   5.6256185e-06
      317.000   5.5007886e-06
      318.000   5.4022125e-06
      319.000   5.3246640e-06
      320.000   5.2530982e-06
      321.000       0.0000000
