! -------------------------
   1337.4226074218750        1.1470488309860229        7.8706234693527222E-002   1.0000000000000000     
   1337.4525146484375       0.95213365554809570        7.1910694241523743E-002   1.0000000000000000     
   1337.4824218750000       0.75065159797668457        6.5336264669895172E-002   1.0000000000000000     
   1337.5123291015625       0.89145708084106445        6.9593228399753571E-002   1.0000000000000000     
   1337.5422363281250       0.83099162578582764        6.7087821662425995E-002   1.0000000000000000     
   1337.5721435546875       0.85986602306365967        6.8932466208934784E-002   1.0000000000000000     
   1337.6020507812500       0.99879592657089233        7.3718264698982239E-002   1.0000000000000000     
   1337.6319580078125       0.95890265703201294        7.2825476527214050E-002   1.0000000000000000     
   1337.6618652343750       0.98630440235137939        7.3213495314121246E-002   1.0000000000000000     
   1337.6917724609375        1.0457452535629272        7.5512915849685669E-002   1.0000000000000000     
   1337.7216796875000       0.96338099241256714        7.2151586413383484E-002   1.0000000000000000     
   1337.7515869140625        1.1584845781326294        7.8896321356296539E-002   1.0000000000000000     
   1337.7814941406250       0.94420206546783447        7.1533717215061188E-002   1.0000000000000000     
   1337.8114013671875       0.99378514289855957        7.3611214756965637E-002   1.0000000000000000     
   1337.8413085937500        1.1062560081481934        7.7086009085178375E-002   1.0000000000000000     
   1337.8712158203125       0.99962776899337769        7.3610946536064148E-002   1.0000000000000000     
   1337.9011230468750        1.0238665342330933        7.4275903403759003E-002   1.0000000000000000     
   1337.9310302734375       0.98521643877029419        7.2931386530399323E-002   1.0000000000000000     
   1337.9609375000000       0.98776841163635254        7.3736287653446198E-002   1.0000000000000000     
   1337.9908447265625        1.1309868097305298        7.8526474535465240E-002   1.0000000000000000     
   1338.0207519531250       0.93752521276473999        7.1184583008289337E-002   1.0000000000000000     
   1338.0507812500000       0.95395684242248535        7.1978159248828888E-002   1.0000000000000000     
   1338.0806884765625        1.0605809688568115        7.5675629079341888E-002   1.0000000000000000     
   1338.1105957031250       0.96763759851455688        7.2423480451107025E-002   1.0000000000000000     
   1338.1405029296875       0.98218375444412231        7.4125416576862335E-002   1.0000000000000000     
   1338.1704101562500        1.0186088085174561        7.4222110211849213E-002   1.0000000000000000     
   1338.2003173828125       0.96357315778732300        7.2840154170989990E-002   1.0000000000000000     
   1338.2302246093750        1.1043862104415894        7.6829500496387482E-002   1.0000000000000000     
   1338.2601318359375        1.0546135902404785        7.5587995350360870E-002   1.0000000000000000     
   1338.2900390625000       0.88574123382568359        6.9603979587554932E-002   1.0000000000000000     
   1338.3199462890625       0.95988667011260986        7.2395041584968567E-002   1.0000000000000000     
   1338.3498535156250       0.97126370668411255        7.2564505040645599E-002   1.0000000000000000     
   1338.3797607421875        1.0334779024124146        7.4829079210758209E-002   1.0000000000000000     
   1338.4096679687500       0.98635274171829224        7.3108680546283722E-002   1.0000000000000000     
   1338.4395751953125       0.96069294214248657        7.3446579277515411E-002   1.0000000000000000     
   1338.4694824218750        1.0604742765426636        7.5553894042968750E-002   1.0000000000000000     
   1338.4993896484375       0.92738592624664307        7.0553027093410492E-002   1.0000000000000000     
   1338.5292968750000       0.97478395700454712        7.3582880198955536E-002   1.0000000000000000     
   1338.5592041015625       0.97840678691864014        7.2455458343029022E-002   1.0000000000000000     
   1338.5891113281250        1.0052603483200073        7.3532857000827789E-002   1.0000000000000000     
   1338.6190185546875       0.96445906162261963        7.2455696761608124E-002   1.0000000000000000     
   1338.6489257812500       0.99485504627227783        7.3674209415912628E-002   1.0000000000000000     
   1338.6788330078125        1.0625195503234863        7.5524672865867615E-002   1.0000000000000000     
   1338.7087402343750       0.89232510328292847        7.0506811141967773E-002   1.0000000000000000     
   1338.7386474609375        1.0669214725494385        7.6156519353389740E-002   1.0000000000000000     
   1338.7685546875000        1.0464982986450195        7.5387842953205109E-002   1.0000000000000000     
   1338.7984619140625        1.0417548418045044        7.5526304543018341E-002   1.0000000000000000     
   1338.8283691406250       0.95923751592636108        7.1805596351623535E-002   1.0000000000000000     
   1338.8582763671875       0.88209861516952515        6.9641031324863434E-002   1.0000000000000000     
   1338.8881835937500       0.91301137208938599        7.0404291152954102E-002   1.0000000000000000     
   1338.9180908203125       0.96936154365539551        7.2721533477306366E-002  0.97579260925649824     
   1338.9479980468750       0.93535882234573364        7.1683391928672791E-002  0.97464835949292572     
   1338.9779052734375        1.0155558586120605        7.4685014784336090E-002  0.97251113997355476     
   1339.0078125000000       0.99041217565536499        7.3010921478271484E-002  0.96882071332370767     
   1339.0377197265625       0.94651967287063599        7.1552015841007233E-002  0.96256427434691805     
   1339.0676269531250       0.97995215654373169        7.3424480855464935E-002  0.95184521841497050     
   1339.0975341796875       0.87718302011489868        6.9597430527210236E-002  0.93397549302592220     
   1339.1274414062500       0.92300474643707275        7.1144983172416687E-002  0.90739274589756125     
   1339.1573486328125       0.85240054130554199        6.8262919783592224E-002  0.87526283802940730     
   1339.1872558593750       0.81407046318054199        6.6459514200687408E-002  0.84661123247505365     
   1339.2171630859375       0.67691296339035034        6.0705877840518951E-002  0.83085198160439910     
   1339.2470703125000       0.77627742290496826        6.5273247659206390E-002  0.82989207463611125     
   1339.2769775390625       0.82265895605087280        6.6535025835037231E-002  0.83695496320838814     
   1339.3068847656250       0.74014163017272949        6.3136011362075806E-002  0.84347899497352685     
   1339.3367919921875       0.82656824588775635        6.6698312759399414E-002  0.84577933589096543     
   1339.3668212890625       0.77896231412887573        6.5409950911998749E-002  0.84528674490403821     
   1339.3967285156250       0.80175298452377319        6.5555885434150696E-002  0.84501315283271217     
   1339.4266357421875       0.82834923267364502        6.7786611616611481E-002  0.84708335906483168     
   1339.4565429687500       0.81025683879852295        6.7182391881942749E-002  0.85233749721625252     
   1339.4864501953125       0.70799249410629272        6.1776649206876755E-002  0.86076639633401131     
   1339.5163574218750       0.84422081708908081        6.7497871816158295E-002  0.87191948228427574     
   1339.5462646484375       0.87177002429962158        6.8794615566730499E-002  0.88511987915813295     
   1339.5761718750000       0.98041856288909912        7.2589389979839325E-002  0.89956769392366953     
   1339.6060791015625       0.85171586275100708        6.8439543247222900E-002  0.91441886175278275     
   1339.6359863281250       0.81280303001403809        6.7243292927742004E-002  0.92887411687820010     
   1339.6658935546875       0.96666765213012695        7.2708725929260254E-002  0.94226756223230035     
   1339.6958007812500       0.89477777481079102        6.9929167628288269E-002  0.95412848979969322     
   1339.7257080078125        1.0432337522506714        7.4776969850063324E-002  0.96420085440652470     
   1339.7556152343750       0.91958546638488770        7.0514030754566193E-002  0.97242374099221041     
   1339.7855224609375       0.99570006132125854        7.3969036340713501E-002  0.97888644946624037     
   1339.8154296875000       0.90684926509857178        7.0204280316829681E-002  0.98377256920340894     
   1339.8453369140625        1.0367690324783325        7.4428990483283997E-002  0.98730430778186007     
   1339.8752441406250       0.99498903751373291        7.3099672794342041E-002  0.98969658268374017     
   1339.9051513671875       0.91798448562622070        7.0228099822998047E-002  0.99112718014707435     
   1339.9350585937500       0.90891820192337036        7.1016296744346619E-002  0.99171829085499030     
   1339.9649658203125       0.88100492954254150        6.9222629070281982E-002  0.99151656606408733     
   1339.9948730468750       0.94366520643234253        7.1046061813831329E-002  0.99047336961803334     
   1340.0247802734375        1.0382781028747559        7.4396364390850067E-002  0.98843681618008039     
   1340.0546875000000       0.96454262733459473        7.1908116340637207E-002  0.98513257989428826     
   1340.0845947265625       0.97203344106674194        7.2598658502101898E-002  0.98009085915206817     
   1340.1145019531250       0.97244769334793091        7.2311967611312866E-002  0.97248758952817582     
   1340.1444091796875       0.83501893281936646        6.7389130592346191E-002  0.96071568935885343     
   1340.1743164062500       0.87354075908660889        6.8836726248264313E-002  0.94123896331252876     
   1340.2042236328125       0.90002232789993286        7.0290066301822662E-002  0.90662881971806997     
   1340.2341308593750       0.79323232173919678        6.6240347921848297E-002  0.84440853497086998     
   1340.2640380859375       0.80195593833923340        6.6170908510684967E-002  0.74090029667985091     
   1340.2939453125000       0.81230378150939941        6.6411264240741730E-002  0.59362989570317293     
   1340.3238525390625       0.64940536022186279        6.0494177043437958E-002  0.42458378318703377     
   1340.3537597656250       0.63734090328216553        6.0553029179573059E-002  0.27325054721758107     
   1340.3836669921875       0.42670449614524841        4.8398140817880630E-002  0.16758085501204301     
   1340.4135742187500       0.33991703391075134        4.5434728264808655E-002  0.10748301347433624     
   1340.4434814453125       0.39329487085342407        4.6965233981609344E-002   7.7466567245357651E-002
   1340.4733886718750       0.22345957159996033        3.7224791944026947E-002   6.4246924545806827E-002
   1340.5032958984375       0.17524436116218567        3.2725263386964798E-002   6.2590765808179183E-002
   1340.5332031250000       0.16557228565216064        3.1832590699195862E-002   7.3939291742483079E-002
   1340.5631103515625       0.14631786942481995        2.9176771640777588E-002  0.10209084386992699     
   1340.5930175781250       0.12718734145164490        2.8498101979494095E-002  0.14483803610160004     
   1340.6229248046875       0.14239023625850677        3.3199198544025421E-002  0.18753990713245974     
   1340.6528320312500       0.14707648754119873        3.0510656535625458E-002  0.21218805953022865     
   1340.6828613281250       0.21178624033927917        3.4682966768741608E-002  0.21451276704204517     
   1340.7127685546875       0.18059842288494110        3.2863561064004898E-002  0.20543126491476546     
   1340.7426757812500       0.22729042172431946        3.6733210086822510E-002  0.19886881187761543     
   1340.7725830078125       0.20579372346401215        3.5009518265724182E-002  0.20399670094135525     
   1340.8024902343750       0.23659658432006836        3.6484111100435257E-002  0.22562396148261085     
   1340.8323974609375       0.24176937341690063        3.6687504500150681E-002  0.26669047994942358     
   1340.8623046875000       0.30174794793128967        4.0917556732892990E-002  0.32903063835460200     
   1340.8922119140625       0.24184392392635345        3.7435702979564667E-002  0.41203208105812933     
   1340.9221191406250       0.33110502362251282        4.5228838920593262E-002  0.51071252019966595     
   1340.9520263671875       0.53150910139083862        5.4638635367155075E-002  0.61547283614543591     
   1340.9819335937500       0.63678520917892456        5.8646634221076965E-002  0.71470696780714904     
   1341.0118408203125       0.64286893606185913        6.4676553010940552E-002  0.79893510755624852     
   1341.0417480468750       0.77488738298416138        6.5139211714267731E-002  0.86366694819731082     
   1341.0716552734375       0.81825447082519531        6.8291828036308289E-002  0.90944911532200512     
   1341.1015625000000       0.93253111839294434        7.0646055042743683E-002  0.93988330589118985     
   1341.1314697265625       0.98351085186004639        7.2657920420169830E-002  0.95937358177619014     
   1341.1613769531250       0.99046492576599121        7.3119424283504486E-002  0.97171263649301076     
   1341.1912841796875       0.88254088163375854        6.9614574313163757E-002  0.97961830752220147     
   1341.2211914062500       0.97780668735504150        7.2325438261032104E-002  0.98483557218990914     
   1341.2510986328125        1.1769399642944336        7.9363808035850525E-002  0.98841813181577309     
   1341.2810058593750       0.97241312265396118        7.3879644274711609E-002  0.99098395068592371     
   1341.3109130859375        1.0920529365539551        7.6947353780269623E-002  0.99289036215666648     
   1341.3408203125000        1.0315666198730469        7.4692033231258392E-002  0.99434320514020769     
   1341.3707275390625       0.92539954185485840        7.0428542792797089E-002  0.99546424399926148     
   1341.4006347656250       0.80312281847000122        6.6610805690288544E-002  0.99633142217870219     
   1341.4305419921875       0.85590672492980957        6.7665986716747284E-002  0.99700053571584080     
   1341.4604492187500       0.90902584791183472        7.0489272475242615E-002  0.99751509445101727     
   1341.4903564453125       0.97764545679092407        7.2712436318397522E-002  0.99790989517260487     
   1341.5202636718750        1.0593571662902832        7.5290158390998840E-002  0.99821269869747853     
   1341.5501708984375       0.95511859655380249        7.2138629853725433E-002  0.99844583390381259     
   1341.5800781250000       0.97412288188934326        7.2420239448547363E-002  0.99862696675879148     
   1341.6099853515625       0.92936867475509644        7.0971541106700897E-002   1.0000000000000000     
   1341.6398925781250        1.0175271034240723        7.3823623359203339E-002   1.0000000000000000     
   1341.6697998046875        1.0268659591674805        7.5217314064502716E-002   1.0000000000000000     
   1341.6997070312500       0.92130088806152344        7.0363193750381470E-002   1.0000000000000000     
   1341.7296142578125       0.95721262693405151        7.2615094482898712E-002   1.0000000000000000     
   1341.7595214843750        1.0896816253662109        7.6983340084552765E-002   1.0000000000000000     
   1341.7894287109375       0.95585763454437256        7.1954615414142609E-002   1.0000000000000000     
   1341.8193359375000       0.99676781892776489        7.3080696165561676E-002   1.0000000000000000     
   1341.8492431640625       0.94037735462188721        7.0956118404865265E-002   1.0000000000000000     
   1341.8791503906250       0.89907503128051758        6.9779478013515472E-002   1.0000000000000000     
   1341.9090576171875        1.0248517990112305        7.4972808361053467E-002   1.0000000000000000     
   1341.9389648437500       0.97225081920623779        7.2460561990737915E-002   1.0000000000000000     
   1341.9688720703125        1.0500432252883911        7.5087331235408783E-002   1.0000000000000000     
   1341.9989013671875        1.0362490415573120        7.4612841010093689E-002   1.0000000000000000     
   1342.0288085937500       0.97342324256896973        7.3527760803699493E-002   1.0000000000000000     
   1342.0587158203125        1.0062990188598633        7.3755510151386261E-002   1.0000000000000000     
   1342.0886230468750        1.0238831043243408        7.4327223002910614E-002   1.0000000000000000     
   1342.1185302734375       0.96807742118835449        7.2214737534523010E-002   1.0000000000000000     
   1342.1484375000000        1.0681118965148926        7.6236352324485779E-002   1.0000000000000000     
   1342.1783447265625        1.0849182605743408        7.6836504042148590E-002   1.0000000000000000     
   1342.2082519531250       0.87713664770126343        6.8871587514877319E-002   1.0000000000000000     
   1342.2381591796875       0.96409374475479126        7.3225274682044983E-002   1.0000000000000000     
   1342.2680664062500       0.97541970014572144        7.3272936046123505E-002   1.0000000000000000     
   1342.2979736328125        1.1017413139343262        7.7148266136646271E-002   1.0000000000000000     
   1342.3278808593750        1.0572392940521240        7.6763488352298737E-002   1.0000000000000000     
   1342.3577880859375        1.0210224390029907        7.4684001505374908E-002   1.0000000000000000     
   1342.3876953125000        1.0029858350753784        7.3611088097095490E-002   1.0000000000000000     
   1342.4176025390625       0.98534619808197021        7.2734095156192780E-002   1.0000000000000000     
   1342.4475097656250       0.87787353992462158        6.8900145590305328E-002   1.0000000000000000     
   1342.4774169921875        1.0000351667404175        7.3294639587402344E-002   1.0000000000000000     
   1342.5073242187500        1.0605895519256592        7.6399572193622589E-002   1.0000000000000000     
   1342.5372314453125        1.0566734075546265        7.5575806200504303E-002   1.0000000000000000     
   1342.5671386718750       0.94646769762039185        7.2006300091743469E-002   1.0000000000000000     
   1342.5970458984375       0.91593199968338013        7.1439169347286224E-002   1.0000000000000000     
   1342.6269531250000        1.0159387588500977        7.4152603745460510E-002   1.0000000000000000     
   1342.6568603515625       0.88492518663406372        7.0148348808288574E-002   1.0000000000000000     
   1342.6867675781250       0.90567082166671753        7.0176839828491211E-002   1.0000000000000000     
   1342.7166748046875       0.86495304107666016        6.8608000874519348E-002   1.0000000000000000     
   1342.7465820312500       0.90141898393630981        6.9814004004001617E-002   1.0000000000000000     
   1342.7764892578125        1.1177657842636108        7.7402018010616302E-002   1.0000000000000000     
   1342.8063964843750        1.0457514524459839        7.5530678033828735E-002   1.0000000000000000     
   1342.8363037109375       0.89724355936050415        7.0623099803924561E-002   1.0000000000000000     
   1342.8662109375000        1.0607966184616089        7.5820289552211761E-002   1.0000000000000000     
   1342.8961181640625       0.92531526088714600        7.1239173412322998E-002   1.0000000000000000     
   1342.9260253906250       0.84247875213623047        6.8050272762775421E-002   1.0000000000000000     
   1342.9559326171875        1.1017063856124878        7.6865948736667633E-002   1.0000000000000000     
   1342.9858398437500       0.98722249269485474        7.3082379996776581E-002   1.0000000000000000     
   1343.0157470703125       0.97177183628082275        7.3294118046760559E-002   1.0000000000000000     
   1343.0456542968750        1.1556286811828613        7.8693181276321411E-002   1.0000000000000000     
   1343.0755615234375        1.0150345563888550        7.4118040502071381E-002   1.0000000000000000     
!  ---- tick mark positions for above ----
!      1338.28663     3     1
!      1338.79359     3     2
!      1339.20931     3     3
!      1339.41099     3     4
!      1340.47075     3     5
!      1340.77143     3     6
