! -------------------------
   1658.1931152343750       0.91280126571655273        7.8711576759815216E-002   1.0000000000000000     
   1658.2298583984375       0.98306214809417725        8.0791197717189789E-002   1.0000000000000000     
   1658.2666015625000        1.0020592212677002        8.1351958215236664E-002   1.0000000000000000     
   1658.3032226562500        1.0507702827453613        8.4145575761795044E-002   1.0000000000000000     
   1658.3399658203125        1.0903156995773315        8.6328729987144470E-002   1.0000000000000000     
   1658.3765869140625       0.91734039783477783        8.1122867763042450E-002   1.0000000000000000     
   1658.4133300781250        1.0471521615982056        8.3628281950950623E-002   1.0000000000000000     
   1658.4499511718750       0.92186951637268066        7.9444959759712219E-002   1.0000000000000000     
   1658.4866943359375       0.93561220169067383        8.1454433500766754E-002   1.0000000000000000     
   1658.5234375000000        1.0008976459503174        8.3545736968517303E-002   1.0000000000000000     
   1658.5600585937500        1.0551944971084595        8.4221169352531433E-002   1.0000000000000000     
   1658.5968017578125        1.0771087408065796        8.4790006279945374E-002   1.0000000000000000     
   1658.6334228515625        1.1628463268280029        8.8323585689067841E-002   1.0000000000000000     
   1658.6701660156250       0.96612298488616943        8.0238275229930878E-002   1.0000000000000000     
   1658.7067871093750       0.98440492153167725        8.1970646977424622E-002   1.0000000000000000     
   1658.7435302734375        1.0281203985214233        8.3068713545799255E-002   1.0000000000000000     
   1658.7801513671875       0.97960567474365234        8.1520788371562958E-002   1.0000000000000000     
   1658.8168945312500       0.99608200788497925        8.1501372158527374E-002   1.0000000000000000     
   1658.8536376953125        1.1335396766662598        8.7195716798305511E-002   1.0000000000000000     
   1658.8902587890625       0.92076027393341064        7.9062111675739288E-002   1.0000000000000000     
   1658.9270019531250        1.0813924074172974        8.4770217537879944E-002   1.0000000000000000     
   1658.9636230468750        1.0649726390838623        8.4541633725166321E-002   1.0000000000000000     
   1659.0003662109375        1.0727664232254028        8.4601357579231262E-002   1.0000000000000000     
   1659.0369873046875        1.1332242488861084        8.6667768657207489E-002   1.0000000000000000     
   1659.0737304687500        1.0076522827148438        8.3580993115901947E-002   1.0000000000000000     
   1659.1104736328125       0.91590392589569092        8.0330923199653625E-002   1.0000000000000000     
   1659.1470947265625        1.0645136833190918        8.5742771625518799E-002   1.0000000000000000     
   1659.1838378906250        1.1067445278167725        8.6349777877330780E-002   1.0000000000000000     
   1659.2204589843750        1.0888962745666504        8.5362814366817474E-002   1.0000000000000000     
   1659.2572021484375        1.1092445850372314        8.5938043892383575E-002   1.0000000000000000     
   1659.2938232421875       0.93369638919830322        8.0389991402626038E-002   1.0000000000000000     
   1659.3305664062500        1.0832520723342896        8.5703916847705841E-002   1.0000000000000000     
   1659.3673095703125        1.1515524387359619        8.7644182145595551E-002   1.0000000000000000     
   1659.4039306640625        1.0775098800659180        8.4652759134769440E-002   1.0000000000000000     
   1659.4406738281250        1.1137087345123291        8.6951211094856262E-002   1.0000000000000000     
   1659.4772949218750        1.0972509384155273        8.7084732949733734E-002   1.0000000000000000     
   1659.5140380859375       0.93245100975036621        8.0285035073757172E-002   1.0000000000000000     
   1659.5506591796875        1.0124366283416748        8.3683431148529053E-002   1.0000000000000000     
   1659.5874023437500        1.0931931734085083        8.6093276739120483E-002   1.0000000000000000     
   1659.6240234375000       0.88756376504898071        7.7182672917842865E-002   1.0000000000000000     
   1659.6607666015625        1.0225455760955811        8.4549084305763245E-002   1.0000000000000000     
   1659.6975097656250       0.96695208549499512        8.1413023173809052E-002   1.0000000000000000     
   1659.7341308593750        1.0480023622512817        8.4306038916110992E-002   1.0000000000000000     
   1659.7708740234375       0.91481035947799683        7.9964011907577515E-002   1.0000000000000000     
   1659.8074951171875        1.0963860750198364        8.5622124373912811E-002   1.0000000000000000     
   1659.8442382812500        1.1059149503707886        8.6862407624721527E-002   1.0000000000000000     
   1659.8808593750000       0.99722182750701904        8.2287251949310303E-002   1.0000000000000000     
   1659.9176025390625        1.0101716518402100        8.2315348088741302E-002   1.0000000000000000     
   1659.9543457031250        1.0784797668457031        8.5091188549995422E-002   1.0000000000000000     
   1659.9909667968750       0.90249860286712646        7.9429179430007935E-002   1.0000000000000000     
   1660.0277099609375        1.0979167222976685        8.6166575551033020E-002  0.99995341437003160     
   1660.0643310546875        1.0889352560043335        8.5844412446022034E-002  0.99994654029655594     
   1660.1010742187500        1.0503482818603516        8.4053613245487213E-002  0.99993882233788156     
   1660.1376953125000        1.1172732114791870        8.6895942687988281E-002  0.99993014867092267     
   1660.1744384765625        1.0623515844345093        8.4277674555778503E-002  0.99992038496986968     
   1660.2111816406250       0.96097910404205322        8.1308990716934204E-002  0.99990936773474193     
   1660.2478027343750        1.0820456743240356        8.5653789341449738E-002  0.99989688981541780     
   1660.2845458984375       0.98584663867950439        8.1502534449100494E-002  0.99988268822674409     
   1660.3211669921875        1.0109813213348389        8.2621812820434570E-002  0.99986642542250870     
   1660.3579101562500       0.96391564607620239        8.1576772034168243E-002  0.99984766646027945     
   1660.3945312500000       0.87995761632919312        7.7174700796604156E-002  0.99982585069108987     
   1660.4312744140625       0.95124781131744385        8.0116771161556244E-002  0.99980025563512864     
   1660.4678955078125       0.91287678480148315        7.8506052494049072E-002  0.99976995199577734     
   1660.5046386718750       0.91081547737121582        7.8465677797794342E-002  0.99973375025368127     
   1660.5413818359375        1.1313759088516235        8.7061844766139984E-002  0.99969013904563597     
   1660.5780029296875       0.96335566043853760        8.2119569182395935E-002  0.99963719997663814     
   1660.6147460937500       0.96041816473007202        8.0717377364635468E-002  0.99957250733505099     
   1660.6513671875000        1.0404599905014038        8.4215290844440460E-002  0.99949301673330559     
   1660.6881103515625        1.0725965499877930        8.6024791002273560E-002  0.99939492940817687     
   1660.7247314453125       0.96521168947219849        8.1130698323249817E-002  0.99927353147935205     
   1660.7614746093750        1.0160251855850220        8.3050757646560669E-002  0.99912302307364254     
   1660.7982177734375       0.90398222208023071        7.8638091683387756E-002  0.99893635203534592     
   1660.8348388671875        1.0471093654632568        8.4019117057323456E-002  0.99870495561424510     
   1660.8715820312500        1.1173510551452637        8.6834773421287537E-002  0.99841848807381661     
   1660.9082031250000       0.99004256725311279        8.2410812377929688E-002  0.99806458219992222     
   1660.9449462890625        1.0127701759338379        8.3374492824077606E-002  0.99762857679166650     
   1660.9815673828125        1.0840662717819214        8.5301585495471954E-002  0.99709322732644357     
   1661.0183105468750        1.0800973176956177        8.5413284599781036E-002  0.99643840741240275     
   1661.0549316406250        1.0585122108459473        8.4662571549415588E-002  0.99564080711408698     
   1661.0916748046875       0.89658457040786743        7.7998980879783630E-002  0.99467377596232576     
   1661.1284179687500       0.96607881784439087        8.2075305283069611E-002  0.99350742082005039     
   1661.1650390625000        1.0342563390731812        8.4324792027473450E-002  0.99210819313761689     
   1661.2017822265625        1.1221711635589600        8.7051168084144592E-002  0.99043868109264155     
   1661.2384033203125       0.91180253028869629        7.9238787293434143E-002  0.98845793327837039     
   1661.2751464843750       0.98309046030044556        8.1637836992740631E-002  0.98612170180140313     
   1661.3117675781250       0.94701451063156128        8.0452658236026764E-002  0.98338273312424729     
   1661.3485107421875       0.95926553010940552        8.0983892083168030E-002  0.98019167159977838     
   1661.3852539062500       0.93864500522613525        8.0560430884361267E-002  0.97649887990226114     
   1661.4218750000000       0.84385669231414795        7.6059214770793915E-002  0.97225440018010101     
   1661.4586181640625       0.94302219152450562        7.9692691564559937E-002  0.96740860884327151     
   1661.4952392578125       0.95664566755294800        8.1653177738189697E-002  0.96191451857030896     
   1661.5319824218750        1.0342767238616943        8.4814667701721191E-002  0.95572949637672366     
   1661.5686035156250        1.0144497156143188        8.3072952926158905E-002  0.94881676031415163     
   1661.6053466796875       0.94918245077133179        8.2351900637149811E-002  0.94114798818111478     
   1661.6420898437500       0.94044607877731323        8.0814093351364136E-002  0.93270760283538978     
   1661.6787109375000        1.0610220432281494        8.4822259843349457E-002  0.92349175163177843     
   1661.7154541015625       0.90472137928009033        7.9170487821102142E-002  0.91350845699056815     
   1661.7520751953125       0.90888297557830811        7.9826705157756805E-002  0.90278105372231765     
   1661.7888183593750       0.89967924356460571        7.8356780111789703E-002  0.89134951434868481     
   1661.8254394531250       0.83230739831924438        7.5016193091869354E-002  0.87927071563939918     
   1661.8621826171875       0.81948369741439819        7.4527978897094727E-002  0.86661810431539388     
   1661.8988037109375       0.98120611906051636        8.1719100475311279E-002  0.85348063174837652     
   1661.9355468750000       0.86456823348999023        7.6890721917152405E-002  0.83996291024528613     
   1661.9722900390625       0.90788698196411133        7.8119061887264252E-002  0.82618736418099115     
   1662.0089111328125       0.79652029275894165        7.4756130576133728E-002  0.81228654030825076     
   1662.0456542968750       0.80663472414016724        7.3971532285213470E-002  0.79839813387250491     
   1662.0822753906250       0.82492965459823608        7.5624488294124603E-002  0.78466579548294213     
   1662.1190185546875       0.77778667211532593        7.3280960321426392E-002  0.77123639825802348     
   1662.1556396484375       0.64266943931579590        6.7820847034454346E-002  0.75825620691077100     
   1662.1923828125000       0.61502075195312500        6.4724065363407135E-002  0.74586903040504515     
   1662.2291259765625       0.78991788625717163        7.4015721678733826E-002  0.73421675578660173     
   1662.2657470703125       0.65579521656036377        6.7723952233791351E-002  0.72343184784884584     
   1662.3024902343750       0.70095509290695190        6.8973839282989502E-002  0.71363355335725043     
   1662.3391113281250       0.63371396064758301        6.6028207540512085E-002  0.70492965097313431     
   1662.3758544921875       0.77160871028900146        7.2985470294952393E-002  0.69741550184280532     
   1662.4124755859375       0.70629912614822388        7.0309497416019440E-002  0.69117261805556496     
   1662.4492187500000       0.75318288803100586        7.2317481040954590E-002  0.68626836319116802     
   1662.4859619140625       0.76835733652114868        7.2823457419872284E-002  0.68275641370709617     
   1662.5225830078125       0.68671083450317383        6.9918833673000336E-002  0.68067441720690169     
   1662.5593261718750       0.62971556186676025        6.6980890929698944E-002  0.68004362109623939     
   1662.5959472656250       0.77386915683746338        7.2608925402164459E-002  0.68087010831821571     
   1662.6326904296875       0.58779275417327881        6.4525805413722992E-002  0.68314483563886153     
   1662.6693115234375       0.69885957241058350        6.9772496819496155E-002  0.68684350147395790     
   1662.7060546875000       0.66265374422073364        6.7799761891365051E-002  0.69192670163744829     
   1662.7426757812500       0.67530131340026855        6.9079153239727020E-002  0.69834039897403011     
   1662.7794189453125       0.49016290903091431        5.9284165501594543E-002  0.70601544421420581     
   1662.8161621093750       0.66704756021499634        6.8818680942058563E-002  0.71486546476149437     
   1662.8527832031250       0.54489338397979736        6.1584647744894028E-002  0.72479067308544831     
   1662.8895263671875       0.39316043257713318        5.2810315042734146E-002  0.73568067427601458     
   1662.9261474609375       0.46095201373100281        5.7173233479261398E-002  0.74741371630799935     
   1662.9628906250000       0.47882497310638428        5.7787276804447174E-002  0.75985831059225895     
   1662.9995117187500       0.37782952189445496        5.3032111376523972E-002  0.77287605040995278     
   1663.0362548828125       0.33519321680068970        4.9410372972488403E-002  0.78632286359763437     
   1663.0729980468750       0.39776155352592468        5.3569883108139038E-002  0.80004788125943282     
   1663.1096191406250       0.48019438982009888        5.9895742684602737E-002  0.81390187719451867     
   1663.1463623046875       0.49161481857299805        5.8580975979566574E-002  0.82774268036144483     
   1663.1829833984375       0.60115659236907959        6.6942743957042694E-002  0.84143442047127859     
   1663.2197265625000       0.67103570699691772        6.7820116877555847E-002  0.85484984195753133     
   1663.2563476562500       0.78435826301574707        7.3344863951206207E-002  0.86787326658260378     
   1663.2930908203125       0.80150973796844482        7.4486203491687775E-002  0.88040302636545320     
   1663.3297119140625       0.83834522962570190        7.6421350240707397E-002  0.89235339184540763     
   1663.3664550781250       0.92554920911788940        8.0208159983158112E-002  0.90365448882773369     
   1663.4031982421875       0.90408414602279663        7.8731097280979156E-002  0.91424987486039555     
   1663.4398193359375       0.99956387281417847        8.3594463765621185E-002  0.92410096892507532     
   1663.4765625000000        1.0164887905120850        8.2971543073654175E-002  0.93318792783182014     
   1663.5131835937500       0.82013219594955444        7.4739702045917511E-002  0.94150551395169002     
   1663.5499267578125       0.90857368707656860        8.0382466316223145E-002  0.94906139789388833     
   1663.5865478515625       0.97917366027832031        8.2768335938453674E-002  0.95587496297974506     
   1663.6232910156250       0.84204930067062378        7.6568178832530975E-002  0.96197500691983906     
   1663.6600341796875       0.86975657939910889        7.7305555343627930E-002  0.96739646283105241     
   1663.6966552734375       0.90750330686569214        7.9598747193813324E-002  0.97218083442819980     
   1663.7333984375000       0.90392500162124634        8.1532403826713562E-002  0.97637503670602233     
   1663.7700195312500        1.0514776706695557        8.5269510746002197E-002  0.98002820898372101     
   1663.8067626953125       0.92229151725769043        8.0115646123886108E-002  0.98319013759288509     
   1663.8433837890625       0.93866658210754395        8.0516092479228973E-002  0.98591025357301199     
   1663.8801269531250        1.1441704034805298        8.9008457958698273E-002  0.98823648665311792     
   1663.9168701171875        1.0208681821823120        8.3166062831878662E-002  0.99021402258866498     
   1663.9534912109375        1.0038208961486816        8.2876652479171753E-002  0.99188553065422591     
   1663.9902343750000        1.0310361385345459        8.5361063480377197E-002  0.99329095104733367     
   1664.0268554687500       0.86041116714477539        7.7929414808750153E-002  0.99446672757502508     
   1664.0635986328125        1.0941659212112427        8.6374238133430481E-002  0.99544567236144477     
   1664.1002197265625        1.0701072216033936        8.6075276136398315E-002  0.99625705614152515     
   1664.1369628906250       0.99561679363250732        8.2389414310455322E-002  0.99692674808321469     
   1664.1735839843750       0.90645325183868408        7.9819694161415100E-002  0.99747740254064554     
   1664.2103271484375       0.86602312326431274        7.8267179429531097E-002  0.99792865134060837     
   1664.2470703125000        1.0222257375717163        8.3430878818035126E-002  0.99829729160874547     
   1664.2836914062500       0.87521010637283325        7.7437125146389008E-002  0.99859768529805193     
   1664.3204345703125        1.0529329776763916        8.4491722285747528E-002  0.99884205174560392     
   1664.3570556640625        1.0740159749984741        8.6849205195903778E-002  0.99904064653989888     
   1664.3937988281250        1.0326408147811890        8.5124030709266663E-002  0.99920200880007426     
   1664.4304199218750        1.0201345682144165        8.3256803452968597E-002  0.99933320781560087     
   1664.4671630859375        1.0167119503021240        8.3858303725719452E-002  0.99944005524016466     
   1664.5039062500000       0.94363278150558472        8.1344559788703918E-002  0.99952728808833469     
   1664.5405273437500        1.0182218551635742        8.3451025187969208E-002  0.99959876109959944     
   1664.5772705078125        1.0257725715637207        8.3635076880455017E-002  0.99965759891657857     
   1664.6138916015625       0.99737030267715454        8.2781791687011719E-002  0.99970631131342402     
   1664.6506347656250       0.98638194799423218        8.4122464060783386E-002  0.99974690282713274     
   1664.6872558593750       0.97927004098892212        8.1867046654224396E-002  0.99978096836280128     
   1664.7239990234375       0.93111878633499146        8.0252334475517273E-002  0.99980977158843565     
   1664.7607421875000       0.99483114480972290        8.2704640924930573E-002  0.99983430899323145     
   1664.7973632812500       0.99326014518737793        8.2815945148468018E-002  0.99985536676672859     
   1664.8341064453125        1.0336124897003174        8.5973806679248810E-002  0.99987356448032927     
   1664.8707275390625        1.0915763378143311        8.7882652878761292E-002  0.99988938924236759     
   1664.9074707031250       0.93735653162002563        8.1227682530879974E-002  0.99990322357699191     
   1664.9440917968750        1.1924508810043335        9.1108813881874084E-002  0.99991537206172809     
   1664.9808349609375       0.93659794330596924        8.2149825990200043E-002  0.99992607605782491     
   1665.0174560546875        1.0418157577514648        8.4219686686992645E-002   1.0000000000000000     
   1665.0541992187500        1.0194057226181030        8.3366826176643372E-002   1.0000000000000000     
   1665.0909423828125       0.96344906091690063        8.2278452813625336E-002   1.0000000000000000     
   1665.1275634765625       0.94982200860977173        8.0476611852645874E-002   1.0000000000000000     
   1665.1643066406250       0.98011296987533569        8.1800550222396851E-002   1.0000000000000000     
   1665.2009277343750        1.0345315933227539        8.5375517606735229E-002   1.0000000000000000     
   1665.2376708984375        1.0585041046142578        8.5112869739532471E-002   1.0000000000000000     
   1665.2742919921875       0.97047406435012817        8.1510022282600403E-002   1.0000000000000000     
   1665.3110351562500       0.81274688243865967        7.4624016880989075E-002   1.0000000000000000     
   1665.3477783203125        1.0739352703094482        8.5866153240203857E-002   1.0000000000000000     
   1665.3843994140625        1.0583388805389404        8.5048653185367584E-002   1.0000000000000000     
   1665.4211425781250       0.99247223138809204        8.2845345139503479E-002   1.0000000000000000     
   1665.4577636718750       0.92083531618118286        7.9489044845104218E-002   1.0000000000000000     
   1665.4945068359375       0.93331652879714966        7.9960323870182037E-002   1.0000000000000000     
   1665.5311279296875        1.0041290521621704        8.4593787789344788E-002   1.0000000000000000     
   1665.5678710937500        1.0514495372772217        8.4963068366050720E-002   1.0000000000000000     
   1665.6044921875000       0.97664135694503784        8.4575466811656952E-002   1.0000000000000000     
   1665.6412353515625        1.0439964532852173        8.4333337843418121E-002   1.0000000000000000     
   1665.6779785156250        1.0804213285446167        8.6028158664703369E-002   1.0000000000000000     
   1665.7145996093750       0.94207495450973511        8.2024417817592621E-002   1.0000000000000000     
   1665.7513427734375       0.89739936590194702        7.9638741910457611E-002   1.0000000000000000     
   1665.7879638671875       0.93645489215850830        8.0783292651176453E-002   1.0000000000000000     
   1665.8247070312500       0.96659398078918457        8.1589020788669586E-002   1.0000000000000000     
   1665.8613281250000       0.95084923505783081        8.0647028982639313E-002   1.0000000000000000     
   1665.8980712890625       0.98373651504516602        8.2147404551506042E-002   1.0000000000000000     
   1665.9348144531250        1.1239044666290283        8.7542533874511719E-002   1.0000000000000000     
   1665.9714355468750        1.0053455829620361        8.2763321697711945E-002   1.0000000000000000     
   1666.0081787109375       0.97689509391784668        8.4068089723587036E-002   1.0000000000000000     
   1666.0447998046875       0.91338920593261719        7.9423077404499054E-002   1.0000000000000000     
   1666.0815429687500       0.98419916629791260        8.4330834448337555E-002   1.0000000000000000     
   1666.1181640625000       0.98092412948608398        8.2716576755046844E-002   1.0000000000000000     
   1666.1549072265625       0.94991040229797363        8.2919970154762268E-002   1.0000000000000000     
   1666.1916503906250        1.0720567703247070        8.5908941924571991E-002   1.0000000000000000     
   1666.2282714843750       0.98937368392944336        8.2424834370613098E-002   1.0000000000000000     
   1666.2650146484375        1.0807852745056152        8.5821561515331268E-002   1.0000000000000000     
   1666.3016357421875        1.1002835035324097        8.6589105427265167E-002   1.0000000000000000     
   1666.3383789062500       0.89481198787689209        7.9576253890991211E-002   1.0000000000000000     
   1666.3750000000000        1.0664205551147461        8.6009547114372253E-002   1.0000000000000000     
   1666.4117431640625        1.0292870998382568        8.4312133491039276E-002   1.0000000000000000     
   1666.4483642578125       0.91450726985931396        7.9708233475685120E-002   1.0000000000000000     
   1666.4851074218750        1.0760791301727295        8.5485748946666718E-002   1.0000000000000000     
   1666.5218505859375       0.98540240526199341        8.4188997745513916E-002   1.0000000000000000     
   1666.5584716796875       0.98383808135986328        8.2515805959701538E-002   1.0000000000000000     
   1666.5952148437500       0.93470138311386108        8.2381382584571838E-002   1.0000000000000000     
   1666.6318359375000        1.0860661268234253        8.6220584809780121E-002   1.0000000000000000     
   1666.6685791015625       0.90935641527175903        7.9633496701717377E-002   1.0000000000000000     
   1666.7052001953125        1.0371007919311523        8.4928855299949646E-002   1.0000000000000000     
   1666.7419433593750       0.98143112659454346        8.1535011529922485E-002   1.0000000000000000     
   1666.7786865234375       0.86811298131942749        7.8119993209838867E-002   1.0000000000000000     
   1666.8153076171875       0.83600193262100220        7.7461838722229004E-002   1.0000000000000000     
!  ---- tick mark positions for above ----
!      1662.55803     1     1
