      1.00000   4.7963208e-06
      2.00000   4.8353563e-06
      3.00000   4.8952857e-06
      4.00000   4.9857254e-06
      5.00000   5.1005636e-06
      6.00000   5.2254477e-06
      7.00000   5.3490944e-06
      8.00000   5.4756656e-06
      9.00000   5.6150748e-06
      10.0000   5.7641651e-06
      11.0000   5.9072318e-06
      12.0000   6.0265966e-06
      13.0000   6.1109295e-06
      14.0000   6.1616015e-06
      15.0000   6.1947981e-06
      16.0000   6.2254476e-06
      17.0000   6.2568106e-06
      18.0000   6.2892900e-06
      19.0000   6.3271832e-06
      20.0000   6.3812604e-06
      21.0000   6.4711458e-06
      22.0000   6.6183748e-06
      23.0000   6.8285926e-06
      24.0000   7.0894575e-06
      25.0000   7.3774281e-06
      26.0000   7.6699253e-06
      27.0000   7.9540205e-06
      28.0000   8.2147526e-06
      29.0000   8.4272006e-06
      30.0000   8.5693055e-06
      31.0000   8.6399832e-06
      32.0000   8.6500831e-06
      33.0000   8.6100554e-06
      34.0000   8.5372731e-06
      35.0000   8.4581879e-06
      36.0000   8.3966615e-06
      37.0000   8.3691784e-06
      38.0000   8.3866607e-06
      39.0000   8.4523999e-06
      40.0000   8.5737247e-06
      41.0000   8.7657490e-06
      42.0000   9.0360409e-06
      43.0000   9.3760445e-06
      44.0000   9.7631464e-06
      45.0000   1.0165373e-05
      46.0000   1.0556916e-05
      47.0000   1.0935991e-05
      48.0000   1.1313173e-05
      49.0000   1.1684874e-05
      50.0000   1.2026809e-05
      51.0000   1.2306027e-05
      52.0000   1.2501519e-05
      53.0000   1.2614300e-05
      54.0000   1.2666766e-05
      55.0000   1.2692970e-05
      56.0000   1.2724729e-05
      57.0000   1.2786744e-05
      58.0000   1.2900846e-05
      59.0000   1.3091484e-05
      60.0000   1.3377737e-05
      61.0000   1.3761761e-05
      62.0000   1.4234924e-05
      63.0000   1.4803753e-05
      64.0000   1.5475583e-05
      65.0000   1.6220414e-05
      66.0000   1.6984151e-05
      67.0000   1.7719678e-05
      68.0000   1.8398159e-05
      69.0000   1.9021618e-05
      70.0000   1.9641404e-05
      71.0000   2.0321893e-05
      72.0000   2.1076057e-05
      73.0000   2.1854745e-05
      74.0000   2.2605420e-05
      75.0000   2.3305145e-05
      76.0000   2.3975774e-05
      77.0000   2.4658137e-05
      78.0000   2.5350149e-05
      79.0000   2.6020258e-05
      80.0000   2.6694050e-05
      81.0000   2.7460284e-05
      82.0000   2.8376975e-05
      83.0000   2.9462908e-05
      84.0000   3.0739993e-05
      85.0000   3.2204422e-05
      86.0000   3.3770357e-05
      87.0000   3.5288707e-05
      88.0000   3.6648504e-05
      89.0000   3.7823873e-05
      90.0000   3.8865241e-05
      91.0000   3.9842093e-05
      92.0000   4.0796789e-05
      93.0000   4.1792115e-05
      94.0000   4.2988868e-05
      95.0000   4.4605000e-05
      96.0000   4.6787725e-05
      97.0000   4.9558716e-05
      98.0000   5.2854550e-05
      99.0000   5.6675664e-05
      100.000   6.1089027e-05
      101.000   6.6025525e-05
      102.000   7.1313050e-05
      103.000   7.7037701e-05
      104.000   8.3632105e-05
      105.000   9.1480346e-05
      106.000   0.00010070089
      107.000   0.00011127415
      108.000   0.00012318902
      109.000   0.00013641641
      110.000   0.00015075369
      111.000   0.00016575970
      112.000   0.00018115173
      113.000   0.00019727727
      114.000   0.00021487051
      115.000   0.00023448754
      116.000   0.00025623865
      117.000   0.00027993915
      118.000   0.00030575242
      119.000   0.00033447606
      120.000   0.00036683108
      121.000   0.00040282190
      122.000   0.00044251472
      123.000   0.00048712146
      124.000   0.00053849444
      125.000   0.00059708243
      126.000   0.00066054321
      127.000   0.00072411320
      128.000   0.00078227656
      129.000   0.00083141145
      130.000   0.00087223947
      131.000   0.00090937287
      132.000   0.00094843324
      133.000   0.00099390012
      134.000    0.0010508500
      135.000    0.0011281472
      136.000    0.0012374320
      137.000    0.0013875490
      138.000    0.0015807250
      139.000    0.0018152631
      140.000    0.0020885214
      141.000    0.0024031214
      142.000    0.0027746840
      143.000    0.0032126498
      144.000    0.0036919897
      145.000    0.0041665449
      146.000    0.0046235244
      147.000    0.0051164143
      148.000    0.0057275826
      149.000    0.0065486878
      150.000    0.0076978309
      151.000    0.0092883622
      152.000     0.011416649
      153.000     0.014294119
      154.000     0.018428458
      155.000     0.024558917
      156.000     0.033270132
      157.000     0.044542726
      158.000     0.057657853
      159.000     0.071258433
      160.000     0.082843207
      161.000     0.088832721
      162.000     0.086643085
      163.000     0.077128656
      164.000     0.063812412
      165.000     0.050080810
      166.000     0.038092103
      167.000     0.028695934
      168.000     0.021718003
      169.000     0.016557965
      170.000     0.012710045
      171.000    0.0098843900
      172.000    0.0079114065
      173.000    0.0066219685
      174.000    0.0058065075
      175.000    0.0052460548
      176.000    0.0047673844
      177.000    0.0042848377
      178.000    0.0037961584
      179.000    0.0033316219
      180.000    0.0029108422
      181.000    0.0025363963
      182.000    0.0022099346
      183.000    0.0019348392
      184.000    0.0017078618
      185.000    0.0015157597
      186.000    0.0013406938
      187.000    0.0011697536
      188.000    0.0010036039
      189.000   0.00085332338
      190.000   0.00072859687
      191.000   0.00063135824
      192.000   0.00055789144
      193.000   0.00050172879
      194.000   0.00045555260
      195.000   0.00041323013
      196.000   0.00037170798
      197.000   0.00033069198
      198.000   0.00029168063
      199.000   0.00025724820
      200.000   0.00022933182
      201.000   0.00020797896
      202.000   0.00019178203
      203.000   0.00017901568
      204.000   0.00016827168
      205.000   0.00015834304
      206.000   0.00014835373
      207.000   0.00013809589
      208.000   0.00012800020
      209.000   0.00011860904
      210.000   0.00011000713
      211.000   0.00010197956
      212.000   9.4429095e-05
      213.000   8.7364082e-05
      214.000   8.0908343e-05
      215.000   7.5250093e-05
      216.000   7.0410788e-05
      217.000   6.6216715e-05
      218.000   6.2434287e-05
      219.000   5.8852391e-05
      220.000   5.5368218e-05
      221.000   5.2017494e-05
      222.000   4.8901478e-05
      223.000   4.6113939e-05
      224.000   4.3730284e-05
      225.000   4.1794559e-05
      226.000   4.0303334e-05
      227.000   3.9172126e-05
      228.000   3.8227754e-05
      229.000   3.7332156e-05
      230.000   3.6429785e-05
      231.000   3.5485322e-05
      232.000   3.4416349e-05
      233.000   3.3136464e-05
      234.000   3.1649332e-05
      235.000   3.0057608e-05
      236.000   2.8512160e-05
      237.000   2.7141501e-05
      238.000   2.6016427e-05
      239.000   2.5145047e-05
      240.000   2.4492136e-05
      241.000   2.3992685e-05
      242.000   2.3531045e-05
      243.000   2.2965574e-05
      244.000   2.2254582e-05
      245.000   2.1482670e-05
      246.000   2.0744325e-05
      247.000   2.0087926e-05
      248.000   1.9515153e-05
      249.000   1.8999353e-05
      250.000   1.8508983e-05
      251.000   1.8027489e-05
      252.000   1.7537721e-05
      253.000   1.7004113e-05
      254.000   1.6393198e-05
      255.000   1.5700269e-05
      256.000   1.4949946e-05
      257.000   1.4183759e-05
      258.000   1.3448634e-05
      259.000   1.2780349e-05
      260.000   1.2196850e-05
      261.000   1.1713159e-05
      262.000   1.1354776e-05
      263.000   1.1134850e-05
      264.000   1.1034513e-05
      265.000   1.1017617e-05
      266.000   1.1045767e-05
      267.000   1.1096728e-05
      268.000   1.1158757e-05
      269.000   1.1211997e-05
      270.000   1.1219697e-05
      271.000   1.1147937e-05
      272.000   1.0988372e-05
      273.000   1.0753134e-05
      274.000   1.0458554e-05
      275.000   1.0109949e-05
      276.000   9.7098746e-06
      277.000   9.2821447e-06
      278.000   8.8696188e-06
      279.000   8.5102974e-06
      280.000   8.2264633e-06
      281.000   8.0215041e-06
      282.000   7.8881912e-06
      283.000   7.8186913e-06
      284.000   7.8058838e-06
      285.000   7.8412986e-06
      286.000   7.9161800e-06
      287.000   8.0194131e-06
      288.000   8.1281460e-06
      289.000   8.2070992e-06
      290.000   8.2229799e-06
      291.000   8.1626804e-06
      292.000   8.0340824e-06
      293.000   7.8563353e-06
      294.000   7.6472288e-06
      295.000   7.4118598e-06
      296.000   7.1494628e-06
      297.000   6.8693362e-06
      298.000   6.5988384e-06
      299.000   6.3687703e-06
      300.000   6.1903120e-06
      301.000   6.0581197e-06
      302.000   5.9663585e-06
      303.000   5.9133054e-06
      304.000   5.9000263e-06
      305.000   5.9253493e-06
      306.000   5.9780259e-06
      307.000   6.0342477e-06
      308.000   6.0666739e-06
      309.000   6.0556540e-06
      310.000   5.9947351e-06
      311.000   5.8922483e-06
      312.000   5.7663569e-06
      313.000   5.6330741e-06
      314.000   5.4931479e-06
      315.000   5.3374483e-06
      316.000   5.1697621e-06
      317.000   5.0151298e-06
      318.000   4.8959705e-06
      319.000   4.8141874e-06
      320.000   4.7462031e-06
      321.000       0.0000000
