      1.00000       0.0000000
      2.00000   7.1902878e-06
      3.00000   7.3240753e-06
      4.00000   7.4306990e-06
      5.00000   7.5475059e-06
      6.00000   7.6678070e-06
      7.00000   7.7877212e-06
      8.00000   7.9004185e-06
      9.00000   8.0005611e-06
      10.0000   8.0789514e-06
      11.0000   8.1307453e-06
      12.0000   8.1524640e-06
      13.0000   8.1448852e-06
      14.0000   8.1184216e-06
      15.0000   8.0905638e-06
      16.0000   8.0869168e-06
      17.0000   8.1359531e-06
      18.0000   8.2517454e-06
      19.0000   8.4301573e-06
      20.0000   8.6643295e-06
      21.0000   8.9612386e-06
      22.0000   9.3332355e-06
      23.0000   9.7750881e-06
      24.0000   1.0265105e-05
      25.0000   1.0774887e-05
      26.0000   1.1281112e-05
      27.0000   1.1772565e-05
      28.0000   1.2234361e-05
      29.0000   1.2648408e-05
      30.0000   1.3018020e-05
      31.0000   1.3352498e-05
      32.0000   1.3654956e-05
      33.0000   1.3914543e-05
      34.0000   1.4102437e-05
      35.0000   1.4197100e-05
      36.0000   1.4202443e-05
      37.0000   1.4153086e-05
      38.0000   1.4086722e-05
      39.0000   1.4023133e-05
      40.0000   1.3975313e-05
      41.0000   1.3958124e-05
      42.0000   1.3985740e-05
      43.0000   1.4073407e-05
      44.0000   1.4239077e-05
      45.0000   1.4498541e-05
      46.0000   1.4854879e-05
      47.0000   1.5292107e-05
      48.0000   1.5769743e-05
      49.0000   1.6241574e-05
      50.0000   1.6696402e-05
      51.0000   1.7183638e-05
      52.0000   1.7777309e-05
      53.0000   1.8517641e-05
      54.0000   1.9387084e-05
      55.0000   2.0314894e-05
      56.0000   2.1218673e-05
      57.0000   2.2030394e-05
      58.0000   2.2718978e-05
      59.0000   2.3290999e-05
      60.0000   2.3759121e-05
      61.0000   2.4132496e-05
      62.0000   2.4417277e-05
      63.0000   2.4615196e-05
      64.0000   2.4736455e-05
      65.0000   2.4807903e-05
      66.0000   2.4860856e-05
      67.0000   2.4928795e-05
      68.0000   2.5043484e-05
      69.0000   2.5209049e-05
      70.0000   2.5417896e-05
      71.0000   2.5691927e-05
      72.0000   2.6070884e-05
      73.0000   2.6560969e-05
      74.0000   2.7089351e-05
      75.0000   2.7562997e-05
      76.0000   2.7957498e-05
      77.0000   2.8380360e-05
      78.0000   2.9036535e-05
      79.0000   3.0091749e-05
      80.0000   3.1575804e-05
      81.0000   3.3422857e-05
      82.0000   3.5547419e-05
      83.0000   3.7867310e-05
      84.0000   4.0304389e-05
      85.0000   4.2825934e-05
      86.0000   4.5489138e-05
      87.0000   4.8353944e-05
      88.0000   5.1372124e-05
      89.0000   5.4450295e-05
      90.0000   5.7540426e-05
      91.0000   6.0602426e-05
      92.0000   6.3670632e-05
      93.0000   6.6889326e-05
      94.0000   7.0400725e-05
      95.0000   7.4192663e-05
      96.0000   7.8095807e-05
      97.0000   8.1991289e-05
      98.0000   8.5976812e-05
      99.0000   9.0418296e-05
      100.000   9.5826290e-05
      101.000   0.00010256402
      102.000   0.00011078263
      103.000   0.00012054940
      104.000   0.00013198711
      105.000   0.00014540815
      106.000   0.00016110214
      107.000   0.00017898370
      108.000   0.00019883623
      109.000   0.00022071396
      110.000   0.00024423041
      111.000   0.00026791540
      112.000   0.00028995454
      113.000   0.00030923140
      114.000   0.00032557157
      115.000   0.00033982689
      116.000   0.00035365316
      117.000   0.00036848034
      118.000   0.00038445240
      119.000   0.00040086245
      120.000   0.00041810956
      121.000   0.00043882983
      122.000   0.00046679261
      123.000   0.00050458749
      124.000   0.00055206910
      125.000   0.00060757506
      126.000   0.00067141728
      127.000   0.00074616901
      128.000   0.00083212892
      129.000   0.00092414388
      130.000    0.0010157173
      131.000    0.0011070065
      132.000    0.0012067796
      133.000    0.0013222351
      134.000    0.0014473349
      135.000    0.0015646382
      136.000    0.0016586632
      137.000    0.0017283366
      138.000    0.0017870060
      139.000    0.0018547850
      140.000    0.0019536077
      141.000    0.0021030414
      142.000    0.0023061547
      143.000    0.0025401092
      144.000    0.0027818494
      145.000    0.0030514509
      146.000    0.0034216556
      147.000    0.0039656209
      148.000    0.0046883216
      149.000    0.0055331592
      150.000    0.0064786184
      151.000    0.0076423273
      152.000    0.0092939651
      153.000     0.011830118
      154.000     0.015773909
      155.000     0.021636304
      156.000     0.029748240
      157.000     0.040475748
      158.000     0.054411061
      159.000     0.071347237
      160.000     0.088336162
      161.000     0.099346183
      162.000     0.098841868
      163.000     0.086852252
      164.000     0.068913683
      165.000     0.051175594
      166.000     0.036928196
      167.000     0.026603715
      168.000     0.019373596
      169.000     0.014337659
      170.000     0.010852359
      171.000    0.0084600253
      172.000    0.0068002767
      173.000    0.0056151431
      174.000    0.0047451272
      175.000    0.0040933480
      176.000    0.0035917135
      177.000    0.0031853626
      178.000    0.0028373916
      179.000    0.0025384293
      180.000    0.0022984138
      181.000    0.0021187498
      182.000    0.0019801287
      183.000    0.0018579089
      184.000    0.0017373682
      185.000    0.0016116548
      186.000    0.0014753434
      187.000    0.0013245880
      188.000    0.0011642161
      189.000    0.0010130604
      190.000   0.00089070742
      191.000   0.00079971197
      192.000   0.00072706729
      193.000   0.00065875344
      194.000   0.00058918825
      195.000   0.00051993330
      196.000   0.00045538245
      197.000   0.00040022269
      198.000   0.00035692498
      199.000   0.00032418038
      200.000   0.00029816420
      201.000   0.00027538685
      202.000   0.00025434632
      203.000   0.00023475353
      204.000   0.00021652096
      205.000   0.00019948940
      206.000   0.00018347873
      207.000   0.00016836415
      208.000   0.00015392761
      209.000   0.00014003276
      210.000   0.00012699749
      211.000   0.00011533737
      212.000   0.00010523123
      213.000   9.6599884e-05
      214.000   8.9265748e-05
      215.000   8.3012375e-05
      216.000   7.7706281e-05
      217.000   7.3263305e-05
      218.000   6.9648566e-05
      219.000   6.6886649e-05
      220.000   6.4985114e-05
      221.000   6.3780921e-05
      222.000   6.2850566e-05
      223.000   6.1694336e-05
      224.000   6.0114035e-05
      225.000   5.8278718e-05
      226.000   5.6406709e-05
      227.000   5.4607466e-05
      228.000   5.2937485e-05
      229.000   5.1385832e-05
      230.000   4.9856524e-05
      231.000   4.8257669e-05
      232.000   4.6559791e-05
      233.000   4.4762361e-05
      234.000   4.2918968e-05
      235.000   4.1120660e-05
      236.000   3.9426344e-05
      237.000   3.7820566e-05
      238.000   3.6203441e-05
      239.000   3.4504581e-05
      240.000   3.2771062e-05
      241.000   3.1112428e-05
      242.000   2.9603196e-05
      243.000   2.8257424e-05
      244.000   2.7058935e-05
      245.000   2.5961246e-05
      246.000   2.4928886e-05
      247.000   2.3987697e-05
      248.000   2.3180231e-05
      249.000   2.2549129e-05
      250.000   2.2134434e-05
      251.000   2.1929187e-05
      252.000   2.1880216e-05
      253.000   2.1936601e-05
      254.000   2.2059607e-05
      255.000   2.2197390e-05
      256.000   2.2299413e-05
      257.000   2.2351614e-05
      258.000   2.2375858e-05
      259.000   2.2372260e-05
      260.000   2.2286316e-05
      261.000   2.2045650e-05
      262.000   2.1619502e-05
      263.000   2.1046289e-05
      264.000   2.0392325e-05
      265.000   1.9712172e-05
      266.000   1.9032637e-05
      267.000   1.8332574e-05
      268.000   1.7579938e-05
      269.000   1.6782553e-05
      270.000   1.5991933e-05
      271.000   1.5281536e-05
      272.000   1.4697644e-05
      273.000   1.4230710e-05
      274.000   1.3848036e-05
      275.000   1.3529142e-05
      276.000   1.3279747e-05
      277.000   1.3124635e-05
      278.000   1.3074809e-05
      279.000   1.3112792e-05
      280.000   1.3202398e-05
      281.000   1.3300799e-05
      282.000   1.3381691e-05
      283.000   1.3433466e-05
      284.000   1.3451346e-05
      285.000   1.3442756e-05
      286.000   1.3420995e-05
      287.000   1.3397897e-05
      288.000   1.3367423e-05
      289.000   1.3299677e-05
      290.000   1.3145959e-05
      291.000   1.2859053e-05
      292.000   1.2438220e-05
      293.000   1.1928414e-05
      294.000   1.1373111e-05
      295.000   1.0799661e-05
      296.000   1.0230217e-05
      297.000   9.6948725e-06
      298.000   9.2251166e-06
      299.000   8.8288098e-06
      300.000   8.4863523e-06
      301.000   8.1676308e-06
      302.000   7.8574967e-06
      303.000   7.5752873e-06
      304.000   7.3651827e-06
      305.000   7.2640191e-06
      306.000   7.2816115e-06
      307.000   7.3971046e-06
      308.000   7.5618373e-06
      309.000   7.7179093e-06
      310.000   7.8256671e-06
      311.000   7.8716002e-06
      312.000   7.8601579e-06
      313.000   7.8123212e-06
      314.000   7.7597406e-06
      315.000   7.7236218e-06
      316.000   7.6928063e-06
      317.000   7.6343567e-06
      318.000   7.5262410e-06
      319.000   7.3673696e-06
      320.000   7.1944241e-06
      321.000   6.9620542e-06
