      1.00000       0.0000000
      2.00000   7.1183858e-06
      3.00000   7.2199232e-06
      4.00000   7.3080200e-06
      5.00000   7.4116301e-06
      6.00000   7.5432781e-06
      7.00000   7.7113964e-06
      8.00000   7.8965422e-06
      9.00000   8.0738373e-06
      10.0000   8.2358320e-06
      11.0000   8.3968444e-06
      12.0000   8.5774445e-06
      13.0000   8.7907538e-06
      14.0000   9.0373478e-06
      15.0000   9.3130893e-06
      16.0000   9.6150516e-06
      17.0000   9.9350309e-06
      18.0000   1.0256976e-05
      19.0000   1.0565262e-05
      20.0000   1.0855480e-05
      21.0000   1.1128222e-05
      22.0000   1.1379177e-05
      23.0000   1.1602018e-05
      24.0000   1.1797300e-05
      25.0000   1.1975202e-05
      26.0000   1.2144215e-05
      27.0000   1.2305839e-05
      28.0000   1.2462392e-05
      29.0000   1.2617670e-05
      30.0000   1.2762393e-05
      31.0000   1.2868302e-05
      32.0000   1.2905206e-05
      33.0000   1.2877268e-05
      34.0000   1.2833707e-05
      35.0000   1.2837458e-05
      36.0000   1.2936898e-05
      37.0000   1.3148101e-05
      38.0000   1.3453643e-05
      39.0000   1.3836485e-05
      40.0000   1.4286076e-05
      41.0000   1.4777208e-05
      42.0000   1.5271644e-05
      43.0000   1.5732687e-05
      44.0000   1.6141590e-05
      45.0000   1.6497062e-05
      46.0000   1.6821557e-05
      47.0000   1.7170325e-05
      48.0000   1.7613480e-05
      49.0000   1.8190336e-05
      50.0000   1.8879233e-05
      51.0000   1.9605341e-05
      52.0000   2.0284608e-05
      53.0000   2.0880629e-05
      54.0000   2.1399987e-05
      55.0000   2.1837861e-05
      56.0000   2.2173041e-05
      57.0000   2.2411030e-05
      58.0000   2.2585484e-05
      59.0000   2.2726645e-05
      60.0000   2.2853816e-05
      61.0000   2.2973220e-05
      62.0000   2.3084418e-05
      63.0000   2.3184153e-05
      64.0000   2.3296248e-05
      65.0000   2.3461975e-05
      66.0000   2.3704069e-05
      67.0000   2.4028630e-05
      68.0000   2.4439869e-05
      69.0000   2.4932026e-05
      70.0000   2.5483783e-05
      71.0000   2.6045520e-05
      72.0000   2.6561622e-05
      73.0000   2.7018654e-05
      74.0000   2.7496611e-05
      75.0000   2.8126457e-05
      76.0000   2.8984803e-05
      77.0000   3.0074292e-05
      78.0000   3.1390548e-05
      79.0000   3.2934080e-05
      80.0000   3.4677436e-05
      81.0000   3.6575020e-05
      82.0000   3.8591596e-05
      83.0000   4.0722305e-05
      84.0000   4.2971817e-05
      85.0000   4.5304350e-05
      86.0000   4.7671168e-05
      87.0000   5.0035622e-05
      88.0000   5.2318406e-05
      89.0000   5.4489254e-05
      90.0000   5.6700741e-05
      91.0000   5.9236321e-05
      92.0000   6.2279170e-05
      93.0000   6.5711924e-05
      94.0000   6.9222580e-05
      95.0000   7.2613344e-05
      96.0000   7.5935095e-05
      97.0000   7.9514968e-05
      98.0000   8.3885439e-05
      99.0000   8.9560272e-05
      100.000   9.6827680e-05
      101.000   0.00010566847
      102.000   0.00011592489
      103.000   0.00012765026
      104.000   0.00014112008
      105.000   0.00015647024
      106.000   0.00017362161
      107.000   0.00019255576
      108.000   0.00021297735
      109.000   0.00023389691
      110.000   0.00025401404
      111.000   0.00027241124
      112.000   0.00028872961
      113.000   0.00030335572
      114.000   0.00031747227
      115.000   0.00033233245
      116.000   0.00034799255
      117.000   0.00036313912
      118.000   0.00037690310
      119.000   0.00039088496
      120.000   0.00040898149
      121.000   0.00043532177
      122.000   0.00047217228
      123.000   0.00051850110
      124.000   0.00057138002
      125.000   0.00063001807
      126.000   0.00069671689
      127.000   0.00077289651
      128.000   0.00085560116
      129.000   0.00093974615
      130.000    0.0010241400
      131.000    0.0011147956
      132.000    0.0012191212
      133.000    0.0013349564
      134.000    0.0014479914
      135.000    0.0015415830
      136.000    0.0016099316
      137.000    0.0016610748
      138.000    0.0017115328
      139.000    0.0017803870
      140.000    0.0018875776
      141.000    0.0020479045
      142.000    0.0022514781
      143.000    0.0024632523
      144.000    0.0026652319
      145.000    0.0028996821
      146.000    0.0032533067
      147.000    0.0037877278
      148.000    0.0044912631
      149.000    0.0053099971
      150.000    0.0062384401
      151.000    0.0073977266
      152.000    0.0090443324
      153.000     0.011554489
      154.000     0.015406432
      155.000     0.021058172
      156.000     0.028864333
      157.000     0.039410129
      158.000     0.053748537
      159.000     0.072061181
      160.000     0.091057502
      161.000      0.10347462
      162.000      0.10260346
      163.000     0.088779680
      164.000     0.068933420
      165.000     0.050128907
      166.000     0.035608411
      167.000     0.025374910
      168.000     0.018327288
      169.000     0.013482423
      170.000     0.010191133
      171.000    0.0079941005
      172.000    0.0064973990
      173.000    0.0054149982
      174.000    0.0046032746
      175.000    0.0039917813
      176.000    0.0035206871
      177.000    0.0031382889
      178.000    0.0028115616
      179.000    0.0025260577
      180.000    0.0022840863
      181.000    0.0020898236
      182.000    0.0019335387
      183.000    0.0017994862
      184.000    0.0016787635
      185.000    0.0015654304
      186.000    0.0014491132
      187.000    0.0013219300
      188.000    0.0011839616
      189.000    0.0010417836
      190.000   0.00090958591
      191.000   0.00080217968
      192.000   0.00072248100
      193.000   0.00066050206
      194.000   0.00060391135
      195.000   0.00054628961
      196.000   0.00048695691
      197.000   0.00042869800
      198.000   0.00037626881
      199.000   0.00033350667
      200.000   0.00030100235
      201.000   0.00027642006
      202.000   0.00025640061
      203.000   0.00023846833
      204.000   0.00022162804
      205.000   0.00020587273
      206.000   0.00019119256
      207.000   0.00017722636
      208.000   0.00016380000
      209.000   0.00015098344
      210.000   0.00013880011
      211.000   0.00012722258
      212.000   0.00011634111
      213.000   0.00010633341
      214.000   9.7302465e-05
      215.000   8.9356392e-05
      216.000   8.2582519e-05
      217.000   7.6923687e-05
      218.000   7.2194205e-05
      219.000   6.8207068e-05
      220.000   6.4911867e-05
      221.000   6.2417384e-05
      222.000   6.0779079e-05
      223.000   5.9796133e-05
      224.000   5.9047834e-05
      225.000   5.8082001e-05
      226.000   5.6693720e-05
      227.000   5.5032517e-05
      228.000   5.3370008e-05
      229.000   5.1832980e-05
      230.000   5.0417664e-05
      231.000   4.9104903e-05
      232.000   4.7840458e-05
      233.000   4.6495192e-05
      234.000   4.4987923e-05
      235.000   4.3331551e-05
      236.000   4.1570085e-05
      237.000   3.9814164e-05
      238.000   3.8216753e-05
      239.000   3.6866903e-05
      240.000   3.5689231e-05
      241.000   3.4465644e-05
      242.000   3.3036580e-05
      243.000   3.1442039e-05
      244.000   2.9854185e-05
      245.000   2.8429786e-05
      246.000   2.7237851e-05
      247.000   2.6261641e-05
      248.000   2.5416832e-05
      249.000   2.4599329e-05
      250.000   2.3771287e-05
      251.000   2.2960478e-05
      252.000   2.2210752e-05
      253.000   2.1575672e-05
      254.000   2.1105321e-05
      255.000   2.0810598e-05
      256.000   2.0680489e-05
      257.000   2.0707172e-05
      258.000   2.0858664e-05
      259.000   2.1062358e-05
      260.000   2.1229804e-05
      261.000   2.1301836e-05
      262.000   2.1270091e-05
      263.000   2.1140686e-05
      264.000   2.0907644e-05
      265.000   2.0566253e-05
      266.000   2.0126221e-05
      267.000   1.9624697e-05
      268.000   1.9099756e-05
      269.000   1.8558090e-05
      270.000   1.8006049e-05
      271.000   1.7463048e-05
      272.000   1.6934762e-05
      273.000   1.6405122e-05
      274.000   1.5854961e-05
      275.000   1.5294785e-05
      276.000   1.4771340e-05
      277.000   1.4333656e-05
      278.000   1.4001547e-05
      279.000   1.3770601e-05
      280.000   1.3611948e-05
      281.000   1.3485061e-05
      282.000   1.3354984e-05
      283.000   1.3202844e-05
      284.000   1.3029106e-05
      285.000   1.2846700e-05
      286.000   1.2672981e-05
      287.000   1.2529335e-05
      288.000   1.2418617e-05
      289.000   1.2316911e-05
      290.000   1.2202579e-05
      291.000   1.2064395e-05
      292.000   1.1899369e-05
      293.000   1.1710571e-05
      294.000   1.1505315e-05
      295.000   1.1294357e-05
      296.000   1.1085160e-05
      297.000   1.0879765e-05
      298.000   1.0670917e-05
      299.000   1.0445987e-05
      300.000   1.0197024e-05
      301.000   9.9247181e-06
      302.000   9.6423619e-06
      303.000   9.3772587e-06
      304.000   9.1570819e-06
      305.000   8.9871328e-06
      306.000   8.8457891e-06
      307.000   8.7073668e-06
      308.000   8.5623496e-06
      309.000   8.4265093e-06
      310.000   8.3215282e-06
      311.000   8.2483157e-06
      312.000   8.1816133e-06
      313.000   8.0861373e-06
      314.000   7.9455040e-06
      315.000   7.7732175e-06
      316.000   7.5978469e-06
      317.000   7.4368791e-06
      318.000   7.2917142e-06
      319.000   7.1577301e-06
      320.000   7.0465840e-06
      321.000   6.9313855e-06
