! -------------------------
   1137.3139648437500        1.0334963798522949        6.0514397919178009E-002   1.0000000000000000     
   1137.3438720703125        1.0607496500015259        6.1452057212591171E-002   1.0000000000000000     
   1137.3739013671875        1.0491275787353516        6.0906238853931427E-002   1.0000000000000000     
   1137.4038085937500        1.0008285045623779        6.0078594833612442E-002   1.0000000000000000     
   1137.4337158203125        1.0551654100418091        6.1056274920701981E-002   1.0000000000000000     
   1137.4636230468750        1.0178891420364380        6.0189593583345413E-002   1.0000000000000000     
   1137.4935302734375        1.0422216653823853        6.0215331614017487E-002   1.0000000000000000     
   1137.5234375000000        1.0040903091430664        4.1115507483482361E-002   1.0000000000000000     
   1137.5533447265625        1.0497450828552246        4.3029673397541046E-002   1.0000000000000000     
   1137.5832519531250       0.89008820056915283        3.7097338587045670E-002   1.0000000000000000     
   1137.6131591796875       0.93402665853500366        3.8419689983129501E-002   1.0000000000000000     
   1137.6430664062500       0.89032942056655884        3.7596657872200012E-002   1.0000000000000000     
   1137.6729736328125       0.93546694517135620        3.8592629134654999E-002   1.0000000000000000     
   1137.7028808593750       0.81964355707168579        3.6263983696699142E-002   1.0000000000000000     
   1137.7327880859375       0.91049391031265259        3.7656944245100021E-002   1.0000000000000000     
   1137.7626953125000       0.91561472415924072        3.7716466933488846E-002   1.0000000000000000     
   1137.7926025390625       0.84994119405746460        3.6419231444597244E-002   1.0000000000000000     
   1137.8225097656250       0.89358514547348022        3.7102814763784409E-002   1.0000000000000000     
   1137.8524169921875       0.99671983718872070        3.9134215563535690E-002   1.0000000000000000     
   1137.8823242187500        1.0008695125579834        3.9239596575498581E-002   1.0000000000000000     
   1137.9122314453125       0.94432127475738525        3.8390226662158966E-002   1.0000000000000000     
   1137.9421386718750       0.95282745361328125        3.8175459951162338E-002   1.0000000000000000     
   1137.9720458984375        1.0349091291427612        3.9819601923227310E-002   1.0000000000000000     
   1138.0019531250000       0.90165984630584717        3.7429377436637878E-002   1.0000000000000000     
   1138.0318603515625       0.87286901473999023        3.6813121289014816E-002   1.0000000000000000     
   1138.0617675781250       0.94246250391006470        3.8750447332859039E-002   1.0000000000000000     
   1138.0916748046875       0.98363435268402100        3.9536155760288239E-002   1.0000000000000000     
   1138.1215820312500       0.99344676733016968        3.9044722914695740E-002   1.0000000000000000     
   1138.1514892578125       0.99380296468734741        3.9146009832620621E-002   1.0000000000000000     
   1138.1813964843750       0.96518594026565552        3.8411758840084076E-002   1.0000000000000000     
   1138.2113037109375       0.95670801401138306        3.8352742791175842E-002   1.0000000000000000     
   1138.2412109375000       0.97627258300781250        3.8598902523517609E-002   1.0000000000000000     
   1138.2711181640625        1.0019347667694092        3.9266530424356461E-002   1.0000000000000000     
   1138.3010253906250       0.95466142892837524        3.8224279880523682E-002   1.0000000000000000     
   1138.3309326171875       0.92120647430419922        3.7414178252220154E-002   1.0000000000000000     
   1138.3608398437500       0.88222706317901611        3.6798078566789627E-002   1.0000000000000000     
   1138.3907470703125       0.86998933553695679        3.6321856081485748E-002   1.0000000000000000     
   1138.4206542968750        1.0141794681549072        3.9289139211177826E-002   1.0000000000000000     
   1138.4505615234375       0.98572361469268799        3.8845010101795197E-002   1.0000000000000000     
   1138.4804687500000        1.1147038936614990        4.1127867996692657E-002   1.0000000000000000     
   1138.5103759765625       0.95625418424606323        3.8302011787891388E-002   1.0000000000000000     
   1138.5402832031250       0.96662735939025879        3.8387656211853027E-002   1.0000000000000000     
   1138.5701904296875        1.0106393098831177        3.9553921669721603E-002   1.0000000000000000     
   1138.6000976562500        1.0456299781799316        4.0396098047494888E-002   1.0000000000000000     
   1138.6300048828125       0.95615458488464355        3.8480546325445175E-002   1.0000000000000000     
   1138.6599121093750        1.0492134094238281        3.9889253675937653E-002   1.0000000000000000     
   1138.6899414062500        1.0555870532989502        4.0113408118486404E-002   1.0000000000000000     
   1138.7198486328125       0.95394206047058105        3.7994373589754105E-002   1.0000000000000000     
   1138.7497558593750       0.95959633588790894        3.8832277059555054E-002   1.0000000000000000     
   1138.7796630859375       0.90031039714813232        3.7696804851293564E-002   1.0000000000000000     
   1138.8095703125000       0.98416858911514282        3.8571469485759735E-002  0.99972362013312610     
   1138.8394775390625       0.91663765907287598        3.7334874272346497E-002  0.99970465358539651     
   1138.8693847656250       0.91722488403320312        3.7383053451776505E-002  0.99968699151692830     
   1138.8992919921875       0.88573479652404785        3.6684114485979080E-002  0.99966985413952758     
   1138.9291992187500       0.96567255258560181        3.8300290703773499E-002  0.99965259202185985     
   1138.9591064453125       0.91434127092361450        3.7075653672218323E-002  0.99963475208576591     
   1138.9890136718750       0.98494261503219604        3.8565434515476227E-002  0.99961579833500835     
   1139.0189208984375       0.95071256160736084        3.7862364202737808E-002  0.99959490425782016     
   1139.0488281250000       0.93279927968978882        3.7794478237628937E-002  0.99957100685606537     
   1139.0787353515625        1.1010360717773438        4.0642026811838150E-002  0.99954308556264759     
   1139.1086425781250        1.0297174453735352        3.9532590657472610E-002  0.99951044768569941     
   1139.1385498046875        1.0132025480270386        3.9127107709646225E-002  0.99947276360070891     
   1139.1684570312500        1.0067583322525024        3.8960248231887817E-002  0.99942981333854297     
   1139.1983642578125        1.0245519876480103        3.9231862872838974E-002  0.99938117940640236     
   1139.2282714843750       0.95588189363479614        3.7846688181161880E-002  0.99932608186637584     
   1139.2581787109375        1.0923418998718262        4.0477406233549118E-002  0.99926332588485811     
   1139.2880859375000        1.0022007226943970        3.8896217942237854E-002  0.99919129930438277     
   1139.3179931640625       0.90004986524581909        3.7067502737045288E-002  0.99910792102228385     
   1139.3479003906250       0.95238536596298218        3.7906676530838013E-002  0.99901025476829652     
   1139.3778076171875        1.0405346155166626        3.9497867226600647E-002  0.99889368362868858     
   1139.4077148437500        1.0078024864196777        3.8780372589826584E-002  0.99875106443347594     
   1139.4376220703125        1.0749955177307129        4.0268290787935257E-002  0.99857231781290479     
   1139.4675292968750        1.0863053798675537        4.0572199970483780E-002  0.99834434834531127     
   1139.4974365234375       0.98666179180145264        3.8761552423238754E-002  0.99805055036749335     
   1139.5273437500000       0.99341869354248047        3.8961317390203476E-002  0.99766862184178573     
   1139.5572509765625       0.85293030738830566        3.5814110189676285E-002  0.99716517979623032     
   1139.5871582031250       0.89634597301483154        3.6639168858528137E-002  0.99648649454154548     
   1139.6170654296875       0.81035691499710083        3.5242173820734024E-002  0.99554607114633231     
   1139.6469726562500       0.70192962884902954        3.2436754554510117E-002  0.99420843145780369     
   1139.6768798828125       0.61195534467697144        3.1095903366804123E-002  0.99226505505599760     
   1139.7067871093750       0.54080802202224731        2.9288673773407936E-002  0.98939681372343335     
   1139.7366943359375       0.48700520396232605        2.7467139065265656E-002  0.98510363171664794     
   1139.7666015625000       0.43612843751907349        2.6156658306717873E-002  0.97854829481231898     
   1139.7965087890625       0.54864674806594849        2.8639312833547592E-002  0.96824980667002658     
   1139.8264160156250       0.47574800252914429        2.6705972850322723E-002  0.95158082744167383     
   1139.8563232421875       0.52557879686355591        2.8288390487432480E-002  0.92405824754416221     
   1139.8862304687500       0.51118957996368408        2.7640100568532944E-002  0.87872815167659468     
   1139.9161376953125       0.59133988618850708        3.0028397217392921E-002  0.80686328247997496     
   1139.9460449218750       0.52747273445129395        2.8093060478568077E-002  0.70189977185582764     
   1139.9759521484375       0.57469403743743896        2.9191734269261360E-002  0.56663574083518586     
   1140.0059814453125       0.38869476318359375        2.4466600269079208E-002  0.41825892401366155     
   1140.0358886718750       0.22419404983520508        1.9497934728860855E-002  0.28287056144389022     
   1140.0657958984375       0.14590315520763397        1.6673566773533821E-002  0.18051052113066232     
   1140.0957031250000        8.3360634744167328E-002   1.2229893356561661E-002  0.11508959034211562     
   1140.1256103515625        6.3407503068447113E-002   1.0164309293031693E-002   7.8306418185524862E-002
   1140.1555175781250        6.9559089839458466E-002   1.0502399876713753E-002   5.9612196215728087E-002
   1140.1854248046875        3.8381934165954590E-002   8.5683008655905724E-003   5.1901301872431978E-002
   1140.2153320312500        4.4300343841314316E-002   8.9125521481037140E-003   5.2003140875697296E-002
   1140.2452392578125        6.3402324914932251E-002   1.0918851010501385E-002   5.9721691060674431E-002
   1140.2751464843750        8.7378770112991333E-002   1.2418021447956562E-002   7.7874077371488284E-002
   1140.3050537109375       0.13069294393062592        1.5731614083051682E-002  0.11337780520337398     
   1140.3349609375000       0.18448558449745178        1.6930248588323593E-002  0.17689708856250996     
   1140.3648681640625       0.27411395311355591        2.0745018497109413E-002  0.27718174953301228     
   1140.3947753906250       0.39045706391334534        2.4875886738300323E-002  0.41098505426468096     
   1140.4246826171875       0.52770656347274780        2.7752745896577835E-002  0.55884219170143978     
   1140.4545898437500       0.69838577508926392        3.1926263123750687E-002  0.69475144215948414     
   1140.4844970703125       0.85294336080551147        3.4445136785507202E-002  0.80105409896677193     
   1140.5144042968750       0.83129876852035522        3.4242436289787292E-002  0.87426606947356655     
   1140.5443115234375       0.91266667842864990        3.6019634455442429E-002  0.92048264879583019     
   1140.5742187500000       0.92140930891036987        3.5877235233783722E-002  0.94835378116616831     
   1140.6041259765625       0.97449666261672974        3.6661341786384583E-002  0.96503974555573446     
   1140.6340332031250       0.90529960393905640        3.5489171743392944E-002  0.97529186206187291     
   1140.6639404296875       0.98936903476715088        3.6992285400629044E-002  0.98192005425444562     
   1140.6938476562500        1.0005717277526855        3.7244446575641632E-002  0.98646826388319753     
   1140.7237548828125        1.0559986829757690        3.8171332329511642E-002  0.98974097102967684     
   1140.7536621093750        1.0172215700149536        3.7323500961065292E-002  0.99215749099134032     
   1140.7835693359375        1.0211863517761230        3.7454567849636078E-002  0.99395842721196281     
   1140.8134765625000       0.97285515069961548        3.6716196686029434E-002  0.99530272402835784     
   1140.8433837890625        1.0552229881286621        3.7993777543306351E-002  0.99630545406027915     
   1140.8732910156250       0.93360209465026855        3.5921707749366760E-002  0.99705262532152894     
   1140.9031982421875       0.96164619922637939        3.6464828997850418E-002  0.99760882997455369     
   1140.9331054687500       0.93490564823150635        3.5786289721727371E-002  0.99802260902495610     
   1140.9630126953125        1.0588619709014893        3.8100853562355042E-002  0.99833064825665863     
   1140.9929199218750        1.0150622129440308        3.7578042596578598E-002  0.99856120661907311     
   1141.0228271484375       0.99289584159851074        3.6928948014974594E-002  0.99873668179243003     
   1141.0527343750000       0.99792200326919556        3.7145383656024933E-002  0.99887470303700610     
   1141.0826416015625        1.0196040868759155        3.7510167807340622E-002  0.99898806008089558     
   1141.1125488281250       0.94805902242660522        3.6113034933805466E-002  0.99908479948317874     
   1141.1424560546875        1.1473331451416016        3.9709419012069702E-002  0.99916924547351194     
   1141.1723632812500        1.0196617841720581        3.7580225616693497E-002  0.99924350814895879     
   1141.2022705078125        1.0387303829193115        3.7677783519029617E-002  0.99930871978065194     
   1141.2321777343750        1.0256332159042358        3.7438578903675079E-002  0.99936575891977963     
   1141.2620849609375        1.0190702676773071        3.7434767931699753E-002  0.99941554284121281     
   1141.2919921875000       0.93067622184753418        3.5638816654682159E-002  0.99945897625093771     
   1141.3220214843750        1.0413728952407837        3.7831049412488937E-002  0.99949681211565000     
   1141.3519287109375        1.0166747570037842        3.7363532930612564E-002  0.99952969428142158     
   1141.3818359375000        1.0394884347915649        3.7677276879549026E-002  0.99955834365288954     
   1141.4117431640625        1.0384200811386108        3.7742249667644501E-002  0.99958366859022119     
   1141.4416503906250        1.0691399574279785        3.8693867623806000E-002  0.99960662981864468     
   1141.4715576171875       0.96307522058486938        3.6204550415277481E-002   1.0000000000000000     
   1141.5014648437500        1.0244611501693726        3.7314653396606445E-002   1.0000000000000000     
   1141.5313720703125        1.0149761438369751        3.7285845726728439E-002   1.0000000000000000     
   1141.5612792968750       0.99384641647338867        3.6788605153560638E-002   1.0000000000000000     
   1141.5911865234375       0.99062114953994751        3.7219241261482239E-002   1.0000000000000000     
   1141.6210937500000       0.96241635084152222        3.6676377058029175E-002   1.0000000000000000     
   1141.6510009765625       0.99591135978698730        3.6782171577215195E-002   1.0000000000000000     
   1141.6809082031250       0.94102185964584351        3.5660143941640854E-002   1.0000000000000000     
   1141.7108154296875       0.98275381326675415        3.6432273685932159E-002   1.0000000000000000     
   1141.7407226562500        1.1026136875152588        3.8632970303297043E-002   1.0000000000000000     
   1141.7706298828125        1.0291806459426880        3.7324380129575729E-002   1.0000000000000000     
   1141.8005371093750       0.94209527969360352        3.6001615226268768E-002   1.0000000000000000     
   1141.8304443359375        1.0344094038009644        3.7505526095628738E-002   1.0000000000000000     
   1141.8603515625000       0.92818808555603027        3.5590987652540207E-002   1.0000000000000000     
   1141.8902587890625       0.93870234489440918        3.5574231296777725E-002   1.0000000000000000     
   1141.9201660156250        1.0608303546905518        3.7834253162145615E-002   1.0000000000000000     
   1141.9500732421875        1.0395765304565430        3.7568274885416031E-002   1.0000000000000000     
   1141.9799804687500       0.92357629537582397        3.5588432103395462E-002   1.0000000000000000     
   1142.0098876953125       0.98792856931686401        3.6677438765764236E-002   1.0000000000000000     
   1142.0397949218750        1.1647518873214722        3.9903845638036728E-002   1.0000000000000000     
   1142.0697021484375        1.1264305114746094        3.9211880415678024E-002   1.0000000000000000     
   1142.0996093750000        1.0213130712509155        3.7218093872070312E-002   1.0000000000000000     
   1142.1295166015625        1.0337523221969604        3.7276428192853928E-002   1.0000000000000000     
   1142.1594238281250       0.91894876956939697        3.5318903625011444E-002   1.0000000000000000     
   1142.1893310546875        1.0250240564346313        3.7078954279422760E-002   1.0000000000000000     
   1142.2192382812500       0.95824313163757324        3.5889178514480591E-002   1.0000000000000000     
   1142.2491455078125       0.87931805849075317        3.4546650946140289E-002   1.0000000000000000     
   1142.2790527343750       0.88892358541488647        3.4561902284622192E-002   1.0000000000000000     
   1142.3089599609375       0.89045202732086182        3.4743763506412506E-002   1.0000000000000000     
   1142.3388671875000       0.85607165098190308        3.3947221934795380E-002   1.0000000000000000     
   1142.3687744140625       0.78227198123931885        3.2695472240447998E-002   1.0000000000000000     
   1142.3986816406250       0.87404054403305054        3.4645717591047287E-002   1.0000000000000000     
   1142.4285888671875       0.95719844102859497        3.5878654569387436E-002   1.0000000000000000     
   1142.4584960937500        1.0198590755462646        3.7101753056049347E-002   1.0000000000000000     
   1142.4884033203125       0.94246774911880493        3.5953480750322342E-002   1.0000000000000000     
   1142.5183105468750        1.0032359361648560        3.6688096821308136E-002   1.0000000000000000     
   1142.5482177734375        1.0489075183868408        3.7623282521963120E-002   1.0000000000000000     
   1142.5781250000000        1.0807892084121704        3.8039602339267731E-002   1.0000000000000000     
   1142.6080322265625        1.0278697013854980        3.7369392812252045E-002   1.0000000000000000     
   1142.6380615234375        1.0559598207473755        3.7915542721748352E-002   1.0000000000000000     
   1142.6679687500000       0.97998100519180298        3.6582306027412415E-002   1.0000000000000000     
   1142.6978759765625        1.0024327039718628        3.6669455468654633E-002   1.0000000000000000     
   1142.7277832031250        1.0464088916778564        3.7593364715576172E-002   1.0000000000000000     
   1142.7576904296875        1.0284105539321899        3.7330932915210724E-002   1.0000000000000000     
   1142.7875976562500       0.94847232103347778        3.5565633326768875E-002   1.0000000000000000     
   1142.8175048828125        1.0392246246337891        3.7336904555559158E-002   1.0000000000000000     
   1142.8474121093750       0.98790615797042847        3.6500401794910431E-002   1.0000000000000000     
   1142.8773193359375       0.97216415405273438        3.6174442619085312E-002   1.0000000000000000     
   1142.9072265625000       0.97357672452926636        3.6284308880567551E-002   1.0000000000000000     
   1142.9371337890625        1.0086772441864014        3.6900404840707779E-002   1.0000000000000000     
!  ---- tick mark positions for above ----
!      1140.20204     1     1
