! -------------------------
   1200.5137939453125       0.93848770856857300        1.7325680702924728E-002   1.0000000000000000     
   1200.5437011718750       0.92686057090759277        1.7211586236953735E-002   1.0000000000000000     
   1200.5737304687500       0.87696588039398193        1.6780983656644821E-002   1.0000000000000000     
   1200.6036376953125       0.75906574726104736        1.5810264274477959E-002   1.0000000000000000     
   1200.6335449218750       0.61453527212142944        1.4555384404957294E-002   1.0000000000000000     
   1200.6634521484375       0.40069341659545898        1.1897110380232334E-002   1.0000000000000000     
   1200.6933593750000       0.26767930388450623        9.7839552909135818E-003   1.0000000000000000     
   1200.7232666015625       0.18297217786312103        8.0360211431980133E-003   1.0000000000000000     
   1200.7531738281250       0.16912847757339478        7.4933753348886967E-003   1.0000000000000000     
   1200.7830810546875       0.17896194756031036        7.8039956279098988E-003   1.0000000000000000     
   1200.8129882812500       0.21890516579151154        8.9600374922156334E-003   1.0000000000000000     
   1200.8428955078125       0.31434249877929688        1.0875550098717213E-002   1.0000000000000000     
   1200.8728027343750       0.52895301580429077        1.3463147915899754E-002   1.0000000000000000     
   1200.9027099609375       0.77259683609008789        1.5799727290868759E-002   1.0000000000000000     
   1200.9326171875000       0.88868379592895508        1.6881063580513000E-002   1.0000000000000000     
   1200.9625244140625       0.92370808124542236        1.7201451584696770E-002   1.0000000000000000     
   1200.9924316406250       0.96520483493804932        1.7577534541487694E-002   1.0000000000000000     
   1201.0223388671875       0.95375728607177734        1.7429221421480179E-002   1.0000000000000000     
   1201.0522460937500       0.98935770988464355        1.7757730558514595E-002   1.0000000000000000     
   1201.0821533203125        1.0056931972503662        1.7895352095365524E-002   1.0000000000000000     
   1201.1120605468750        1.0018965005874634        1.7845099791884422E-002   1.0000000000000000     
   1201.1419677734375       0.99357730150222778        1.7793713137507439E-002   1.0000000000000000     
   1201.1718750000000       0.93036627769470215        1.7230020835995674E-002   1.0000000000000000     
   1201.2017822265625       0.95496100187301636        1.7456864938139915E-002   1.0000000000000000     
   1201.2316894531250       0.96044564247131348        1.7454678192734718E-002   1.0000000000000000     
   1201.2615966796875       0.97410506010055542        1.7588419839739799E-002   1.0000000000000000     
   1201.2915039062500        1.0079690217971802        1.7928075045347214E-002   1.0000000000000000     
   1201.3214111328125        1.0305557250976562        1.8110197037458420E-002   1.0000000000000000     
   1201.3513183593750        1.0406459569931030        1.8198607489466667E-002   1.0000000000000000     
   1201.3812255859375        1.0147445201873779        1.7954707145690918E-002   1.0000000000000000     
   1201.4111328125000        1.0188089609146118        1.7992952838540077E-002   1.0000000000000000     
   1201.4410400390625        1.0013457536697388        1.7870135605335236E-002   1.0000000000000000     
   1201.4709472656250        1.0226192474365234        1.8022658303380013E-002   1.0000000000000000     
   1201.5008544921875       0.99649125337600708        1.7870068550109863E-002   1.0000000000000000     
   1201.5307617187500       0.99464392662048340        1.7818700522184372E-002   1.0000000000000000     
   1201.5606689453125        1.0201915502548218        1.8024258315563202E-002   1.0000000000000000     
   1201.5905761718750       0.99389773607254028        1.7787285149097443E-002   1.0000000000000000     
   1201.6204833984375       0.99774277210235596        1.7808994278311729E-002   1.0000000000000000     
   1201.6503906250000       0.98465710878372192        1.7724361270666122E-002   1.0000000000000000     
   1201.6802978515625        1.0212212800979614        1.8008384853601456E-002   1.0000000000000000     
   1201.7102050781250        1.0242325067520142        1.8028642982244492E-002   1.0000000000000000     
   1201.7401123046875        1.0331856012344360        1.8146438524127007E-002   1.0000000000000000     
   1201.7700195312500        1.0361380577087402        1.8145151436328888E-002   1.0000000000000000     
   1201.7999267578125        1.0159944295883179        1.7979089170694351E-002   1.0000000000000000     
   1201.8298339843750        1.0107276439666748        1.7932120710611343E-002   1.0000000000000000     
   1201.8597412109375        1.0315907001495361        1.8151571974158287E-002   1.0000000000000000     
   1201.8897705078125       0.99715185165405273        1.7824472859501839E-002   1.0000000000000000     
   1201.9196777343750        1.0067093372344971        1.7875600606203079E-002   1.0000000000000000     
   1201.9495849609375        1.0090562105178833        1.7904384061694145E-002   1.0000000000000000     
   1201.9794921875000       0.98244512081146240        1.7694514244794846E-002   1.0000000000000000     
   1202.0093994140625        1.0175132751464844        1.7987243831157684E-002  0.99987372230348548     
   1202.0393066406250        1.0051746368408203        1.7860487103462219E-002  0.99986410174083762     
   1202.0692138671875       0.99218517541885376        1.7740128561854362E-002  0.99985357328515245     
   1202.0991210937500        1.0074243545532227        1.7876395955681801E-002  0.99984186669730357     
   1202.1290283203125        1.0090191364288330        1.7887316644191742E-002  0.99982861263799361     
   1202.1589355468750        1.0256882905960083        1.8060645088553429E-002  0.99981330384914069     
   1202.1888427734375       0.97369790077209473        1.7594974488019943E-002  0.99979533628647521     
   1202.2187500000000        1.0435211658477783        1.8259318545460701E-002  0.99977400448407028     
   1202.2486572265625        1.0500205755233765        1.8306592479348183E-002  0.99974813857832345     
   1202.2785644531250        1.0241054296493530        1.8080376088619232E-002  0.99971595660620272     
   1202.3084716796875        1.0218545198440552        1.8075130879878998E-002  0.99967489970653911     
   1202.3383789062500        1.0179789066314697        1.8012870103120804E-002  0.99962122967390998     
   1202.3682861328125        1.0106997489929199        1.8043078482151031E-002  0.99954945596626754     
   1202.3981933593750       0.96476078033447266        1.7611894756555557E-002  0.99945152725786002     
   1202.4281005859375       0.97711455821990967        1.7687406390905380E-002  0.99931571582194467     
   1202.4580078125000       0.98639822006225586        1.7729042097926140E-002  0.99912510719690539     
   1202.4879150390625       0.98877096176147461        1.7769245430827141E-002  0.99885561269192713     
   1202.5178222656250        1.0232596397399902        1.8029747530817986E-002  0.99847344345636868     
   1202.5477294921875       0.96406942605972290        1.7550643533468246E-002  0.99793203302203659     
   1202.5776367187500        1.0054861307144165        1.7954109236598015E-002  0.99716848079123921     
   1202.6075439453125       0.99368697404861450        1.7911989241838455E-002  0.99609971927813223     
   1202.6374511718750       0.99632632732391357        1.7861513420939445E-002  0.99461878817523564     
   1202.6673583984375       0.98138320446014404        1.7748160287737846E-002  0.99259182070698027     
   1202.6972656250000       0.98551726341247559        1.7780208960175514E-002  0.98985659045988716     
   1202.7271728515625       0.96046334505081177        1.7730768769979477E-002  0.98622368146914241     
   1202.7570800781250        1.0208685398101807        1.8064415082335472E-002  0.98148146112138512     
   1202.7869873046875       0.96486854553222656        1.7671009525656700E-002  0.97540596714916949     
   1202.8168945312500       0.96696758270263672        1.7613802105188370E-002  0.96777646957122243     
   1202.8468017578125       0.95432180166244507        1.7675559967756271E-002  0.95839676051740208     
   1202.8767089843750       0.93616575002670288        1.7415860667824745E-002  0.94712115858746715     
   1202.9066162109375       0.91102969646453857        1.7345616593956947E-002  0.93388294742030231     
   1202.9365234375000       0.89794343709945679        1.7148368060588837E-002  0.91872172653453210     
   1202.9664306640625       0.88895350694656372        1.7058005556464195E-002  0.90180524092562964     
   1202.9963378906250       0.89616179466247559        1.7079606652259827E-002  0.88344123482732650     
   1203.0262451171875       0.86272794008255005        1.6780577600002289E-002  0.86407592622270746     
   1203.0561523437500       0.88390123844146729        1.6960812732577324E-002  0.84427755239631763     
   1203.0860595703125       0.85777717828750610        1.6660993918776512E-002  0.82470577693977554     
   1203.1159667968750       0.81741893291473389        1.6495775431394577E-002  0.80607045560869572     
   1203.1458740234375       0.78423804044723511        1.6079412773251534E-002  0.78908522845517914     
   1203.1757812500000       0.76958692073822021        1.5895003452897072E-002  0.77442332003768488     
   1203.2058105468750       0.73114448785781860        1.5570641495287418E-002  0.76268110799271627     
   1203.2357177734375       0.75059407949447632        1.5741387382149696E-002  0.75434208303271133     
   1203.2656250000000       0.73997348546981812        1.5607625246047974E-002  0.74974533863341841     
   1203.2955322265625       0.77098643779754639        1.5801951289176941E-002  0.74907319694765617     
   1203.3254394531250       0.72783303260803223        1.5552619472146034E-002  0.75234866947058876     
   1203.3553466796875       0.76055306196212769        1.5960995107889175E-002  0.75943465355502282     
   1203.3852539062500       0.75483024120330811        1.5889063477516174E-002  0.77003867903881229     
   1203.4151611328125       0.78176957368850708        1.6188010573387146E-002  0.78372519620655856     
   1203.4450683593750       0.80210131406784058        1.6350341960787773E-002  0.79993638648734766     
   1203.4749755859375       0.79633402824401855        1.6377033665776253E-002  0.81802204192037864     
   1203.5048828125000       0.83756875991821289        1.6590036451816559E-002  0.83727788399665959     
   1203.5347900390625       0.83194553852081299        1.6700103878974915E-002  0.85698995717917692     
   1203.5646972656250       0.81663620471954346        1.6668025404214859E-002  0.87648089756863445     
   1203.5946044921875       0.82916551828384399        1.6677362844347954E-002  0.89515270730245122     
   1203.6245117187500       0.82737064361572266        1.6797747462987900E-002  0.91252063756818746     
   1203.6544189453125       0.77980315685272217        1.6254086047410965E-002  0.92823407112403389     
   1203.6843261718750       0.76851630210876465        1.6011733561754227E-002  0.94208257773208859     
   1203.7142333984375       0.72432065010070801        1.5550830401480198E-002  0.95398790564651570     
   1203.7441406250000       0.70827221870422363        1.5278926119208336E-002  0.96398485879048568     
   1203.7740478515625       0.65484279394149780        1.4530071988701820E-002  0.97219530725771020     
   1203.8039550781250       0.63387167453765869        1.4391886070370674E-002  0.97879982628759832     
   1203.8338623046875       0.56510156393051147        1.3496286235749722E-002  0.98401081544791269     
   1203.8637695312500       0.55855858325958252        1.3367248699069023E-002  0.98804978179381997     
   1203.8936767578125       0.57750672101974487        1.3602991588413715E-002  0.99113016326859904     
   1203.9235839843750       0.61887311935424805        1.4065222814679146E-002  0.99344591971712093     
   1203.9534912109375       0.54084646701812744        1.3280237093567848E-002  0.99516529904636231     
   1203.9833984375000       0.54365897178649902        1.3227330520749092E-002  0.99642873001594312     
   1204.0133056640625       0.49173325300216675        1.2518767267465591E-002  0.99734964861901565     
   1204.0432128906250       0.46158784627914429        1.2138764373958111E-002  0.99801714195959779     
   1204.0731201171875       0.44017079472541809        1.1914294213056564E-002  0.99849949340081456     
   1204.1030273437500       0.41106170415878296        1.1434840969741344E-002  0.99884795867237575     
   1204.1329345703125       0.37867647409439087        1.1084515601396561E-002  0.99910033831608913     
   1204.1628417968750       0.36074230074882507        1.0851297527551651E-002  0.99928410666251077     
   1204.1927490234375       0.33076709508895874        1.0362870991230011E-002  0.99941900441660714     
   1204.2226562500000       0.31855505704879761        1.0128982365131378E-002  0.99951909566025732     
   1204.2525634765625       0.32293629646301270        1.0172255337238312E-002  0.99959434294747196     
   1204.2824707031250       0.32304665446281433        1.0106307454407215E-002  0.99965178064766336     
   1204.3123779296875       0.27691194415092468        9.4324443489313126E-003  0.99969637562664904     
   1204.3422851562500       0.27644422650337219        9.3693146482110023E-003  0.99973164946082427     
   1204.3721923828125       0.27717152237892151        9.4183636829257011E-003  0.99976012237465606     
   1204.4020996093750       0.27771997451782227        9.6471356227993965E-003  0.99978359824063590     
   1204.4320068359375       0.29907113313674927        9.9422857165336609E-003  0.99980326727698732     
   1204.4619140625000       0.35631600022315979        1.0844673030078411E-002  0.99981995282196923     
   1204.4918212890625       0.44075632095336914        1.2087167240679264E-002  0.99983438477780773     
   1204.5218505859375       0.52559709548950195        1.3202175498008728E-002  0.99984712050438718     
   1204.5517578125000       0.63740092515945435        1.4389897696673870E-002  0.99985855921260969     
   1204.5816650390625       0.68823790550231934        1.4825128950178623E-002  0.99986899890991943     
   1204.6115722656250       0.76500809192657471        1.5601185150444508E-002  0.99987866736130060     
   1204.6414794921875       0.83382099866867065        1.6212269663810730E-002  0.99988774078811427     
   1204.6713867187500       0.85738039016723633        1.6445497050881386E-002  0.99989635259797838     
   1204.7012939453125       0.90732264518737793        1.6872167587280273E-002  0.99990459966578393     
   1204.7312011718750       0.90309810638427734        1.6902016475796700E-002  0.99991254721252376     
   1204.7611083984375       0.92938441038131714        1.7106628045439720E-002  0.99992023347955428     
   1204.7910156250000       0.95889234542846680        1.7367493361234665E-002  0.99992767445282860     
   1204.8209228515625       0.90632057189941406        1.6946464776992798E-002  0.99993486757301575     
   1204.8508300781250       0.95395624637603760        1.7335992306470871E-002  0.99994179538821648     
   1204.8807373046875       0.99204146862030029        1.7690051347017288E-002  0.99994843011149570     
   1204.9106445312500       0.99707555770874023        1.7695495858788490E-002  0.99995473752759334     
   1204.9405517578125       0.95404154062271118        1.7340453341603279E-002  0.99996068040619879     
   1204.9704589843750       0.96362644433975220        1.7437830567359924E-002  0.99996622191107487     
   1205.0003662109375       0.93411910533905029        1.7149010673165321E-002  0.99997132876408623     
   1205.0302734375000       0.93893349170684814        1.7191085964441299E-002  0.99997597404649818     
   1205.0601806640625       0.97209042310714722        1.7498688772320747E-002  0.99998013958331178     
   1205.0900878906250       0.96278870105743408        1.7434122040867805E-002  0.99998381773782341     
   1205.1199951171875       0.96191048622131348        1.7377046868205070E-002  0.99998701241718457     
   1205.1499023437500       0.94884157180786133        1.7329895868897438E-002  0.99998973919103096     
   1205.1798095703125       0.92038667201995850        1.7054276540875435E-002  0.99999202446520086     
   1205.2097167968750       0.95385748147964478        1.7335612326860428E-002  0.99999390378145836     
   1205.2396240234375       0.97758686542510986        1.7572736367583275E-002  0.99999541945182946     
   1205.2695312500000       0.94928294420242310        1.7297437414526939E-002  0.99999661780636107     
   1205.2994384765625       0.92825376987457275        1.7128627747297287E-002  0.99999754641017624     
   1205.3293457031250        1.0013440847396851        1.7747247591614723E-002  0.99999825155611133     
   1205.3592529296875       0.99799007177352905        1.7710722982883453E-002  0.99999877625106282     
   1205.3891601562500       0.95914894342422485        1.7417095601558685E-002  0.99999915882789081     
   1205.4190673828125       0.96831274032592773        1.7485566437244415E-002  0.99999943218887344     
   1205.4489746093750       0.95130264759063721        1.7268035560846329E-002  0.99999962361319816     
   1205.4788818359375       0.93777698278427124        1.7152506858110428E-002  0.99999975499766769     
   1205.5087890625000       0.96736866235733032        1.7408143728971481E-002  0.99999984339135783     
   1205.5386962890625       0.98043888807296753        1.7518933862447739E-002  0.99999990169166619     
   1205.5686035156250       0.97645914554595947        1.7489723861217499E-002  0.99999993939033693     
   1205.5985107421875       0.97688794136047363        1.7455205321311951E-002  0.99999996329166485     
   1205.6284179687500       0.92339956760406494        1.6972741112112999E-002  0.99999997815133523     
   1205.6583251953125       0.96655982732772827        1.7368163913488388E-002  0.99999998721219763     
   1205.6882324218750       0.96377122402191162        1.7355760559439659E-002  0.99999999263274242     
   1205.7181396484375       0.95614022016525269        1.7276907339692116E-002  0.99999999581609844     
   1205.7480468750000       0.97409182786941528        1.7472915351390839E-002  0.99999999765281800     
   1205.7779541015625       0.99325013160705566        1.7606202512979507E-002  0.99999999869524425     
   1205.8078613281250       0.95026612281799316        1.7197981476783752E-002  0.99999999927825867     
   1205.8378906250000       0.97714614868164062        1.7432119697332382E-002  0.99999999960062913     
   1205.8677978515625        1.0052019357681274        1.7694992944598198E-002  0.99999999977810561     
   1205.8977050781250       0.97774153947830200        1.7475126311182976E-002  0.99999999987659549     
   1205.9276123046875       0.97211587429046631        1.7419459298253059E-002   1.0000000000000000     
   1205.9575195312500       0.97208410501480103        1.7396647483110428E-002   1.0000000000000000     
   1205.9874267578125       0.96386820077896118        1.7326852306723595E-002   1.0000000000000000     
   1206.0173339843750       0.96009927988052368        1.7309239134192467E-002   1.0000000000000000     
   1206.0472412109375       0.93966901302337646        1.7111696302890778E-002   1.0000000000000000     
   1206.0771484375000       0.92452508211135864        1.6960592940449715E-002   1.0000000000000000     
   1206.1070556640625       0.91817158460617065        1.6937674954533577E-002   1.0000000000000000     
   1206.1369628906250       0.88341385126113892        1.6616234555840492E-002   1.0000000000000000     
   1206.1668701171875       0.86531084775924683        1.6459694132208824E-002   1.0000000000000000     
   1206.1967773437500       0.78690665960311890        1.5798289328813553E-002   1.0000000000000000     
   1206.2266845703125       0.67022693157196045        1.4661328867077827E-002   1.0000000000000000     
   1206.2565917968750       0.50445377826690674        1.2806762009859085E-002   1.0000000000000000     
   1206.2864990234375       0.34969431161880493        1.1131077073514462E-002   1.0000000000000000     
   1206.3164062500000       0.22545881569385529        9.1149015352129936E-003   1.0000000000000000     
   1206.3463134765625       0.15701185166835785        7.5011798180639744E-003   1.0000000000000000     
   1206.3762207031250        8.5546687245368958E-002   5.8175083249807358E-003   1.0000000000000000     
   1206.4061279296875        6.6931612789630890E-002   4.9675344489514828E-003   1.0000000000000000     
   1206.4360351562500        5.6831438094377518E-002   4.6051987446844578E-003   1.0000000000000000     
   1206.4659423828125        5.6484051048755646E-002   4.4211829081177711E-003   1.0000000000000000     
   1206.4958496093750        5.3528897464275360E-002   4.3142698705196381E-003   1.0000000000000000     
   1206.5257568359375        5.0772082060575485E-002   4.1624363511800766E-003   1.0000000000000000     
   1206.5556640625000        6.5273799002170563E-002   4.9420935101807117E-003   1.0000000000000000     
   1206.5855712890625       0.10326420515775681        6.0495296493172646E-003   1.0000000000000000     
   1206.6154785156250       0.13577586412429810        7.3229325935244560E-003   1.0000000000000000     
   1206.6453857421875       0.21186460554599762        9.2919319868087769E-003   1.0000000000000000     
   1206.6752929687500       0.39490509033203125        1.1945137754082680E-002   1.0000000000000000     
   1206.7052001953125       0.56669193506240845        1.3815902173519135E-002   1.0000000000000000     
   1206.7351074218750       0.72367334365844727        1.5107547864317894E-002   1.0000000000000000     
   1206.7650146484375       0.79703181982040405        1.5753833577036858E-002   1.0000000000000000     
   1206.7949218750000       0.87260806560516357        1.6453582793474197E-002   1.0000000000000000     
   1206.8248291015625       0.88052308559417725        1.6544377431273460E-002   1.0000000000000000     
   1206.8547363281250       0.89356160163879395        1.6643075272440910E-002   1.0000000000000000     
   1206.8846435546875       0.87046515941619873        1.6440775245428085E-002   1.0000000000000000     
   1206.9145507812500       0.85279542207717896        1.6262020915746689E-002   1.0000000000000000     
   1206.9444580078125       0.86188024282455444        1.6353528946638107E-002   1.0000000000000000     
   1206.9743652343750       0.85880905389785767        1.6332617029547691E-002   1.0000000000000000     
   1207.0042724609375       0.83579003810882568        1.6126135364174843E-002   1.0000000000000000     
   1207.0341796875000       0.84346461296081543        1.6180401667952538E-002   1.0000000000000000     
   1207.0640869140625       0.84859418869018555        1.6213228926062584E-002   1.0000000000000000     
   1207.0939941406250       0.83759057521820068        1.6154918819665909E-002   1.0000000000000000     
   1207.1239013671875       0.89153766632080078        1.6655899584293365E-002   1.0000000000000000     
   1207.1539306640625       0.93950766324996948        1.7059000208973885E-002   1.0000000000000000     
   1207.1838378906250       0.95335835218429565        1.7200352624058723E-002   1.0000000000000000     
   1207.2137451171875       0.93263566493988037        1.6984997317194939E-002   1.0000000000000000     
   1207.2436523437500       0.91769653558731079        1.6857182607054710E-002   1.0000000000000000     
   1207.2735595703125       0.93956398963928223        1.7043909057974815E-002   1.0000000000000000     
   1207.3034667968750       0.93535465002059937        1.7039440572261810E-002   1.0000000000000000     
   1207.3333740234375       0.92877846956253052        1.6965873539447784E-002   1.0000000000000000     
   1207.3632812500000       0.95686221122741699        1.7229441553354263E-002   1.0000000000000000     
   1207.3931884765625       0.94666123390197754        1.7115237191319466E-002   1.0000000000000000     
!  ---- tick mark positions for above ----
!      1203.28684     1     1
