# %ECSV 1.0
# ---
# datatype:
# - {name: H, datatype: float64}
# - {name: H+, datatype: float64}
# - {name: C+, datatype: float64}
# - {name: C+2, datatype: float64}
# - {name: C+3, datatype: float64}
# - {name: N+2, datatype: float64}
# - {name: N+4, datatype: float64}
# - {name: O, datatype: float64}
# - {name: O+2, datatype: float64}
# - {name: O+5, datatype: float64}
# - {name: O+6, datatype: float64}
# - {name: Si+, datatype: float64}
# - {name: Si+2, datatype: float64}
# - {name: Si+3, datatype: float64}
# - {name: Si+4, datatype: float64}
# - {name: log_nH, datatype: float64}
# - {name: log_Te, datatype: float64}
# - {name: parameters, datatype: string, subtype: 'float64[1]'}
# schema: astropy-2.0
H H+ C+ C+2 C+3 N+2 N+4 O O+2 O+5 O+6 Si+ Si+2 Si+3 Si+4 log_nH log_Te parameters
1.2303e+18 5.94949e+22 165636000000000.0 1.48402e+17 7.53611e+17 1.77497e+16 1.76415e+16 7766990000.0 1.58472e+18 1.39275e+17 4.42147e+17 6892090000000.0 725219000000000.0 7423370000000000.0 8.4713e+16 -5.0 4.343 [-5.0]
1.23034e+18 5.65812e+22 171429000000000.0 1.46549e+17 7.13787e+17 1.7669e+16 1.72245e+16 8248620000.0 1.51584e+18 1.34362e+17 4.09595e+17 7482720000000.0 760225000000000.0 7425980000000000.0 8.09826e+16 -4.98 4.342 [-4.98]
1.23029e+18 5.38077e+22 177346000000000.0 1.44692e+17 6.7581e+17 1.75857e+16 1.68107e+16 8754850000.0 1.44986e+18 1.29475e+17 3.78835e+17 8112920000000.0 796441000000000.0 7423890000000000.0 7.73675e+16 -4.96 4.341 [-4.96]
1.2303e+18 5.11737e+22 183361000000000.0 1.42824e+17 6.39803e+17 1.75073e+16 1.63971e+16 9292210000.0 1.38698e+18 1.24582e+17 3.49898e+17 8782320000000.0 833799000000000.0 7421630000000000.0 7.38863e+16 -4.94 4.34 [-4.94]
1.2303e+18 4.86661e+22 189620000000000.0 1.4096e+17 6.055e+17 1.74277e+16 1.59856e+16 9864320000.0 1.3268e+18 1.19723e+17 3.22638e+17 9507160000000.0 872638000000000.0 7415200000000000.0 7.05187e+16 -4.92 4.34 [-4.92]
1.23032e+18 4.62827e+22 196105000000000.0 1.39104e+17 5.72917e+17 1.73493e+16 1.55749e+16 10471100000.0 1.26933e+18 1.14891e+17 2.97084e+17 10289300000000.0 913035000000000.0 7406120000000000.0 6.72718e+16 -4.9 4.339 [-4.9]
1.2303e+18 4.40154e+22 202771000000000.0 1.37247e+17 5.41943e+17 1.72703e+16 1.51665e+16 11116800000.0 1.21438e+18 1.10109e+17 2.73118e+17 11124800000000.0 954754000000000.0 7393410000000000.0 6.41386e+16 -4.88 4.338 [-4.88]
1.23029e+18 4.18593e+22 209495000000000.0 1.35365e+17 5.1253e+17 1.7192e+16 1.47594e+16 11798300000.0 1.16185e+18 1.05379e+17 2.50738e+17 12003900000000.0 997343000000000.0 7378060000000000.0 6.11176e+16 -4.86 4.337 [-4.86]
1.23049e+18 3.98048e+22 216413000000000.0 1.3346e+17 4.84565e+17 1.71129e+16 1.4354e+16 12525000000.0 1.11153e+18 1.00708e+17 2.29804e+17 12946200000000.0 1041220000000000.0 7359460000000000.0 5.82012e+16 -4.84 4.336 [-4.84]
1.23037e+18 3.78584e+22 223659000000000.0 1.31628e+17 4.58081e+17 1.70354e+16 1.39501e+16 13295800000.0 1.06367e+18 9.61139e+16 2.10337e+17 13958200000000.0 1087010000000000.0 7336710000000000.0 5.54052e+16 -4.82 4.335 [-4.82]
1.23037e+18 3.60025e+22 230987000000000.0 1.29751e+17 4.32913e+17 1.69553e+16 1.35487e+16 14115800000.0 1.01777e+18 9.159e+16 1.92187e+17 15027900000000.0 1133610000000000.0 7310100000000000.0 5.27077e+16 -4.8 4.334 [-4.8]
1.2303e+18 3.42373e+22 238436000000000.0 1.27864e+17 4.09055e+17 1.68741e+16 1.31498e+16 14981300000.0 9.73896e+17 8.71504e+16 1.75321e+17 16158200000000.0 1181170000000000.0 7279570000000000.0 5.01148e+16 -4.78 4.333 [-4.78]
1.23047e+18 3.25574e+22 246031000000000.0 1.2596e+17 3.86423e+17 1.67938e+16 1.27525e+16 15908100000.0 9.31936e+17 8.27989e+16 1.59691e+17 17349800000000.0 1229630000000000.0 7246420000000000.0 4.76198e+16 -4.76 4.331 [-4.76]
1.23044e+18 3.09625e+22 253938000000000.0 1.24107e+17 3.64984e+17 1.67126e+16 1.23578e+16 16891200000.0 8.91893e+17 7.85492e+16 1.45229e+17 18624200000000.0 1279910000000000.0 7208450000000000.0 4.52291e+16 -4.74 4.33 [-4.74]
1.23034e+18 2.94428e+22 261885000000000.0 1.22221e+17 3.4463e+17 1.66272e+16 1.19659e+16 17934000000.0 8.53503e+17 7.44028e+16 1.31865e+17 19954600000000.0 1330530000000000.0 7165110000000000.0 4.29287e+16 -4.72 4.329 [-4.72]
1.23029e+18 2.7998e+22 269997000000000.0 1.20329e+17 3.25353e+17 1.65412e+16 1.15778e+16 19044300000.0 8.16786e+17 7.03687e+16 1.19549e+17 21354700000000.0 1381980000000000.0 7118040000000000.0 4.07219e+16 -4.7 4.328 [-4.7]
1.23043e+18 2.66249e+22 278312000000000.0 1.18455e+17 3.07126e+17 1.64566e+16 1.11922e+16 20235300000.0 7.81759e+17 6.64462e+16 1.08207e+17 22828500000000.0 1434430000000000.0 7068160000000000.0 3.86099e+16 -4.68 4.327 [-4.68]
1.23037e+18 2.5318e+22 286736000000000.0 1.16576e+17 2.89834e+17 1.6367e+16 1.08106e+16 21495800000.0 7.48172e+17 6.26466e+16 9.7786e+16 24367000000000.0 1487330000000000.0 7011990000000000.0 3.65836e+16 -4.66 4.325 [-4.66]
1.23049e+18 2.40776e+22 295435000000000.0 1.14732e+17 2.73513e+17 1.6279e+16 1.0433e+16 22846900000.0 7.16188e+17 5.89698e+16 8.82239e+16 25996300000000.0 1541570000000000.0 6952890000000000.0 3.46507e+16 -4.64 4.324 [-4.64]
1.23027e+18 2.2895e+22 304084000000000.0 1.12845e+17 2.58012e+17 1.61848e+16 1.00602e+16 24280700000.0 6.85418e+17 5.54227e+16 7.94745e+16 27667900000000.0 1595120000000000.0 6887280000000000.0 3.27932e+16 -4.62 4.323 [-4.62]
1.23033e+18 2.17701e+22 312851000000000.0 1.1096e+17 2.43364e+17 1.60899e+16 9690940000000000.0 25818100000.0 6.56013e+17 5.2002e+16 7.14771e+16 29399500000000.0 1648730000000000.0 6818200000000000.0 3.10183e+16 -4.6 4.322 [-4.6]
1.23035e+18 2.06987e+22 321695000000000.0 1.09063e+17 2.29482e+17 1.59906e+16 9327120000000000.0 27458900000.0 6.27792e+17 4.87148e+16 6.41812e+16 31194700000000.0 1702210000000000.0 6743510000000000.0 2.93187e+16 -4.58 4.32 [-4.58]
1.23046e+18 1.96835e+22 330797000000000.0 1.07211e+17 2.1639e+17 1.58921e+16 8969310000000000.0 29226800000.0 6.00924e+17 4.55677e+16 5.75521e+16 33069700000000.0 1756460000000000.0 6665360000000000.0 2.77031e+16 -4.56 4.319 [-4.56]
1.23039e+18 1.87134e+22 339793000000000.0 1.05322e+17 2.03961e+17 1.57849e+16 8615660000000000.0 31096200000.0 5.75041e+17 4.25482e+16 5.15108e+16 34983300000000.0 1809450000000000.0 6579850000000000.0 2.61547e+16 -4.54 4.317 [-4.54]
1.23031e+18 1.77912e+22 348940000000000.0 1.03443e+17 1.92206e+17 1.56752e+16 8268070000000000.0 33110300000.0 5.50267e+17 3.96654e+16 4.60327e+16 36954900000000.0 1862100000000000.0 6489620000000000.0 2.46787e+16 -4.52 4.316 [-4.52]
1.2305e+18 1.6918e+22 358324000000000.0 1.01603e+17 1.81162e+17 1.55699e+16 7926900000000000.0 35293500000.0 5.26733e+17 3.69171e+16 4.10732e+16 38992200000000.0 1914770000000000.0 6398210000000000.0 2.32802e+16 -4.5 4.314 [-4.5]
1.23036e+18 1.60877e+22 367692000000000.0 9.97755e+16 1.70729e+17 1.54606e+16 7591890000000000.0 37612500000.0 5.04222e+17 3.43035e+16 3.65885e+16 41057600000000.0 1966230000000000.0 6301540000000000.0 2.19511e+16 -4.48 4.313 [-4.48]
1.2303e+18 1.52946e+22 377015000000000.0 9.79141e+16 1.60816e+17 1.53418e+16 7263530000000000.0 40100900000.0 4.82492e+17 3.18239e+16 3.25424e+16 43163200000000.0 2016040000000000.0 6197670000000000.0 2.06795e+16 -4.46 4.311 [-4.46]
1.23049e+18 1.45421e+22 386396000000000.0 9.60712e+16 1.5149e+17 1.52245e+16 6942330000000000.0 42798700000.0 4.61776e+17 2.94758e+16 2.88993e+16 45288500000000.0 2064370000000000.0 6091950000000000.0 1.94746e+16 -4.44 4.31 [-4.44]
1.23036e+18 1.38271e+22 395771000000000.0 9.42467e+16 1.42692e+17 1.51034e+16 6628000000000000.0 45672400000.0 4.41979e+17 2.72568e+16 2.56232e+16 47432400000000.0 2111080000000000.0 5981630000000000.0 1.83336e+16 -4.42 4.308 [-4.42]
1.23029e+18 1.31467e+22 405313000000000.0 9.24269e+16 1.34353e+17 1.49765e+16 6321250000000000.0 48786500000.0 4.22965e+17 2.51652e+16 2.26866e+16 49621300000000.0 2156570000000000.0 5865460000000000.0 1.7249e+16 -4.4 4.306 [-4.4]
1.23049e+18 1.25005e+22 414932000000000.0 9.06259e+16 1.26496e+17 1.4848e+16 6022260000000000.0 52164900000.0 4.04802e+17 2.31975e+16 2.00549e+16 51836600000000.0 2200500000000000.0 5746500000000000.0 1.6223e+16 -4.38 4.305 [-4.38]
1.23035e+18 1.18847e+22 424236000000000.0 8.8806e+16 1.1908e+17 1.47143e+16 5730680000000000.0 55766500000.0 3.87371e+17 2.1349e+16 1.77011e+16 53981400000000.0 2240200000000000.0 5623870000000000.0 1.52505e+16 -4.36 4.303 [-4.36]
1.23032e+18 1.13014e+22 434004000000000.0 8.70417e+16 1.1208e+17 1.45786e+16 5447540000000000.0 59686200000.0 3.70753e+17 1.96185e+16 1.56012e+16 56227800000000.0 2280460000000000.0 5497170000000000.0 1.43343e+16 -4.34 4.301 [-4.34]
1.23036e+18 1.07428e+22 443219000000000.0 8.52193e+16 1.05437e+17 1.44309e+16 5172680000000000.0 63878200000.0 3.5464e+17 1.80003e+16 1.373e+16 58374700000000.0 2315140000000000.0 5364720000000000.0 1.3462e+16 -4.32 4.299 [-4.32]
1.23028e+18 1.02144e+22 452775000000000.0 8.34496e+16 9.91972e+16 1.4286e+16 4905780000000000.0 68443000000.0 3.39355e+17 1.64895e+16 1.20664e+16 60529200000000.0 2348370000000000.0 5231810000000000.0 1.26434e+16 -4.3 4.297 [-4.3]
1.23044e+18 9.7126e+21 462282000000000.0 8.16994e+16 9.33191e+16 1.41376e+16 4647510000000000.0 73375300000.0 3.24743e+17 1.50834e+16 1.0589e+16 62674000000000.0 2379120000000000.0 5096750000000000.0 1.1873e+16 -4.28 4.296 [-4.28]
1.23031e+18 9.23069e+21 471337000000000.0 7.98912e+16 8.77093e+16 1.39724e+16 4398090000000000.0 78652600000.0 3.10488e+17 1.37776e+16 9279580000000000.0 64733200000000.0 2404550000000000.0 4953800000000000.0 1.11396e+16 -4.26 4.294 [-4.26]
1.23028e+18 8.77553e+21 480535000000000.0 7.81342e+16 8.24527e+16 1.38103e+16 4157350000000000.0 84360700000.0 2.96985e+17 1.25662e+16 8121460000000000.0 66762000000000.0 2427700000000000.0 4811950000000000.0 1.04545e+16 -4.24 4.292 [-4.24]
1.23027e+18 8.34396e+21 489814000000000.0 7.64092e+16 7.75099e+16 1.36472e+16 3925130000000000.0 90563400000.0 2.84121e+17 1.14448e+16 7098500000000000.0 68756200000000.0 2448290000000000.0 4669880000000000.0 9812570000000000.0 -4.22 4.29 [-4.22]
1.23033e+18 7.93224e+21 498962000000000.0 7.46743e+16 7.28247e+16 1.34748e+16 3702140000000000.0 97261100000.0 2.71697e+17 1.04097e+16 6196610000000000.0 70693400000000.0 2465030000000000.0 4524170000000000.0 9207680000000000.0 -4.2 4.288 [-4.2]
1.23029e+18 7.542e+21 508143000000000.0 7.29739e+16 6.84239e+16 1.3303e+16 3486930000000000.0 104525000000.0 2.59895e+17 9453970000000000.0 5402160000000000.0 72557000000000.0 2478560000000000.0 4379850000000000.0 8642200000000000.0 -4.18 4.286 [-4.18]
1.2305e+18 7.17118e+21 517235000000000.0 7.12916e+16 6.42771e+16 1.31274e+16 3280450000000000.0 112413000000.0 2.48601e+17 8573730000000000.0 4703020000000000.0 74367600000000.0 2489010000000000.0 4235420000000000.0 8112670000000000.0 -4.16 4.284 [-4.16]
1.23029e+18 6.81831e+21 526188000000000.0 6.96133e+16 6.03615e+16 1.29463e+16 3082780000000000.0 120872000000.0 2.37758e+17 7765380000000000.0 4090110000000000.0 76068300000000.0 2495180000000000.0 4090270000000000.0 7616340000000000.0 -4.14 4.283 [-4.14]
1.23048e+18 6.48283e+21 535096000000000.0 6.79521e+16 5.66709e+16 1.27618e+16 2893310000000000.0 130126000000.0 2.27384e+17 7023270000000000.0 3552300000000000.0 77695500000000.0 2497950000000000.0 3946000000000000.0 7151970000000000.0 -4.12 4.28 [-4.12]
1.23042e+18 6.1641e+21 543966000000000.0 6.63095e+16 5.31894e+16 1.25733e+16 2712300000000000.0 140089000000.0 2.17454e+17 6344030000000000.0 3081830000000000.0 79249400000000.0 2497650000000000.0 3802100000000000.0 6718040000000000.0 -4.1 4.279 [-4.1]
1.23045e+18 5.86077e+21 552614000000000.0 6.46758e+16 4.99059e+16 1.23801e+16 2539640000000000.0 150882000000.0 2.07929e+17 5723430000000000.0 2670650000000000.0 80689500000000.0 2493300000000000.0 3659280000000000.0 6312380000000000.0 -4.08 4.276 [-4.08]
1.23044e+18 5.57232e+21 561138000000000.0 6.30568e+16 4.68102e+16 1.21828e+16 2375230000000000.0 162574000000.0 1.98804e+17 5157220000000000.0 2311630000000000.0 82034100000000.0 2485520000000000.0 3517860000000000.0 5933580000000000.0 -4.06 4.274 [-4.06]
1.23033e+18 5.29781e+21 569534000000000.0 6.14482e+16 4.38889e+16 1.19809e+16 2218960000000000.0 175218000000.0 1.90045e+17 4641110000000000.0 1998790000000000.0 83274900000000.0 2474150000000000.0 3377840000000000.0 5579580000000000.0 -4.04 4.272 [-4.04]
1.23029e+18 5.03742e+21 577989000000000.0 5.98689e+16 4.11375e+16 1.17771e+16 2070250000000000.0 188961000000.0 1.81691e+17 4171360000000000.0 1726400000000000.0 84449700000000.0 2460530000000000.0 3240240000000000.0 5250180000000000.0 -4.02 4.27 [-4.02]
1.23031e+18 4.78952e+21 586138000000000.0 5.82987e+16 3.85466e+16 1.15695e+16 1929190000000000.0 203802000000.0 1.73678e+17 3744650000000000.0 1489540000000000.0 85503400000000.0 2443260000000000.0 3105470000000000.0 4942480000000000.0 -4.0 4.268 [-4.0]
1.2304e+18 4.55408e+21 594229000000000.0 5.67505e+16 3.61046e+16 1.1359e+16 1795710000000000.0 219971000000.0 1.66012e+17 3358020000000000.0 1283910000000000.0 86473100000000.0 2423380000000000.0 2973230000000000.0 4655930000000000.0 -3.98 4.266 [-3.98]
1.23035e+18 4.32984e+21 602103000000000.0 5.52139e+16 3.38026e+16 1.11449e+16 1669260000000000.0 237401000000.0 1.5866e+17 3007680000000000.0 1105480000000000.0 87325900000000.0 2400330000000000.0 2844010000000000.0 4388270000000000.0 -3.96 4.264 [-3.96]
1.23037e+18 4.11674e+21 609757000000000.0 5.36977e+16 3.16361e+16 1.09283e+16 1549940000000000.0 256296000000.0 1.51626e+17 2690610000000000.0 950684000000000.0 88095300000000.0 2375010000000000.0 2718140000000000.0 4138860000000000.0 -3.94 4.262 [-3.94]
1.23038e+18 3.91423e+21 617413000000000.0 5.22027e+16 2.95954e+16 1.071e+16 1437180000000000.0 276843000000.0 1.449e+17 2404280000000000.0 816885000000000.0 88773200000000.0 2347370000000000.0 2595870000000000.0 3906090000000000.0 -3.92 4.26 [-3.92]
1.23035e+18 3.7218e+21 624742000000000.0 5.07252e+16 2.76762e+16 1.04887e+16 1331550000000000.0 298957000000.0 1.38452e+17 2146540000000000.0 701245000000000.0 89359400000000.0 2317500000000000.0 2476880000000000.0 3689190000000000.0 -3.9 4.257 [-3.9]
1.23041e+18 3.5388e+21 632007000000000.0 4.92697e+16 2.5869e+16 1.02663e+16 1231760000000000.0 323083000000.0 1.32291e+17 1913950000000000.0 601332000000000.0 89868100000000.0 2285840000000000.0 2362050000000000.0 3486330000000000.0 -3.88 4.255 [-3.88]
1.23053e+18 3.36506e+21 639212000000000.0 4.78387e+16 2.41683e+16 1.00425e+16 1138280000000000.0 349284000000.0 1.26399e+17 1704800000000000.0 515082000000000.0 90314200000000.0 2252760000000000.0 2250720000000000.0 3297110000000000.0 -3.86 4.253 [-3.86]
1.23033e+18 3.19906e+21 645785000000000.0 4.64121e+16 2.25683e+16 9815020000000000.0 1050600000000000.0 377391000000.0 1.20729e+17 1516880000000000.0 440710000000000.0 90620400000000.0 2216780000000000.0 2143420000000000.0 3119490000000000.0 -3.84 4.251 [-3.84]
1.2304e+18 3.04139e+21 652489000000000.0 4.50125e+16 2.10615e+16 9587160000000000.0 968175000000000.0 408111000000.0 1.15309e+17 1347550000000000.0 376557000000000.0 90885700000000.0 2180000000000000.0 2040020000000000.0 2953000000000000.0 -3.82 4.249 [-3.82]
1.23049e+18 2.89137e+21 658810000000000.0 4.36302e+16 1.9647e+16 9358060000000000.0 891435000000000.0 441443000000.0 1.10116e+17 1196520000000000.0 321536000000000.0 91059500000000.0 2141460000000000.0 1940840000000000.0 2796910000000000.0 -3.8 4.247 [-3.8]
1.23029e+18 2.74906e+21 665065000000000.0 4.22774e+16 1.83178e+16 9129190000000000.0 819794000000000.0 477439000000.0 1.05163e+17 1061260000000000.0 274248000000000.0 91192100000000.0 2102580000000000.0 1845480000000000.0 2650740000000000.0 -3.78 4.244 [-3.78]
1.23051e+18 2.61373e+21 670936000000000.0 4.09446e+16 1.70731e+16 8900720000000000.0 753063000000000.0 516692000000.0 1.00422e+17 940319000000000.0 233647000000000.0 91254300000000.0 2062460000000000.0 1754890000000000.0 2512920000000000.0 -3.76 4.242 [-3.76]
1.23029e+18 2.48505e+21 676736000000000.0 3.96369e+16 1.59012e+16 8671720000000000.0 690876000000000.0 558983000000.0 9.58891e+16 831808000000000.0 198776000000000.0 91276200000000.0 2022140000000000.0 1667620000000000.0 2383350000000000.0 -3.74 4.24 [-3.74]
1.23028e+18 2.3622e+21 682229000000000.0 3.8343e+16 1.48002e+16 8441970000000000.0 632905000000000.0 605066000000.0 9.15317e+16 734876000000000.0 168950000000000.0 91215700000000.0 1980360000000000.0 1584600000000000.0 2260360000000000.0 -3.72 4.238 [-3.72]
1.23033e+18 2.24572e+21 687562000000000.0 3.70794e+16 1.37692e+16 8213910000000000.0 579194000000000.0 655081000000.0 8.73778e+16 648626000000000.0 143402000000000.0 91138400000000.0 1938880000000000.0 1505430000000000.0 2144380000000000.0 -3.7 4.235 [-3.7]
1.23036e+18 2.13528e+21 692517000000000.0 3.58437e+16 1.28064e+16 7987840000000000.0 529503000000000.0 709157000000.0 8.34156e+16 572087000000000.0 121605000000000.0 91012200000000.0 1897000000000000.0 1430570000000000.0 2034710000000000.0 -3.68 4.233 [-3.68]
1.23045e+18 2.02974e+21 697337000000000.0 3.46239e+16 1.19e+16 7761020000000000.0 483374000000000.0 768175000000.0 7.96043e+16 504034000000000.0 102997000000000.0 90846300000000.0 1854730000000000.0 1358830000000000.0 1930190000000000.0 -3.66 4.231 [-3.66]
1.23041e+18 1.92984e+21 702009000000000.0 3.34377e+16 1.1053e+16 7537020000000000.0 440932000000000.0 831728000000.0 7.59772e+16 443751000000000.0 87150400000000.0 90677400000000.0 1813340000000000.0 1290620000000000.0 1831130000000000.0 -3.64 4.229 [-3.64]
1.23027e+18 1.83452e+21 706275000000000.0 3.22695e+16 1.02598e+16 7313540000000000.0 401781000000000.0 900683000000.0 7.24944e+16 390322000000000.0 73670200000000.0 90445000000000.0 1771160000000000.0 1226020000000000.0 1736530000000000.0 -3.62 4.226 [-3.62]
1.23032e+18 1.74363e+21 710218000000000.0 3.11231e+16 9516260000000000.0 7091360000000000.0 365616000000000.0 975788000000.0 6.91569e+16 342926000000000.0 62174800000000.0 90189400000000.0 1728980000000000.0 1164940000000000.0 1645810000000000.0 -3.6 4.224 [-3.6]
1.23027e+18 1.65762e+21 714022000000000.0 3.00091e+16 8823760000000000.0 6872500000000000.0 332588000000000.0 1057090000000.0 6.59802e+16 301097000000000.0 52422300000000.0 89936700000000.0 1687750000000000.0 1106760000000000.0 1559650000000000.0 -3.58 4.222 [-3.58]
1.23035e+18 1.57552e+21 717495000000000.0 2.89156e+16 8175170000000000.0 6655220000000000.0 302120000000000.0 1145330000000.0 6.2931e+16 264072000000000.0 44149300000000.0 89650000000000.0 1646340000000000.0 1051920000000000.0 1476630000000000.0 -3.56 4.22 [-3.56]
1.2303e+18 1.49763e+21 720868000000000.0 2.78517e+16 7569810000000000.0 6441100000000000.0 274228000000000.0 1241150000000.0 6.00245e+16 231394000000000.0 37145400000000.0 89373700000000.0 1605930000000000.0 999693000000000.0 1397240000000000.0 -3.54 4.217 [-3.54]
1.23047e+18 1.42344e+21 723843000000000.0 2.68108e+16 7005130000000000.0 6229310000000000.0 248680000000000.0 1345340000000.0 5.72375e+16 202622000000000.0 31223700000000.0 89072300000000.0 1565410000000000.0 950535000000000.0 1320840000000000.0 -3.52 4.215 [-3.52]
1.23044e+18 1.35296e+21 726612000000000.0 2.57974e+16 6478690000000000.0 6020690000000000.0 225322000000000.0 1457760000000.0 5.45754e+16 177241000000000.0 26210500000000.0 88762200000000.0 1525620000000000.0 903775000000000.0 1247590000000000.0 -3.5 4.213 [-3.5]
1.23037e+18 1.28595e+21 729125000000000.0 2.48109e+16 5987840000000000.0 5815600000000000.0 203934000000000.0 1579730000000.0 5.20343e+16 154888000000000.0 21979500000000.0 88455300000000.0 1486490000000000.0 859663000000000.0 1176970000000000.0 -3.48 4.211 [-3.48]
1.23029e+18 1.22219e+21 731375000000000.0 2.38494e+16 5530960000000000.0 5613470000000000.0 184451000000000.0 1711680000000.0 4.95999e+16 135258000000000.0 18414200000000.0 88131700000000.0 1447800000000000.0 817709000000000.0 1109150000000000.0 -3.46 4.208 [-3.46]
1.23046e+18 1.16176e+21 733469000000000.0 2.29182e+16 5106080000000000.0 5415740000000000.0 166685000000000.0 1855250000000.0 4.72812e+16 118001000000000.0 15410000000000.0 87832100000000.0 1410000000000000.0 778009000000000.0 1044020000000000.0 -3.44 4.206 [-3.44]
1.23051e+18 1.10403e+21 735226000000000.0 2.20078e+16 4709970000000000.0 5220610000000000.0 150463000000000.0 2010860000000.0 4.50534e+16 102849000000000.0 12884200000000.0 87514800000000.0 1372240000000000.0 740437000000000.0 981081000000000.0 -3.42 4.204 [-3.42]
1.23042e+18 1.04916e+21 736645000000000.0 2.11234e+16 4342310000000000.0 5029280000000000.0 135717000000000.0 2178170000000.0 4.29234e+16 89564300000000.0 10761400000000.0 87179900000000.0 1335120000000000.0 704715000000000.0 920626000000000.0 -3.4 4.201 [-3.4]
1.23035e+18 9.97168e+20 737956000000000.0 2.02691e+16 4001110000000000.0 4842730000000000.0 122319000000000.0 2359330000000.0 4.08958e+16 77923900000000.0 8979350000000.0 86869600000000.0 1298950000000000.0 670779000000000.0 862683000000000.0 -3.38 4.199 [-3.38]
1.23047e+18 9.47707e+20 738932000000000.0 1.94392e+16 3684960000000000.0 4659970000000000.0 110162000000000.0 2555370000000.0 3.89546e+16 67734700000000.0 7484570000000.0 86545300000000.0 1263200000000000.0 638520000000000.0 807107000000000.0 -3.36 4.197 [-3.36]
1.23034e+18 9.00616e+20 739542000000000.0 1.86336e+16 3391500000000000.0 4481150000000000.0 99116500000000.0 2766150000000.0 3.70976e+16 58817400000000.0 6231040000000.0 86215700000000.0 1227810000000000.0 607940000000000.0 753713000000000.0 -3.34 4.194 [-3.34]
1.23028e+18 8.55904e+20 740017000000000.0 1.78544e+16 3119810000000000.0 4306810000000000.0 89104800000000.0 2994640000000.0 3.53249e+16 51021900000000.0 5181580000000.0 85894500000000.0 1193120000000000.0 578825000000000.0 702615000000000.0 -3.32 4.192 [-3.32]
1.23048e+18 8.13384e+20 740483000000000.0 1.71005e+16 2867380000000000.0 4136660000000000.0 80026600000000.0 3244190000000.0 3.36299e+16 44217600000000.0 4304840000000.0 85598800000000.0 1159040000000000.0 550988000000000.0 653681000000000.0 -3.3 4.19 [-3.3]
1.23039e+18 7.72947e+20 740495000000000.0 1.63707e+16 2634020000000000.0 3970750000000000.0 71820100000000.0 3510380000000.0 3.20092e+16 38289000000000.0 3573050000000.0 85281300000000.0 1125400000000000.0 524489000000000.0 606965000000000.0 -3.28 4.188 [-3.28]
1.23028e+18 7.34402e+20 740243000000000.0 1.56636e+16 2417400000000000.0 3808730000000000.0 64376900000000.0 3796800000000.0 3.04564e+16 33104500000000.0 2960670000000.0 84965800000000.0 1092220000000000.0 499108000000000.0 562305000000000.0 -3.26 4.185 [-3.26]
1.23048e+18 6.9789e+20 740040000000000.0 1.49831e+16 2217530000000000.0 3651630000000000.0 57671600000000.0 4109140000000.0 2.89765e+16 28604300000000.0 2451910000000.0 84673200000000.0 1059720000000000.0 474819000000000.0 520007000000000.0 -3.24 4.183 [-3.24]
1.23029e+18 6.6304e+20 739369000000000.0 1.43234e+16 2032150000000000.0 3498230000000000.0 51604300000000.0 4440480000000.0 2.75568e+16 24680400000000.0 2027320000000.0 84358700000000.0 1027610000000000.0 451498000000000.0 479688000000000.0 -3.22 4.181 [-3.22]
1.2305e+18 6.30034e+20 738731000000000.0 1.36893e+16 1861570000000000.0 3349790000000000.0 46147500000000.0 4801960000000.0 2.62042e+16 21276600000000.0 1674720000000.0 84070000000000.0 996081000000000.0 429191000000000.0 441706000000000.0 -3.2 4.179 [-3.2]
1.23036e+18 5.98612e+20 737638000000000.0 1.30769e+16 1704040000000000.0 3205430000000000.0 41233700000000.0 5184620000000.0 2.4909e+16 18326500000000.0 1382400000000.0 83759900000000.0 964911000000000.0 407808000000000.0 405824000000000.0 -3.18 4.176 [-3.18]
1.23029e+18 5.68739e+20 736428000000000.0 1.24866e+16 1558830000000000.0 3065410000000000.0 36808700000000.0 5596760000000.0 2.3671e+16 15762300000000.0 1139060000000.0 83451600000000.0 934225000000000.0 387268000000000.0 372043000000000.0 -3.16 4.174 [-3.16]
1.23042e+18 5.40365e+20 735096000000000.0 1.19187e+16 1424820000000000.0 2929770000000000.0 32830000000000.0 6040450000000.0 2.24881e+16 13543400000000.0 937808000000.0 83158400000000.0 904088000000000.0 367509000000000.0 340327000000000.0 -3.14 4.172 [-3.14]
1.23031e+18 5.13365e+20 733471000000000.0 1.13712e+16 1301530000000000.0 2798230000000000.0 29257000000000.0 6512160000000.0 2.13562e+16 11622000000000.0 770926000000.0 82846200000000.0 874306000000000.0 348548000000000.0 310639000000000.0 -3.12 4.17 [-3.12]
1.23044e+18 4.87743e+20 731787000000000.0 1.08455e+16 1187960000000000.0 2671130000000000.0 26050000000000.0 7019260000000.0 2.02759e+16 9961570000000.0 633059000000.0 82548900000000.0 845165000000000.0 330281000000000.0 282918000000000.0 -3.1 4.167 [-3.1]
1.23031e+18 4.63319e+20 729742000000000.0 1.03383e+16 1083450000000000.0 2547810000000000.0 23172400000000.0 7555500000000.0 1.92399e+16 8527600000000.0 519193000000.0 82232800000000.0 816254000000000.0 312758000000000.0 257099000000000.0 -3.08 4.165 [-3.08]
1.23034e+18 4.39989e+20 727413000000000.0 9848500000000000.0 987016000000000.0 2427970000000000.0 20584200000000.0 8126470000000.0 1.82446e+16 7284980000000.0 424705000000.0 81910700000000.0 787717000000000.0 295845000000000.0 232989000000000.0 -3.06 4.163 [-3.06]
1.23028e+18 4.17989e+20 725070000000000.0 9381580000000000.0 899050000000000.0 2313160000000000.0 18281400000000.0 8734870000000.0 1.73008e+16 6221190000000.0 347463000000.0 81596900000000.0 759865000000000.0 279699000000000.0 210869000000000.0 -3.04 4.161 [-3.04]
1.2304e+18 3.97069e+20 722511000000000.0 8933150000000000.0 818243000000000.0 2202290000000000.0 16218700000000.0 9382230000000.0 1.63984e+16 5303190000000.0 283707000000.0 81292300000000.0 732503000000000.0 264199000000000.0 190420000000000.0 -3.02 4.159 [-3.02]
1.23031e+18 3.7724e+20 719905000000000.0 8503910000000000.0 744222000000000.0 2095580000000000.0 14380200000000.0 10065600000000.0 1.55379e+16 4517410000000.0 231564000000.0 80977900000000.0 705747000000000.0 249304000000000.0 171674000000000.0 -3.0 4.156 [-3.0]
1.23029e+18 3.58517e+20 717085000000000.0 8094910000000000.0 676857000000000.0 1993420000000000.0 12744800000000.0 10784500000000.0 1.4721e+16 3844470000000.0 188833000000.0 80665800000000.0 679683000000000.0 235130000000000.0 154562000000000.0 -2.98 4.154 [-2.98]
1.23042e+18 3.40642e+20 714038000000000.0 7701030000000000.0 614792000000000.0 1894470000000000.0 11283700000000.0 11546000000000.0 1.39363e+16 3268020000000.0 153871000000.0 80356800000000.0 654026000000000.0 221469000000000.0 138823000000000.0 -2.96 4.152 [-2.96]
1.23032e+18 3.23581e+20 710800000000000.0 7321900000000000.0 557785000000000.0 1798840000000000.0 9974270000000.0 12343100000000.0 1.3184e+16 2770550000000.0 125008000000.0 80027400000000.0 628802000000000.0 208357000000000.0 124385000000000.0 -2.94 4.15 [-2.94]
1.2305e+18 3.07411e+20 707453000000000.0 6959580000000000.0 505792000000000.0 1706990000000000.0 8812360000000.0 13187400000000.0 1.24667e+16 2347150000000.0 101515000000.0 79714200000000.0 604176000000000.0 195836000000000.0 111278000000000.0 -2.92 4.148 [-2.92]
1.23037e+18 2.92116e+20 703887000000000.0 6614380000000000.0 458451000000000.0 1619110000000000.0 7782070000000.0 14059300000000.0 1.17849e+16 1986830000000.0 82383900000.0 79377300000000.0 580284000000000.0 183894000000000.0 99420600000000.0 -2.9 4.145 [-2.9]
1.23034e+18 2.77616e+20 700199000000000.0 6284630000000000.0 415416000000000.0 1534840000000000.0 6866570000000.0 14972400000000.0 1.11353e+16 1679110000000.0 66743500000.0 79042500000000.0 556960000000000.0 172570000000000.0 88702300000000.0 -2.88 4.143 [-2.88]
1.23027e+18 2.63753e+20 696268000000000.0 5967250000000000.0 375897000000000.0 1453390000000000.0 6050500000000.0 15924600000000.0 1.05114e+16 1416390000000.0 53980600000.0 78700700000000.0 534092000000000.0 161690000000000.0 78951500000000.0 -2.86 4.141 [-2.86]
1.2304e+18 2.50596e+20 692212000000000.0 5664150000000000.0 339830000000000.0 1375310000000000.0 5325020000000.0 16917100000000.0 9916510000000000.0 1192300000000.0 43578800000.0 78355800000000.0 511891000000000.0 151312000000000.0 70144100000000.0 -2.84 4.139 [-2.84]
1.2303e+18 2.38068e+20 687895000000000.0 5373740000000000.0 307013000000000.0 1300250000000000.0 4682980000000.0 17940100000000.0 9347730000000000.0 1002680000000.0 35141300000.0 77998800000000.0 490183000000000.0 141452000000000.0 62223100000000.0 -2.82 4.137 [-2.82]
1.23028e+18 2.2628e+20 683552000000000.0 5098930000000000.0 277387000000000.0 1228990000000000.0 4116920000000.0 18998200000000.0 8810470000000000.0 842367000000.0 28327500000.0 77647500000000.0 469301000000000.0 132160000000000.0 55172600000000.0 -2.8 4.135 [-2.8]
1.23043e+18 2.15e+20 678936000000000.0 4834660000000000.0 250224000000000.0 1160230000000000.0 3612910000000.0 20093700000000.0 8294470000000000.0 705771000000.0 22756500000.0 77283200000000.0 448893000000000.0 123277000000000.0 48794000000000.0 -2.78 4.133 [-2.78]
1.23032e+18 2.04257e+20 674141000000000.0 4581680000000000.0 225509000000000.0 1094260000000000.0 3166940000000.0 21214000000000.0 7801660000000000.0 590300000000.0 18269800000.0 76901900000000.0 429030000000000.0 114846000000000.0 43084200000000.0 -2.76 4.13 [-2.76]
1.23036e+18 1.93935e+20 668957000000000.0 4337680000000000.0 202822000000000.0 1030450000000000.0 2770170000000.0 22364700000000.0 7326850000000000.0 492241000000.0 14613700000.0 76500700000000.0 409587000000000.0 106766000000000.0 37921600000000.0 -2.74 4.128 [-2.74]
1.23033e+18 1.84319e+20 663902000000000.0 4109240000000000.0 182623000000000.0 970588000000000.0 2424180000000.0 23539900000000.0 6883410000000000.0 410411000000.0 11693600000.0 76106500000000.0 391095000000000.0 99283200000000.0 33417400000000.0 -2.72 4.126 [-2.72]
1.23041e+18 1.75027e+20 658458000000000.0 3887830000000000.0 163997000000000.0 912448000000000.0 2115950000000.0 24746400000000.0 6454250000000000.0 341081000000.0 9316750000.0 75702700000000.0 372888000000000.0 92098800000000.0 29345400000000.0 -2.7 4.124 [-2.7]
1.23039e+18 1.66402e+20 653152000000000.0 3681440000000000.0 147512000000000.0 858169000000000.0 1848700000000.0 25967500000000.0 6055170000000000.0 283627000000.0 7431940000.0 75293900000000.0 355698000000000.0 85474600000000.0 25813800000000.0 -2.68 4.122 [-2.68]
1.2303e+18 1.58132e+20 647563000000000.0 3483010000000000.0 132431000000000.0 805921000000000.0 1611890000000.0 27205200000000.0 5672190000000000.0 235167000000.0 5916880000.0 74857100000000.0 338966000000000.0 79168200000000.0 22649600000000.0 -2.66 4.12 [-2.66]
1.23047e+18 1.50266e+20 641771000000000.0 3293840000000000.0 118770000000000.0 756041000000000.0 1403380000000.0 28467100000000.0 5307770000000000.0 194534000000.0 4671030000.0 74420300000000.0 322779000000000.0 73242400000000.0 19843800000000.0 -2.64 4.118 [-2.64]
1.23037e+18 1.42792e+20 635839000000000.0 3113660000000000.0 106438000000000.0 708541000000000.0 1220440000000.0 29734300000000.0 4961940000000000.0 160620000000.0 3696740000.0 73962500000000.0 307164000000000.0 67680600000000.0 17368300000000.0 -2.62 4.116 [-2.62]
1.23029e+18 1.35705e+20 629762000000000.0 2942470000000000.0 95317100000000.0 663396000000000.0 1060210000000.0 31011900000000.0 4634280000000000.0 132402000000.0 2918870000.0 73490800000000.0 292149000000000.0 62470000000000.0 15187100000000.0 -2.6 4.114 [-2.6]
1.23046e+18 1.28973e+20 623540000000000.0 2779640000000000.0 85269300000000.0 620452000000000.0 919549000000.0 32307200000000.0 4323500000000000.0 108845000000.0 2295080000.0 73011000000000.0 277693000000000.0 57588800000000.0 13262500000000.0 -2.58 4.112 [-2.58]
1.23035e+18 1.22583e+20 617160000000000.0 2624890000000000.0 76223800000000.0 579694000000000.0 796639000000.0 33595400000000.0 4029450000000000.0 89332400000.0 1765590000.0 72504500000000.0 263806000000000.0 53024800000000.0 11572000000000.0 -2.56 4.11 [-2.56]
1.23028e+18 1.16501e+20 610597000000000.0 2477510000000000.0 68062900000000.0 540922000000000.0 689001000000.0 34888000000000.0 3750560000000000.0 73115900000.0 1369860000.0 71985300000000.0 250417000000000.0 48761200000000.0 10083300000000.0 -2.54 4.108 [-2.54]
1.23042e+18 1.1073e+20 603929000000000.0 2337580000000000.0 60719300000000.0 504161000000000.0 595024000000.0 36189700000000.0 3486860000000000.0 59701200000.0 1054540000.0 71454200000000.0 237568000000000.0 44785800000000.0 8777050000000.0 -2.52 4.106 [-2.52]
1.23032e+18 1.05241e+20 597038000000000.0 2204560000000000.0 54113600000000.0 469299000000000.0 513047000000.0 37476500000000.0 3237460000000000.0 48624800000.0 800789000.0 70896900000000.0 225219000000000.0 41082500000000.0 7631630000000.0 -2.5 4.104 [-2.5]
1.23027e+18 1.00028e+20 590046000000000.0 2078250000000000.0 48180500000000.0 436298000000000.0 441677000000.0 38761200000000.0 3002090000000000.0 39511200000.0 590967000.0 70322300000000.0 213375000000000.0 37638600000000.0 6629300000000.0 -2.48 4.102 [-2.48]
1.23038e+18 9.50796e+19 582942000000000.0 1958410000000000.0 42855600000000.0 405089000000000.0 379614000000.0 40045800000000.0 2780120000000000.0 32024000000.0 468859000.0 69735600000000.0 202022000000000.0 34441000000000.0 5752930000000.0 -2.46 4.1 [-2.46]
1.2303e+18 9.03812e+19 575682000000000.0 1844790000000000.0 38085800000000.0 375626000000000.0 325764000000.0 41311600000000.0 2571170000000000.0 25891800000.0 323937000.0 69123400000000.0 191154000000000.0 31477800000000.0 4988360000000.0 -2.44 4.098 [-2.44]
1.23047e+18 8.59325e+19 568357000000000.0 1737350000000000.0 33823200000000.0 347890000000000.0 279163000000.0 42575700000000.0 2375050000000000.0 20885800000.0 256526000.0 68500700000000.0 180777000000000.0 28742100000000.0 4322790000000.0 -2.42 4.096 [-2.42]
1.23037e+18 8.17033e+19 560859000000000.0 1635440000000000.0 30008300000000.0 321745000000000.0 238810000000.0 43812900000000.0 2190690000000000.0 16801200000.0 169864000.0 67847900000000.0 170850000000000.0 26209500000000.0 3742850000000.0 -2.4 4.094 [-2.4]
1.2303e+18 7.76899e+19 553274000000000.0 1538940000000000.0 26599500000000.0 297137000000000.0 203947000000.0 45034800000000.0 2017640000000000.0 13480300000.0 107508000.0 67177200000000.0 161367000000000.0 23872300000000.0 3238060000000.0 -2.38 4.092 [-2.38]
1.23047e+18 7.38688e+19 545544000000000.0 1447340000000000.0 23546900000000.0 273944000000000.0 173791000000.0 46251000000000.0 1855080000000000.0 10778300000.0 0.0 66494000000000.0 152275000000000.0 21714100000000.0 2797850000000.0 -2.36 4.09 [-2.36]
1.23037e+18 7.02367e+19 537669000000000.0 1360580000000000.0 20823400000000.0 252167000000000.0 147813000000.0 47432700000000.0 1702890000000000.0 8591460000.0 0.0 65782200000000.0 143594000000000.0 19726100000000.0 2415410000000.0 -2.34 4.089 [-2.34]
1.2303e+18 6.67858e+19 529695000000000.0 1278440000000000.0 18394700000000.0 231733000000000.0 125464000000.0 48595100000000.0 1560520000000000.0 6825510000.0 0.0 65055200000000.0 135304000000000.0 17897700000000.0 2083260000000.0 -2.32 4.087 [-2.32]
1.23048e+18 6.35126e+19 521657000000000.0 1200840000000000.0 16233600000000.0 212621000000000.0 106295000000.0 49748000000000.0 1427760000000000.0 5417900000.0 0.0 64311500000000.0 127412000000000.0 16219800000000.0 1795480000000.0 -2.3 4.085 [-2.3]
1.23039e+18 6.04076e+19 513519000000000.0 1127580000000000.0 14316200000000.0 194802000000000.0 89911700000.0 50860800000000.0 1304370000000000.0 4280820000.0 0.0 63534800000000.0 119916000000000.0 14683500000000.0 1546920000000.0 -2.28 4.083 [-2.28]
1.23032e+18 5.74663e+19 505334000000000.0 1058520000000000.0 12614200000000.0 178205000000000.0 75914700000.0 51946700000000.0 1189810000000000.0 3369600000.0 0.0 62742000000000.0 112799000000000.0 13279300000000.0 1331960000000.0 -2.26 4.081 [-2.26]
1.23028e+18 5.46594e+19 497009000000000.0 993006000000000.0 11098100000000.0 162673000000000.0 63929900000.0 53007900000000.0 1082950000000000.0 2639880000.0 0.0 61932500000000.0 105990000000000.0 11991500000000.0 1145280000000.0 -2.24 4.079 [-2.24]
1.23042e+18 5.19905e+19 488619000000000.0 931075000000000.0 9752420000000.0 148214000000000.0 53717800000.0 54051000000000.0 983824000000000.0 2072190000.0 0.0 61110600000000.0 99504500000000.0 10815200000000.0 983781000000.0 -2.22 4.078 [-2.22]
1.23034e+18 4.94512e+19 480113000000000.0 872565000000000.0 8559750000000.0 134786000000000.0 45034800000.0 55051400000000.0 892071000000000.0 1611320000.0 0.0 60268500000000.0 93333100000000.0 9741350000000.0 844287000000.0 -2.2 4.076 [-2.2]
1.23029e+18 4.70526e+19 471651000000000.0 817636000000000.0 7508120000000.0 122401000000000.0 37694900000.0 56022300000000.0 807661000000000.0 1247050000.0 0.0 59394300000000.0 87531000000000.0 8766380000000.0 724512000000.0 -2.18 4.074 [-2.18]
1.23046e+18 4.47544e+19 463033000000000.0 765437000000000.0 6573160000000.0 110862000000000.0 31452900000.0 56973600000000.0 729393000000000.0 956693000.0 0.0 58525600000000.0 81949300000000.0 7875610000000.0 620466000000.0 -2.16 4.072 [-2.16]
1.23039e+18 4.25819e+19 454410000000000.0 716489000000000.0 5752830000000.0 100288000000000.0 26214300000.0 57877700000000.0 657900000000000.0 743362000.0 0.0 57629900000000.0 76700100000000.0 7070560000000.0 531497000000.0 -2.14 4.07 [-2.14]
1.23034e+18 4.05171e+19 445752000000000.0 670363000000000.0 5029320000000.0 90554700000000.0 21801300000.0 58748800000000.0 592305000000000.0 561962000.0 0.0 56710000000000.0 71736700000000.0 6340500000000.0 454954000000.0 -2.12 4.069 [-2.12]
1.23029e+18 3.8559e+19 437089000000000.0 627015000000000.0 4392170000000.0 81619800000000.0 18093000000.0 59584800000000.0 532294000000000.0 434594000.0 0.0 55782000000000.0 67046700000000.0 5679790000000.0 389154000000.0 -2.1 4.067 [-2.1]
1.23027e+18 3.66902e+19 428378000000000.0 586035000000000.0 3830530000000.0 73413400000000.0 14980600000.0 60388500000000.0 477402000000000.0 321649000.0 0.0 54836600000000.0 62592200000000.0 5081220000000.0 332507000000.0 -2.08 4.065 [-2.08]
1.23041e+18 3.49225e+19 419704000000000.0 547666000000000.0 3337350000000.0 65922700000000.0 12378200000.0 61162400000000.0 427470000000000.0 230724000.0 0.0 53889300000000.0 58400700000000.0 4541870000000.0 283912000000.0 -2.06 4.064 [-2.06]
1.23035e+18 3.32265e+19 410907000000000.0 511276000000000.0 2902170000000.0 59043000000000.0 10197500000.0 61891800000000.0 381817000000000.0 178176000.0 0.0 52934800000000.0 54390800000000.0 4052610000000.0 241956000000.0 -2.04 4.062 [-2.04]
1.2303e+18 3.16179e+19 402144000000000.0 477145000000000.0 2522160000000.0 52806900000000.0 8389350000.0 62586900000000.0 340537000000000.0 122169000.0 0.0 51953300000000.0 50635600000000.0 3613000000000.0 206207000000.0 -2.02 4.06 [-2.02]
1.23028e+18 3.01039e+19 393506000000000.0 445379000000000.0 2191270000000.0 47185400000000.0 6895170000.0 63242500000000.0 303484000000000.0 76718000.0 0.0 50974500000000.0 47131800000000.0 3220360000000.0 175759000000.0 -2.0 4.059 [-2.0]
1.23044e+18 2.86654e+19 384913000000000.0 415557000000000.0 1902370000000.0 42100700000000.0 5658660000.0 63873900000000.0 270046000000000.0 59770700.0 0.0 49978900000000.0 43845400000000.0 2867770000000.0 149787000000.0 -1.98 4.057 [-1.98]
1.23039e+18 2.72905e+19 376268000000000.0 387452000000000.0 1649060000000.0 37488000000000.0 4632900000.0 64457800000000.0 239837000000000.0 0.0 0.0 48975900000000.0 40732700000000.0 2550560000000.0 127472000000.0 -1.96 4.055 [-1.96]
1.23035e+18 2.59783e+19 367618000000000.0 361008000000000.0 1427710000000.0 33320600000000.0 3785940000.0 65007600000000.0 212660000000000.0 0.0 0.0 47972800000000.0 37788200000000.0 2265690000000.0 108361000000.0 -1.94 4.054 [-1.94]
1.23033e+18 2.47437e+19 359147000000000.0 336437000000000.0 1236440000000.0 29605500000000.0 3093970000.0 65522200000000.0 188500000000000.0 0.0 0.0 46965400000000.0 35064300000000.0 2012750000000.0 92205200000.0 -1.92 4.052 [-1.92]
1.23032e+18 2.35726e+19 350756000000000.0 313467000000000.0 1069950000000.0 26273000000000.0 2525140000.0 66002500000000.0 166904000000000.0 0.0 0.0 45962100000000.0 32512500000000.0 1786960000000.0 78418600000.0 -1.9 4.051 [-1.9]
1.23031e+18 2.24622e+19 342460000000000.0 292011000000000.0 925238000000.0 23290500000000.0 2058430000.0 66449400000000.0 147626000000000.0 0.0 0.0 44957300000000.0 30132200000000.0 1585630000000.0 66678000000.0 -1.88 4.049 [-1.88]
1.23034e+18 2.14034e+19 334186000000000.0 271904000000000.0 799536000000.0 20623500000000.0 1676150000.0 66866800000000.0 130434000000000.0 0.0 0.0 43945100000000.0 27903500000000.0 1405990000000.0 56676600000.0 -1.86 4.048 [-1.86]
1.23032e+18 2.03932e+19 325980000000000.0 253015000000000.0 689952000000.0 18232900000000.0 1362380000.0 67252000000000.0 115075000000000.0 0.0 0.0 42939100000000.0 25805300000000.0 1245310000000.0 48117500000.0 -1.84 4.046 [-1.84]
1.23032e+18 1.94363e+19 317896000000000.0 235422000000000.0 595188000000.0 16109700000000.0 1106740000.0 67607300000000.0 101465000000000.0 0.0 0.0 41935000000000.0 23858400000000.0 1102780000000.0 40859800000.0 -1.82 4.044 [-1.82]
1.23031e+18 1.85261e+19 309905000000000.0 218981000000000.0 513058000000.0 14220500000000.0 898182000.0 67934200000000.0 89386000000000.0 0.0 0.0 40934800000000.0 22042400000000.0 976026000000.0 34683700000.0 -1.8 4.043 [-1.8]
1.23028e+18 1.76558e+19 301917000000000.0 203598000000000.0 441987000000.0 12541800000000.0 728144000.0 68231900000000.0 78676500000000.0 0.0 0.0 39926600000000.0 20348500000000.0 863320000000.0 29432700000.0 -1.78 4.042 [-1.78]
1.23028e+18 1.68347e+19 294158000000000.0 189296000000000.0 380535000000.0 11054400000000.0 589803000.0 68505200000000.0 69212200000000.0 0.0 0.0 38940700000000.0 18777900000000.0 763491000000.0 24972600000.0 -1.76 4.04 [-1.76]
1.23028e+18 1.60543e+19 286518000000000.0 175964000000000.0 327464000000.0 9737400000000.0 477407000.0 68753800000000.0 60852300000000.0 0.0 0.0 37965000000000.0 17317100000000.0 674997000000.0 21185600000.0 -1.74 4.039 [-1.74]
1.23027e+18 1.53137e+19 279016000000000.0 163558000000000.0 281707000000.0 8574000000000.0 386206000.0 68978100000000.0 53483000000000.0 0.0 0.0 36998900000000.0 15965200000000.0 596709000000.0 17974900000.0 -1.72 4.037 [-1.72]
1.23027e+18 1.46073e+19 271613000000000.0 151964000000000.0 242178000000.0 7544330000000.0 312185000.0 69180600000000.0 46974200000000.0 0.0 0.0 36040800000000.0 14706400000000.0 527251000000.0 15246200000.0 -1.7 4.036 [-1.7]
1.23027e+18 1.39346e+19 264330000000000.0 141152000000000.0 208044000000.0 6633860000000.0 252172000.0 69361800000000.0 41232400000000.0 0.0 0.0 35094300000000.0 13536900000000.0 465708000000.0 12925500000.0 -1.68 4.034 [-1.68]
1.23028e+18 1.32972e+19 257213000000000.0 131119000000000.0 178719000000.0 5832820000000.0 203505000.0 69523700000000.0 36189200000000.0 0.0 0.0 34165000000000.0 12457200000000.0 411400000000.0 10963400000.0 -1.66 4.033 [-1.66]
1.2303e+18 1.26899e+19 250221000000000.0 121766000000000.0 153456000000.0 5126450000000.0 164202000.0 69668000000000.0 31750300000000.0 0.0 0.0 33247000000000.0 11457100000000.0 363352000000.0 9298560000.0 -1.64 4.031 [-1.64]
1.23039e+18 1.21145e+19 243403000000000.0 113096000000000.0 131777000000.0 4506020000000.0 132431000.0 69797600000000.0 27858300000000.0 0.0 0.0 32346800000000.0 10537000000000.0 321012000000.0 7891030000.0 -1.62 4.03 [-1.62]
1.23036e+18 1.15671e+19 236723000000000.0 105036000000000.0 113144000000.0 3960260000000.0 107000000.0 69903900000000.0 24440000000000.0 0.0 0.0 31460200000000.0 9688370000000.0 283630000000.0 6698810000.0 -1.6 4.029 [-1.6]
1.2303e+18 1.10457e+19 230178000000000.0 97532900000000.0 97111700000.0 3479650000000.0 86181200.0 69993300000000.0 21435900000000.0 0.0 0.0 30591100000000.0 8901530000000.0 250576000000.0 5686500000.0 -1.58 4.027 [-1.58]
1.23028e+18 1.05493e+19 223778000000000.0 90558900000000.0 83343900000.0 3057310000000.0 69288200.0 70070300000000.0 18800300000000.0 0.0 0.0 29738000000000.0 8176210000000.0 221404000000.0 4828950000.0 -1.56 4.026 [-1.56]
1.23027e+18 1.00772e+19 217532000000000.0 84082800000000.0 71523800000.0 2686230000000.0 55975200.0 70134400000000.0 16488400000000.0 0.0 0.0 28902900000000.0 7507940000000.0 195665000000.0 4102380000.0 -1.54 4.024 [-1.54]
1.23029e+18 9.62787e+18 211436000000000.0 78069500000000.0 61380800000.0 2360390000000.0 44857400.0 70187400000000.0 14461700000000.0 0.0 0.0 28086300000000.0 6892060000000.0 172954000000.0 3486650000.0 -1.52 4.023 [-1.52]
1.23028e+18 9.20026e+18 205490000000000.0 72487200000000.0 52679300000.0 2074300000000.0 36247600.0 70226400000000.0 12685000000000.0 0.0 0.0 27287700000000.0 6325650000000.0 152925000000.0 2964970000.0 -1.5 4.022 [-1.5]
1.23029e+18 8.79708e+18 199763000000000.0 67341700000000.0 45234200000.0 1823850000000.0 29012200.0 70256200000000.0 11132200000000.0 0.0 0.0 26516600000000.0 5808430000000.0 135323000000.0 2523820000.0 -1.48 4.02 [-1.48]
1.23028e+18 8.40996e+18 194126000000000.0 62537400000000.0 38835500000.0 1603480000000.0 22949300.0 70273700000000.0 9767970000000.0 0.0 0.0 25756700000000.0 5329830000000.0 119741000000.0 2149030000.0 -1.46 4.019 [-1.46]
1.23027e+18 8.04127e+18 188638000000000.0 58079500000000.0 33349000000.0 1410070000000.0 18548300.0 70281500000000.0 8572610000000.0 0.0 0.0 25015900000000.0 4890030000000.0 105995000000.0 1831190000.0 -1.44 4.018 [-1.44]
1.23036e+18 7.69364e+18 183358000000000.0 53981000000000.0 28660900000.0 1240910000000.0 14996800.0 70286300000000.0 7528630000000.0 0.0 0.0 24303100000000.0 4489120000000.0 93916300000.0 1562250000.0 -1.42 4.016 [-1.42]
1.23033e+18 7.35936e+18 178171000000000.0 50145800000000.0 24627400000.0 1091880000000.0 11664100.0 70275800000000.0 6610700000000.0 0.0 0.0 23602100000000.0 4117720000000.0 83210500000.0 1333320000.0 -1.4 4.015 [-1.4]
1.23031e+18 7.04172e+18 173145000000000.0 46596200000000.0 21170700000.0 961173000000.0 9435910.0 70258500000000.0 5806780000000.0 0.0 0.0 22922200000000.0 3778020000000.0 73771600000.0 1139060000.0 -1.38 4.014 [-1.38]
1.23031e+18 6.73971e+18 168268000000000.0 43317800000000.0 18213400000.0 846692000000.0 7238760.0 70234600000000.0 5103870000000.0 0.0 0.0 22263600000000.0 3466560000000.0 65451100000.0 974129000.0 -1.36 4.012 [-1.36]
1.23029e+18 6.45111e+18 163526000000000.0 40264300000000.0 15671400000.0 745961000000.0 5863100.0 70202800000000.0 4486420000000.0 0.0 0.0 21621700000000.0 3180780000000.0 58092400000.0 833877000.0 -1.34 4.011 [-1.34]
1.23029e+18 6.17705e+18 158945000000000.0 37440900000000.0 13493000000.0 657560000000.0 4394230.0 70165400000000.0 3945480000000.0 0.0 0.0 21001800000000.0 2919320000000.0 51600000000.0 714642000.0 -1.32 4.01 [-1.32]
1.23028e+18 5.91828e+18 154543000000000.0 34849600000000.0 11637100000.0 580460000000.0 3143770.0 70122700000000.0 3474580000000.0 0.0 0.0 20406800000000.0 2681560000000.0 45895000000.0 613637000.0 -1.3 4.009 [-1.3]
1.23028e+18 5.66979e+18 150250000000000.0 32425700000000.0 10032300000.0 512205000000.0 2549130.0 70074300000000.0 3058400000000.0 0.0 0.0 19826300000000.0 2462130000000.0 40823400000.0 527149000.0 -1.28 4.007 [-1.28]
1.23032e+18 5.43639e+18 146156000000000.0 30208800000000.0 8669300000.0 452864000000.0 1688370.0 70024000000000.0 2697350000000.0 0.0 0.0 19272800000000.0 2264040000000.0 36379000000.0 454090000.0 -1.26 4.006 [-1.26]
1.23029e+18 5.21062e+18 142131000000000.0 28125600000000.0 7485730000.0 400114000000.0 0.0 69964200000000.0 2376810000000.0 0.0 0.0 18728900000000.0 2080400000000.0 32410100000.0 391191000.0 -1.24 4.005 [-1.24]
1.23029e+18 4.99797e+18 138288000000000.0 26214300000000.0 6478290000.0 354173000000.0 0.0 69902400000000.0 2098440000000.0 0.0 0.0 18210200000000.0 1913620000000.0 28923100000.0 337872000.0 -1.22 4.004 [-1.22]
1.23028e+18 4.79161e+18 134502000000000.0 24414100000000.0 5599160000.0 313116000000.0 0.0 69835200000000.0 1850050000000.0 0.0 0.0 17700300000000.0 1757970000000.0 25795600000.0 291630000.0 -1.2 4.002 [-1.2]
1.23035e+18 4.59996e+18 130946000000000.0 22781100000000.0 4857550000.0 277703000000.0 0.0 69769600000000.0 1636290000000.0 0.0 0.0 17220500000000.0 1619780000000.0 23070700000.0 252843000.0 -1.18 4.001 [-1.18]
1.23031e+18 4.41167e+18 127397000000000.0 21229300000000.0 4205170000.0 245789000000.0 0.0 69693600000000.0 1444010000000.0 0.0 0.0 16743900000000.0 1488750000000.0 20607400000.0 218841000.0 -1.16 4.0 [-1.16]
1.23027e+18 4.23685e+18 124066000000000.0 19819600000000.0 3655440000.0 218323000000.0 0.0 69614900000000.0 1279090000000.0 0.0 0.0 16295800000000.0 1372420000000.0 18461600000.0 190338000.0 -1.14 3.999 [-1.14]
1.23033e+18 4.06728e+18 120793000000000.0 18497200000000.0 3173440000.0 193632000000.0 0.0 69538700000000.0 1130900000000.0 0.0 0.0 15857100000000.0 1263900000000.0 16530700000.0 165412000.0 -1.12 3.997 [-1.12]
1.2303e+18 3.90415e+18 117603000000000.0 17262000000000.0 2756250000.0 171765000000.0 0.0 69453900000000.0 1000020000000.0 0.0 0.0 15430600000000.0 1163550000000.0 14808000000.0 143883000.0 -1.1 3.997 [-1.1]
1.23028e+18 3.74897e+18 114534000000000.0 16119600000000.0 2397020000.0 152503000000.0 0.0 69368400000000.0 885048000000.0 0.0 0.0 15021100000000.0 1071790000000.0 13279400000.0 125381000.0 -1.08 3.995 [-1.08]
1.23027e+18 3.60061e+18 111568000000000.0 15058000000000.0 2086700000.0 135486000000.0 0.0 69280100000000.0 783731000000.0 0.0 0.0 14625900000000.0 987652000000.0 11918600000.0 109427000.0 -1.06 3.994 [-1.06]
1.23034e+18 3.4597e+18 108722000000000.0 14077000000000.0 1819420000.0 120503000000.0 0.0 69193800000000.0 694694000000.0 0.0 0.0 14247200000000.0 911256000000.0 10710900000.0 95716700.0 -1.04 3.993 [-1.04]
1.23032e+18 3.32503e+18 105972000000000.0 13166100000000.0 1588160000.0 107251000000.0 0.0 69101100000000.0 616155000000.0 0.0 0.0 13882000000000.0 841149000000.0 9634400000.0 83858300.0 -1.02 3.991 [-1.02]
1.23029e+18 3.19573e+18 103305000000000.0 12315400000000.0 1387130000.0 95481300000.0 0.0 69006300000000.0 546601000000.0 0.0 0.0 13528700000000.0 776437000000.0 8670940000.0 73552200.0 -1.0 3.99 [-1.0]
1.23028e+18 3.07245e+18 100738000000000.0 11526900000000.0 1213290000.0 85078800000.0 0.0 68910300000000.0 485341000000.0 0.0 0.0 13189500000000.0 717041000000.0 7812480000.0 64627700.0 -0.98 3.989 [-0.98]
1.23027e+18 2.9548e+18 98265900000000.0 10794700000000.0 1062550000.0 75868300000.0 0.0 68813400000000.0 431229000000.0 0.0 0.0 12863400000000.0 662749000000.0 7046030000.0 56887800.0 -0.96 3.988 [-0.96]
1.23033e+18 2.84203e+18 95876000000000.0 10112200000000.0 931522000.0 67695700000.0 0.0 68718300000000.0 383355000000.0 0.0 0.0 12548900000000.0 612818000000.0 6360120000.0 50153200.0 -0.94 3.987 [-0.94]
1.23031e+18 2.73472e+18 93579800000000.0 9480430000000.0 818041000.0 60467400000.0 0.0 68618100000000.0 341172000000.0 0.0 0.0 12247500000000.0 567058000000.0 5748120000.0 44304000.0 -0.92 3.986 [-0.92]
1.2303e+18 2.63176e+18 91357900000000.0 8890580000000.0 719087000.0 54039800000.0 0.0 68516700000000.0 303757000000.0 0.0 0.0 11956500000000.0 525010000000.0 5199090000.0 39196400.0 -0.9 3.985 [-0.9]
1.23028e+18 2.5332e+18 89213400000000.0 8341220000000.0 632868000.0 48327800000.0 0.0 68414500000000.0 270619000000.0 0.0 0.0 11676300000000.0 486303000000.0 4706840000.0 34733200.0 -0.88 3.984 [-0.88]
1.23027e+18 2.43924e+18 87152600000000.0 7831270000000.0 557840000.0 43259300000.0 0.0 68312200000000.0 241313000000.0 0.0 0.0 11407800000000.0 450819000000.0 4266060000.0 30836200.0 -0.86 3.982 [-0.86]
1.23027e+18 2.34913e+18 85161000000000.0 7355110000000.0 492265000.0 38748900000.0 0.0 68208900000000.0 215289000000.0 0.0 0.0 11148800000000.0 418359000000.0 3869930000.0 27423700.0 -0.84 3.981 [-0.84]
1.23031e+18 2.26291e+18 83241500000000.0 6911530000000.0 434988000.0 34732400000.0 0.0 68107400000000.0 192230000000.0 0.0 0.0 10900000000000.0 388221000000.0 3514050000.0 24424700.0 -0.82 3.98 [-0.82]
1.2303e+18 2.18043e+18 81390700000000.0 6498310000000.0 384911000.0 31157100000.0 0.0 68002800000000.0 171772000000.0 0.0 0.0 10660800000000.0 360553000000.0 3194130000.0 21791800.0 -0.8 3.979 [-0.8]
1.23029e+18 2.10132e+18 79602200000000.0 6112200000000.0 340999000.0 27967700000.0 0.0 67897700000000.0 153574000000.0 0.0 0.0 10430200000000.0 335100000000.0 2905880000.0 19473400.0 -0.78 3.978 [-0.78]
1.23028e+18 2.02568e+18 77880000000000.0 5752420000000.0 302537000.0 25125600000.0 0.0 67792400000000.0 137420000000.0 0.0 0.0 10208800000000.0 311676000000.0 2646420000.0 17431600.0 -0.76 3.977 [-0.76]
1.23027e+18 1.95344e+18 76223700000000.0 5417690000000.0 268868000.0 22595300000.0 0.0 67687000000000.0 123091000000.0 0.0 0.0 9996500000000.0 290164000000.0 2412930000.0 15633700.0 -0.74 3.976 [-0.74]
1.23027e+18 1.88387e+18 74618000000000.0 5103310000000.0 239123000.0 20323800000.0 0.0 67581900000000.0 110279000000.0 0.0 0.0 9791360000000.0 270130000000.0 2201400000.0 14035600.0 -0.72 3.975 [-0.72]
1.23027e+18 1.81722e+18 73069300000000.0 4809620000000.0 212979000.0 18296200000.0 0.0 67476600000000.0 98882900000.0 0.0 0.0 9594090000000.0 251699000000.0 2010460000.0 12622600.0 -0.7 3.973 [-0.7]
1.23032e+18 1.75352e+18 71580000000000.0 4535780000000.0 189983000.0 16485900000.0 0.0 67373400000000.0 88742100000.0 0.0 0.0 9404910000000.0 234785000000.0 1838060000.0 11372100.0 -0.68 3.972 [-0.68]
1.23027e+18 1.69225e+18 70136100000000.0 4278720000000.0 169643000.0 14860600000.0 0.0 67266100000000.0 79679000000.0 0.0 0.0 9222200000000.0 219023000000.0 1681690000.0 10257500.0 -0.66 3.971 [-0.66]
1.23031e+18 1.63348e+18 68744200000000.0 4038320000000.0 151690000.0 13405600000.0 0.0 67163000000000.0 71594800000.0 0.0 0.0 9046610000000.0 204488000000.0 1540110000.0 9266800.0 -0.64 3.97 [-0.64]
1.23027e+18 1.57707e+18 67397400000000.0 3813010000000.0 135807000.0 12101000000.0 0.0 67056000000000.0 64374700000.0 0.0 0.0 8877330000000.0 191022000000.0 1411690000.0 8383640.0 -0.62 3.969 [-0.62]
1.23028e+18 1.52303e+18 66100200000000.0 3602190000000.0 121751000.0 10931500000.0 0.0 66951900000000.0 57925900000.0 0.0 0.0 8714830000000.0 178595000000.0 1295210000.0 7596150.0 -0.6 3.968 [-0.6]
1.23027e+18 1.47127e+18 64849400000000.0 3404930000000.0 109307000.0 9883190000.0 0.0 66847400000000.0 52168500000.0 0.0 0.0 8558690000000.0 167133000000.0 1189530000.0 6893480.0 -0.58 3.966 [-0.58]
1.23028e+18 1.42146e+18 63638000000000.0 3219460000000.0 98245500.0 8939930000.0 0.0 66743700000000.0 47009800000.0 0.0 0.0 8408060000000.0 156461000000.0 1093330000.0 6263530.0 -0.56 3.965 [-0.56]
1.23027e+18 1.3735e+18 62464400000000.0 3045130000000.0 88402400.0 8090630000.0 0.0 66639900000000.0 42384900000.0 0.0 0.0 8262700000000.0 146525000000.0 1005680000.0 5698160.0 -0.54 3.964 [-0.54]
1.23028e+18 1.32764e+18 61335400000000.0 2882130000000.0 79657600.0 7327850000.0 0.0 66537600000000.0 38245200000.0 0.0 0.0 8123400000000.0 137362000000.0 925981000.0 5191430.0 -0.52 3.963 [-0.52]
1.23027e+18 1.28333e+18 60237100000000.0 2728230000000.0 71849700.0 6639770000.0 0.0 66434600000000.0 34527900000.0 0.0 0.0 7988440000000.0 128802000000.0 853176000.0 4735100.0 -0.5 3.962 [-0.5]
1.23028e+18 1.24104e+18 59182400000000.0 2584330000000.0 64901000.0 6021570000.0 0.0 66333700000000.0 31199700000.0 0.0 0.0 7859410000000.0 120908000000.0 786899000.0 4325290.0 -0.48 3.961 [-0.48]
1.23029e+18 1.2002e+18 58157600000000.0 2448500000000.0 58683800.0 5463220000.0 0.0 66233200000000.0 28206900000.0 0.0 0.0 7734580000000.0 113529000000.0 726273000.0 3955250.0 -0.46 3.959 [-0.46]
1.23028e+18 1.16089e+18 57164300000000.0 2320660000000.0 53121600.0 4959200000.0 0.0 66132100000000.0 25516100000.0 0.0 0.0 7614100000000.0 106659000000.0 670832000.0 3621080.0 -0.44 3.959 [-0.44]
1.23029e+18 1.12314e+18 56204400000000.0 2200390000000.0 48144300.0 4504610000.0 0.0 66032900000000.0 23098600000.0 0.0 0.0 7498260000000.0 100271000000.0 620141000.0 3319220.0 -0.42 3.957 [-0.42]
1.23029e+18 1.08674e+18 55272700000000.0 2086890000000.0 43677100.0 4093350000.0 0.0 65933700000000.0 20921100000.0 0.0 0.0 7386340000000.0 94296300000.0 573681000.0 3045690.0 -0.4 3.956 [-0.4]
1.2303e+18 1.05179e+18 54372100000000.0 1980120000000.0 39672100.0 3722150000.0 0.0 65836100000000.0 18962500000.0 0.0 0.0 7278700000000.0 88751900000.0 531139000.0 2798080.0 -0.38 3.955 [-0.38]
1.23029e+18 1.01814e+18 53499000000000.0 1879500000000.0 36073400.0 3386270000.0 0.0 65738500000000.0 17197100000.0 0.0 0.0 7174840000000.0 83581000000.0 492114000.0 2573380.0 -0.36 3.954 [-0.36]
1.23027e+18 9.85757e+17 52652700000000.0 1784580000000.0 32836000.0 3082340000.0 0.0 65641200000000.0 15606100000.0 0.0 0.0 7074720000000.0 78748200000.0 456293000.0 2369220.0 -0.34 3.953 [-0.34]
1.23029e+18 9.54524e+17 51831900000000.0 1694930000000.0 29918900.0 2806910000.0 0.0 65546900000000.0 14169600000.0 0.0 0.0 6978140000000.0 74235800000.0 423370000.0 2183440.0 -0.32 3.951 [-0.32]
1.23027e+18 9.24588e+17 51038100000000.0 1610540000000.0 27294600.0 2558180000.0 0.0 65451500000000.0 12877200000.0 0.0 0.0 6885290000000.0 70040100000.0 393152000.0 2014610.0 -0.3 3.95 [-0.3]
1.23027e+18 8.95581e+17 50264400000000.0 1530520000000.0 24919300.0 2331800000.0 0.0 65357800000000.0 11705600000.0 0.0 0.0 6795260000000.0 66091300000.0 365284000.0 1860270.0 -0.28 3.949 [-0.28]
1.23027e+18 8.67636e+17 49513200000000.0 1454850000000.0 22773200.0 2126520000.0 0.0 65265300000000.0 10647700000.0 0.0 0.0 6708440000000.0 62385300000.0 339625000.0 1719390.0 -0.26 3.948 [-0.26]
1.23027e+18 8.40694e+17 48783900000000.0 1383350000000.0 20831700.0 1940140000.0 0.0 65173500000000.0 9690200000.0 0.0 0.0 6624610000000.0 58926500000.0 315974000.0 1590650.0 -0.24 3.947 [-0.24]
1.23028e+18 8.1485e+17 48078600000000.0 1315910000000.0 19076700.0 1771320000.0 0.0 65083700000000.0 8825840000.0 0.0 0.0 6544120000000.0 55701700000.0 294196000.0 1473090.0 -0.22 3.946 [-0.22]
1.23027e+18 7.89735e+17 47388000000000.0 1251760000000.0 17481200.0 1617330000.0 0.0 64993600000000.0 8040510000.0 0.0 0.0 6465770000000.0 52653200000.0 274043000.0 1365130.0 -0.2 3.944 [-0.2]
1.23028e+18 7.65632e+17 46719800000000.0 1191200000000.0 16036000.0 1477690000.0 0.0 64905700000000.0 7330730000.0 0.0 0.0 6390540000000.0 49806300000.0 255459000.0 1266320.0 -0.18 3.943 [-0.18]
1.23028e+18 7.42308e+17 46068200000000.0 1133770000000.0 14721700.0 1350440000.0 0.0 64818100000000.0 6685980000.0 0.0 0.0 6317630000000.0 47129200000.0 238262000.0 1175530.0 -0.16 3.942 [-0.16]
1.23028e+18 7.19855e+17 45435400000000.0 1079390000000.0 13527700.0 1234820000.0 0.0 64732300000000.0 6102170000.0 0.0 0.0 6247400000000.0 44618800000.0 222369000.0 1081590.0 -0.14 3.941 [-0.14]
1.23028e+18 6.98103e+17 44817300000000.0 1027750000000.0 12439500.0 1129320000.0 0.0 64646800000000.0 5571110000.0 0.0 0.0 6179260000000.0 42252800000.0 207638000.0 892594.0 -0.12 3.939 [-0.12]
1.23028e+18 6.77116e+17 44215900000000.0 978813000000.0 11448400.0 1033220000.0 0.0 64562500000000.0 5088880000.0 0.0 0.0 6113460000000.0 40028900000.0 193995000.0 741224.0 -0.1 3.938 [-0.1]
1.23028e+18 6.56913e+17 43631200000000.0 932409000000.0 10545500.0 945836000.0 0.0 64480000000000.0 4651720000.0 0.0 0.0 6050080000000.0 37943500000.0 181362000.0 602333.0 -0.08 3.937 [-0.08]
1.23028e+18 6.37324e+17 43059700000000.0 888319000000.0 9720230.0 865942000.0 0.0 64398000000000.0 4253160000.0 0.0 0.0 5988550000000.0 35972000000.0 169629000.0 502119.0 -0.06 3.935 [-0.06]
1.23029e+18 6.18495e+17 42504300000000.0 846508000000.0 8967490.0 793295000.0 0.0 64317800000000.0 3891870000.0 0.0 0.0 5929370000000.0 34123700000.0 158755000.0 407662.0 -0.04 3.934 [-0.04]
1.23028e+18 6.00198e+17 41960300000000.0 806735000000.0 8277950.0 726746000.0 0.0 64238000000000.0 3561750000.0 0.0 0.0 5871810000000.0 32371400000.0 148639000.0 324319.0 -0.02 3.933 [-0.02]
1.23028e+18 5.82503e+17 41428800000000.0 768899000000.0 6995770.0 665987000.0 0.0 64159400000000.0 3261170000.0 0.0 0.0 5816090000000.0 30718000000.0 139236000.0 264022.0 -0.0 3.931 [-0.0]
1.23028e+18 5.65397e+17 40910000000000.0 732974000000.0 5406700.0 610481000.0 0.0 64081900000000.0 2987120000.0 0.0 0.0 5762180000000.0 29160200000.0 130491000.0 189413.0 0.02 3.93 [0.02]
1.23028e+18 5.48844e+17 40402800000000.0 698801000000.0 4340910.0 559741000.0 0.0 64005400000000.0 2737290000.0 0.0 0.0 5709970000000.0 27686800000.0 122353000.0 0.0 0.04 3.929 [0.04]
1.23028e+18 5.32849e+17 39907600000000.0 666324000000.0 3260410.0 513363000.0 0.0 63930300000000.0 2509470000.0 0.0 0.0 5659490000000.0 26294700000.0 114778000.0 0.0 0.06 3.927 [0.06]
1.23028e+18 5.17351e+17 39422600000000.0 635390000000.0 2436290.0 470936000.0 0.0 63856300000000.0 2301470000.0 0.0 0.0 5610550000000.0 24978700000.0 107719000.0 0.0 0.08 3.926 [0.08]
1.23027e+18 5.02361e+17 38948400000000.0 605961000000.0 1674390.0 432122000.0 0.0 63783300000000.0 2111620000.0 0.0 0.0 5563170000000.0 23733500000.0 101139000.0 0.0 0.1 3.924 [0.1]
1.23027e+18 4.8785e+17 38484100000000.0 577944000000.0 905130.0 396598000.0 0.0 63711500000000.0 1938190000.0 0.0 0.0 5517280000000.0 22554900000.0 95003200.0 0.0 0.12 3.923 [0.12]
1.23027e+18 4.73804e+17 38029600000000.0 551267000000.0 0.0 364075000.0 0.0 63640900000000.0 1779700000.0 0.0 0.0 5472830000000.0 21439000000.0 89277200.0 0.0 0.14 3.922 [0.14]
1.23027e+18 4.60199e+17 37584100000000.0 525853000000.0 0.0 334283000.0 0.0 63571400000000.0 1634790000.0 0.0 0.0 5429750000000.0 20381200000.0 83930900.0 0.0 0.16 3.92 [0.16]
1.23027e+18 4.47028e+17 37147700000000.0 501645000000.0 0.0 306996000.0 0.0 63503100000000.0 1502260000.0 0.0 0.0 5388020000000.0 19379500000.0 78937000.0 0.0 0.18 3.918 [0.18]
1.23027e+18 4.34266e+17 36719500000000.0 478573000000.0 0.0 281983000.0 0.0 63435800000000.0 1380980000.0 0.0 0.0 5347550000000.0 18428300000.0 74269500.0 0.0 0.2 3.917 [0.2]
1.23027e+18 4.21903e+17 36299600000000.0 456584000000.0 0.0 259055000.0 0.0 63369700000000.0 1269940000.0 0.0 0.0 5308340000000.0 17526400000.0 69904900.0 0.0 0.22 3.915 [0.22]
1.23027e+18 4.0992e+17 35887400000000.0 435618000000.0 0.0 238025000.0 0.0 63304700000000.0 1168240000.0 0.0 0.0 5270300000000.0 16669400000.0 65821600.0 0.0 0.24 3.913 [0.24]
1.23027e+18 3.98305e+17 35482700000000.0 415627000000.0 0.0 218732000.0 0.0 63240700000000.0 1075050000.0 0.0 0.0 5233410000000.0 15855100000.0 61999600.0 0.0 0.26 3.911 [0.26]
1.23028e+18 3.87049e+17 35085500000000.0 396565000000.0 0.0 201032000.0 0.0 63178600000000.0 989637000.0 0.0 0.0 5197690000000.0 15081500000.0 58421200.0 0.0 0.28 3.91 [0.28]
1.23028e+18 3.76128e+17 34694700000000.0 378374000000.0 0.0 184783000.0 0.0 63116800000000.0 911298000.0 0.0 0.0 5162960000000.0 14345300000.0 55067900.0 0.0 0.3 3.908 [0.3]
1.23028e+18 3.65539e+17 34310500000000.0 361022000000.0 0.0 169865000.0 0.0 63056000000000.0 839436000.0 0.0 0.0 5129270000000.0 13645100000.0 51925100.0 0.0 0.32 3.906 [0.32]
1.23028e+18 3.55269e+17 33932700000000.0 344466000000.0 0.0 156165000.0 0.0 62996400000000.0 773483000.0 0.0 0.0 5096580000000.0 12978500000.0 48978000.0 0.0 0.34 3.904 [0.34]
1.23028e+18 3.45296e+17 33560600000000.0 328656000000.0 0.0 143576000.0 0.0 62937700000000.0 712924000.0 0.0 0.0 5064810000000.0 12342500000.0 46213300.0 0.0 0.36 3.901 [0.36]
1.23028e+18 3.35632e+17 33194800000000.0 313581000000.0 0.0 132011000.0 0.0 62880200000000.0 657324000.0 0.0 0.0 5034020000000.0 11736600000.0 43619100.0 0.0 0.38 3.9 [0.38]
1.23028e+18 3.26234e+17 32834000000000.0 299172000000.0 0.0 121376000.0 0.0 62823700000000.0 606218000.0 0.0 0.0 5004060000000.0 11157900000.0 41183000.0 0.0 0.4 3.896 [0.4]
1.23028e+18 3.17124e+17 32478900000000.0 285428000000.0 0.0 111607000.0 0.0 62768100000000.0 559264000.0 0.0 0.0 4975000000000.0 10607100000.0 38895200.0 0.0 0.42 3.894 [0.42]
1.23028e+18 3.08259e+17 32128300000000.0 272289000000.0 0.0 102615000.0 0.0 62713400000000.0 516071000.0 0.0 0.0 4946700000000.0 10079300000.0 36745100.0 0.0 0.44 3.891 [0.44]
1.23028e+18 2.99659e+17 31782900000000.0 259751000000.0 0.0 94348800.0 0.0 62659800000000.0 476356000.0 0.0 0.0 4919240000000.0 9575810000.0 34724400.0 0.0 0.46 3.889 [0.46]
1.23027e+18 2.91304e+17 31442200000000.0 247777000000.0 0.0 86743000.0 0.0 62607100000000.0 439820000.0 0.0 0.0 4892540000000.0 9094040000.0 32824400.0 0.0 0.48 3.886 [0.48]
1.23028e+18 2.83178e+17 31105900000000.0 236338000000.0 0.0 79740800.0 0.0 62555500000000.0 406195000.0 0.0 0.0 4866570000000.0 8631930000.0 31037400.0 0.0 0.5 3.882 [0.5]
1.23028e+18 2.7528e+17 30773900000000.0 225411000000.0 0.0 73295400.0 0.0 62504700000000.0 375237000.0 0.0 0.0 4841300000000.0 8189320000.0 29355900.0 0.0 0.52 3.878 [0.52]
1.23028e+18 2.67597e+17 30445900000000.0 214973000000.0 0.0 67359200.0 0.0 62455000000000.0 346728000.0 0.0 0.0 4816730000000.0 7764380000.0 27773400.0 0.0 0.54 3.874 [0.54]
1.23027e+18 2.60145e+17 30121800000000.0 205014000000.0 0.0 61898500.0 0.0 62405600000000.0 320507000.0 0.0 0.0 4792830000000.0 7356790000.0 26284100.0 0.0 0.56 3.869 [0.56]
1.23027e+18 2.52879e+17 29800700000000.0 195488000000.0 0.0 56861100.0 0.0 62357600000000.0 296337000.0 0.0 0.0 4769540000000.0 6963010000.0 24881700.0 0.0 0.58 3.864 [0.58]
1.23028e+18 2.45836e+17 29485300000000.0 186415000000.0 0.0 52229400.0 0.0 62311100000000.0 274086000.0 0.0 0.0 4746990000000.0 6587040000.0 23561400.0 0.0 0.6 3.856 [0.6]
1.23028e+18 2.38926e+17 29171300000000.0 177713000000.0 0.0 47940700.0 0.0 62264500000000.0 253572000.0 0.0 0.0 4724810000000.0 6217600000.0 22317400.0 0.0 0.62 3.847 [0.62]
1.23027e+18 2.32162e+17 28860000000000.0 169406000000.0 0.0 43971200.0 0.0 62218300000000.0 234643000.0 0.0 0.0 4703060000000.0 5856450000.0 21146100.0 0.0 0.64 3.824 [0.64]
1.23027e+18 2.24328e+17 28527700000000.0 161121000000.0 0.0 40016400.0 0.0 62168100000000.0 217197000.0 0.0 0.0 4677460000000.0 5442960000.0 20083000.0 0.0 0.66 3.518 [0.66]
1.23027e+18 2.1681e+17 28198900000000.0 153184000000.0 0.0 36411200.0 0.0 62119500000000.0 201070000.0 0.0 0.0 4652850000000.0 5057740000.0 19072700.0 0.0 0.68 3.497 [0.68]
1.23027e+18 2.0931e+17 27867800000000.0 145527000000.0 0.0 33066300.0 0.0 62071500000000.0 186179000.0 0.0 0.0 4628150000000.0 4685160000.0 18122000.0 0.0 0.7 3.475 [0.7]
1.23027e+18 2.01971e+17 27536900000000.0 138174000000.0 0.0 29991500.0 0.0 62024600000000.0 172395000.0 0.0 0.0 4603900000000.0 4331900000.0 17221700.0 0.0 0.72 3.457 [0.72]
1.23027e+18 1.94859e+17 27208800000000.0 131167000000.0 0.0 27181600.0 0.0 61979500000000.0 159685000.0 0.0 0.0 4580320000000.0 4000280000.0 16370000.0 0.0 0.74 3.437 [0.74]
1.23027e+18 1.87653e+17 26872500000000.0 124347000000.0 0.0 24546100.0 0.0 61933900000000.0 147865000.0 0.0 0.0 4556240000000.0 3671960000.0 15565100.0 0.0 0.76 3.42 [0.76]
1.23027e+18 1.80978e+17 26547200000000.0 117986000000.0 0.0 22206600.0 0.0 61891200000000.0 136969000.0 0.0 0.0 4533940000000.0 3380140000.0 14797700.0 0.0 0.78 3.402 [0.78]
1.23027e+18 1.74209e+17 26214100000000.0 111804000000.0 0.0 20009800.0 0.0 61848600000000.0 126839000.0 0.0 0.0 4511150000000.0 3090410000.0 14072600.0 0.0 0.8 3.384 [0.8]
1.23027e+18 1.67324e+17 25872700000000.0 105800000000.0 0.0 17951100.0 0.0 61806100000000.0 117451000.0 0.0 0.0 4487740000000.0 2808410000.0 13389300.0 0.0 0.82 3.366 [0.82]
1.23027e+18 1.61138e+17 25541900000000.0 100240000000.0 0.0 16156200.0 0.0 61767000000000.0 108889000.0 0.0 0.0 4466660000000.0 2558360000.0 12736700.0 0.0 0.84 3.348 [0.84]
1.23027e+18 1.54603e+17 25199200000000.0 94804300000.0 0.0 14429500.0 0.0 61726900000000.0 100753000.0 0.0 0.0 4444220000000.0 2305830000.0 12117700.0 0.0 0.86 3.33 [0.86]
1.23027e+18 1.48285e+17 24855000000000.0 89623400000.0 0.0 12861000.0 0.0 61688300000000.0 93306600.0 0.0 0.0 4422280000000.0 2070170000.0 11532000.0 0.0 0.88 3.313 [0.88]
1.23027e+18 1.4215e+17 24506000000000.0 84644900000.0 0.0 11423100.0 0.0 61651700000000.0 86497900.0 0.0 0.0 4400730000000.0 1845500000.0 10977500.0 0.0 0.9 3.294 [0.9]
1.23027e+18 1.35959e+17 24154100000000.0 79932600000.0 0.0 10091500.0 0.0 61614600000000.0 79955800.0 0.0 0.0 4378940000000.0 1632510000.0 10446000.0 0.0 0.92 3.275 [0.92]
1.23027e+18 1.30015e+17 23802200000000.0 75488700000.0 0.0 8894160.0 0.0 61579100000000.0 73892500.0 0.0 0.0 4357850000000.0 1436540000.0 9940020.0 0.0 0.94 3.259 [0.94]
1.23027e+18 1.2417e+17 23447600000000.0 71266300000.0 0.0 7801110.0 0.0 61544700000000.0 68249200.0 0.0 0.0 4336910000000.0 1253950000.0 9459080.0 0.0 0.96 3.24 [0.96]
1.23027e+18 1.18288e+17 23083400000000.0 67186500000.0 0.0 6784260.0 0.0 61510900000000.0 62982500.0 0.0 0.0 4315530000000.0 1080350000.0 9001910.0 0.0 0.98 3.222 [0.98]
1.23027e+18 1.12567e+17 22719100000000.0 63341100000.0 0.0 5863140.0 0.0 61478400000000.0 58080200.0 0.0 0.0 4294540000000.0 918834000.0 8566540.0 0.0 1.0 3.203 [1.0]
