! -------------------------
   1241.9678801464738        1.1110684871673584        5.0447590649127960E-002   1.0000000000000000     
   1242.0045701464737        1.0688254833221436        4.9472577869892120E-002   1.0000000000000000     
   1242.0412601464736        1.1019518375396729        5.0226490944623947E-002   1.0000000000000000     
   1242.0779501464735        1.0367317199707031        4.8710852861404419E-002   1.0000000000000000     
   1242.1146401464734       0.98954737186431885        4.7582842409610748E-002   1.0000000000000000     
   1242.1513301464734        1.0389268398284912        4.8748947679996490E-002   1.0000000000000000     
   1242.1880201464733        1.1006284952163696        5.0168707966804504E-002   1.0000000000000000     
   1242.2247101464732        1.0351419448852539        4.8646558076143265E-002   1.0000000000000000     
   1242.2614001464731       0.95624089241027832        4.6749435365200043E-002   1.0000000000000000     
   1242.2980901464730        1.0544893741607666        4.9085583537817001E-002   1.0000000000000000     
   1242.3347801464729        1.0107001066207886        4.8048999160528183E-002   1.0000000000000000     
   1242.3714701464728        1.0170849561691284        4.8193838447332382E-002   1.0000000000000000     
   1242.4081601464727        1.1038894653320312        5.0201423466205597E-002   1.0000000000000000     
   1242.4448501464726        1.0326910018920898        4.8548769205808640E-002   1.0000000000000000     
   1242.4815401464725        1.0275202989578247        4.8420440405607224E-002   1.0000000000000000     
   1242.5182301464724        1.0408456325531006        4.8726685345172882E-002   1.0000000000000000     
   1242.5549201464723        1.1417031288146973        5.1025882363319397E-002   1.0000000000000000     
   1242.5916101464722        1.0743319988250732        4.9490600824356079E-002   1.0000000000000000     
   1242.6283001464722        1.0897928476333618        4.9838643521070480E-002   1.0000000000000000     
   1242.6649901464721        1.0058534145355225        4.7874249517917633E-002   1.0000000000000000     
   1242.7016801464720        1.0578212738037109        4.9088481813669205E-002   1.0000000000000000     
   1242.7383701464719       0.96890461444854736        4.6973779797554016E-002   1.0000000000000000     
   1242.7750601464718        1.0043970346450806        4.7819748520851135E-002   1.0000000000000000     
   1242.8117501464717        1.0596542358398438        4.9110706895589828E-002   1.0000000000000000     
   1242.8484401464716        1.0404955148696899        4.8658084124326706E-002   1.0000000000000000     
   1242.8851301464715        1.0657265186309814        4.9237817525863647E-002   1.0000000000000000     
   1242.9218201464714        1.0858529806137085        4.9693632870912552E-002   1.0000000000000000     
   1242.9585101464713        1.0729165077209473        4.9389928579330444E-002   1.0000000000000000     
   1242.9952001464712        1.0944045782089233        4.9875184893608093E-002   1.0000000000000000     
   1243.0318901464711        1.0293620824813843        4.8363752663135529E-002   1.0000000000000000     
   1243.0685801464710        1.0607622861862183        4.9089025706052780E-002   1.0000000000000000     
   1243.1052701464710       0.95514917373657227        4.6574905514717102E-002   1.0000000000000000     
   1243.1419601464709        1.1062395572662354        5.0116468220949173E-002   1.0000000000000000     
   1243.1786501464708        1.0839451551437378        4.9602072685956955E-002   1.0000000000000000     
   1243.2153401464707        1.0943324565887451        4.9832385033369064E-002   1.0000000000000000     
   1243.2520301464706        1.1152595281600952        5.0299614667892456E-002   1.0000000000000000     
   1243.2887201464705        1.0984025001525879        4.9911111593246460E-002   1.0000000000000000     
   1243.3254101464704        1.0874395370483398        4.9654688686132431E-002   1.0000000000000000     
   1243.3621001464703        1.0536952018737793        4.8871424049139023E-002   1.0000000000000000     
   1243.3987901464702        1.0749828815460205        4.9355730414390564E-002   1.0000000000000000     
   1243.4354801464701        1.0908665657043457        4.9712326377630234E-002   1.0000000000000000     
   1243.4721701464700        1.0289875268936157        4.8275090754032135E-002   1.0000000000000000     
   1243.5088601464699        1.1081141233444214        5.0089962780475616E-002   1.0000000000000000     
   1243.5455501464699        1.1918871402740479        5.1941670477390289E-002   1.0000000000000000     
   1243.5822401464698        1.0606480836868286        4.8991952091455460E-002   1.0000000000000000     
   1243.6189301464697        1.0600181818008423        4.8970595002174377E-002   1.0000000000000000     
   1243.6556201464696        1.0910748243331909        4.9676027148962021E-002   1.0000000000000000     
   1243.6923101464695        1.0017372369766235        4.7592263668775558E-002   1.0000000000000000     
   1243.7290001464694       0.99364417791366577        4.7393139451742172E-002   1.0000000000000000     
   1243.7656901464693        1.1138823032379150        5.0171758979558945E-002   1.0000000000000000     
   1243.8023801464692        1.1238950490951538        5.0389956682920456E-002  0.99442823116798618     
   1243.8390701464691       0.99701565504074097        4.7453962266445160E-002  0.99299349119654767     
   1243.8757601464690       0.98695850372314453        4.7207344323396683E-002  0.99114025084315205     
   1243.9124501464689       0.98240011930465698        4.7091882675886154E-002  0.98869485427440440     
   1243.9491401464688        1.0183953046798706        4.7940224409103394E-002  0.98548146986407159     
   1243.9858301464687       0.99019706249237061        4.7265250235795975E-002  0.98112397785349137     
   1244.0225201464687        1.0467028617858887        4.8588559031486511E-002  0.97499492262017073     
   1244.0592101464686       0.99732339382171631        4.7422118484973907E-002  0.96644184792073695     
   1244.0959001464685        1.0476837158203125        4.8597879707813263E-002  0.95373101324520293     
   1244.1325901464684       0.92183870077133179        4.5579608529806137E-002  0.92986165439067214     
   1244.1692801464683       0.96570736169815063        4.6645082533359528E-002  0.87654650838607295     
   1244.2059701464682       0.77925884723663330        4.1895233094692230E-002  0.76684053216776993     
   1244.2426601464681       0.58260595798492432        3.6220345646142960E-002  0.59929868881140325     
   1244.2793501464680       0.35886630415916443        2.8423074632883072E-002  0.43593894743918021     
   1244.3160401464679       0.34786996245384216        2.7980312705039978E-002  0.35669779262404216     
   1244.3527301464678       0.43191561102867126        3.1173299998044968E-002  0.39415656937122551     
   1244.3894201464677       0.60195523500442505        3.6796581000089645E-002  0.53364296092739083     
   1244.4261101464676       0.84778970479965210        4.3662551790475845E-002  0.71086273978908066     
   1244.4628001464675       0.97189414501190186        4.6742834150791168E-002  0.84658881185736024     
   1244.4994901464675       0.98545217514038086        4.7061320394277573E-002  0.91870780708249644     
   1244.5361801464674       0.93452340364456177        4.5822817832231522E-002  0.95135764803077605     
   1244.5728701464673       0.97171288728713989        4.6719271689653397E-002  0.96752552035901018     
   1244.6095601464672        1.1221793889999390        5.0199382007122040E-002  0.97729537137247158     
   1244.6462501464671        1.0093436241149902        4.7602310776710510E-002  0.98372930546658299     
   1244.6829401464670        1.1167278289794922        5.0063531845808029E-002  0.98784796086639115     
   1244.7196301464669        1.0326610803604126        4.8135787248611450E-002  0.99049440005678546     
   1244.7563201464668        1.0764935016632080        4.9139980226755142E-002  0.99240170930271676     
   1244.7930101464667        1.0476231575012207        4.8469915986061096E-002  0.99399047454753353     
   1244.8297001464666        1.0322281122207642        4.8105914145708084E-002   1.0000000000000000     
   1244.8663901464665        1.0177720785140991        4.7761335968971252E-002   1.0000000000000000     
   1244.9030801464664        1.0763180255889893        4.9108952283859253E-002   1.0000000000000000     
   1244.9397701464663        1.1861828565597534        5.1547538489103317E-002   1.0000000000000000     
   1244.9764601464663        1.0634938478469849        4.8802223056554794E-002   1.0000000000000000     
   1245.0131501464662        1.0991187095642090        4.9605999141931534E-002   1.0000000000000000     
   1245.0498401464661        1.0986102819442749        4.9587827175855637E-002   1.0000000000000000     
   1245.0865301464660        1.0991759300231934        4.9593750387430191E-002   1.0000000000000000     
   1245.1232201464659        1.0322664976119995        4.8053972423076630E-002   1.0000000000000000     
   1245.1599101464658        1.0542538166046143        4.8556443303823471E-002   1.0000000000000000     
   1245.1966001464657        1.0669372081756592        4.8840969800949097E-002   1.0000000000000000     
   1245.2332901464656        1.0853428840637207        4.9253717064857483E-002   1.0000000000000000     
   1245.2699801464655        1.1310167312622070        5.0272494554519653E-002   1.0000000000000000     
   1245.3066701464654        1.0503023862838745        4.8438839614391327E-002   1.0000000000000000     
   1245.3433601464653        1.0614712238311768        4.8689048737287521E-002   1.0000000000000000     
   1245.3800501464652        1.1180928945541382        4.9963876605033875E-002   1.0000000000000000     
   1245.4167401464651       0.96677803993225098        4.6453908085823059E-002   1.0000000000000000     
   1245.4534301464651        1.0974470376968384        4.9486964941024780E-002   1.0000000000000000     
   1245.4901201464650        1.0509201288223267        4.8419930040836334E-002   1.0000000000000000     
   1245.5268101464649        1.0012645721435547        4.7255754470825195E-002   1.0000000000000000     
   1245.5635001464648        1.0464786291122437        4.8304360359907150E-002   1.0000000000000000     
   1245.6001901464647        1.0637673139572144        4.8695009201765060E-002   1.0000000000000000     
   1245.6368801464646        1.0396147966384888        4.8132497817277908E-002   1.0000000000000000     
   1245.6735701464645        1.0211576223373413        4.7696888446807861E-002   1.0000000000000000     
   1245.7102601464644        1.0699409246444702        4.8816163092851639E-002   1.0000000000000000     
   1245.7469501464643        1.0549503564834595        4.8466309905052185E-002   1.0000000000000000     
   1245.7836401464642        1.0731636285781860        4.8876304179430008E-002   1.0000000000000000     
   1245.8203301464641        1.0405732393264771        5.1341932266950607E-002   1.0000000000000000     
   1245.8570201464640        1.0804936885833740        5.5675126612186432E-002   1.0000000000000000     
   1245.8937101464639       0.98359203338623047        5.3112734109163284E-002   1.0000000000000000     
   1245.9304001464639       0.99437975883483887        5.3395874798297882E-002   1.0000000000000000     
   1245.9670901464638        1.0181152820587158        5.4022073745727539E-002   1.0000000000000000     
   1246.0037801464637        1.0521107912063599        5.4909024387598038E-002   1.0000000000000000     
   1246.0404701464636        1.0175762176513672        5.3992975503206253E-002   1.0000000000000000     
   1246.0771601464635       0.88428896665573120        5.0325926393270493E-002   1.0000000000000000     
   1246.1138501464634       0.94878858327865601        5.2121903747320175E-002   1.0000000000000000     
   1246.1505401464633       0.96118485927581787        5.2454132586717606E-002   1.0000000000000000     
   1246.1872301464632       0.95507973432540894        5.2280310541391373E-002   1.0000000000000000     
   1246.2239201464631        1.0169020891189575        5.3938332945108414E-002   1.0000000000000000     
   1246.2606101464630       0.90757912397384644        5.0949715077877045E-002   1.0000000000000000     
   1246.2973001464629        1.0373507738113403        5.4463084787130356E-002   1.0000000000000000     
   1246.3339901464628        1.0547641515731812        5.4910972714424133E-002   1.0000000000000000     
   1246.3706801464627        1.0330621004104614        5.4335601627826691E-002   1.0000000000000000     
   1246.4073701464627        1.0456351041793823        5.4657839238643646E-002   1.0000000000000000     
   1246.4440601464626        1.0266181230545044        5.4151192307472229E-002   1.0000000000000000     
   1246.4807501464625        1.0797873735427856        5.5528130382299423E-002   1.0000000000000000     
   1246.5174401464624        1.1240817308425903        5.6647911667823792E-002   1.0000000000000000     
   1246.5541301464623        1.0786278247833252        5.5483318865299225E-002   1.0000000000000000     
   1246.5908201464622        1.0348514318466187        5.4338339716196060E-002   1.0000000000000000     
   1246.6275101464621        1.0722494125366211        5.5304002016782761E-002   1.0000000000000000     
!  ---- tick mark positions for above ----
!      1243.27719     8     1
!      1244.02360     8     2
!      1244.32527     8     3
