! -------------------------
   1235.2903001464906       0.80273085832595825        4.3918926268815994E-002   1.0000000000000000     
   1235.3269901464905       0.93649631738662720        4.7431718558073044E-002   1.0000000000000000     
   1235.3636801464904       0.98218309879302979        4.8569157719612122E-002   1.0000000000000000     
   1235.4003701464903       0.97979998588562012        4.8504445701837540E-002   1.0000000000000000     
   1235.4370601464902        1.0559830665588379        5.0348822027444839E-002   1.0000000000000000     
   1235.4737501464901        1.0160193443298340        4.9381107091903687E-002   1.0000000000000000     
   1235.5104401464901        1.1707041263580322        5.3000703454017639E-002   1.0000000000000000     
   1235.5471301464900        1.0931595563888550        5.1209259778261185E-002   1.0000000000000000     
   1235.5838201464899        1.0341056585311890        4.9800913780927658E-002   1.0000000000000000     
   1235.6205101464898        1.0261306762695312        4.9602568149566650E-002   1.0000000000000000     
   1235.6572001464897        1.0848348140716553        5.0995655357837677E-002   1.0000000000000000     
   1235.6938901464896        1.0296742916107178        4.9676347523927689E-002   1.0000000000000000     
   1235.7305801464895        1.1160743236541748        5.1712375134229660E-002   1.0000000000000000     
   1235.7672701464894        1.1130015850067139        5.1634993404150009E-002   1.0000000000000000     
   1235.8039601464893        1.0238569974899292        4.9518108367919922E-002   1.0000000000000000     
   1235.8406501464892        1.1040474176406860        5.1414526998996735E-002   1.0000000000000000     
   1235.8773401464891        1.0488072633743286        5.0105828791856766E-002   1.0000000000000000     
   1235.9140301464890        1.0369942188262939        4.9816969782114029E-002   1.0000000000000000     
   1235.9507201464889        1.0544664859771729        5.0228830426931381E-002   1.0000000000000000     
   1235.9874101464889        1.0624408721923828        5.0412431359291077E-002   1.0000000000000000     
   1236.0241001464888       0.94841265678405762        4.7624785453081131E-002   1.0000000000000000     
   1236.0607901464887       0.91570377349853516        4.6790763735771179E-002   1.0000000000000000     
   1236.0974801464886       0.95024693012237549        4.7659501433372498E-002   1.0000000000000000     
   1236.1341701464885        1.0477280616760254        5.0038557499647141E-002   1.0000000000000000     
   1236.1708601464884        1.0003440380096436        4.8888191580772400E-002   1.0000000000000000     
   1236.2075501464883       0.74943298101425171        4.2310059070587158E-002   1.0000000000000000     
   1236.2442401464882       0.74693536758422852        4.2234681546688080E-002   1.0000000000000000     
   1236.2809301464881       0.65348100662231445        3.9499454200267792E-002   1.0000000000000000     
   1236.3176201464880       0.80881935358047485        4.3938819319009781E-002   1.0000000000000000     
   1236.3543101464879       0.89377093315124512        4.6183269470930099E-002   1.0000000000000000     
   1236.3910001464878       0.95080214738845825        4.7628406435251236E-002   1.0000000000000000     
   1236.4276901464877        1.0303267240524292        4.9574311822652817E-002   1.0000000000000000     
   1236.4643801464877        1.0486873388290405        5.0008121877908707E-002   1.0000000000000000     
   1236.5010701464876        1.1020500659942627        5.1258560270071030E-002   1.0000000000000000     
   1236.5377601464875        1.0063056945800781        4.8975590616464615E-002   1.0000000000000000     
   1236.5744501464874        1.0924816131591797        5.1023449748754501E-002   1.0000000000000000     
   1236.6111401464873        1.0259820222854614        4.9440342932939529E-002   1.0000000000000000     
   1236.6478301464872       0.99747323989868164        4.8742849379777908E-002   1.0000000000000000     
   1236.6845201464871        1.0405243635177612        4.9777649343013763E-002   1.0000000000000000     
   1236.7212101464870        1.0174605846405029        4.9217060208320618E-002   1.0000000000000000     
   1236.7579001464869        1.0305701494216919        4.9527224153280258E-002   1.0000000000000000     
   1236.7945901464868        1.0371270179748535        4.9678519368171692E-002   1.0000000000000000     
   1236.8312801464867        1.1013674736022949        5.1187992095947266E-002   1.0000000000000000     
   1236.8679701464866        1.0182073116302490        4.9211684614419937E-002   1.0000000000000000     
   1236.9046601464865       0.99265706539154053        4.8584453761577606E-002   1.0000000000000000     
   1236.9413501464865        1.0462948083877563        4.9873553216457367E-002   1.0000000000000000     
   1236.9780401464864        1.0265482664108276        4.9394465982913971E-002   1.0000000000000000     
   1237.0147301464863       0.98503708839416504        4.8379171639680862E-002   1.0000000000000000     
   1237.0514201464862        1.0876796245574951        5.0830569118261337E-002   1.0000000000000000     
   1237.0881101464861        1.0347161293029785        4.9570966511964798E-002   1.0000000000000000     
   1237.1248001464860        1.1068592071533203        5.1263138651847839E-002  0.99491609607461562     
   1237.1614901464859        1.0217651128768921        4.9246683716773987E-002  0.99344188013573065     
   1237.1981801464858       0.96532750129699707        4.7860804945230484E-002  0.99133370113035613     
   1237.2348701464857       0.97388279438018799        4.8065997660160065E-002  0.98834174200505653     
   1237.2715601464856       0.98450469970703125        4.8320949077606201E-002  0.98416048960464397     
   1237.3082501464855        1.0069303512573242        4.8861738294363022E-002  0.97824201647515296     
   1237.3449401464854        1.0322312116622925        4.9465194344520569E-002  0.96864649604119579     
   1237.3816301464853       0.95310550928115845        4.7525100409984589E-002  0.94919470635938274     
   1237.4183201464853       0.92812198400497437        4.6891964972019196E-002  0.90667824984382739     
   1237.4550101464852       0.79611277580261230        4.3423447757959366E-002  0.82664378434659636     
   1237.4917001464851       0.67469918727874756        3.9969950914382935E-002  0.71721351516135756     
   1237.5283901464850       0.61938911676406860        3.8291584700345993E-002  0.62592520702421528     
   1237.5650801464849       0.57416421175003052        3.6862131208181381E-002  0.60769355197537778     
   1237.6017701464848       0.75453120470046997        4.2251598089933395E-002  0.67442307499396692     
   1237.6384601464847       0.86058503389358521        4.5535638928413391E-002  0.78399020348968851     
   1237.6751501464846       0.90487480163574219        4.7421313822269440E-002  0.87933963423830086     
   1237.7118401464845       0.97394114732742310        4.7984201461076736E-002  0.93600488287517392     
   1237.7485301464844        1.0115343332290649        4.8894975334405899E-002  0.96311259531709881     
   1237.7852201464843        1.0103048086166382        4.9209784716367722E-002  0.97610259511457420     
   1237.8219101464842        1.0399453639984131        4.9563571810722351E-002  0.98351551044437502     
   1237.8586001464842        1.1367907524108887        5.1813092082738876E-002  0.98834696658941457     
   1237.8952901464841        1.0687332153320312        5.0231479108333588E-002  0.99143769744414145     
   1237.9319801464840       0.98596709966659546        4.8240739852190018E-002   1.0000000000000000     
   1237.9686701464839        1.0563921928405762        4.9927216023206711E-002   1.0000000000000000     
   1238.0053601464838       0.98339456319808960        4.8164833337068558E-002   1.0000000000000000     
   1238.0420501464837        1.1141825914382935        5.1260773092508316E-002   1.0000000000000000     
   1238.0787401464836        1.0649930238723755        5.0109699368476868E-002   1.0000000000000000     
   1238.1154301464835        1.1736860275268555        5.2597682923078537E-002   1.0000000000000000     
   1238.1521201464834        1.0444457530975342        4.9610521644353867E-002   1.0000000000000000     
   1238.1888101464833        1.0484963655471802        4.9699977040290833E-002   1.0000000000000000     
   1238.2255001464832        1.0402730703353882        4.9498043954372406E-002   1.0000000000000000     
   1238.2621901464831        1.0439791679382324        4.9579486250877380E-002   1.0000000000000000     
   1238.2988801464830        1.0420604944229126        4.9527093768119812E-002   1.0000000000000000     
   1238.3355701464830        1.1014840602874756        5.0912696868181229E-002   1.0000000000000000     
   1238.3722601464829        1.1298732757568359        5.1557738333940506E-002   1.0000000000000000     
   1238.4089501464828        1.0769027471542358        5.0327911972999573E-002   1.0000000000000000     
   1238.4456401464827       0.95991796255111694        4.7509323805570602E-002   1.0000000000000000     
   1238.4823301464826        1.0640213489532471        5.0012450665235519E-002   1.0000000000000000     
   1238.5190201464825        1.0310378074645996        4.9224451184272766E-002   1.0000000000000000     
   1238.5557101464824        1.0042266845703125        4.8573687672615051E-002   1.0000000000000000     
   1238.5924001464823        1.0262230634689331        4.9096181988716125E-002   1.0000000000000000     
   1238.6290901464822        1.0376824140548706        4.9362756311893463E-002   1.0000000000000000     
   1238.6657801464821       0.99465799331665039        4.8322040587663651E-002   1.0000000000000000     
   1238.7024701464820        1.0585625171661377        4.9843456596136093E-002   1.0000000000000000     
   1238.7391601464819        1.0705860853195190        5.0119001418352127E-002   1.0000000000000000     
   1238.7758501464818       0.98803615570068359        4.8141397535800934E-002   1.0000000000000000     
   1238.8125401464818       0.98507845401763916        4.8062782734632492E-002   1.0000000000000000     
   1238.8492301464817       0.98433655500411987        4.8038072884082794E-002   1.0000000000000000     
   1238.8859201464816        1.0189274549484253        4.8868220299482346E-002   1.0000000000000000     
   1238.9226101464815        1.0505938529968262        4.9615111202001572E-002   1.0000000000000000     
   1238.9593001464814        1.1455224752426147        5.1801130175590515E-002   1.0000000000000000     
   1238.9959901464813        1.0915765762329102        5.0559803843498230E-002   1.0000000000000000     
   1239.0326801464812       0.98011332750320435        4.7902479767799377E-002   1.0000000000000000     
   1239.0693701464811       0.89331936836242676        4.5726139098405838E-002   1.0000000000000000     
   1239.1060601464810       0.77852290868759155        4.2681213468313217E-002   1.0000000000000000     
   1239.1427501464809       0.65123516321182251        3.9031196385622025E-002   1.0000000000000000     
   1239.1794401464808       0.52313178777694702        3.4977577626705170E-002   1.0000000000000000     
   1239.2161301464807       0.47409740090370178        3.3293355256319046E-002   1.0000000000000000     
   1239.2528201464806       0.71707260608673096        4.2864810675382614E-002   1.0000000000000000     
   1239.2895101464806       0.80775165557861328        4.8850420862436295E-002   1.0000000000000000     
   1239.3262001464805       0.96498435735702515        5.3386479616165161E-002   1.0000000000000000     
   1239.3628901464804       0.85287344455718994        5.0182655453681946E-002   1.0000000000000000     
   1239.3995801464803       0.97803074121475220        5.3731393069028854E-002   1.0000000000000000     
   1239.4362701464802        1.0364913940429688        5.5306591093540192E-002   1.0000000000000000     
   1239.4729601464801        1.0104782581329346        5.4600536823272705E-002   1.0000000000000000     
   1239.5096501464800        1.0215981006622314        5.4892838001251221E-002   1.0000000000000000     
   1239.5463401464799       0.98327398300170898        5.3845960646867752E-002   1.0000000000000000     
   1239.5830301464798        1.0582801103591919        5.5854357779026031E-002   1.0000000000000000     
   1239.6197201464797       0.96533489227294922        5.3337998688220978E-002   1.0000000000000000     
   1239.6564101464796       0.95055401325225830        5.2920941263437271E-002   1.0000000000000000     
   1239.6931001464795       0.91173332929611206        5.1821842789649963E-002   1.0000000000000000     
   1239.7297901464794       0.90866744518280029        5.1727589219808578E-002   1.0000000000000000     
!  ---- tick mark positions for above ----
!      1238.16078    10     1
!      1236.51502    11     1
!      1238.90412    10     2
!      1237.25737    11     2
!      1235.97878    12     2
!      1239.20455    10     3
!      1237.55741    11     3
!      1236.27851    12     3
