H	H+	C+	C+2	C+3	N+	N+2	N+4	O	O+2	O+5	O+6	P+	Si+	Si+2	Si+3	Si+4	Fe+	Al+
1.20226e+14	1.98732e+18	2.99151e+11	9.08441e+13	5.14184e+14	2.49244e+10	1.69848e+13	3.53741e+14	2.16337e+06	5.29888e+13	3.10217e+15	2.20324e+15	1.47436e+07	4.95562e+08	4.92923e+10	6.25140e+11	2.83017e+13	4.07627e+05	5.24820e+07
1.20226e+14	1.86060e+18	3.20538e+11	9.36311e+13	5.16342e+14	2.78505e+10	1.82362e+13	3.42298e+14	2.65390e+06	5.75471e+13	2.86468e+15	1.91891e+15	1.70678e+07	5.58037e+08	5.51887e+10	7.07666e+11	2.98421e+13	5.05848e+05	5.98407e+07
1.20226e+14	1.74039e+18	3.44428e+11	9.65102e+13	5.17727e+14	3.11966e+10	1.95668e+13	3.30225e+14	3.26343e+06	6.23725e+13	2.63486e+15	1.66376e+15	1.97905e+07	6.28395e+08	6.16881e+10	8.00468e+11	3.14087e+13	6.27620e+05	6.79131e+07
1.20226e+14	1.62620e+18	3.71313e+11	9.95185e+13	5.18285e+14	3.50339e+10	2.09787e+13	3.17523e+14	4.02195e+06	6.74575e+13	2.41323e+15	1.43562e+15	2.29929e+07	7.08156e+08	6.88636e+10	9.04835e+11	3.29956e+13	7.78666e+05	7.66918e+07
1.20226e+14	1.51724e+18	4.01813e+11	1.02695e+14	5.17953e+14	3.94548e+10	2.24763e+13	3.04163e+14	4.96991e+06	7.27993e+13	2.19987e+15	1.23160e+15	2.67748e+07	7.99119e+08	7.68029e+10	1.02262e+12	3.46005e+13	9.66508e+05	8.61228e+07
1.20226e+14	1.41304e+18	4.36793e+11	1.06109e+14	5.16632e+14	4.45681e+10	2.40616e+13	2.90136e+14	6.15751e+06	7.83788e+13	1.99510e+15	1.04984e+15	3.12700e+07	9.04212e+08	8.56447e+10	1.15576e+12	3.62162e+13	1.20048e+06	9.61282e+07
1.20226e+14	1.31318e+18	4.77471e+11	1.09862e+14	5.14209e+14	5.05125e+10	2.57366e+13	2.75438e+14	7.65062e+06	8.41704e+13	1.79932e+15	8.88412e+14	3.66595e+07	1.02780e+09	9.55965e+10	1.30653e+12	3.78339e+13	1.49277e+06	1.06602e+08
1.20226e+14	1.21715e+18	5.25457e+11	1.14083e+14	5.10520e+14	5.74525e+10	2.75003e+13	2.60047e+14	9.53462e+06	9.01298e+13	1.61267e+15	7.45552e+14	4.31861e+07	1.17639e+09	1.06970e+11	1.47779e+12	3.94435e+13	1.85909e+06	1.17403e+08
1.20226e+14	1.12422e+18	5.83119e+11	1.18952e+14	5.05331e+14	6.56114e+10	2.93521e+13	2.43905e+14	1.19282e+07	9.62001e+13	1.43498e+15	6.19315e+14	5.11950e+07	1.36010e+09	1.20257e+11	1.67351e+12	4.10347e+13	2.32121e+06	1.28377e+08
1.20226e+14	1.03339e+18	6.54111e+11	1.24741e+14	4.98294e+14	7.52948e+10	3.12895e+13	2.26891e+14	1.50011e+07	1.02296e+14	1.26564e+15	5.07786e+14	6.12044e+07	1.59564e+09	1.36266e+11	1.89965e+12	4.25974e+13	2.91016e+06	1.39420e+08
1.20226e+14	9.43630e+17	7.44136e+11	1.31849e+14	4.88853e+14	8.69004e+10	3.32976e+13	2.08864e+14	1.89967e+07	1.08258e+14	1.10410e+15	4.09368e+14	7.40392e+07	1.91225e+09	1.56370e+11	2.16422e+12	4.41123e+13	3.67104e+06	1.50786e+08
1.20226e+14	8.53194e+17	8.63096e+11	1.40915e+14	4.76105e+14	1.01021e+11	3.53480e+13	1.89546e+14	2.43071e+07	1.13825e+14	9.48935e+14	3.22233e+14	9.11412e+07	2.36511e+09	1.83042e+11	2.48099e+12	4.55526e+13	4.67786e+06	1.63719e+08
1.20226e+14	7.58564e+17	1.03111e+12	1.53090e+14	4.58155e+14	1.18671e+11	3.73709e+13	1.68294e+14	3.16695e+07	1.18476e+14	7.96597e+14	2.43883e+14	1.15499e+08	3.07585e+09	2.21298e+11	2.87819e+12	4.68738e+13	6.07283e+06	1.82541e+08
1.20226e+14	6.53012e+17	1.29578e+12	1.70525e+14	4.30677e+14	1.41582e+11	3.91217e+13	1.43884e+14	4.27288e+07	1.20955e+14	6.39473e+14	1.71408e+14	1.54754e+08	4.37511e+09	2.82622e+11	3.42013e+12	4.79420e+13	8.18798e+06	2.22893e+08
1.20226e+14	5.72294e+17	1.58243e+12	1.86198e+14	4.03585e+14	1.63317e+11	4.02185e+13	1.24520e+14	5.55569e+07	1.22333e+14	5.18514e+14	1.23763e+14	2.03858e+08	6.11392e+09	3.51814e+11	3.93546e+12	4.83216e+13	1.07853e+07	2.89605e+08
1.20226e+14	5.01547e+17	1.91882e+12	2.00872e+14	3.74141e+14	1.85343e+11	4.07196e+13	1.07486e+14	7.17441e+07	1.22591e+14	4.14436e+14	8.82177e+13	2.69387e+08	8.59065e+09	4.32762e+11	4.47641e+12	4.81298e+13	1.41844e+07	3.89904e+08
1.20227e+14	4.34305e+17	2.34352e+12	2.14668e+14	3.40109e+14	2.08201e+11	4.04516e+13	9.16950e+13	9.38221e+07	1.21502e+14	3.18642e+14	6.00150e+13	3.64417e+08	1.24090e+10	5.30312e+11	5.08137e+12	4.72530e+13	1.89163e+07	5.44788e+08
1.20226e+14	3.70732e+17	2.87779e+12	2.25934e+14	3.01710e+14	2.31157e+11	3.92406e+13	7.73367e+13	1.25373e+08	1.19541e+14	2.31772e+14	3.82999e+13	5.08958e+08	1.84133e+10	6.43222e+11	5.74585e+12	4.55145e+13	2.56902e+07	7.81063e+08
1.20226e+14	3.13677e+17	3.50131e+12	2.32327e+14	2.61698e+14	2.53411e+11	3.71758e+13	6.48098e+13	1.71397e+08	1.17945e+14	1.59364e+14	2.30422e+13	7.28504e+08	2.74988e+10	7.63654e+11	6.42114e+12	4.28882e+13	3.53545e+07	1.12007e+09
1.20226e+14	2.68095e+17	4.10487e+12	2.32745e+14	2.25901e+14	2.74909e+11	3.49199e+13	5.45818e+13	2.33974e+08	1.17985e+14	1.08322e+14	1.38747e+13	1.02223e+09	3.95208e+10	8.78248e+11	7.00385e+12	3.98143e+13	4.80920e+07	1.53526e+09
1.20226e+14	2.33841e+17	4.60796e+12	2.28948e+14	1.96877e+14	2.96533e+11	3.30070e+13	4.64070e+13	3.11782e+08	1.19392e+14	7.58010e+13	8.75385e+12	1.36374e+09	5.37462e+10	9.82494e+11	7.45008e+12	3.67880e+13	6.36174e+07	1.98043e+09
1.20226e+14	2.07519e+17	5.00954e+12	2.22924e+14	1.73459e+14	3.18903e+11	3.14808e+13	3.97366e+13	4.04533e+08	1.21332e+14	5.48678e+13	5.79204e+12	1.73604e+09	6.99600e+10	1.07886e+12	7.78121e+12	3.39706e+13	8.20122e+07	2.43671e+09
1.20226e+14	1.86437e+17	5.32984e+12	2.15762e+14	1.54101e+14	3.42197e+11	3.02383e+13	3.41756e+13	5.13407e+08	1.23294e+14	4.07929e+13	3.97367e+12	2.13309e+09	8.82851e+10	1.16966e+12	8.02488e+12	3.13677e+13	1.03662e+08	2.90155e+09
1.20226e+14	1.68932e+17	5.58645e+12	2.07991e+14	1.37698e+14	3.66442e+11	2.91832e+13	2.94682e+13	6.40519e+08	1.25040e+14	3.09246e+13	2.79768e+12	2.55328e+09	1.08959e+11	1.25609e+12	8.20048e+12	2.89518e+13	1.29119e+08	3.37689e+09
1.20226e+14	1.54030e+17	5.79154e+12	1.99911e+14	1.23561e+14	3.91592e+11	2.82537e+13	2.54510e+13	7.88255e+08	1.26469e+14	2.37893e+13	2.00806e+12	2.99496e+09	1.32191e+11	1.33846e+12	8.31999e+12	2.67016e+13	1.58985e+08	3.86417e+09
1.20226e+14	1.41111e+17	5.95406e+12	1.91708e+14	1.11227e+14	4.17611e+11	2.74092e+13	2.20047e+13	9.59379e+08	1.27543e+14	1.85071e+13	1.46265e+12	3.45642e+09	1.58182e+11	1.41675e+12	8.39172e+12	2.46004e+13	1.93944e+08	4.36468e+09
1.20226e+14	1.29802e+17	6.08116e+12	1.83549e+14	1.00405e+14	4.44393e+11	2.66297e+13	1.90478e+13	1.15618e+09	1.28248e+14	1.45402e+13	1.07906e+12	3.93397e+09	1.86993e+11	1.49071e+12	8.42175e+12	2.26439e+13	2.34627e+08	4.87824e+09
1.20226e+14	1.19799e+17	6.17880e+12	1.75521e+14	9.08420e+13	4.71876e+11	2.58963e+13	1.65043e+13	1.38165e+09	1.28597e+14	1.15165e+13	8.04423e+11	4.42492e+09	2.18739e+11	1.56014e+12	8.41498e+12	2.08213e+13	2.81805e+08	5.40578e+09
1.20226e+14	1.10857e+17	6.25125e+12	1.67656e+14	8.23280e+13	5.00031e+11	2.51922e+13	1.43080e+13	1.63973e+09	1.28605e+14	9.17829e+12	6.04497e+11	4.92700e+09	2.53593e+11	1.62479e+12	8.37518e+12	1.91196e+13	3.36420e+08	5.94868e+09
1.20226e+14	1.02814e+17	6.30216e+12	1.59999e+14	7.47192e+13	5.28784e+11	2.45090e+13	1.24096e+13	1.93411e+09	1.28294e+14	7.35370e+12	4.57361e+11	5.43658e+09	2.91627e+11	1.68436e+12	8.30560e+12	1.75324e+13	3.99407e+08	6.50727e+09
1.20226e+14	9.55422e+16	6.33515e+12	1.52583e+14	6.78948e+13	5.58083e+11	2.38414e+13	1.07669e+13	2.26885e+09	1.27681e+14	5.91878e+12	3.48064e+11	5.95025e+09	3.32887e+11	1.73866e+12	8.20908e+12	1.60536e+13	4.71824e+08	7.08257e+09
1.20226e+14	8.89395e+16	6.35281e+12	1.45426e+14	6.17567e+13	5.87855e+11	2.31846e+13	9.34438e+12	2.64843e+09	1.26789e+14	4.78258e+12	2.66217e+11	6.46418e+09	3.77393e+11	1.78742e+12	8.08819e+12	1.46774e+13	5.54801e+08	7.67491e+09
1.20226e+14	8.29235e+16	6.35767e+12	1.38544e+14	5.62232e+13	6.17955e+11	2.25362e+13	8.11201e+12	3.07757e+09	1.25638e+14	3.87794e+12	2.04520e+11	6.97463e+09	4.25111e+11	1.83046e+12	7.94541e+12	1.33990e+13	6.49541e+08	8.28483e+09
1.20226e+14	7.74194e+16	6.35152e+12	1.31934e+14	5.12206e+13	6.48192e+11	2.18932e+13	7.04303e+12	3.56195e+09	1.24248e+14	3.15339e+12	1.57694e+11	7.47814e+09	4.76026e+11	1.86757e+12	7.78278e+12	1.22118e+13	7.57438e+08	8.91291e+09
1.20226e+14	7.23766e+16	6.33667e+12	1.25609e+14	4.66931e+13	6.78641e+11	2.12559e+13	6.11645e+12	4.10615e+09	1.22638e+14	2.57134e+12	1.22020e+11	7.97102e+09	5.29968e+11	1.89865e+12	7.60269e+12	1.11127e+13	8.79812e+08	9.55940e+09
1.20226e+14	6.77406e+16	6.31442e+12	1.19561e+14	4.25858e+13	7.09254e+11	2.06227e+13	5.31232e+12	4.71651e+09	1.20828e+14	2.10145e+12	9.46891e+10	8.45027e+09	5.86857e+11	1.92361e+12	7.40695e+12	1.00958e+13	1.01830e+09	1.02252e+10
1.20226e+14	6.34669e+16	6.28587e+12	1.13781e+14	3.88534e+13	7.39967e+11	1.99930e+13	4.61404e+12	5.39956e+09	1.18833e+14	1.72066e+12	7.36572e+10	8.91292e+09	6.46519e+11	1.94228e+12	7.19750e+12	9.15594e+12	1.17457e+09	1.09099e+10
1.20226e+14	5.95196e+16	6.25220e+12	1.08263e+14	3.54572e+13	7.70719e+11	1.93669e+13	4.00757e+12	6.16209e+09	1.16671e+14	1.41116e+12	5.74178e+10	9.35629e+09	7.08739e+11	1.95463e+12	6.97615e+12	8.28889e+12	1.35044e+09	1.16140e+10
1.20226e+14	5.58659e+16	6.21424e+12	1.02997e+14	3.23627e+13	8.01455e+11	1.87448e+13	3.48062e+12	7.01161e+09	1.14357e+14	1.15887e+12	4.48369e+10	9.77804e+09	7.73269e+11	1.96063e+12	6.74461e+12	7.49015e+12	1.54786e+09	1.23376e+10
1.20226e+14	5.24769e+16	6.17262e+12	9.79728e+13	2.95398e+13	8.32130e+11	1.81268e+13	3.02258e+12	7.95633e+09	1.11906e+14	9.52666e+11	3.50612e+10	1.01760e+10	8.39832e+11	1.96026e+12	6.50451e+12	6.75536e+12	1.76899e+09	1.30805e+10
1.20226e+14	4.93275e+16	6.12779e+12	9.31785e+13	2.69622e+13	8.62690e+11	1.75133e+13	2.62430e+12	9.00498e+09	1.09331e+14	7.83751e+11	2.74459e+10	1.05484e+10	9.08104e+11	1.95355e+12	6.25736e+12	6.08044e+12	2.01608e+09	1.38423e+10
1.20226e+14	4.63964e+16	6.08032e+12	8.86053e+13	2.46067e+13	8.93093e+11	1.69050e+13	2.27800e+12	1.01667e+10	1.06647e+14	6.45150e+11	2.15024e+10	1.08937e+10	9.77701e+11	1.94058e+12	6.00477e+12	5.46169e+12	2.29157e+09	1.46228e+10
1.20226e+14	4.36642e+16	6.03055e+12	8.42428e+13	2.24528e+13	9.23294e+11	1.63027e+13	1.97685e+12	1.14513e+10	1.03865e+14	5.31241e+11	1.68555e+10	1.12107e+10	1.04821e+12	1.92147e+12	5.74817e+12	4.89547e+12	2.59804e+09	1.54212e+10
1.20226e+14	4.11154e+16	5.97884e+12	8.00837e+13	2.04832e+13	9.53242e+11	1.57073e+13	1.71510e+12	1.28688e+10	1.01000e+14	4.37551e+11	1.32191e+10	1.14983e+10	1.11916e+12	1.89642e+12	5.48915e+12	4.37858e+12	2.93811e+09	1.62365e+10
1.20226e+14	3.87285e+16	5.92494e+12	7.61073e+13	1.86779e+13	9.82952e+11	1.51179e+13	1.48708e+12	1.44336e+10	9.80562e+13	3.60236e+11	1.03637e+10	1.17559e+10	1.19024e+12	1.86547e+12	5.22835e+12	3.90659e+12	3.31548e+09	1.70692e+10
1.20226e+14	3.64969e+16	5.86950e+12	7.23170e+13	1.70263e+13	1.01232e+12	1.45370e+13	1.28898e+12	1.61543e+10	9.50534e+13	2.96557e+11	8.12579e+09	1.19830e+10	1.26076e+12	1.82905e+12	4.96785e+12	3.47766e+12	3.73250e+09	1.79167e+10
1.20226e+14	3.44066e+16	5.81249e+12	6.87005e+13	1.55144e+13	1.04135e+12	1.39646e+13	1.11678e+12	1.80447e+10	9.20004e+13	2.44038e+11	6.36947e+09	1.21793e+10	1.33026e+12	1.78743e+12	4.70866e+12	3.08845e+12	4.19272e+09	1.87779e+10
1.20226e+14	3.24495e+16	5.75525e+12	6.52600e+13	1.41269e+13	1.07002e+12	1.34031e+13	9.66891e+11	2.01212e+10	8.89358e+13	2.00674e+11	4.98992e+09	1.23468e+10	1.39861e+12	1.74169e+12	4.45394e+12	2.73409e+12	4.71446e+09	1.96538e+10
1.20226e+14	3.06136e+16	5.69706e+12	6.19796e+13	1.28556e+13	1.09826e+12	1.28517e+13	8.36639e+11	2.23955e+10	8.58456e+13	1.64893e+11	3.90677e+09	1.24846e+10	1.46494e+12	1.69159e+12	4.20290e+12	2.41384e+12	5.29435e+09	2.05413e+10
1.20226e+14	2.88894e+16	5.63788e+12	5.88497e+13	1.16914e+13	1.12605e+12	1.23108e+13	7.23524e+11	2.48815e+10	8.27339e+13	1.35378e+11	3.05649e+09	1.25928e+10	1.52861e+12	1.63743e+12	3.95614e+12	2.12555e+12	5.93463e+09	2.14385e+10
1.20226e+14	2.72688e+16	5.57782e+12	5.58636e+13	1.06252e+13	1.15335e+12	1.17808e+13	6.25319e+11	2.75944e+10	7.96103e+13	1.11037e+11	2.38919e+09	1.26722e+10	1.58909e+12	1.57967e+12	3.71461e+12	1.86674e+12	6.64055e+09	2.23437e+10
1.20226e+14	2.57457e+16	5.51714e+12	5.30170e+13	9.64956e+12	1.18009e+12	1.12627e+13	5.40152e+11	3.05481e+10	7.64871e+13	9.09860e+10	1.86607e+09	1.27239e+10	1.64585e+12	1.51890e+12	3.47938e+12	1.63524e+12	7.41718e+09	2.32545e+10
1.20226e+14	2.43133e+16	5.45595e+12	5.03036e+13	8.75689e+12	1.20625e+12	1.07569e+13	4.66317e+11	3.37586e+10	7.33734e+13	7.44764e+10	1.45616e+09	1.27489e+10	1.69842e+12	1.45566e+12	3.25121e+12	1.42875e+12	8.27038e+09	2.41688e+10
1.20226e+14	2.29659e+16	5.39447e+12	4.77181e+13	7.94051e+12	1.23177e+12	1.02639e+13	4.02348e+11	3.72409e+10	7.02791e+13	6.08959e+10	1.13525e+09	1.27487e+10	1.74637e+12	1.39052e+12	3.03088e+12	1.24517e+12	9.20606e+09	2.50842e+10
1.20226e+14	2.16985e+16	5.33297e+12	4.52561e+13	7.19435e+12	1.25663e+12	9.78424e+12	3.46973e+11	4.10096e+10	6.72143e+13	4.97378e+10	8.84295e+08	1.27249e+10	1.78931e+12	1.32408e+12	2.81905e+12	1.08251e+12	1.02303e+10	2.59984e+10
1.20226e+14	2.05062e+16	5.27162e+12	4.29128e+13	6.51280e+12	1.28077e+12	9.31841e+12	2.99069e+11	4.50794e+10	6.41881e+13	4.05802e+10	6.88238e+08	1.26790e+10	1.82696e+12	1.25692e+12	2.61626e+12	9.38877e+11	1.13495e+10	2.69084e+10
1.20226e+14	1.93844e+16	5.21062e+12	4.06833e+13	5.89061e+12	1.30415e+12	8.86667e+12	2.57656e+11	4.94647e+10	6.12091e+13	3.30728e+10	5.35218e+08	1.26126e+10	1.85906e+12	1.18958e+12	2.42292e+12	8.12439e+11	1.25701e+10	2.78115e+10
1.20226e+14	1.83294e+16	5.15024e+12	3.85639e+13	5.32319e+12	1.32672e+12	8.42952e+12	2.21888e+11	5.41777e+10	5.82864e+13	2.69273e+10	4.15943e+08	1.25276e+10	1.88548e+12	1.12263e+12	2.23939e+12	7.01534e+11	1.38989e+10	2.87047e+10
1.20226e+14	1.73371e+16	5.09060e+12	3.65498e+13	4.80611e+12	1.34844e+12	8.00707e+12	1.91013e+11	5.92317e+10	5.54270e+13	2.19021e+10	3.23048e+08	1.24258e+10	1.90615e+12	1.05653e+12	2.06585e+12	6.04548e+11	1.53426e+10	2.95848e+10
1.20226e+14	1.64038e+16	5.03190e+12	3.46369e+13	4.33529e+12	1.36927e+12	7.59952e+12	1.64379e+11	6.46369e+10	5.26380e+13	1.77984e+10	2.50773e+08	1.23088e+10	1.92107e+12	9.91727e+11	1.90238e+12	5.20002e+11	1.69080e+10	3.04489e+10
1.20226e+14	1.55263e+16	4.97429e+12	3.28211e+13	3.90704e+12	1.38917e+12	7.20698e+12	1.41419e+11	7.04046e+10	4.99256e+13	1.44512e+10	1.94592e+08	1.21783e+10	1.93035e+12	9.28625e+11	1.74898e+12	4.46522e+11	1.86024e+10	3.12938e+10
1.20226e+14	1.47010e+16	4.91790e+12	3.10977e+13	3.51782e+12	1.40811e+12	6.82937e+12	1.21633e+11	7.65442e+10	4.72943e+13	1.17238e+10	1.50947e+08	1.20361e+10	1.93415e+12	8.67534e+11	1.60549e+12	3.82827e+11	2.04332e+10	3.21166e+10
1.20226e+14	1.39256e+16	4.86282e+12	2.94640e+13	3.16468e+12	1.42604e+12	6.46689e+12	1.04601e+11	8.30598e+10	4.47505e+13	9.50519e+09	1.17083e+08	1.18836e+10	1.93270e+12	8.08768e+11	1.47182e+12	3.27791e+11	2.24065e+10	3.29136e+10
1.20226e+14	1.31962e+16	4.80901e+12	2.79142e+13	2.84438e+12	1.44293e+12	6.11905e+12	8.99351e+10	8.99620e+10	4.22949e+13	7.70076e+09	9.08015e+07	1.17221e+10	1.92629e+12	7.52479e+11	1.34755e+12	2.80315e+11	2.45308e+10	3.36826e+10
1.20226e+14	1.25108e+16	4.75661e+12	2.64456e+13	2.55434e+12	1.45875e+12	5.78594e+12	7.73182e+10	9.72517e+10	3.99322e+13	6.23553e+09	7.04265e+07	1.15531e+10	1.91524e+12	6.98872e+11	1.23244e+12	2.39477e+11	2.68123e+10	3.44202e+10
1.20226e+14	1.18663e+16	4.70557e+12	2.50539e+13	2.29194e+12	1.47347e+12	5.46719e+12	6.64647e+10	1.04933e+11	3.76634e+13	5.04642e+09	5.46309e+07	1.13776e+10	1.89991e+12	6.48025e+11	1.12606e+12	2.04411e+11	2.92583e+10	3.51241e+10
1.20226e+14	1.12603e+16	4.65584e+12	2.37351e+13	2.05480e+12	1.48707e+12	5.16248e+12	5.71300e+10	1.13007e+11	3.54891e+13	4.08210e+09	4.23872e+07	1.11968e+10	1.88068e+12	5.99992e+11	1.02797e+12	1.74353e+11	3.18764e+10	3.57919e+10
1.20226e+14	1.06905e+16	4.60744e+12	2.24859e+13	1.84075e+12	1.49951e+12	4.87154e+12	4.91041e+10	1.21473e+11	3.34102e+13	3.30072e+09	3.28986e+07	1.10116e+10	1.85795e+12	5.54794e+11	9.37740e+11	1.48634e+11	3.46734e+10	3.64214e+10
1.20226e+14	1.01544e+16	4.56018e+12	2.13023e+13	1.64773e+12	1.51077e+12	4.59387e+12	4.22025e+10	1.30332e+11	3.14252e+13	2.66776e+09	2.55425e+07	1.08227e+10	1.83210e+12	5.12383e+11	8.54870e+11	1.26649e+11	3.76570e+10	3.70108e+10
1.20226e+14	9.65043e+15	4.51409e+12	2.01822e+13	1.47401e+12	1.52083e+12	4.32940e+12	3.62745e+10	1.39572e+11	2.95357e+13	2.15579e+09	1.98443e+07	1.06311e+10	1.80355e+12	4.72755e+11	7.78971e+11	1.07897e+11	4.08315e+10	3.75580e+10
1.20226e+14	9.17381e+15	4.46868e+12	1.91160e+13	1.31709e+12	1.52964e+12	4.07628e+12	3.11570e+10	1.49226e+11	2.77293e+13	1.74005e+09	1.54095e+07	1.04361e+10	1.77246e+12	4.35616e+11	7.09189e+11	9.18449e+10	4.42174e+10	3.80643e+10
1.20226e+14	8.72789e+15	4.42463e+12	1.81125e+13	1.17680e+12	1.53728e+12	3.83677e+12	2.67834e+10	1.59219e+11	2.60241e+13	1.40555e+09	1.19880e+07	1.02410e+10	1.73964e+12	4.01269e+11	6.45776e+11	7.82384e+10	4.77960e+10	3.85239e+10
1.20226e+14	8.30627e+15	4.38110e+12	1.71584e+13	1.05043e+12	1.54363e+12	3.60808e+12	2.30110e+10	1.69604e+11	2.44003e+13	1.13430e+09	9.32475e+06	1.00438e+10	1.70500e+12	3.69250e+11	5.87668e+11	6.66160e+10	5.15970e+10	3.89403e+10
1.20226e+14	7.90880e+15	4.33824e+12	1.62542e+13	9.37041e+11	1.54871e+12	3.39059e+12	1.97677e+10	1.80352e+11	2.28613e+13	9.15076e+08	0	9.84574e+09	1.66900e+12	3.39560e+11	5.34643e+11	5.67226e+10	5.56189e+10	3.93114e+10
1.20226e+14	7.53376e+15	4.29588e+12	1.53969e+13	8.35352e+11	1.55250e+12	3.18377e+12	1.69783e+10	1.91457e+11	2.14037e+13	7.37894e+08	0	9.64714e+09	1.63191e+12	3.12060e+11	4.86277e+11	4.83011e+10	5.98691e+10	3.96371e+10
1.20226e+14	7.17972e+15	4.25395e+12	1.45840e+13	7.44240e+11	1.55499e+12	2.98724e+12	1.45794e+10	2.02905e+11	2.00247e+13	5.94763e+08	0	9.44838e+09	1.59399e+12	2.86625e+11	4.42195e+11	4.11352e+10	6.43531e+10	3.99175e+10
1.20226e+14	6.84537e+15	4.21237e+12	1.38133e+13	6.62674e+11	1.55617e+12	2.80062e+12	1.25167e+10	2.14681e+11	1.87217e+13	4.79191e+08	0	9.24983e+09	1.55548e+12	2.63134e+11	4.02043e+11	3.50394e+10	6.90756e+10	4.01527e+10
1.20226e+14	6.52919e+15	4.17091e+12	1.30821e+13	5.89688e+11	1.55602e+12	2.62340e+12	1.07422e+10	2.26780e+11	1.74905e+13	3.85854e+08	0	9.05146e+09	1.51655e+12	2.41440e+11	3.65465e+11	2.98515e+10	7.40433e+10	4.03431e+10
1.20226e+14	6.23009e+15	4.12952e+12	1.23883e+13	5.24431e+11	1.55453e+12	2.45523e+12	9.21615e+09	2.39184e+11	1.63286e+13	3.10523e+08	0	8.85365e+09	1.47742e+12	2.21432e+11	3.32163e+11	2.54373e+10	7.92597e+10	4.04893e+10
1.20226e+14	5.94694e+15	4.08811e+12	1.17298e+13	4.66123e+11	1.55170e+12	2.29574e+12	7.90371e+09	2.51876e+11	1.52327e+13	2.49745e+08	0	8.65659e+09	1.43822e+12	2.02989e+11	3.01848e+11	2.16808e+10	8.47276e+10	4.05920e+10
1.20226e+14	5.67868e+15	4.04656e+12	1.11049e+13	4.14054e+11	1.54752e+12	2.14456e+12	6.77505e+09	2.64841e+11	1.41998e+13	2.00725e+08	0	8.46042e+09	1.39911e+12	1.85998e+11	2.74256e+11	1.84836e+10	9.04491e+10	4.06519e+10
1.20226e+14	5.42433e+15	4.00478e+12	1.05115e+13	3.67586e+11	1.54199e+12	2.00134e+12	5.80459e+09	2.78060e+11	1.32268e+13	1.61208e+08	0	8.26531e+09	1.36020e+12	1.70352e+11	2.49145e+11	1.57617e+10	9.64249e+10	4.06700e+10
1.20226e+14	5.18299e+15	3.96269e+12	9.94801e+12	3.26139e+11	1.53509e+12	1.86576e+12	4.97030e+09	2.91515e+11	1.23107e+13	1.29367e+08	0	8.07141e+09	1.32159e+12	1.55950e+11	2.26293e+11	1.34440e+10	1.02653e+11	4.06472e+10
1.20226e+14	4.95383e+15	3.92019e+12	9.41286e+12	2.89192e+11	1.52684e+12	1.73750e+12	4.25324e+09	3.05185e+11	1.14488e+13	1.03725e+08	0	7.87886e+09	1.28336e+12	1.42698e+11	2.05498e+11	1.14700e+10	1.09132e+11	4.05846e+10
1.20226e+14	4.73607e+15	3.87723e+12	8.90455e+12	2.56277e+11	1.51723e+12	1.61626e+12	3.63715e+09	3.19049e+11	1.06384e+13	8.30888e+07	0	7.68778e+09	1.24561e+12	1.30510e+11	1.86575e+11	9.78834e+09	1.15854e+11	4.04833e+10
1.20226e+14	4.52895e+15	3.83369e+12	8.42155e+12	2.26966e+11	1.50627e+12	1.50172e+12	3.10791e+09	3.33089e+11	9.87657e+12	6.64890e+07	0	7.49820e+09	1.20837e+12	1.19299e+11	1.69353e+11	8.35504e+09	1.22814e+11	4.03444e+10
1.20226e+14	4.33181e+15	3.78949e+12	7.96261e+12	2.00880e+11	1.49396e+12	1.39363e+12	2.65351e+09	3.47279e+11	9.16096e+12	5.31473e+07	0	7.31026e+09	1.17169e+12	1.08991e+11	1.53680e+11	7.13320e+09	1.29999e+11	4.01691e+10
1.20226e+14	4.14404e+15	3.74461e+12	7.52649e+12	1.77678e+11	1.48032e+12	1.29171e+12	2.26355e+09	3.61598e+11	8.48916e+12	4.24334e+07	0	7.12407e+09	1.13563e+12	9.95173e+10	1.39417e+11	6.09134e+09	1.37397e+11	3.99586e+10
1.20226e+14	3.96504e+15	3.69896e+12	7.11200e+12	1.57050e+11	1.46537e+12	1.19571e+12	1.92907e+09	3.76022e+11	7.85882e+12	3.38367e+07	0	6.93967e+09	1.10021e+12	9.08106e+10	1.26437e+11	5.20268e+09	1.44989e+11	3.97140e+10
1.20226e+14	3.79430e+15	3.65248e+12	6.71808e+12	1.38724e+11	1.44912e+12	1.10538e+12	1.64238e+09	3.90527e+11	7.26778e+12	2.69459e+07	0	6.75716e+09	1.06545e+12	8.28119e+10	1.14625e+11	4.44451e+09	1.52754e+11	3.94365e+10
1.20226e+14	3.63127e+15	3.60511e+12	6.34361e+12	1.22448e+11	1.43160e+12	1.02047e+12	1.39675e+09	4.05091e+11	6.71385e+12	2.14274e+07	0	6.57656e+09	1.03137e+12	7.54643e+10	1.03874e+11	3.79738e+09	1.60667e+11	3.91273e+10
1.20226e+14	3.47553e+15	3.55684e+12	5.98773e+12	1.08004e+11	1.41284e+12	9.40759e+11	1.18653e+09	4.19687e+11	6.19519e+12	1.70137e+07	0	6.39800e+09	9.97983e+11	6.87190e+10	9.40920e+10	3.24503e+09	1.68698e+11	3.87876e+10
1.20226e+14	3.32592e+15	3.50732e+12	5.64787e+12	9.51467e+10	1.39270e+12	8.65736e+11	1.00609e+09	4.34326e+11	5.70784e+12	1.34772e+07	0	6.22060e+09	9.65126e+11	6.25031e+10	8.51565e+10	2.77188e+09	1.76826e+11	3.84166e+10
1.20226e+14	3.18352e+15	3.45709e+12	5.32653e+12	8.37962e+10	1.37157e+12	7.95788e+11	8.52575e+08	4.48914e+11	5.25423e+12	1.06663e+07	0	6.04624e+09	9.33155e+11	5.68257e+10	7.70629e+10	2.36934e+09	1.84985e+11	3.80193e+10
1.20226e+14	3.04721e+15	3.40586e+12	5.02122e+12	7.37421e+10	1.34932e+12	7.30395e+11	7.21545e+08	4.63460e+11	4.83055e+12	8.42713e+06	0	5.87410e+09	9.01896e+11	5.16201e+10	6.97016e+10	2.02553e+09	1.93144e+11	3.75952e+10
1.20226e+14	2.91668e+15	3.35361e+12	4.73121e+12	6.48426e+10	1.32600e+12	6.69355e+11	6.09836e+08	4.77938e+11	4.43522e+12	6.64607e+06	0	5.70424e+09	8.71352e+11	4.68500e+10	6.30082e+10	1.73183e+09	2.01255e+11	3.71455e+10
1.20226e+14	2.79230e+15	3.30069e+12	4.45733e+12	5.70031e+10	1.30188e+12	6.12719e+11	5.15094e+08	4.92288e+11	4.06846e+12	5.23651e+06	0	5.53769e+09	8.41702e+11	4.25016e+10	5.69512e+10	1.48182e+09	2.09256e+11	3.66742e+10
1.20226e+14	2.67239e+15	3.24644e+12	4.19585e+12	5.00423e+10	1.27662e+12	5.59782e+11	4.34142e+08	5.06558e+11	3.72532e+12	4.11436e+06	0	5.37261e+09	8.12587e+11	3.85032e+10	5.14209e+10	1.26732e+09	2.17111e+11	3.61771e+10
1.20226e+14	2.55740e+15	3.19123e+12	3.94771e+12	4.38945e+10	1.25049e+12	5.10617e+11	3.65385e+08	5.20687e+11	3.40625e+12	3.22637e+06	0	5.21003e+09	7.84185e+11	3.48474e+10	4.63981e+10	1.08404e+09	2.24752e+11	3.56583e+10
1.20226e+14	2.44649e+15	3.13477e+12	3.71105e+12	3.84470e+10	1.22334e+12	4.64848e+11	3.06842e+08	5.34682e+11	3.10864e+12	2.52272e+06	0	5.04913e+09	7.56333e+11	3.14935e+10	4.18186e+10	9.26864e+08	2.32120e+11	3.51158e+10
1.20226e+14	2.34066e+15	3.07773e+12	3.48793e+12	3.36656e+10	1.19568e+12	4.22685e+11	2.57485e+08	5.48457e+11	2.83399e+12	1.97029e+06	0	4.89179e+09	7.29353e+11	2.84467e+10	3.76829e+10	7.93091e+08	2.39143e+11	3.45573e+10
1.20226e+14	2.23910e+15	3.01988e+12	3.27651e+12	2.94535e+10	1.16739e+12	3.83748e+11	2.15751e+08	5.62020e+11	2.57972e+12	1.53572e+06	0	4.73720e+09	7.03082e+11	2.56692e+10	3.39331e+10	6.78776e+08	2.45766e+11	3.39811e+10
1.20226e+14	2.14219e+15	2.96161e+12	3.07744e+12	2.57621e+10	1.13877e+12	3.48013e+11	1.80656e+08	5.75320e+11	2.34577e+12	0	0	4.58632e+09	6.77672e+11	2.31509e+10	3.05504e+10	5.81440e+08	2.51931e+11	3.33924e+10
1.20226e+14	2.04864e+15	2.90238e+12	2.88794e+12	2.25010e+10	1.10948e+12	3.14996e+11	1.50939e+08	5.88394e+11	2.12887e+12	0	0	4.43753e+09	6.52817e+11	2.08497e+10	2.74730e+10	4.97916e+08	2.57578e+11	3.27859e+10
1.20226e+14	1.95900e+15	2.84268e+12	2.70900e+12	1.96397e+10	1.07990e+12	2.84724e+11	1.25960e+08	6.01185e+11	1.92934e+12	0	0	4.29200e+09	6.28707e+11	1.87618e+10	2.46921e+10	4.26608e+08	2.62656e+11	3.21674e+10
1.20226e+14	1.87218e+15	2.78200e+12	2.53827e+12	1.71106e+10	1.04971e+12	2.56799e+11	1.04836e+08	6.13721e+11	1.74454e+12	0	0	4.14825e+09	6.05070e+11	1.68540e+10	2.21600e+10	3.65295e+08	2.67098e+11	3.15316e+10
1.20226e+14	1.78955e+15	2.72141e+12	2.37835e+12	1.49077e+10	1.01963e+12	2.31430e+11	8.72297e+07	6.25910e+11	1.57607e+12	0	0	4.00883e+09	5.82331e+11	1.51363e+10	1.98878e+10	3.13189e+08	2.70897e+11	3.08911e+10
1.20226e+14	1.71029e+15	2.66060e+12	2.22745e+12	1.29785e+10	9.89488e+11	2.08286e+11	7.24882e+07	6.37768e+11	1.42178e+12	0	0	3.87269e+09	5.60292e+11	1.35819e+10	1.78374e+10	2.68652e+08	2.74007e+11	3.02427e+10
1.20226e+14	1.63429e+15	2.59969e+12	2.08517e+12	1.12906e+10	9.59362e+11	1.87216e+11	6.01655e+07	6.49281e+11	1.28075e+12	0	0	3.73992e+09	5.38953e+11	1.21773e+10	1.59889e+10	2.30580e+08	2.76409e+11	2.95880e+10
1.20226e+14	1.56209e+15	2.53930e+12	1.95234e+12	9.82497e+09	9.29652e+11	1.68192e+11	4.99415e+07	6.60407e+11	1.15295e+12	0	0	3.61170e+09	5.18496e+11	1.09177e+10	1.43348e+10	1.98207e+08	2.78128e+11	2.89347e+10
1.20226e+14	1.49207e+15	2.47838e+12	1.82571e+12	8.53277e+09	8.99724e+11	1.50784e+11	4.13441e+07	6.71201e+11	1.03548e+12	0	0	3.48545e+09	4.98477e+11	9.77179e+09	1.28320e+10	1.70290e+08	2.79077e+11	2.82707e+10
1.20226e+14	1.42521e+15	2.41789e+12	1.70699e+12	7.40852e+09	8.70176e+11	1.35065e+11	3.42080e+07	6.81606e+11	9.29002e+11	0	0	3.36312e+09	4.79208e+11	8.74272e+09	1.14842e+10	1.46463e+08	2.79326e+11	2.76076e+10
1.20226e+14	1.36120e+15	2.35777e+12	1.59542e+12	6.42873e+09	8.40976e+11	1.20862e+11	2.82784e+07	6.91621e+11	8.32426e+11	0	0	3.24435e+09	4.60617e+11	7.81739e+09	1.02734e+10	1.26071e+08	2.78877e+11	2.69447e+10
1.20226e+14	1.29995e+15	2.29812e+12	1.49062e+12	5.57563e+09	8.12192e+11	1.08052e+11	2.33579e+07	7.01241e+11	7.44995e+11	0	0	3.12917e+09	4.42696e+11	6.98631e+09	9.18659e+09	1.08613e+08	2.77759e+11	2.62837e+10
1.20226e+14	1.24134e+15	2.23912e+12	1.39219e+12	4.83320e+09	7.83883e+11	9.65149e+10	1.92793e+07	7.10464e+11	6.65966e+11	0	0	3.01758e+09	4.25434e+11	6.24059e+09	8.21179e+09	9.36570e+07	2.76005e+11	2.56270e+10
1.20226e+14	1.18529e+15	2.18071e+12	1.29995e+12	4.18806e+09	7.56103e+11	8.61433e+10	1.59030e+07	7.19282e+11	5.94684e+11	0	0	2.90956e+09	4.08820e+11	5.57222e+09	7.33815e+09	8.08388e+07	2.73653e+11	2.49739e+10
1.20226e+14	1.13171e+15	2.12306e+12	1.21349e+12	3.62770e+09	7.28901e+11	7.68316e+10	1.31109e+07	7.27696e+11	5.30484e+11	0	0	2.80510e+09	3.92843e+11	4.97372e+09	6.55575e+09	6.98453e+07	2.70749e+11	2.43267e+10
1.20226e+14	1.08008e+15	2.06578e+12	1.13180e+12	3.13830e+09	7.02070e+11	6.84335e+10	1.07916e+07	7.35716e+11	4.72398e+11	0	0	2.70333e+09	3.77355e+11	4.43501e+09	5.85118e+09	6.03602e+07	2.67281e+11	2.36810e+10
1.20226e+14	1.03127e+15	2.00998e+12	1.05618e+12	2.71739e+09	6.76195e+11	6.09722e+10	8.89168e+06	7.43321e+11	4.20673e+11	0	0	2.60612e+09	3.62643e+11	3.95725e+09	5.22614e+09	5.22721e+07	2.63434e+11	2.30503e+10
1.20226e+14	9.84567e+14	1.95504e+12	9.85286e+11	2.35193e+09	6.50942e+11	5.42887e+10	7.32220e+06	7.50528e+11	3.74227e+11	0	0	2.51216e+09	3.48494e+11	3.52979e+09	4.66651e+09	4.53097e+07	2.59176e+11	2.24273e+10
1.20226e+14	9.40289e+14	1.90148e+12	9.19480e+11	2.03694e+09	6.26573e+11	4.83462e+10	6.03422e+06	7.57339e+11	3.32853e+11	0	0	2.42225e+09	3.35021e+11	3.15003e+09	4.16901e+09	3.93453e+07	2.54624e+11	2.18188e+10
1.20226e+14	8.97410e+14	1.84826e+12	8.57037e+11	1.76114e+09	6.02552e+11	4.29872e+10	4.96268e+06	7.63765e+11	2.95461e+11	0	0	2.33440e+09	3.21914e+11	2.80763e+09	3.71995e+09	3.41605e+07	2.49671e+11	2.12123e+10
1.20226e+14	8.57161e+14	1.79698e+12	7.99696e+11	1.52538e+09	5.79663e+11	3.82632e+10	4.08999e+06	7.69803e+11	2.62471e+11	0	0	2.25122e+09	3.09564e+11	2.50587e+09	3.32387e+09	2.97384e+07	2.44597e+11	2.06270e+10
1.20226e+14	8.18397e+14	1.74639e+12	7.45621e+11	1.31986e+09	5.57279e+11	3.40246e+10	3.36678e+06	7.75468e+11	2.32829e+11	0	0	2.17046e+09	2.97623e+11	2.23497e+09	2.96787e+09	2.58981e+07	2.39258e+11	2.00484e+10
1.20226e+14	7.81428e+14	1.69697e+12	6.95158e+11	1.14213e+09	5.35636e+11	3.02509e+10	2.77177e+06	7.80764e+11	2.06420e+11	0	0	2.09283e+09	2.86196e+11	1.99360e+09	2.65034e+09	2.25814e+07	2.33770e+11	1.94824e+10
1.20226e+14	7.46173e+14	1.64875e+12	6.48074e+11	9.88444e+08	5.14725e+11	2.68927e+10	2.28227e+06	7.85699e+11	1.82912e+11	0	0	2.01825e+09	2.75261e+11	1.77859e+09	2.36713e+09	1.97136e+07	2.28171e+11	1.89295e+10
1.20226e+14	7.12280e+14	1.60137e+12	6.03777e+11	8.54790e+08	4.94371e+11	2.38893e+10	1.87761e+06	7.90270e+11	1.61885e+11	0	0	1.94605e+09	2.64716e+11	1.58602e+09	2.11316e+09	1.72187e+07	2.22441e+11	1.83854e+10
1.20226e+14	6.80508e+14	1.55596e+12	5.63205e+11	7.40734e+08	4.75081e+11	2.12506e+10	1.54847e+06	7.94520e+11	1.43427e+11	0	0	1.87789e+09	2.54804e+11	1.41658e+09	1.88946e+09	1.50799e+07	2.16795e+11	1.78640e+10
1.20226e+14	6.49695e+14	1.51103e+12	5.24686e+11	6.40862e+08	4.56164e+11	1.88777e+10	1.27469e+06	7.98407e+11	1.26836e+11	0	0	1.81137e+09	2.45163e+11	1.26390e+09	1.68758e+09	1.32040e+07	2.11023e+11	1.73476e+10
1.20226e+14	6.20672e+14	1.46783e+12	4.89241e+11	5.55338e+08	4.38168e+11	1.67872e+10	1.05128e+06	8.01993e+11	1.12241e+11	0	0	1.74832e+09	2.36060e+11	1.12910e+09	1.50915e+09	1.15873e+07	2.05355e+11	1.68511e+10
1.20226e+14	5.92929e+14	1.42574e+12	4.56104e+11	4.81245e+08	4.20800e+11	1.49267e+10	8.67101e+05	8.05252e+11	9.92740e+10	0	0	1.68770e+09	2.27337e+11	1.00885e+09	1.34977e+09	1.01787e+07	1.99714e+11	1.63673e+10
1.20226e+14	5.66492e+14	1.38487e+12	4.25234e+11	4.17208e+08	4.04100e+11	1.32749e+10	7.15560e+05	8.08204e+11	8.77850e+10	0	0	1.62960e+09	2.19007e+11	9.01799e+08	1.20769e+09	8.95259e+06	1.94141e+11	1.58977e+10
1.20226e+14	5.41374e+14	1.34532e+12	3.96567e+11	3.61966e+08	3.88097e+11	1.18111e+10	5.91039e+05	8.10864e+11	7.76309e+10	0	0	1.57411e+09	2.11076e+11	8.06672e+08	1.08129e+09	7.88587e+06	1.88672e+11	1.54435e+10
1.20226e+14	5.17440e+14	1.30701e+12	3.69840e+11	3.14174e+08	3.72728e+11	1.05114e+10	4.88469e+05	8.13203e+11	6.86451e+10	0	0	1.52097e+09	2.03504e+11	7.21511e+08	9.68563e+08	6.95481e+06	1.83304e+11	1.50034e+10
1.20226e+14	4.94648e+14	1.26989e+12	3.44961e+11	2.72853e+08	3.57978e+11	9.35782e+09	4.03985e+05	8.15259e+11	6.06968e+10	0	0	1.47012e+09	1.96279e+11	6.45663e+08	8.68064e+08	6.14161e+06	1.78052e+11	1.45774e+10
1.20226e+14	4.72782e+14	1.23369e+12	3.21635e+11	2.36940e+08	3.43721e+11	8.32910e+09	3.34075e+05	8.17029e+11	5.36334e+10	0	0	1.42110e+09	1.89336e+11	5.77815e+08	7.78014e+08	5.42744e+06	1.72883e+11	1.41624e+10
1.20226e+14	4.52104e+14	1.19890e+12	3.00082e+11	2.06034e+08	3.30143e+11	7.42033e+09	2.76699e+05	8.18549e+11	4.74213e+10	0	0	1.37454e+09	1.82759e+11	5.17691e+08	6.98083e+08	4.80500e+06	1.67889e+11	1.37640e+10
1.20226e+14	4.32402e+14	1.16523e+12	2.80012e+11	1.79277e+08	3.17117e+11	6.61326e+09	2.29352e+05	8.19807e+11	4.19301e+10	0	0	1.32998e+09	1.76483e+11	4.64120e+08	6.26742e+08	4.25926e+06	1.63032e+11	1.33791e+10
1.20226e+14	4.13721e+14	1.13281e+12	2.61422e+11	1.56182e+08	3.04684e+11	5.89863e+09	1.90365e+05	8.20842e+11	3.70918e+10	0	0	1.28756e+09	1.70522e+11	4.16513e+08	5.63246e+08	3.78156e+06	1.58342e+11	1.30091e+10
1.20226e+14	3.95843e+14	1.10133e+12	2.44035e+11	1.36105e+08	2.92708e+11	5.26183e+09	1.58060e+05	8.21628e+11	3.28030e+10	0	0	1.24681e+09	1.64810e+11	3.73933e+08	5.06362e+08	3.36056e+06	1.53775e+11	1.26505e+10
1.20226e+14	3.78812e+14	1.07089e+12	2.27851e+11	1.18704e+08	2.81228e+11	4.69600e+09	1.31353e+05	8.22187e+11	2.90141e+10	0	0	1.20783e+09	1.59361e+11	3.35952e+08	4.55542e+08	2.99018e+06	1.49355e+11	1.23046e+10
1.20226e+14	3.62639e+14	1.04159e+12	2.12836e+11	1.03646e+08	2.70259e+11	4.19414e+09	1.09297e+05	8.22539e+11	2.56743e+10	0	0	1.17068e+09	1.54179e+11	3.02127e+08	4.10213e+08	2.66456e+06	1.45100e+11	1.19722e+10
1.20226e+14	3.47127e+14	1.01309e+12	1.98764e+11	9.05199e+07	2.59676e+11	3.74601e+09	9.09636e+04	8.22656e+11	2.27110e+10	0	0	1.13493e+09	1.49203e+11	2.71799e+08	3.69504e+08	2.37628e+06	1.40962e+11	1.16499e+10
1.20226e+14	3.32398e+14	9.85661e+11	1.85710e+11	7.91514e+07	2.49568e+11	3.34836e+09	7.58044e+04	8.22585e+11	2.00999e+10	0	0	1.10087e+09	1.44472e+11	2.44767e+08	3.33167e+08	2.12231e+06	1.36987e+11	1.13404e+10
1.20226e+14	3.18330e+14	9.59115e+11	1.73527e+11	6.92589e+07	2.39857e+11	2.99402e+09	6.32164e+04	8.22305e+11	1.77902e+10	0	0	1.06823e+09	1.39947e+11	2.20572e+08	3.00593e+08	1.89753e+06	1.33147e+11	1.10418e+10
1.20226e+14	3.04957e+14	9.33550e+11	1.62216e+11	6.06747e+07	2.30572e+11	2.67916e+09	5.27847e+04	8.21854e+11	1.57534e+10	0	0	1.03711e+09	1.35641e+11	1.98969e+08	2.71467e+08	1.69892e+06	1.29461e+11	1.07551e+10
1.20226e+14	2.92244e+14	9.08932e+11	1.51710e+11	5.32184e+07	2.21693e+11	2.39919e+09	4.41295e+04	8.21239e+11	1.39568e+10	0	0	1.00744e+09	1.31543e+11	1.79664e+08	2.45404e+08	1.52320e+06	1.25924e+11	1.04800e+10
1.20226e+14	2.80096e+14	8.85114e+11	1.41900e+11	4.67148e+07	2.13163e+11	2.14934e+09	3.69215e+04	8.20441e+11	1.23668e+10	0	0	9.79005e+08	1.27622e+11	1.62350e+08	2.21995e+08	1.36711e+06	1.22515e+11	1.02148e+10
1.20226e+14	2.68516e+14	8.62128e+11	1.32765e+11	4.10480e+07	2.04985e+11	1.92665e+09	0	8.19482e+11	1.09619e+10	0	0	9.51824e+08	1.23881e+11	1.46836e+08	2.00991e+08	1.22851e+06	1.19240e+11	9.95977e+09
1.20226e+14	2.57476e+14	8.39947e+11	1.24255e+11	3.61065e+07	1.97146e+11	1.72805e+09	0	8.18368e+11	9.72025e+09	0	0	9.25843e+08	1.20310e+11	1.32925e+08	1.82132e+08	1.10529e+06	1.16095e+11	9.71465e+09
1.20226e+14	2.46951e+14	8.18541e+11	1.16328e+11	3.17939e+07	1.89630e+11	1.55085e+09	0	8.17108e+11	8.62268e+09	0	0	9.01008e+08	1.16901e+11	1.20442e+08	1.65187e+08	9.95623e+05	1.13076e+11	9.47910e+09
1.20226e+14	2.36914e+14	7.97884e+11	1.08943e+11	2.80267e+07	1.82423e+11	1.39265e+09	0	8.15709e+11	7.65224e+09	0	0	8.77267e+08	1.13647e+11	1.09232e+08	1.49951e+08	8.97904e+05	1.10180e+11	9.25278e+09
1.20226e+14	2.27341e+14	7.77948e+11	1.02060e+11	2.47331e+07	1.75511e+11	1.25135e+09	0	8.14178e+11	6.79396e+09	0	0	8.54571e+08	1.10539e+11	9.91582e+07	1.36242e+08	8.10733e+05	1.07401e+11	9.03539e+09
1.20226e+14	2.18210e+14	7.58708e+11	9.56455e+10	2.18510e+07	1.68881e+11	1.12506e+09	0	8.12524e+11	6.03467e+09	0	0	8.32871e+08	1.07572e+11	9.00978e+07	1.23898e+08	7.32881e+05	1.04737e+11	8.82659e+09
1.20226e+14	2.09499e+14	7.40136e+11	8.96651e+10	1.93264e+07	1.62521e+11	1.01213e+09	0	8.10752e+11	5.36275e+09	0	0	8.12122e+08	1.04737e+11	8.19423e+07	1.12773e+08	6.63273e+05	1.02183e+11	8.62608e+09
1.20226e+14	2.01165e+14	7.22162e+11	8.40742e+10	1.71095e+07	1.56405e+11	9.10926e+08	0	8.08854e+11	4.76705e+09	0	0	7.92229e+08	1.02022e+11	7.45850e+07	1.02726e+08	6.00883e+05	9.97288e+10	8.43305e+09
1.20226e+14	1.93253e+14	7.04898e+11	7.88876e+10	1.51704e+07	1.50564e+11	8.20605e+08	0	8.06886e+11	4.24118e+09	0	0	7.73305e+08	9.94410e+10	6.79713e+07	9.36841e+07	5.45130e+05	9.73891e+10	8.24870e+09
1.20226e+14	1.85680e+14	6.88180e+11	7.40351e+10	1.34638e+07	1.44944e+11	7.39553e+08	0	8.04805e+11	3.77450e+09	0	0	7.55153e+08	9.69673e+10	6.19936e+07	8.55034e+07	4.95035e+05	9.51407e+10	8.07122e+09
1.20226e+14	1.78451e+14	6.72037e+11	6.95078e+10	1.19631e+07	1.39549e+11	6.66908e+08	0	8.02635e+11	3.36097e+09	0	0	7.37791e+08	9.46028e+10	5.65956e+07	7.81081e+07	4.50047e+05	9.29867e+10	7.90088e+09
1.20226e+14	1.71529e+14	6.56400e+11	6.52707e+10	1.06398e+07	1.34358e+11	6.01652e+08	0	8.00366e+11	2.99377e+09	0	0	7.21135e+08	9.23357e+10	5.17091e+07	7.14070e+07	4.09542e+05	9.09172e+10	7.73691e+09
1.20226e+14	1.64935e+14	6.41329e+11	6.13254e+10	9.47580e+06	1.29385e+11	5.43182e+08	0	7.98037e+11	2.66860e+09	0	0	7.05240e+08	9.01729e+10	4.72948e+07	6.53478e+07	3.73134e+05	8.89399e+10	7.57994e+09
1.20226e+14	1.58652e+14	6.26796e+11	5.76493e+10	8.45032e+06	1.24619e+11	4.90746e+08	0	7.95653e+11	2.38042e+09	0	0	6.90065e+08	8.81086e+10	4.33025e+07	5.98629e+07	3.40363e+05	8.70502e+10	7.42963e+09
1.20226e+14	1.52632e+14	6.12710e+11	5.42060e+10	7.54318e+06	1.20030e+11	4.43557e+08	0	7.93189e+11	2.12418e+09	0	0	6.75501e+08	8.61279e+10	3.96790e+07	5.48802e+07	3.10760e+05	8.52349e+10	7.28496e+09
1.20226e+14	1.46879e+14	5.99088e+11	5.09881e+10	6.74119e+06	1.15622e+11	4.01132e+08	0	7.90667e+11	1.89660e+09	0	0	6.61558e+08	8.42318e+10	3.63921e+07	5.03564e+07	2.84027e+05	8.34955e+10	7.14610e+09
1.20226e+14	1.41378e+14	5.85906e+11	4.79793e+10	6.03129e+06	1.11386e+11	3.62962e+08	0	7.88092e+11	1.69433e+09	0	0	6.48204e+08	8.24158e+10	3.34074e+07	4.62453e+07	2.59856e+05	8.18286e+10	7.01277e+09
1.20226e+14	1.36118e+14	5.73149e+11	4.51653e+10	5.40227e+06	1.07315e+11	3.28601e+08	0	7.85470e+11	1.51449e+09	0	0	6.35413e+08	8.06761e+10	3.06950e+07	4.25062e+07	2.37979e+05	8.02312e+10	6.88475e+09
1.20226e+14	1.31086e+14	5.60795e+11	4.25323e+10	4.84425e+06	1.03401e+11	2.97651e+08	0	7.82806e+11	1.35450e+09	0	0	6.23158e+08	7.90089e+10	2.82275e+07	3.91022e+07	2.18158e+05	7.87000e+10	6.76182e+09
1.20226e+14	1.26274e+14	5.48834e+11	4.00685e+10	4.34877e+06	9.96399e+10	2.69761e+08	0	7.80107e+11	1.21213e+09	0	0	6.11418e+08	7.74111e+10	2.59813e+07	3.60013e+07	2.00182e+05	7.72327e+10	6.64381e+09
1.20226e+14	1.21668e+14	5.37240e+11	3.77612e+10	3.90823e+06	9.60223e+10	2.44606e+08	0	7.77375e+11	1.08534e+09	0	0	6.00166e+08	7.58788e+10	2.39343e+07	3.31735e+07	1.83861e+05	7.58259e+10	6.53047e+09
1.20226e+14	1.17260e+14	5.26003e+11	3.56001e+10	3.51614e+06	9.25446e+10	2.21912e+08	0	7.74616e+11	9.72379e+08	0	0	5.89378e+08	7.44089e+10	2.20673e+07	3.05927e+07	1.69028e+05	7.44771e+10	6.42161e+09
1.20226e+14	1.13037e+14	5.15102e+11	3.35743e+10	3.16671e+06	8.91990e+10	2.01419e+08	0	7.71834e+11	8.71655e+08	0	0	5.79031e+08	7.29980e+10	2.03626e+07	2.82348e+07	1.55530e+05	7.31833e+10	6.31701e+09
1.20226e+14	1.08996e+14	5.04531e+11	3.16761e+10	2.85510e+06	8.59826e+10	1.82914e+08	0	7.69036e+11	7.81840e+08	0	0	5.69113e+08	7.16442e+10	1.88053e+07	2.60796e+07	1.43241e+05	7.19429e+10	6.21658e+09
1.20226e+14	1.05123e+14	4.94268e+11	2.98955e+10	2.57679e+06	8.28880e+10	1.66186e+08	0	7.66224e+11	7.01674e+08	0	0	5.59595e+08	7.03439e+10	1.73810e+07	2.41073e+07	1.32037e+05	7.07529e+10	6.12005e+09
1.20226e+14	1.01413e+14	4.84303e+11	2.82251e+10	2.32801e+06	7.99115e+10	1.51061e+08	0	7.63402e+11	6.30100e+08	0	0	5.50464e+08	6.90949e+10	1.60774e+07	2.23012e+07	1.21814e+05	6.96113e+10	6.02732e+09
1.20226e+14	9.78448e+13	4.74589e+11	2.66519e+10	2.10495e+06	7.70388e+10	1.37351e+08	0	7.60559e+11	5.66034e+08	0	0	5.41669e+08	6.78903e+10	1.48813e+07	2.06433e+07	1.12463e+05	6.85119e+10	5.93788e+09
1.20226e+14	9.44357e+13	4.65178e+11	2.51796e+10	1.90549e+06	7.42831e+10	1.24964e+08	0	7.57729e+11	5.08874e+08	0	0	5.33255e+08	6.67361e+10	1.37862e+07	1.91248e+07	1.03927e+05	6.74604e+10	5.85220e+09
1.20226e+14	9.11762e+13	4.56052e+11	2.38001e+10	1.72685e+06	7.16382e+10	1.13760e+08	0	7.54914e+11	4.57826e+08	0	0	5.25200e+08	6.56294e+10	1.27826e+07	1.77325e+07	9.61248e+04	6.64541e+10	5.77007e+09
1.20226e+14	8.80403e+13	4.47147e+11	2.24999e+10	1.56620e+06	6.90861e+10	1.03592e+08	0	7.52089e+11	4.12064e+08	0	0	5.17440e+08	6.45612e+10	1.18595e+07	1.64514e+07	8.89690e+04	6.54848e+10	5.69087e+09
1.20226e+14	8.50308e+13	4.38477e+11	2.12770e+10	1.42179e+06	6.66294e+10	9.43719e+07	0	7.49272e+11	3.71080e+08	0	0	5.09982e+08	6.35327e+10	1.10109e+07	1.52732e+07	8.24081e+04	6.45537e+10	5.61467e+09
1.20226e+14	8.21422e+13	4.30032e+11	2.01266e+10	1.29185e+06	6.42647e+10	8.60082e+07	0	7.46464e+11	3.34359e+08	0	0	5.02814e+08	6.25422e+10	1.02301e+07	1.41889e+07	7.63874e+04	6.36592e+10	5.54138e+09
1.20226e+14	7.93721e+13	4.21814e+11	1.90450e+10	1.17487e+06	6.19915e+10	7.84220e+07	0	7.43667e+11	3.01468e+08	0	0	4.95932e+08	6.15890e+10	9.51147e+06	1.31906e+07	7.08601e+04	6.28007e+10	5.47094e+09
1.20226e+14	7.67280e+13	4.13859e+11	1.80330e+10	1.06975e+06	5.98215e+10	7.15561e+07	0	7.40871e+11	2.72114e+08	0	0	4.89360e+08	6.06761e+10	8.85107e+06	1.22727e+07	6.57909e+04	6.19807e+10	5.40356e+09
1.20226e+14	7.41868e+13	4.06097e+11	1.70791e+10	9.74815e+05	5.77311e+10	6.53158e+07	0	7.38093e+11	2.45746e+08	0	0	4.83036e+08	5.97954e+10	8.24170e+06	1.14255e+07	6.11252e+04	6.11919e+10	5.33867e+09
1.20226e+14	7.17443e+13	3.98520e+11	1.61797e+10	8.89015e+05	5.57175e+10	5.96422e+07	0	7.35337e+11	2.22050e+08	0	0	4.76949e+08	5.89454e+10	7.67904e+06	1.06432e+07	5.68277e+04	6.04332e+10	5.27618e+09
1.20226e+14	6.93960e+13	3.91120e+11	1.53314e+10	8.11395e+05	5.37777e+10	5.44814e+07	0	7.32604e+11	2.00745e+08	0	0	4.71090e+08	5.81247e+10	7.15912e+06	9.92017e+06	5.28662e+04	5.97033e+10	5.21600e+09
1.20226e+14	6.71370e+13	3.83888e+11	1.45307e+10	7.41099e+05	5.19085e+10	4.97845e+07	0	7.29895e+11	1.81574e+08	0	0	4.65447e+08	5.73318e+10	6.67828e+06	9.25146e+06	4.92110e+04	5.90006e+10	5.15799e+09
1.20226e+14	6.49647e+13	3.76821e+11	1.37752e+10	6.77399e+05	5.01084e+10	4.55093e+07	0	7.27212e+11	1.64323e+08	0	0	4.60013e+08	5.65659e+10	6.23337e+06	8.63268e+06	4.58368e+04	5.83245e+10	5.10212e+09
1.20226e+14	6.28746e+13	3.69910e+11	1.30617e+10	6.19614e+05	4.83739e+10	4.16158e+07	0	7.24557e+11	1.48786e+08	0	0	4.54779e+08	5.58254e+10	5.82136e+06	8.05964e+06	4.27191e+04	5.76737e+10	5.04828e+09
1.20226e+14	6.08632e+13	3.63148e+11	1.23876e+10	5.67151e+05	4.67028e+10	3.80683e+07	0	7.21932e+11	1.34786e+08	0	0	4.49735e+08	5.51092e+10	5.43955e+06	7.52860e+06	3.98364e+04	5.70469e+10	4.99637e+09
1.20226e+14	5.89270e+13	3.56530e+11	1.17507e+10	5.19478e+05	4.50927e+10	3.48350e+07	0	7.19336e+11	1.22164e+08	0	0	4.44874e+08	5.44162e+10	5.08549e+06	7.03617e+06	3.71690e+04	5.64433e+10	4.94634e+09
1.20226e+14	5.70574e+13	3.50032e+11	1.11470e+10	4.76067e+05	4.35376e+10	3.18831e+07	0	7.16762e+11	1.10765e+08	0	0	4.40173e+08	5.37435e+10	4.75661e+06	6.57876e+06	3.46967e+04	5.58601e+10	4.89795e+09
1.20226e+14	5.52619e+13	3.43682e+11	1.05776e+10	4.36606e+05	4.20425e+10	2.91940e+07	0	7.14230e+11	1.00491e+08	0	0	4.35654e+08	5.30937e+10	4.45154e+06	6.15450e+06	3.24081e+04	5.52997e+10	4.85141e+09
1.20226e+14	5.35322e+13	3.37460e+11	1.00389e+10	4.00659e+05	4.06017e+10	2.67401e+07	0	7.11731e+11	9.12138e+07	0	0	4.31294e+08	5.24642e+10	4.16807e+06	5.76032e+06	3.02859e+04	5.47597e+10	4.80652e+09
1.20226e+14	5.18655e+13	3.31359e+11	9.52908e+09	3.67888e+05	3.92131e+10	2.45001e+07	0	7.09265e+11	8.28328e+07	0	0	4.27089e+08	5.18539e+10	3.90451e+06	5.39386e+06	2.83169e+04	5.42391e+10	4.76320e+09
1.20226e+14	5.02590e+13	3.25374e+11	9.04643e+09	3.37988e+05	3.78747e+10	2.24544e+07	0	7.06835e+11	7.52566e+07	0	0	4.23030e+08	5.12620e+10	3.65929e+06	5.05295e+06	2.64886e+04	5.37370e+10	4.72140e+09
1.20226e+14	4.87103e+13	3.19503e+11	8.58943e+09	3.10690e+05	3.65848e+10	2.05858e+07	0	7.04438e+11	6.84057e+07	0	0	4.19112e+08	5.06876e+10	3.43103e+06	4.73566e+06	2.47900e+04	5.32529e+10	4.68105e+09
1.20226e+14	4.72207e+13	3.13753e+11	8.15747e+09	2.85773e+05	3.53438e+10	1.88799e+07	0	7.02086e+11	6.22135e+07	0	0	4.15339e+08	5.01315e+10	3.21858e+06	4.44038e+06	2.32121e+04	5.27870e+10	4.64219e+09
1.20226e+14	4.57805e+13	3.08095e+11	7.74728e+09	2.62966e+05	3.41453e+10	1.73188e+07	0	6.99761e+11	5.66017e+07	0	0	4.11687e+08	4.95900e+10	3.02041e+06	4.16502e+06	2.17432e+04	5.23364e+10	4.60457e+09
1.20226e+14	4.43919e+13	3.02539e+11	7.35853e+09	2.42102e+05	3.29900e+10	1.58913e+07	0	6.98025e+11	5.12643e+07	0	0	4.08161e+08	4.90641e+10	2.83563e+06	3.90832e+06	2.03762e+04	5.19018e+10	4.56827e+09
1.20226e+14	4.30533e+13	2.97083e+11	6.99005e+09	2.23002e+05	3.18767e+10	1.45858e+07	0	6.97074e+11	4.61039e+07	0	0	4.04757e+08	4.85532e+10	2.66326e+06	3.66890e+06	1.91034e+04	5.14828e+10	4.53323e+09
1.20226e+14	4.17583e+13	2.91709e+11	6.63989e+09	2.05486e+05	3.08011e+10	1.33900e+07	0	6.96056e+11	4.14678e+07	0	0	4.01459e+08	4.80550e+10	2.50221e+06	3.44528e+06	1.79164e+04	5.10771e+10	4.49930e+09
1.20226e+14	4.05110e+13	2.86437e+11	6.30845e+09	1.89444e+05	2.97659e+10	1.22964e+07	0	6.94995e+11	3.73080e+07	0	0	3.98279e+08	4.75714e+10	2.35189e+06	3.23660e+06	1.68106e+04	5.06864e+10	4.46659e+09
1.20226e+14	3.93093e+13	2.81264e+11	5.99466e+09	1.74741e+05	2.87697e+10	1.12961e+07	0	6.93886e+11	3.35776e+07	0	0	3.95213e+08	4.71017e+10	2.21150e+06	3.04177e+06	1.57796e+04	5.03098e+10	4.43504e+09
1.20226e+14	3.81447e+13	2.76162e+11	5.69613e+09	1.61229e+05	2.78066e+10	1.03786e+07	0	6.92096e+11	3.04459e+07	0	0	3.92235e+08	4.66426e+10	2.08010e+06	2.85946e+06	1.48163e+04	4.99447e+10	4.40443e+09
1.20226e+14	3.70148e+13	2.71123e+11	5.41175e+09	1.48800e+05	2.68747e+10	9.53669e+06	0	6.90174e+11	2.76540e+07	0	0	3.89341e+08	4.61932e+10	1.95702e+06	2.68876e+06	1.39158e+04	4.95904e+10	4.37471e+09
1.20226e+14	3.59279e+13	2.66184e+11	5.14281e+09	1.37400e+05	2.59790e+10	8.76646e+06	0	6.88286e+11	2.51309e+07	0	0	3.86555e+08	4.57570e+10	1.84198e+06	2.52925e+06	1.30755e+04	4.92495e+10	4.34609e+09
1.20226e+14	3.48774e+13	2.61323e+11	4.88743e+09	1.26918e+05	2.51149e+10	8.06036e+06	0	6.86419e+11	2.28457e+07	0	0	3.83859e+08	4.53315e+10	1.73425e+06	2.37994e+06	1.22901e+04	4.89199e+10	4.31841e+09
1.20226e+14	3.38621e+13	2.56538e+11	4.64490e+09	1.17277e+05	2.42815e+10	7.41287e+06	0	6.84576e+11	2.07752e+07	0	0	3.81249e+08	4.49162e+10	1.63333e+06	2.24012e+06	1.15555e+04	4.86013e+10	4.29163e+09
1.20226e+14	3.28805e+13	2.51826e+11	4.41453e+09	1.08403e+05	2.34775e+10	6.81895e+06	0	6.82754e+11	1.88986e+07	0	0	3.78722e+08	4.45107e+10	1.53875e+06	2.10913e+06	1.08683e+04	4.82932e+10	4.26571e+09
1.20226e+14	3.19350e+13	2.47203e+11	4.19640e+09	1.00245e+05	2.27042e+10	6.27486e+06	0	6.80966e+11	1.71998e+07	0	0	3.76286e+08	4.41163e+10	1.45016e+06	1.98649e+06	1.02256e+04	4.79963e+10	4.24074e+09
1.20226e+14	3.10133e+13	2.42617e+11	3.98770e+09	9.27065e+04	2.19533e+10	5.77391e+06	0	6.79182e+11	1.56541e+07	0	0	3.73905e+08	4.37273e+10	1.36688e+06	1.87124e+06	9.62258e+03	4.77069e+10	4.21637e+09
1.20226e+14	3.01252e+13	2.38117e+11	3.79006e+09	8.57698e+04	2.12310e+10	5.31480e+06	0	6.77431e+11	1.42540e+07	0	0	3.71609e+08	4.33487e+10	1.28881e+06	1.76326e+06	9.05823e+03	4.74279e+10	4.19287e+09
1.20226e+14	2.92661e+13	2.33683e+11	3.60222e+09	7.93742e+04	2.05339e+10	4.89323e+06	0	6.75704e+11	1.29834e+07	0	0	3.69385e+08	4.29782e+10	1.21553e+06	1.66193e+06	8.52931e+03	4.71579e+10	4.17012e+09
1.20226e+14	2.84376e+13	2.29330e+11	3.42422e+09	7.34826e+04	1.98631e+10	4.50655e+06	0	6.74009e+11	1.18314e+07	0	0	3.67238e+08	4.26171e+10	1.14677e+06	1.56690e+06	8.03384e+03	4.68976e+10	4.14816e+09
1.20226e+14	2.76299e+13	2.25012e+11	3.25393e+09	6.80311e+04	1.92119e+10	4.15029e+06	0	6.72322e+11	1.07822e+07	0	0	3.65139e+08	4.22605e+10	1.08204e+06	1.47749e+06	7.56826e+03	4.66437e+10	4.12674e+09
1.20226e+14	2.68535e+13	2.20784e+11	3.09300e+09	6.30116e+04	1.85867e+10	3.82380e+06	0	6.70676e+11	9.83171e+06	0	0	3.63122e+08	4.19139e+10	1.02132e+06	1.39365e+06	7.13216e+03	4.63997e+10	4.10614e+09
1.20226e+14	2.60992e+13	2.16605e+11	2.93953e+09	5.83703e+04	1.79815e+10	3.52329e+06	0	6.69046e+11	8.96671e+06	0	0	3.61157e+08	4.15728e+10	9.64177e+05	1.31480e+06	6.72245e+03	4.61625e+10	4.08611e+09
1.20226e+14	2.53662e+13	2.12473e+11	2.79316e+09	5.40773e+04	1.73956e+10	3.24667e+06	0	6.67434e+11	8.17936e+06	0	0	3.59243e+08	4.12368e+10	9.10389e+05	1.24060e+06	6.33742e+03	4.59319e+10	4.06663e+09
1.20226e+14	2.46586e+13	2.08415e+11	2.65439e+09	0	1.68314e+10	2.99262e+06	0	6.65854e+11	7.46428e+06	0	0	3.57394e+08	4.09085e+10	8.59827e+05	1.17089e+06	5.97606e+03	4.57094e+10	4.04782e+09
1.20226e+14	2.39733e+13	2.04415e+11	2.52240e+09	0	1.62866e+10	2.75896e+06	0	6.64300e+11	6.81388e+06	0	0	3.55600e+08	4.05861e+10	8.12243e+05	1.10533e+06	0	4.54938e+10	4.02959e+09
1.20226e+14	2.33093e+13	2.00473e+11	2.39688e+09	0	1.57604e+10	2.54399e+06	0	6.62770e+11	6.22208e+06	0	0	3.53859e+08	4.02695e+10	7.67447e+05	1.04363e+06	0	4.52848e+10	4.01191e+09
1.20226e+14	2.26658e+13	1.96588e+11	2.27748e+09	0	1.52522e+10	2.34616e+06	0	6.61264e+11	5.68342e+06	0	0	3.52170e+08	3.99583e+10	7.25260e+05	9.85560e+05	0	4.50823e+10	3.99477e+09
1.20226e+14	2.20422e+13	1.92758e+11	2.16390e+09	0	1.47612e+10	2.16408e+06	0	6.59784e+11	5.19288e+06	0	0	3.50529e+08	3.96524e+10	6.85518e+05	9.30886e+05	0	4.48860e+10	3.97815e+09
1.20226e+14	2.14377e+13	1.88985e+11	2.05586e+09	0	1.42869e+10	1.99646e+06	0	6.58328e+11	4.74618e+06	0	0	3.48937e+08	3.93514e+10	6.48072e+05	8.79397e+05	0	4.46957e+10	3.96203e+09
1.20226e+14	2.08516e+13	1.85265e+11	1.95309e+09	0	1.38287e+10	1.84212e+06	0	6.56897e+11	4.33919e+06	0	0	3.47390e+08	3.90551e+10	6.12775e+05	8.30892e+05	0	4.45111e+10	3.94639e+09
1.20226e+14	2.02834e+13	1.81600e+11	1.85532e+09	0	1.33859e+10	1.69997e+06	0	6.55490e+11	3.96828e+06	0	0	3.45888e+08	3.87634e+10	5.79497e+05	7.85186e+05	0	4.43322e+10	3.93122e+09
1.20226e+14	1.97322e+13	1.77987e+11	1.76231e+09	0	1.29579e+10	1.56903e+06	0	6.54108e+11	3.63013e+06	0	0	3.44428e+08	3.84759e+10	5.48113e+05	7.42107e+05	0	4.41586e+10	3.91650e+09
1.20226e+14	1.91977e+13	1.74428e+11	1.67383e+09	0	1.25443e+10	1.44838e+06	0	6.52750e+11	3.32176e+06	0	0	3.43010e+08	3.81926e+10	5.18509e+05	7.01494e+05	0	4.39902e+10	3.90221e+09
1.20226e+14	1.86794e+13	1.70905e+11	1.58955e+09	0	1.21439e+10	1.33713e+06	0	6.51416e+11	3.04066e+06	0	0	3.41632e+08	3.79131e+10	4.90576e+05	6.63197e+05	0	4.38269e+10	3.88835e+09
1.20226e+14	1.81763e+13	1.67448e+11	1.50947e+09	0	1.17574e+10	1.23466e+06	0	6.50105e+11	2.78399e+06	0	0	3.40293e+08	3.76374e+10	4.64213e+05	6.27074e+05	0	4.36683e+10	3.87489e+09
1.20226e+14	1.76881e+13	1.64041e+11	1.43329e+09	0	1.13837e+10	1.14020e+06	0	6.48819e+11	2.54970e+06	0	0	3.38990e+08	3.73651e+10	4.39326e+05	5.92993e+05	0	4.35145e+10	3.86183e+09
1.20226e+14	1.72143e+13	1.60684e+11	1.36083e+09	0	1.10224e+10	1.05311e+06	0	6.47556e+11	2.33579e+06	0	0	3.37724e+08	3.70963e+10	4.15827e+05	5.60834e+05	0	4.33652e+10	3.84914e+09
1.20226e+14	1.67570e+13	1.57395e+11	1.29220e+09	0	1.06745e+10	9.72940e+05	0	6.46325e+11	2.14083e+06	0	0	3.36502e+08	3.68325e+10	3.93661e+05	5.30518e+05	0	4.32210e+10	3.83689e+09
1.20226e+14	1.63079e+13	1.54120e+11	1.22631e+09	0	1.03351e+10	8.98707e+05	0	6.45100e+11	1.96193e+06	0	0	3.35294e+08	3.65678e+10	3.72669e+05	5.01824e+05	0	4.30794e+10	3.82485e+09
1.20226e+14	1.58768e+13	1.50926e+11	1.16421e+09	0	1.00095e+10	8.30490e+05	0	6.43914e+11	1.79914e+06	0	0	3.34138e+08	3.63098e+10	3.52884e+05	4.74798e+05	0	4.29435e+10	3.81329e+09
1.20226e+14	1.54559e+13	1.47764e+11	1.10485e+09	0	9.69328e+09	7.67426e+05	0	6.42742e+11	1.65000e+06	0	0	3.33004e+08	3.60525e+10	3.34163e+05	4.49242e+05	0	4.28107e+10	3.80200e+09
1.20226e+14	1.50469e+13	1.44649e+11	1.04838e+09	0	9.38726e+09	7.09225e+05	0	6.41593e+11	1.51361e+06	0	0	3.31899e+08	3.57977e+10	3.16467e+05	4.25100e+05	0	4.26817e+10	3.79102e+09
1.20226e+14	1.46498e+13	1.41582e+11	9.94694e+08	0	9.09124e+09	6.55515e+05	0	6.40466e+11	1.38887e+06	0	0	3.30825e+08	3.55454e+10	2.99739e+05	4.02293e+05	0	4.25564e+10	3.78036e+09
1.20226e+14	1.42623e+13	1.38549e+11	9.43456e+08	0	8.80383e+09	6.05863e+05	0	6.39355e+11	1.27457e+06	0	0	3.29771e+08	3.52937e+10	2.83906e+05	3.80720e+05	0	4.24342e+10	3.76995e+09
1.20226e+14	1.38876e+13	1.35575e+11	8.94909e+08	0	8.52669e+09	5.60101e+05	0	6.38271e+11	1.17015e+06	0	0	3.28752e+08	3.50458e+10	2.68949e+05	3.60354e+05	0	4.23159e+10	3.75988e+09
1.20226e+14	1.35236e+13	1.32648e+11	8.48747e+08	0	8.25849e+09	5.17849e+05	0	6.37209e+11	1.07458e+06	0	0	3.27760e+08	3.47999e+10	2.54801e+05	3.41103e+05	0	4.22011e+10	3.75009e+09
1.20226e+14	1.31699e+13	1.29765e+11	8.04850e+08	0	7.99887e+09	4.78830e+05	0	6.36168e+11	9.87047e+05	0	0	3.26794e+08	3.45558e+10	2.41417e+05	3.22902e+05	0	4.20894e+10	3.74058e+09
1.20226e+14	1.28261e+13	1.26928e+11	7.63115e+08	0	7.74757e+09	4.42793e+05	0	6.35147e+11	9.06880e+05	0	0	3.25853e+08	3.43134e+10	2.28753e+05	3.05693e+05	0	4.19809e+10	3.73133e+09
1.20226e+14	1.24919e+13	1.24135e+11	7.23436e+08	0	7.50428e+09	4.09506e+05	0	6.34147e+11	8.33432e+05	0	0	3.24936e+08	3.40726e+10	2.16768e+05	2.89419e+05	0	4.18754e+10	3.72234e+09
1.20226e+14	1.21671e+13	1.21387e+11	6.85716e+08	0	7.26873e+09	3.78755e+05	0	6.33166e+11	7.66121e+05	0	0	3.24042e+08	3.38332e+10	2.05425e+05	2.74026e+05	0	4.17728e+10	3.71359e+09
1.20226e+14	1.18514e+13	1.18682e+11	6.49863e+08	0	7.04067e+09	3.50343e+05	0	6.32206e+11	7.04418e+05	0	0	3.23171e+08	3.35952e+10	1.94688e+05	2.59465e+05	0	4.16732e+10	3.70508e+09
1.20226e+14	1.15443e+13	1.16020e+11	6.15784e+08	0	6.81981e+09	3.24089e+05	0	6.31265e+11	6.47839e+05	0	0	3.22322e+08	3.33583e+10	1.84522e+05	2.45689e+05	0	4.15762e+10	3.69681e+09
1.20226e+14	1.12458e+13	1.13401e+11	5.83398e+08	0	6.60593e+09	2.99827e+05	0	6.30343e+11	5.95948e+05	0	0	3.21493e+08	3.31226e+10	1.74897e+05	2.32654e+05	0	4.14819e+10	3.68876e+09
1.20226e+14	1.09555e+13	1.10825e+11	5.52622e+08	0	6.39878e+09	2.77403e+05	0	6.29440e+11	5.48342e+05	0	0	3.20686e+08	3.28879e+10	1.65782e+05	2.20319e+05	0	4.13901e+10	3.68093e+09
1.20226e+14	1.06730e+13	1.08291e+11	5.23376e+08	0	6.19811e+09	2.56675e+05	0	6.28555e+11	5.04650e+05	0	0	3.19897e+08	3.26540e+10	1.57149e+05	2.08645e+05	0	4.13009e+10	3.67331e+09
1.20226e+14	1.03984e+13	1.05798e+11	4.95592e+08	0	6.00375e+09	2.37514e+05	0	6.27689e+11	4.64548e+05	0	0	3.19128e+08	3.24209e+10	1.48971e+05	1.97594e+05	0	4.12141e+10	3.66590e+09
1.20226e+14	1.01311e+13	1.03347e+11	4.69199e+08	0	5.81546e+09	2.19798e+05	0	6.26841e+11	4.27731e+05	0	0	3.18378e+08	3.21884e+10	1.41225e+05	1.87134e+05	0	4.11297e+10	3.65869e+09
1.20226e+14	9.87213e+12	1.00944e+11	4.44198e+08	0	5.63351e+09	2.03435e+05	0	6.26014e+11	3.93960e+05	0	0	3.17651e+08	3.19578e+10	1.33891e+05	1.77238e+05	0	4.10478e+10	3.65169e+09
1.20226e+14	9.61915e+12	9.85736e+10	4.20385e+08	0	5.45674e+09	1.88287e+05	0	6.25200e+11	3.62897e+05	0	0	3.16936e+08	3.17263e+10	1.26937e+05	1.67861e+05	0	4.09678e+10	3.64486e+09
1.20226e+14	9.37295e+12	9.62431e+10	3.97769e+08	0	5.28547e+09	1.74277e+05	0	6.24403e+11	3.34356e+05	0	0	3.16237e+08	3.14952e+10	1.20346e+05	1.58981e+05	0	4.08900e+10	3.63820e+09
1.20226e+14	9.13336e+12	9.39523e+10	3.76297e+08	0	5.11950e+09	1.61320e+05	0	6.23623e+11	3.08124e+05	0	0	3.15555e+08	3.12644e+10	1.14101e+05	1.50572e+05	0	4.08142e+10	3.63172e+09
1.20226e+14	8.90019e+12	9.17007e+10	3.55913e+08	0	4.95866e+09	1.49335e+05	0	6.22860e+11	2.84010e+05	0	0	3.14888e+08	3.10337e+10	1.08181e+05	1.42608e+05	0	4.07405e+10	3.62542e+09
1.20226e+14	8.67322e+12	8.94880e+10	3.36564e+08	0	4.80280e+09	1.38249e+05	0	6.22112e+11	2.61838e+05	0	0	3.14237e+08	3.08032e+10	1.02570e+05	1.35064e+05	0	4.06687e+10	3.61928e+09
1.20226e+14	8.45228e+12	8.73135e+10	3.18199e+08	0	4.65173e+09	1.27993e+05	0	6.21380e+11	2.41445e+05	0	0	3.13600e+08	3.05726e+10	9.72514e+04	1.27919e+05	0	4.05988e+10	3.61330e+09
1.20226e+14	8.23718e+12	8.51770e+10	3.00772e+08	0	4.50531e+09	1.18504e+05	0	6.20664e+11	2.22686e+05	0	0	3.12978e+08	3.03420e+10	9.22091e+04	1.21151e+05	0	4.05307e+10	3.60747e+09
1.20226e+14	8.02776e+12	8.30781e+10	2.84238e+08	0	4.36339e+09	1.09725e+05	0	6.19963e+11	2.05426e+05	0	0	3.12369e+08	3.01112e+10	8.74285e+04	1.14739e+05	0	4.04645e+10	3.60180e+09
1.20226e+14	7.82384e+12	8.10173e+10	2.68555e+08	0	4.22585e+09	1.01602e+05	0	6.19277e+11	1.89539e+05	0	0	3.11774e+08	2.98801e+10	8.28958e+04	1.08664e+05	0	4.03999e+10	3.59627e+09
1.20226e+14	7.62526e+12	7.89923e+10	2.53678e+08	0	4.09250e+09	9.40847e+04	0	6.18605e+11	1.74916e+05	0	0	3.11191e+08	2.96488e+10	7.85978e+04	1.02908e+05	0	4.03371e+10	3.59089e+09
1.20226e+14	7.43188e+12	7.70035e+10	2.39568e+08	0	3.96323e+09	8.71280e+04	0	6.17948e+11	1.61452e+05	0	0	3.10621e+08	2.94170e+10	7.45222e+04	9.74550e+04	0	4.02758e+10	3.58565e+09
1.20226e+14	7.24355e+12	7.50505e+10	2.26190e+08	0	3.83790e+09	8.06895e+04	0	6.17305e+11	1.49052e+05	0	0	3.10063e+08	2.91848e+10	7.06573e+04	9.22877e+04	0	4.02162e+10	3.58054e+09
1.20226e+14	7.06010e+12	7.31330e+10	2.13507e+08	0	3.71640e+09	7.47304e+04	0	6.16676e+11	1.37630e+05	0	0	3.09516e+08	2.89521e+10	6.69919e+04	8.73913e+04	0	4.01581e+10	3.57556e+09
1.20226e+14	6.88140e+12	7.12506e+10	2.01485e+08	0	3.59861e+09	6.92147e+04	0	6.16060e+11	1.27106e+05	0	0	3.08981e+08	2.87189e+10	6.35157e+04	8.27514e+04	0	4.01014e+10	3.57071e+09
1.20226e+14	6.70731e+12	6.94027e+10	1.90093e+08	0	3.48440e+09	6.41090e+04	0	6.15458e+11	1.17408e+05	0	0	3.08456e+08	2.84850e+10	6.02187e+04	7.83545e+04	0	4.00463e+10	3.56598e+09
1.20226e+14	6.53770e+12	6.75891e+10	1.79298e+08	0	3.37366e+09	5.93826e+04	0	6.14868e+11	1.08468e+05	0	0	3.07941e+08	2.82503e+10	5.70916e+04	7.41877e+04	0	3.99925e+10	3.56138e+09
1.20226e+14	6.37244e+12	6.58093e+10	1.69072e+08	0	3.26629e+09	5.50072e+04	0	6.14291e+11	1.00226e+05	0	0	3.07437e+08	2.80150e+10	5.41255e+04	7.02389e+04	0	3.99401e+10	3.55688e+09
1.20226e+14	6.21140e+12	6.40629e+10	1.59386e+08	0	3.16218e+09	5.09565e+04	0	6.13727e+11	9.26259e+04	0	0	3.06942e+08	2.77789e+10	5.13121e+04	6.64968e+04	0	3.98891e+10	3.55250e+09
1.20226e+14	6.05447e+12	6.23496e+10	1.50215e+08	0	3.06124e+09	4.72061e+04	0	6.13175e+11	8.56160e+04	0	0	3.06456e+08	2.75419e+10	4.86434e+04	6.29503e+04	0	3.98393e+10	3.54824e+09
1.20226e+14	5.90153e+12	6.06689e+10	1.41532e+08	0	2.96336e+09	4.37338e+04	0	6.12635e+11	7.91495e+04	0	0	3.05979e+08	2.73042e+10	4.61120e+04	5.95894e+04	0	3.97908e+10	3.54408e+09
1.20226e+14	5.75246e+12	5.90204e+10	1.33313e+08	0	2.86845e+09	4.05186e+04	0	6.12106e+11	7.31828e+04	0	0	3.05511e+08	2.70655e+10	4.37108e+04	5.64042e+04	0	3.97435e+10	3.54002e+09
1.20226e+14	5.60683e+12	5.74009e+10	1.25524e+08	0	2.77630e+09	3.75399e+04	0	6.11588e+11	6.76737e+04	0	0	3.05048e+08	2.68250e+10	4.14320e+04	5.33842e+04	0	3.96972e+10	3.53605e+09
1.20226e+14	5.46520e+12	5.58159e+10	1.18166e+08	0	2.68706e+09	3.47833e+04	0	6.11082e+11	6.25914e+04	0	0	3.04596e+08	2.65845e+10	3.92714e+04	5.05237e+04	0	3.96523e+10	3.53219e+09
1.20226e+14	5.32714e+12	5.42621e+10	1.11207e+08	0	2.60054e+09	3.22306e+04	0	6.10587e+11	5.78993e+04	0	0	3.04151e+08	2.63430e+10	3.72219e+04	4.78129e+04	0	3.96084e+10	3.52843e+09
1.20226e+14	5.19284e+12	5.27416e+10	1.04635e+08	0	2.51674e+09	2.98678e+04	0	6.10105e+11	5.35688e+04	0	0	3.03716e+08	2.61013e+10	3.52786e+04	4.52454e+04	0	3.95657e+10	3.52477e+09
1.20226e+14	5.06159e+12	5.12488e+10	9.84121e+07	0	2.43539e+09	2.76784e+04	0	6.09631e+11	4.95674e+04	0	0	3.03286e+08	2.58578e+10	3.34343e+04	4.28111e+04	0	3.95240e+10	3.52118e+09
1.20226e+14	4.93361e+12	4.97860e+10	9.25299e+07	0	2.35650e+09	2.56508e+04	0	6.09168e+11	4.58710e+04	0	0	3.02861e+08	2.56134e+10	3.16849e+04	4.05044e+04	0	3.94833e+10	3.51769e+09
1.20226e+14	4.80880e+12	4.83528e+10	8.69713e+07	0	2.28001e+09	2.37729e+04	0	6.08715e+11	4.24560e+04	0	0	3.02443e+08	2.53679e+10	3.00256e+04	3.83187e+04	0	3.94436e+10	3.51428e+09
1.20226e+14	4.68709e+12	4.69490e+10	8.17204e+07	0	2.20584e+09	2.20336e+04	0	6.08271e+11	3.93005e+04	0	0	3.02030e+08	2.51214e+10	2.84516e+04	3.62477e+04	0	3.94049e+10	3.51095e+09
1.20226e+14	4.56838e+12	4.55742e+10	7.67612e+07	0	2.13393e+09	2.04226e+04	0	6.07838e+11	3.63843e+04	0	0	3.01623e+08	2.48740e+10	2.69587e+04	3.42855e+04	0	3.93671e+10	3.50771e+09
1.20226e+14	4.45260e+12	4.42281e+10	7.20788e+07	0	2.06422e+09	1.89305e+04	0	6.07413e+11	3.36887e+04	0	0	3.01222e+08	2.46256e+10	2.55427e+04	3.24266e+04	0	3.93303e+10	3.50454e+09
1.20226e+14	4.33967e+12	4.29103e+10	6.76591e+07	0	1.99662e+09	1.75483e+04	0	6.06999e+11	3.11966e+04	0	0	3.00825e+08	2.43763e+10	2.41997e+04	3.06655e+04	0	3.92943e+10	3.50145e+09
1.20226e+14	4.22950e+12	4.16206e+10	6.34886e+07	0	1.93109e+09	1.62681e+04	0	6.06593e+11	2.88924e+04	0	0	3.00432e+08	2.41260e+10	2.29259e+04	2.89972e+04	0	3.92592e+10	3.49843e+09
1.20226e+14	4.12203e+12	4.03585e+10	5.95544e+07	0	1.86757e+09	1.50822e+04	0	6.06196e+11	2.67615e+04	0	0	3.00044e+08	2.38748e+10	2.17180e+04	2.74169e+04	0	3.92249e+10	3.49548e+09
1.20226e+14	4.01717e+12	3.91239e+10	5.58444e+07	0	1.80598e+09	1.39836e+04	0	6.05807e+11	2.47908e+04	0	0	2.99659e+08	2.36228e+10	2.05724e+04	2.59202e+04	0	3.91914e+10	3.49261e+09
1.20226e+14	3.91485e+12	3.79164e+10	5.23468e+07	0	1.74629e+09	1.29660e+04	0	6.05427e+11	2.29677e+04	0	0	2.99278e+08	2.33699e+10	1.94861e+04	2.45026e+04	0	3.91588e+10	3.48980e+09
1.20226e+14	3.81503e+12	3.67357e+10	4.90507e+07	0	1.68843e+09	1.20232e+04	0	6.05056e+11	2.12811e+04	0	0	2.98900e+08	2.31162e+10	1.84560e+04	2.31602e+04	0	3.91269e+10	3.48706e+09
1.20226e+14	3.71761e+12	3.55822e+10	4.59511e+07	0	1.63235e+09	1.11499e+04	0	6.04692e+11	1.97204e+04	0	0	2.98525e+08	2.28619e+10	1.74793e+04	2.18890e+04	0	3.90957e+10	3.48438e+09
1.20226e+14	3.62248e+12	3.44603e+10	4.31044e+07	0	1.57807e+09	1.03414e+04	0	6.04336e+11	1.82745e+04	0	0	2.98152e+08	2.26071e+10	1.65534e+04	2.06864e+04	0	3.90653e+10	3.48175e+09
1.20226e+14	3.52962e+12	3.33640e+10	4.04201e+07	0	1.52546e+09	9.59225e+03	0	6.03988e+11	1.69364e+04	0	0	2.97781e+08	2.23517e+10	1.56756e+04	1.95478e+04	0	3.90356e+10	3.47919e+09
1.20226e+14	3.43902e+12	3.22930e+10	3.78899e+07	0	1.47447e+09	8.89812e+03	0	6.03648e+11	1.56981e+04	0	0	2.97412e+08	2.20958e+10	1.48434e+04	1.84698e+04	0	3.90066e+10	3.47668e+09
1.20226e+14	3.35058e+12	3.12469e+10	3.55057e+07	0	1.42506e+09	8.25496e+03	0	6.03315e+11	1.45518e+04	0	0	2.97044e+08	2.18393e+10	1.40545e+04	1.74493e+04	0	3.89783e+10	3.47424e+09
1.20226e+14	3.26424e+12	3.02255e+10	3.32599e+07	0	1.37718e+09	7.65899e+03	0	6.02988e+11	1.34906e+04	0	0	2.96678e+08	2.15823e+10	1.33067e+04	1.64834e+04	0	3.89506e+10	3.47185e+09
1.20226e+14	3.17997e+12	2.92285e+10	3.11453e+07	0	1.33078e+09	7.10675e+03	0	6.02669e+11	1.25083e+04	0	0	2.96312e+08	2.13249e+10	1.25979e+04	1.55692e+04	0	3.89236e+10	3.46951e+09
1.20226e+14	3.09769e+12	2.82557e+10	2.91550e+07	0	1.28584e+09	6.59500e+03	0	6.02357e+11	1.15989e+04	0	0	2.95946e+08	2.10672e+10	1.19261e+04	1.47041e+04	0	3.88972e+10	3.46723e+09
1.20226e+14	3.01737e+12	2.73068e+10	2.72823e+07	0	1.24229e+09	6.12076e+03	0	6.02051e+11	1.07568e+04	0	0	2.95581e+08	2.08092e+10	1.12895e+04	1.38855e+04	0	3.88713e+10	3.46500e+09
1.20226e+14	2.93895e+12	2.63815e+10	2.55210e+07	0	1.20011e+09	5.68127e+03	0	6.01752e+11	9.97704e+03	0	0	2.95215e+08	2.05510e+10	1.06862e+04	1.31110e+04	0	3.88461e+10	3.46282e+09
1.20226e+14	2.86239e+12	2.54795e+10	2.38651e+07	0	1.15925e+09	5.27396e+03	0	6.01460e+11	9.25488e+03	0	0	2.94848e+08	2.02927e+10	1.01145e+04	1.23784e+04	0	3.88214e+10	3.46069e+09
