      1.00000   5.6779286e-06
      2.00000   5.7379757e-06
      3.00000   5.7443804e-06
      4.00000   5.7294174e-06
      5.00000   5.7004618e-06
      6.00000   5.6567505e-06
      7.00000   5.5877949e-06
      8.00000   5.4987158e-06
      9.00000   5.4192160e-06
      10.0000   5.3784684e-06
      11.0000   5.3799076e-06
      12.0000   5.4110296e-06
      13.0000   5.4660181e-06
      14.0000   5.5475361e-06
      15.0000   5.6482281e-06
      16.0000   5.7524585e-06
      17.0000   5.8489909e-06
      18.0000   5.9371464e-06
      19.0000   6.0195512e-06
      20.0000   6.0927714e-06
      21.0000   6.1449373e-06
      22.0000   6.1691771e-06
      23.0000   6.1723422e-06
      24.0000   6.1735395e-06
      25.0000   6.1907122e-06
      26.0000   6.2312720e-06
      27.0000   6.2912573e-06
      28.0000   6.3675866e-06
      29.0000   6.4638707e-06
      30.0000   6.5869640e-06
      31.0000   6.7381461e-06
      32.0000   6.9097337e-06
      33.0000   7.0937044e-06
      34.0000   7.2898683e-06
      35.0000   7.5027979e-06
      36.0000   7.7280156e-06
      37.0000   7.9474266e-06
      38.0000   8.1406533e-06
      39.0000   8.2969727e-06
      40.0000   8.4187222e-06
      41.0000   8.5113679e-06
      42.0000   8.5766151e-06
      43.0000   8.6125647e-06
      44.0000   8.6210057e-06
      45.0000   8.6090231e-06
      46.0000   8.5933762e-06
      47.0000   8.6039581e-06
      48.0000   8.6730533e-06
      49.0000   8.8192173e-06
      50.0000   9.0541371e-06
      51.0000   9.3869139e-06
      52.0000   9.8109258e-06
      53.0000   1.0304276e-05
      54.0000   1.0848081e-05
      55.0000   1.1423454e-05
      56.0000   1.1996309e-05
      57.0000   1.2512641e-05
      58.0000   1.2921602e-05
      59.0000   1.3203872e-05
      60.0000   1.3378569e-05
      61.0000   1.3474270e-05
      62.0000   1.3519156e-05
      63.0000   1.3549337e-05
      64.0000   1.3604126e-05
      65.0000   1.3708835e-05
      66.0000   1.3879502e-05
      67.0000   1.4128652e-05
      68.0000   1.4472188e-05
      69.0000   1.4938462e-05
      70.0000   1.5546539e-05
      71.0000   1.6278049e-05
      72.0000   1.7097633e-05
      73.0000   1.7979102e-05
      74.0000   1.8902199e-05
      75.0000   1.9847501e-05
      76.0000   2.0791669e-05
      77.0000   2.1705175e-05
      78.0000   2.2562977e-05
      79.0000   2.3361701e-05
      80.0000   2.4129404e-05
      81.0000   2.4935594e-05
      82.0000   2.5866670e-05
      83.0000   2.6973114e-05
      84.0000   2.8214243e-05
      85.0000   2.9480465e-05
      86.0000   3.0669169e-05
      87.0000   3.1710177e-05
      88.0000   3.2597534e-05
      89.0000   3.3448992e-05
      90.0000   3.4482178e-05
      91.0000   3.5882753e-05
      92.0000   3.7661994e-05
      93.0000   3.9635914e-05
      94.0000   4.1552790e-05
      95.0000   4.3274496e-05
      96.0000   4.4844517e-05
      97.0000   4.6402467e-05
      98.0000   4.7993552e-05
      99.0000   4.9505990e-05
      100.000   5.0909421e-05
      101.000   5.2437346e-05
      102.000   5.4467691e-05
      103.000   5.7371399e-05
      104.000   6.1455503e-05
      105.000   6.6862922e-05
      106.000   7.3527648e-05
      107.000   8.1338265e-05
      108.000   9.0348170e-05
      109.000   0.00010061549
      110.000   0.00011183491
      111.000   0.00012349380
      112.000   0.00013549572
      113.000   0.00014846142
      114.000   0.00016330772
      115.000   0.00018052486
      116.000   0.00019988271
      117.000   0.00022086773
      118.000   0.00024323119
      119.000   0.00026717634
      120.000   0.00029331644
      121.000   0.00032254038
      122.000   0.00035580774
      123.000   0.00039359165
      124.000   0.00043501097
      125.000   0.00047831170
      126.000   0.00052256108
      127.000   0.00056883588
      128.000   0.00062038639
      129.000   0.00068177888
      130.000   0.00075751333
      131.000   0.00085023604
      132.000   0.00095902605
      133.000    0.0010785585
      134.000    0.0012015620
      135.000    0.0013219799
      136.000    0.0014346951
      137.000    0.0015382777
      138.000    0.0016407580
      139.000    0.0017566894
      140.000    0.0019029832
      141.000    0.0021002754
      142.000    0.0023679365
      143.000    0.0027150312
      144.000    0.0031412735
      145.000    0.0036507053
      146.000    0.0042618928
      147.000    0.0049960259
      148.000    0.0058649541
      149.000    0.0069094631
      150.000    0.0082510700
      151.000     0.010078568
      152.000     0.012585383
      153.000     0.015962079
      154.000     0.020417642
      155.000     0.026240828
      156.000     0.034039710
      157.000     0.044652581
      158.000     0.058244377
      159.000     0.073248930
      160.000     0.085910618
      161.000     0.091345310
      162.000     0.087067924
      163.000     0.075414456
      164.000     0.060993832
      165.000     0.047269750
      166.000     0.035712741
      167.000     0.026647756
      168.000     0.019929217
      169.000     0.015192466
      170.000     0.011992310
      171.000    0.0098647866
      172.000    0.0083791297
      173.000    0.0072378246
      174.000    0.0063175363
      175.000    0.0055888812
      176.000    0.0050042090
      177.000    0.0044701737
      178.000    0.0039125280
      179.000    0.0033356969
      180.000    0.0027997980
      181.000    0.0023574065
      182.000    0.0020215753
      183.000    0.0017752337
      184.000    0.0015938024
      185.000    0.0014565128
      186.000    0.0013455729
      187.000    0.0012400487
      188.000    0.0011194622
      189.000   0.00097749266
      190.000   0.00082756905
      191.000   0.00069132849
      192.000   0.00058312522
      193.000   0.00050584035
      194.000   0.00045366609
      195.000   0.00041699319
      196.000   0.00038672471
      197.000   0.00035648004
      198.000   0.00032354318
      199.000   0.00028913945
      200.000   0.00025676694
      201.000   0.00022949152
      202.000   0.00020823319
      203.000   0.00019197220
      204.000   0.00017921934
      205.000   0.00016841057
      206.000   0.00015796549
      207.000   0.00014685591
      208.000   0.00013508560
      209.000   0.00012336539
      210.000   0.00011243886
      211.000   0.00010250709
      212.000   9.3308168e-05
      213.000   8.4737178e-05
      214.000   7.7085904e-05
      215.000   7.0689857e-05
      216.000   6.5533728e-05
      217.000   6.1359904e-05
      218.000   5.7935944e-05
      219.000   5.5067521e-05
      220.000   5.2553107e-05
      221.000   5.0267394e-05
      222.000   4.8194364e-05
      223.000   4.6321089e-05
      224.000   4.4567427e-05
      225.000   4.2820728e-05
      226.000   4.1000992e-05
      227.000   3.9142466e-05
      228.000   3.7350270e-05
      229.000   3.5660916e-05
      230.000   3.4030669e-05
      231.000   3.2426589e-05
      232.000   3.0884243e-05
      233.000   2.9466204e-05
      234.000   2.8215636e-05
      235.000   2.7134749e-05
      236.000   2.6189753e-05
      237.000   2.5353422e-05
      238.000   2.4625057e-05
      239.000   2.3989374e-05
      240.000   2.3407414e-05
      241.000   2.2871627e-05
      242.000   2.2399830e-05
      243.000   2.1965470e-05
      244.000   2.1471438e-05
      245.000   2.0815001e-05
      246.000   1.9953879e-05
      247.000   1.8929906e-05
      248.000   1.7817139e-05
      249.000   1.6684222e-05
      250.000   1.5585765e-05
      251.000   1.4587476e-05
      252.000   1.3764023e-05
      253.000   1.3154844e-05
      254.000   1.2721788e-05
      255.000   1.2399044e-05
      256.000   1.2153762e-05
      257.000   1.1984172e-05
      258.000   1.1882688e-05
      259.000   1.1823814e-05
      260.000   1.1782011e-05
      261.000   1.1746835e-05
      262.000   1.1705760e-05
      263.000   1.1633299e-05
      264.000   1.1493444e-05
      265.000   1.1260387e-05
      266.000   1.0937756e-05
      267.000   1.0549074e-05
      268.000   1.0117175e-05
      269.000   9.6605945e-06
      270.000   9.2051851e-06
      271.000   8.7865083e-06
      272.000   8.4371795e-06
      273.000   8.1778280e-06
      274.000   8.0138634e-06
      275.000   7.9333440e-06
      276.000   7.9102929e-06
      277.000   7.9167366e-06
      278.000   7.9308884e-06
      279.000   7.9398715e-06
      280.000   7.9381216e-06
      281.000   7.9216534e-06
      282.000   7.8838348e-06
      283.000   7.8165867e-06
      284.000   7.7117011e-06
      285.000   7.5741300e-06
      286.000   7.4254490e-06
      287.000   7.2835219e-06
      288.000   7.1426634e-06
      289.000   6.9854941e-06
      290.000   6.8058230e-06
      291.000   6.6218495e-06
      292.000   6.4686133e-06
      293.000   6.3649263e-06
      294.000   6.2926160e-06
      295.000   6.2223348e-06
      296.000   6.1481242e-06
      297.000   6.0889420e-06
      298.000   6.0626649e-06
      299.000   6.0668362e-06
      300.000   6.0805687e-06
      301.000   6.0803545e-06
      302.000   6.0599050e-06
      303.000   6.0294406e-06
      304.000   5.9941954e-06
      305.000   5.9449831e-06
      306.000   5.8752453e-06
      307.000   5.7966540e-06
      308.000   5.7321058e-06
      309.000   5.6934691e-06
      310.000   5.6718382e-06
      311.000   5.6462418e-06
      312.000   5.5938358e-06
      313.000   5.5108007e-06
      314.000   5.4258721e-06
      315.000   5.3814629e-06
      316.000   5.3992162e-06
      317.000   5.4680477e-06
      318.000   5.5549472e-06
      319.000   5.6262306e-06
      320.000   5.6782442e-06
      321.000       0.0000000
