      1.00000       0.0000000
      2.00000   6.7802098e-06
      3.00000   6.8209893e-06
      4.00000   6.8294808e-06
      5.00000   6.8312925e-06
      6.00000   6.8513591e-06
      7.00000   6.9190019e-06
      8.00000   7.0363435e-06
      9.00000   7.1806321e-06
      10.0000   7.3289375e-06
      11.0000   7.4762843e-06
      12.0000   7.6297247e-06
      13.0000   7.8017929e-06
      14.0000   8.0035206e-06
      15.0000   8.2350361e-06
      16.0000   8.4854346e-06
      17.0000   8.7385661e-06
      18.0000   8.9735495e-06
      19.0000   9.1626962e-06
      20.0000   9.2786722e-06
      21.0000   9.3151839e-06
      22.0000   9.3022927e-06
      23.0000   9.2861710e-06
      24.0000   9.2877654e-06
      25.0000   9.2963255e-06
      26.0000   9.3075168e-06
      27.0000   9.3473636e-06
      28.0000   9.4467223e-06
      29.0000   9.6127651e-06
      30.0000   9.8390401e-06
      31.0000   1.0125023e-05
      32.0000   1.0480929e-05
      33.0000   1.0911504e-05
      34.0000   1.1400481e-05
      35.0000   1.1915787e-05
      36.0000   1.2425630e-05
      37.0000   1.2899603e-05
      38.0000   1.3307296e-05
      39.0000   1.3638458e-05
      40.0000   1.3905669e-05
      41.0000   1.4130594e-05
      42.0000   1.4330854e-05
      43.0000   1.4512396e-05
      44.0000   1.4669953e-05
      45.0000   1.4787011e-05
      46.0000   1.4855448e-05
      47.0000   1.4899538e-05
      48.0000   1.4963275e-05
      49.0000   1.5074329e-05
      50.0000   1.5245235e-05
      51.0000   1.5495452e-05
      52.0000   1.5836471e-05
      53.0000   1.6251850e-05
      54.0000   1.6701180e-05
      55.0000   1.7146076e-05
      56.0000   1.7563159e-05
      57.0000   1.7942923e-05
      58.0000   1.8320356e-05
      59.0000   1.8781369e-05
      60.0000   1.9409794e-05
      61.0000   2.0220836e-05
      62.0000   2.1151098e-05
      63.0000   2.2104359e-05
      64.0000   2.2999497e-05
      65.0000   2.3799059e-05
      66.0000   2.4484845e-05
      67.0000   2.5051178e-05
      68.0000   2.5514262e-05
      69.0000   2.5868309e-05
      70.0000   2.6089117e-05
      71.0000   2.6182615e-05
      72.0000   2.6199685e-05
      73.0000   2.6215677e-05
      74.0000   2.6325461e-05
      75.0000   2.6619664e-05
      76.0000   2.7097531e-05
      77.0000   2.7663536e-05
      78.0000   2.8231945e-05
      79.0000   2.8798253e-05
      80.0000   2.9397597e-05
      81.0000   3.0077472e-05
      82.0000   3.0924657e-05
      83.0000   3.2065549e-05
      84.0000   3.3598888e-05
      85.0000   3.5519486e-05
      86.0000   3.7769896e-05
      87.0000   4.0312691e-05
      88.0000   4.3127468e-05
      89.0000   4.6191060e-05
      90.0000   4.9495960e-05
      91.0000   5.3108666e-05
      92.0000   5.7114328e-05
      93.0000   6.1451217e-05
      94.0000   6.5890221e-05
      95.0000   7.0236492e-05
      96.0000   7.4528907e-05
      97.0000   7.9025071e-05
      98.0000   8.3972460e-05
      99.0000   8.9396148e-05
      100.000   9.5141739e-05
      101.000   0.00010109422
      102.000   0.00010742177
      103.000   0.00011467866
      104.000   0.00012349474
      105.000   0.00013411877
      106.000   0.00014646449
      107.000   0.00016056403
      108.000   0.00017686348
      109.000   0.00019600714
      110.000   0.00021819938
      111.000   0.00024295076
      112.000   0.00026964207
      113.000   0.00029757689
      114.000   0.00032529698
      115.000   0.00035075788
      116.000   0.00037252629
      117.000   0.00039064354
      118.000   0.00040666977
      119.000   0.00042282016
      120.000   0.00044047649
      121.000   0.00045980606
      122.000   0.00048107633
      123.000   0.00050611590
      124.000   0.00053813169
      125.000   0.00058013498
      126.000   0.00063326675
      127.000   0.00069682556
      128.000   0.00077140576
      129.000   0.00085925078
      130.000   0.00095978496
      131.000    0.0010673178
      132.000    0.0011760211
      133.000    0.0012885188
      134.000    0.0014140526
      135.000    0.0015532301
      136.000    0.0016896147
      137.000    0.0018029356
      138.000    0.0018909465
      139.000    0.0019739748
      140.000    0.0020800682
      141.000    0.0022291706
      142.000    0.0024303384
      143.000    0.0026804688
      144.000    0.0029677979
      145.000    0.0032961254
      146.000    0.0037032601
      147.000    0.0042490992
      148.000    0.0049753692
      149.000    0.0058803852
      150.000    0.0069575259
      151.000    0.0082758302
      152.000     0.010050436
      153.000     0.012689898
      154.000     0.016785357
      155.000     0.022903433
      156.000     0.031325243
      157.000     0.042140607
      158.000     0.055342179
      159.000     0.070100442
      160.000     0.083832189
      161.000     0.092434086
      162.000     0.092390910
      163.000     0.083348565
      164.000     0.068546884
      165.000     0.052551910
      166.000     0.038736332
      167.000     0.028352208
      168.000     0.021025641
      169.000     0.015850779
      170.000     0.012107717
      171.000    0.0093918033
      172.000    0.0074438923
      173.000    0.0060473410
      174.000    0.0050373790
      175.000    0.0042949151
      176.000    0.0037217718
      177.000    0.0032563214
      178.000    0.0028828299
      179.000    0.0026072965
      180.000    0.0024197628
      181.000    0.0022781333
      182.000    0.0021386924
      183.000    0.0019863406
      184.000    0.0018221514
      185.000    0.0016434081
      186.000    0.0014525560
      187.000    0.0012682299
      188.000    0.0011120558
      189.000   0.00098859996
      190.000   0.00088538532
      191.000   0.00078861631
      192.000   0.00069389824
      193.000   0.00060452375
      194.000   0.00052566919
      195.000   0.00046120802
      196.000   0.00041144399
      197.000   0.00037280208
      198.000   0.00034062716
      199.000   0.00031210340
      200.000   0.00028617246
      201.000   0.00026211864
      202.000   0.00023949455
      203.000   0.00021827348
      204.000   0.00019845259
      205.000   0.00017977966
      206.000   0.00016221526
      207.000   0.00014635223
      208.000   0.00013284905
      209.000   0.00012160467
      210.000   0.00011196018
      211.000   0.00010347242
      212.000   9.6210017e-05
      213.000   9.0317029e-05
      214.000   8.5619860e-05
      215.000   8.1899845e-05
      216.000   7.9021891e-05
      217.000   7.6676479e-05
      218.000   7.4413569e-05
      219.000   7.1935821e-05
      220.000   6.9216541e-05
      221.000   6.6363777e-05
      222.000   6.3531144e-05
      223.000   6.0919043e-05
      224.000   5.8658075e-05
      225.000   5.6667450e-05
      226.000   5.4698121e-05
      227.000   5.2546948e-05
      228.000   5.0204693e-05
      229.000   4.7816749e-05
      230.000   4.5560675e-05
      231.000   4.3546654e-05
      232.000   4.1763760e-05
      233.000   4.0080478e-05
      234.000   3.8366219e-05
      235.000   3.6634108e-05
      236.000   3.4985518e-05
      237.000   3.3464745e-05
      238.000   3.2050793e-05
      239.000   3.0706087e-05
      240.000   2.9408035e-05
      241.000   2.8188853e-05
      242.000   2.7112486e-05
      243.000   2.6221442e-05
      244.000   2.5517775e-05
      245.000   2.4967385e-05
      246.000   2.4543197e-05
      247.000   2.4263651e-05
      248.000   2.4150542e-05
      249.000   2.4163934e-05
      250.000   2.4195844e-05
      251.000   2.4133124e-05
      252.000   2.3925442e-05
      253.000   2.3581304e-05
      254.000   2.3123539e-05
      255.000   2.2565058e-05
      256.000   2.1915912e-05
      257.000   2.1199627e-05
      258.000   2.0448562e-05
      259.000   1.9692248e-05
      260.000   1.8944882e-05
      261.000   1.8198227e-05
      262.000   1.7448872e-05
      263.000   1.6724383e-05
      264.000   1.6082371e-05
      265.000   1.5589078e-05
      266.000   1.5283094e-05
      267.000   1.5132812e-05
      268.000   1.5029145e-05
      269.000   1.4869817e-05
      270.000   1.4650933e-05
      271.000   1.4439371e-05
      272.000   1.4284961e-05
      273.000   1.4194185e-05
      274.000   1.4140892e-05
      275.000   1.4082517e-05
      276.000   1.3989265e-05
      277.000   1.3856279e-05
      278.000   1.3700600e-05
      279.000   1.3538900e-05
      280.000   1.3354790e-05
      281.000   1.3101868e-05
      282.000   1.2750917e-05
      283.000   1.2316916e-05
      284.000   1.1834092e-05
      285.000   1.1332239e-05
      286.000   1.0830757e-05
      287.000   1.0347316e-05
      288.000   9.8974842e-06
      289.000   9.4945017e-06
      290.000   9.1629363e-06
      291.000   8.9204814e-06
      292.000   8.7552644e-06
      293.000   8.6404316e-06
      294.000   8.5681404e-06
      295.000   8.5544234e-06
      296.000   8.6035752e-06
      297.000   8.6848358e-06
      298.000   8.7537819e-06
      299.000   8.7945236e-06
      300.000   8.8201587e-06
      301.000   8.8360512e-06
      302.000   8.8231209e-06
      303.000   8.7570979e-06
      304.000   8.6355112e-06
      305.000   8.4730282e-06
      306.000   8.2805873e-06
      307.000   8.0619584e-06
      308.000   7.8260400e-06
      309.000   7.5840226e-06
      310.000   7.3398814e-06
      311.000   7.0970596e-06
      312.000   6.8665859e-06
      313.000   6.6625216e-06
      314.000   6.4900632e-06
      315.000   6.3550378e-06
      316.000   6.2727504e-06
      317.000   6.2514250e-06
      318.000   6.2838808e-06
      319.000   6.3503139e-06
      320.000   6.4195906e-06
      321.000   6.4754672e-06
