      1.00000       0.0000000
      2.00000   6.8539457e-06
      3.00000   6.9743905e-06
      4.00000   7.1236545e-06
      5.00000   7.3044948e-06
      6.00000   7.5054654e-06
      7.00000   7.7289869e-06
      8.00000   7.9718375e-06
      9.00000   8.2335036e-06
      10.0000   8.5209067e-06
      11.0000   8.8354045e-06
      12.0000   9.1692391e-06
      13.0000   9.5165215e-06
      14.0000   9.8760675e-06
      15.0000   1.0255336e-05
      16.0000   1.0660736e-05
      17.0000   1.1085797e-05
      18.0000   1.1507233e-05
      19.0000   1.1889559e-05
      20.0000   1.2198651e-05
      21.0000   1.2415573e-05
      22.0000   1.2547922e-05
      23.0000   1.2633784e-05
      24.0000   1.2719290e-05
      25.0000   1.2825340e-05
      26.0000   1.2931412e-05
      27.0000   1.2988489e-05
      28.0000   1.2963158e-05
      29.0000   1.2862429e-05
      30.0000   1.2722389e-05
      31.0000   1.2586888e-05
      32.0000   1.2489344e-05
      33.0000   1.2450735e-05
      34.0000   1.2488490e-05
      35.0000   1.2620675e-05
      36.0000   1.2861236e-05
      37.0000   1.3206628e-05
      38.0000   1.3628335e-05
      39.0000   1.4089597e-05
      40.0000   1.4557486e-05
      41.0000   1.5010206e-05
      42.0000   1.5446998e-05
      43.0000   1.5896061e-05
      44.0000   1.6401222e-05
      45.0000   1.7000313e-05
      46.0000   1.7699425e-05
      47.0000   1.8461882e-05
      48.0000   1.9236348e-05
      49.0000   1.9984616e-05
      50.0000   2.0670346e-05
      51.0000   2.1266795e-05
      52.0000   2.1759535e-05
      53.0000   2.2133308e-05
      54.0000   2.2394341e-05
      55.0000   2.2582968e-05
      56.0000   2.2730357e-05
      57.0000   2.2846682e-05
      58.0000   2.2940978e-05
      59.0000   2.3024331e-05
      60.0000   2.3095137e-05
      61.0000   2.3134178e-05
      62.0000   2.3116558e-05
      63.0000   2.3053295e-05
      64.0000   2.2999509e-05
      65.0000   2.3040540e-05
      66.0000   2.3257495e-05
      67.0000   2.3684428e-05
      68.0000   2.4285764e-05
      69.0000   2.4970330e-05
      70.0000   2.5616268e-05
      71.0000   2.6140257e-05
      72.0000   2.6553875e-05
      73.0000   2.6976124e-05
      74.0000   2.7580212e-05
      75.0000   2.8504341e-05
      76.0000   2.9806295e-05
      77.0000   3.1472544e-05
      78.0000   3.3416778e-05
      79.0000   3.5502781e-05
      80.0000   3.7605954e-05
      81.0000   3.9658757e-05
      82.0000   4.1688490e-05
      83.0000   4.3746826e-05
      84.0000   4.5813522e-05
      85.0000   4.7867281e-05
      86.0000   4.9904324e-05
      87.0000   5.1872539e-05
      88.0000   5.3737669e-05
      89.0000   5.5636068e-05
      90.0000   5.7828547e-05
      91.0000   6.0448434e-05
      92.0000   6.3369502e-05
      93.0000   6.6351917e-05
      94.0000   6.9236346e-05
      95.0000   7.2033283e-05
      96.0000   7.5018746e-05
      97.0000   7.8743862e-05
      98.0000   8.3779072e-05
      99.0000   9.0421687e-05
      100.000   9.8590419e-05
      101.000   0.00010800287
      102.000   0.00011857117
      103.000   0.00013054399
      104.000   0.00014426892
      105.000   0.00015994304
      106.000   0.00017759824
      107.000   0.00019693418
      108.000   0.00021713975
      109.000   0.00023706164
      110.000   0.00025568801
      111.000   0.00027236520
      112.000   0.00028707791
      113.000   0.00030077391
      114.000   0.00031468383
      115.000   0.00032917390
      116.000   0.00034339289
      117.000   0.00035632457
      118.000   0.00036859975
      119.000   0.00038307215
      120.000   0.00040366541
      121.000   0.00043356096
      122.000   0.00047346024
      123.000   0.00052097265
      124.000   0.00057342893
      125.000   0.00063115195
      126.000   0.00069696223
      127.000   0.00077239639
      128.000   0.00085501501
      129.000   0.00093961437
      130.000    0.0010240133
      131.000    0.0011138349
      132.000    0.0012171551
      133.000    0.0013323401
      134.000    0.0014452966
      135.000    0.0015383133
      136.000    0.0016034606
      137.000    0.0016483951
      138.000    0.0016912923
      139.000    0.0017529447
      140.000    0.0018556084
      141.000    0.0020146605
      142.000    0.0022165528
      143.000    0.0024230096
      144.000    0.0026193073
      145.000    0.0028518685
      146.000    0.0032027904
      147.000    0.0037198835
      148.000    0.0043816473
      149.000    0.0051437970
      150.000    0.0060253809
      151.000    0.0071598338
      152.000    0.0087834718
      153.000     0.011222682
      154.000     0.014901740
      155.000     0.020291995
      156.000     0.027893430
      157.000     0.038531676
      158.000     0.053487033
      159.000     0.072988808
      160.000     0.093374141
      161.000      0.10661922
      162.000      0.10540122
      163.000     0.090316437
      164.000     0.069138080
      165.000     0.049498480
      166.000     0.034655657
      167.000     0.024388986
      168.000     0.017425831
      169.000     0.012707944
      170.000    0.0095663387
      171.000    0.0075274291
      172.000    0.0061766636
      173.000    0.0052107745
      174.000    0.0044825524
      175.000    0.0039270190
      176.000    0.0034888429
      177.000    0.0031233984
      178.000    0.0028095900
      179.000    0.0025387774
      180.000    0.0023083200
      181.000    0.0021162413
      182.000    0.0019505816
      183.000    0.0017998618
      184.000    0.0016661151
      185.000    0.0015524912
      186.000    0.0014459253
      187.000    0.0013266410
      188.000    0.0011901136
      189.000    0.0010475327
      190.000   0.00091419608
      191.000   0.00080250436
      192.000   0.00071689585
      193.000   0.00065234606
      194.000   0.00059927971
      195.000   0.00054985535
      196.000   0.00049942039
      197.000   0.00044669604
      198.000   0.00039472376
      199.000   0.00034850498
      200.000   0.00031111384
      201.000   0.00028238349
      202.000   0.00026002826
      203.000   0.00024151852
      204.000   0.00022491124
      205.000   0.00020913343
      206.000   0.00019418533
      207.000   0.00018036203
      208.000   0.00016756465
      209.000   0.00015554590
      210.000   0.00014411352
      211.000   0.00013307630
      212.000   0.00012228916
      213.000   0.00011182055
      214.000   0.00010195508
      215.000   9.2998722e-05
      216.000   8.5195497e-05
      217.000   7.8654331e-05
      218.000   7.3314033e-05
      219.000   6.8954512e-05
      220.000   6.5300330e-05
      221.000   6.2201630e-05
      222.000   5.9700131e-05
      223.000   5.7870100e-05
      224.000   5.6665391e-05
      225.000   5.5861390e-05
      226.000   5.5122779e-05
      227.000   5.4178679e-05
      228.000   5.2972639e-05
      229.000   5.1649935e-05
      230.000   5.0386636e-05
      231.000   4.9258048e-05
      232.000   4.8230933e-05
      233.000   4.7208454e-05
      234.000   4.6049110e-05
      235.000   4.4651169e-05
      236.000   4.3065498e-05
      237.000   4.1408490e-05
      238.000   3.9783088e-05
      239.000   3.8308452e-05
      240.000   3.7078000e-05
      241.000   3.6078800e-05
      242.000   3.5135829e-05
      243.000   3.3972607e-05
      244.000   3.2447209e-05
      245.000   3.0695668e-05
      246.000   2.8971195e-05
      247.000   2.7444134e-05
      248.000   2.6171097e-05
      249.000   2.5139117e-05
      250.000   2.4271838e-05
      251.000   2.3469674e-05
      252.000   2.2687167e-05
      253.000   2.1931566e-05
      254.000   2.1243170e-05
      255.000   2.0682570e-05
      256.000   2.0283673e-05
      257.000   2.0041727e-05
      258.000   1.9955509e-05
      259.000   2.0027173e-05
      260.000   2.0226065e-05
      261.000   2.0485895e-05
      262.000   2.0736694e-05
      263.000   2.0924193e-05
      264.000   2.1012665e-05
      265.000   2.0979387e-05
      266.000   2.0823234e-05
      267.000   2.0560412e-05
      268.000   2.0209569e-05
      269.000   1.9798577e-05
      270.000   1.9347375e-05
      271.000   1.8863186e-05
      272.000   1.8370185e-05
      273.000   1.7871045e-05
      274.000   1.7323902e-05
      275.000   1.6696000e-05
      276.000   1.5993692e-05
      277.000   1.5267044e-05
      278.000   1.4590988e-05
      279.000   1.4011132e-05
      280.000   1.3535971e-05
      281.000   1.3148033e-05
      282.000   1.2812935e-05
      283.000   1.2511575e-05
      284.000   1.2261057e-05
      285.000   1.2087164e-05
      286.000   1.1991305e-05
      287.000   1.1946457e-05
      288.000   1.1923828e-05
      289.000   1.1910408e-05
      290.000   1.1904673e-05
      291.000   1.1906422e-05
      292.000   1.1911784e-05
      293.000   1.1909890e-05
      294.000   1.1893359e-05
      295.000   1.1866898e-05
      296.000   1.1831553e-05
      297.000   1.1787558e-05
      298.000   1.1746347e-05
      299.000   1.1707330e-05
      300.000   1.1646168e-05
      301.000   1.1534376e-05
      302.000   1.1346652e-05
      303.000   1.1068736e-05
      304.000   1.0711996e-05
      305.000   1.0313888e-05
      306.000   9.9185672e-06
      307.000   9.5601381e-06
      308.000   9.2487471e-06
      309.000   8.9671039e-06
      310.000   8.6856226e-06
      311.000   8.3871146e-06
      312.000   8.0759346e-06
      313.000   7.7706582e-06
      314.000   7.4997524e-06
      315.000   7.2897096e-06
      316.000   7.1476834e-06
      317.000   7.0579258e-06
      318.000   6.9969037e-06
      319.000   6.9501862e-06
      320.000   6.9160460e-06
      321.000   6.8961103e-06
