      1.00000       0.0000000
      2.00000   7.2820590e-06
      3.00000   7.4544650e-06
      4.00000   7.5926214e-06
      5.00000   7.7398472e-06
      6.00000   7.8832463e-06
      7.00000   8.0122672e-06
      8.00000   8.1049247e-06
      9.00000   8.1467533e-06
      10.0000   8.1344924e-06
      11.0000   8.0805339e-06
      12.0000   8.0138861e-06
      13.0000   7.9584734e-06
      14.0000   7.9168349e-06
      15.0000   7.8807416e-06
      16.0000   7.8521616e-06
      17.0000   7.8521734e-06
      18.0000   7.9146757e-06
      19.0000   8.0701502e-06
      20.0000   8.3282039e-06
      21.0000   8.6709761e-06
      22.0000   9.0686526e-06
      23.0000   9.5000205e-06
      24.0000   9.9606668e-06
      25.0000   1.0460231e-05
      26.0000   1.1002248e-05
      27.0000   1.1570412e-05
      28.0000   1.2127297e-05
      29.0000   1.2622231e-05
      30.0000   1.3011952e-05
      31.0000   1.3292763e-05
      32.0000   1.3505992e-05
      33.0000   1.3703457e-05
      34.0000   1.3895103e-05
      35.0000   1.4034668e-05
      36.0000   1.4076953e-05
      37.0000   1.4025625e-05
      38.0000   1.3930128e-05
      39.0000   1.3847932e-05
      40.0000   1.3809423e-05
      41.0000   1.3809122e-05
      42.0000   1.3832378e-05
      43.0000   1.3877096e-05
      44.0000   1.3971782e-05
      45.0000   1.4166876e-05
      46.0000   1.4481091e-05
      47.0000   1.4891560e-05
      48.0000   1.5362788e-05
      49.0000   1.5859552e-05
      50.0000   1.6369593e-05
      51.0000   1.6918908e-05
      52.0000   1.7552158e-05
      53.0000   1.8316316e-05
      54.0000   1.9224943e-05
      55.0000   2.0239380e-05
      56.0000   2.1285519e-05
      57.0000   2.2267450e-05
      58.0000   2.3093233e-05
      59.0000   2.3720646e-05
      60.0000   2.4149582e-05
      61.0000   2.4410750e-05
      62.0000   2.4566392e-05
      63.0000   2.4672951e-05
      64.0000   2.4767087e-05
      65.0000   2.4861502e-05
      66.0000   2.4959018e-05
      67.0000   2.5068939e-05
      68.0000   2.5188101e-05
      69.0000   2.5308251e-05
      70.0000   2.5432610e-05
      71.0000   2.5592824e-05
      72.0000   2.5868747e-05
      73.0000   2.6329895e-05
      74.0000   2.6951686e-05
      75.0000   2.7616165e-05
      76.0000   2.8210223e-05
      77.0000   2.8733966e-05
      78.0000   2.9338362e-05
      79.0000   3.0211499e-05
      80.0000   3.1439646e-05
      81.0000   3.3015793e-05
      82.0000   3.4924666e-05
      83.0000   3.7152025e-05
      84.0000   3.9631916e-05
      85.0000   4.2269701e-05
      86.0000   4.5031924e-05
      87.0000   4.7954880e-05
      88.0000   5.1044553e-05
      89.0000   5.4227618e-05
      90.0000   5.7387977e-05
      91.0000   6.0395028e-05
      92.0000   6.3201478e-05
      93.0000   6.5963155e-05
      94.0000   6.8999703e-05
      95.0000   7.2563496e-05
      96.0000   7.6598924e-05
      97.0000   8.0797094e-05
      98.0000   8.4948057e-05
      99.0000   8.9161658e-05
      100.000   9.3914918e-05
      101.000   9.9889687e-05
      102.000   0.00010759535
      103.000   0.00011715078
      104.000   0.00012837870
      105.000   0.00014118908
      106.000   0.00015585875
      107.000   0.00017272923
      108.000   0.00019188692
      109.000   0.00021337735
      110.000   0.00023699479
      111.000   0.00026172452
      112.000   0.00028582892
      113.000   0.00030762423
      114.000   0.00032613648
      115.000   0.00034166125
      116.000   0.00035599506
      117.000   0.00037135559
      118.000   0.00038835400
      119.000   0.00040563982
      120.000   0.00042220156
      121.000   0.00043976333
      122.000   0.00046254075
      123.000   0.00049488398
      124.000   0.00053891877
      125.000   0.00059314317
      126.000   0.00065461814
      127.000   0.00072331779
      128.000   0.00080208055
      129.000   0.00089148991
      130.000   0.00098744710
      131.000    0.0010856718
      132.000    0.0011882237
      133.000    0.0013022817
      134.000    0.0014293463
      135.000    0.0015574531
      136.000    0.0016683487
      137.000    0.0017533536
      138.000    0.0018198555
      139.000    0.0018863138
      140.000    0.0019749238
      141.000    0.0021087439
      142.000    0.0023014271
      143.000    0.0025377800
      144.000    0.0027852529
      145.000    0.0030455485
      146.000    0.0033855981
      147.000    0.0038933188
      148.000    0.0045943190
      149.000    0.0054350928
      150.000    0.0063752383
      151.000    0.0075099971
      152.000    0.0090999510
      153.000     0.011531995
      154.000     0.015313929
      155.000     0.020981526
      156.000     0.028948920
      157.000     0.039700974
      158.000     0.054045204
      159.000     0.071981683
      160.000     0.090324394
      161.000      0.10221501
      162.000      0.10134885
      163.000     0.088037990
      164.000     0.068815455
      165.000     0.050422966
      166.000     0.036060303
      167.000     0.025822407
      168.000     0.018692095
      169.000     0.013759910
      170.000     0.010408081
      171.000    0.0081576603
      172.000    0.0066121253
      173.000    0.0055053956
      174.000    0.0046888301
      175.000    0.0040707490
      176.000    0.0035868599
      177.000    0.0031929514
      178.000    0.0028602288
      179.000    0.0025782650
      180.000    0.0023489445
      181.000    0.0021659404
      182.000    0.0020126798
      183.000    0.0018752778
      184.000    0.0017438347
      185.000    0.0016066842
      186.000    0.0014557871
      187.000    0.0012922655
      188.000    0.0011273556
      189.000   0.00098097499
      190.000   0.00086744234
      191.000   0.00078358257
      192.000   0.00071544386
      193.000   0.00065091759
      194.000   0.00058456528
      195.000   0.00051689788
      196.000   0.00045274262
      197.000   0.00039782867
      198.000   0.00035480215
      199.000   0.00032212061
      200.000   0.00029597007
      201.000   0.00027319317
      202.000   0.00025249241
      203.000   0.00023363512
      204.000   0.00021633091
      205.000   0.00019998048
      206.000   0.00018420719
      207.000   0.00016889955
      208.000   0.00015403822
      209.000   0.00013974802
      210.000   0.00012643595
      211.000   0.00011455909
      212.000   0.00010433070
      213.000   9.5699172e-05
      214.000   8.8408036e-05
      215.000   8.2175487e-05
      216.000   7.6798955e-05
      217.000   7.2233976e-05
      218.000   6.8666632e-05
      219.000   6.6267661e-05
      220.000   6.4863343e-05
      221.000   6.3977655e-05
      222.000   6.3092986e-05
      223.000   6.1878098e-05
      224.000   6.0315291e-05
      225.000   5.8569680e-05
      226.000   5.6769040e-05
      227.000   5.4993448e-05
      228.000   5.3331347e-05
      229.000   5.1776169e-05
      230.000   5.0183797e-05
      231.000   4.8453676e-05
      232.000   4.6572517e-05
      233.000   4.4567762e-05
      234.000   4.2547475e-05
      235.000   4.0666000e-05
      236.000   3.8999224e-05
      237.000   3.7448754e-05
      238.000   3.5812653e-05
      239.000   3.4002489e-05
      240.000   3.2148007e-05
      241.000   3.0444326e-05
      242.000   2.8970246e-05
      243.000   2.7672191e-05
      244.000   2.6460209e-05
      245.000   2.5276135e-05
      246.000   2.4155383e-05
      247.000   2.3199094e-05
      248.000   2.2483231e-05
      249.000   2.2032957e-05
      250.000   2.1826492e-05
      251.000   2.1793203e-05
      252.000   2.1858834e-05
      253.000   2.1984464e-05
      254.000   2.2136694e-05
      255.000   2.2276190e-05
      256.000   2.2373106e-05
      257.000   2.2411274e-05
      258.000   2.2387503e-05
      259.000   2.2298238e-05
      260.000   2.2112143e-05
      261.000   2.1785090e-05
      262.000   2.1311242e-05
      263.000   2.0728794e-05
      264.000   2.0096282e-05
      265.000   1.9462814e-05
      266.000   1.8822471e-05
      267.000   1.8127410e-05
      268.000   1.7335358e-05
      269.000   1.6466091e-05
      270.000   1.5612484e-05
      271.000   1.4866804e-05
      272.000   1.4271674e-05
      273.000   1.3824693e-05
      274.000   1.3496170e-05
      275.000   1.3245314e-05
      276.000   1.3049001e-05
      277.000   1.2914419e-05
      278.000   1.2863149e-05
      279.000   1.2902263e-05
      280.000   1.3010426e-05
      281.000   1.3153317e-05
      282.000   1.3290243e-05
      283.000   1.3390395e-05
      284.000   1.3449426e-05
      285.000   1.3473396e-05
      286.000   1.3466686e-05
      287.000   1.3428451e-05
      288.000   1.3341216e-05
      289.000   1.3163785e-05
      290.000   1.2862971e-05
      291.000   1.2453372e-05
      292.000   1.1971972e-05
      293.000   1.1445009e-05
      294.000   1.0889455e-05
      295.000   1.0326760e-05
      296.000   9.7876127e-06
      297.000   9.2929158e-06
      298.000   8.8391935e-06
      299.000   8.4121812e-06
      300.000   8.0156369e-06
      301.000   7.6802717e-06
      302.000   7.4449672e-06
      303.000   7.3267333e-06
      304.000   7.3038746e-06
      305.000   7.3364672e-06
      306.000   7.3962042e-06
      307.000   7.4690088e-06
      308.000   7.5516359e-06
      309.000   7.6443075e-06
      310.000   7.7403274e-06
      311.000   7.8212852e-06
      312.000   7.8644798e-06
      313.000   7.8648063e-06
      314.000   7.8438006e-06
      315.000   7.8188814e-06
      316.000   7.7783725e-06
      317.000   7.6985752e-06
      318.000   7.5671464e-06
      319.000   7.3854326e-06
      320.000   7.1899435e-06
      321.000   6.9436019e-06
