H	H+	C+	C+2	C+3	N+2	N+4	O	O+2	O+5	O+6	Si+	Si+2	Si+3	Si+4
1.25893e+14	1.47963e+19	1.24652e+09	3.73789e+11	3.26193e+12	5.28420e+10	5.17076e+12	3.88027e+03	1.27972e+11	1.08757e+14	4.45710e+14	1.64385e+05	1.44005e+07	1.40880e+08	4.36417e+10
1.25893e+14	1.39507e+19	1.38542e+09	4.04943e+11	3.39183e+12	5.72268e+10	5.23491e+12	4.34252e+03	1.39152e+11	1.07167e+14	4.15645e+14	2.03450e+05	1.72979e+07	1.63280e+08	4.77441e+10
1.25893e+14	1.31578e+19	1.53692e+09	4.37892e+11	3.52132e+12	6.19114e+10	5.29243e+12	4.85999e+03	1.51213e+11	1.05417e+14	3.87061e+14	2.51112e+05	2.07324e+07	1.88871e+08	5.21442e+10
1.25893e+14	1.24138e+19	1.70193e+09	4.72682e+11	3.65010e+12	6.69139e+10	5.34321e+12	5.43963e+03	1.64215e+11	1.03513e+14	3.59928e+14	3.09116e+05	2.47953e+07	2.18050e+08	5.68552e+10
1.25893e+14	1.17155e+19	1.88144e+09	5.09360e+11	3.77786e+12	7.22532e+10	5.38712e+12	6.08948e+03	1.78222e+11	1.01462e+14	3.34211e+14	3.79539e+05	2.95918e+07	2.51259e+08	6.18904e+10
1.25893e+14	1.10599e+19	2.07646e+09	5.47965e+11	3.90428e+12	7.79486e+10	5.42405e+12	6.81830e+03	1.93299e+11	9.92722e+13	3.09874e+14	4.64837e+05	3.52439e+07	2.88983e+08	6.72627e+10
1.25893e+14	1.04440e+19	2.28815e+09	5.88541e+11	4.02907e+12	8.40214e+10	5.45391e+12	7.63660e+03	2.09515e+11	9.69530e+13	2.86879e+14	5.67915e+05	4.18910e+07	3.31754e+08	7.29843e+10
1.25893e+14	9.86533e+18	2.51766e+09	6.31128e+11	4.15193e+12	9.04916e+10	5.47662e+12	8.55555e+03	2.26937e+11	9.45130e+13	2.65187e+14	6.92199e+05	4.96939e+07	3.80159e+08	7.90673e+10
1.25893e+14	9.32132e+18	2.76625e+09	6.75763e+11	4.27257e+12	9.73806e+10	5.49210e+12	9.58798e+03	2.45633e+11	9.19622e+13	2.44754e+14	8.41727e+05	5.88369e+07	4.34841e+08	8.55234e+10
1.25893e+14	8.80976e+18	3.03529e+09	7.22486e+11	4.39074e+12	1.04711e+11	5.50030e+12	1.07486e+04	2.65675e+11	8.93107e+13	2.25540e+14	1.02124e+06	6.95305e+07	4.96499e+08	9.23628e+10
1.25893e+14	8.32839e+18	3.32610e+09	7.71326e+11	4.50616e+12	1.12501e+11	5.50119e+12	1.20524e+04	2.87117e+11	8.65688e+13	2.07498e+14	1.23629e+06	8.20163e+07	5.65911e+08	9.95964e+10
1.25893e+14	7.87531e+18	3.64020e+09	8.22317e+11	4.61859e+12	1.20774e+11	5.49474e+12	1.35177e+04	3.10029e+11	8.37478e+13	1.90586e+14	1.49338e+06	9.65689e+07	6.43909e+08	1.07233e+11
1.25893e+14	7.44869e+18	3.97917e+09	8.75487e+11	4.72779e+12	1.29551e+11	5.48094e+12	1.51646e+04	3.34473e+11	8.08591e+13	1.74761e+14	1.80011e+06	1.13501e+08	7.31400e+08	1.15280e+11
1.25893e+14	7.04682e+18	4.34467e+09	9.30868e+11	4.83355e+12	1.38851e+11	5.45979e+12	1.70152e+04	3.60506e+11	7.79143e+13	1.59978e+14	2.16531e+06	1.33168e+08	8.29374e+08	1.23745e+11
1.25893e+14	6.66812e+18	4.73846e+09	9.88472e+11	4.93560e+12	1.48693e+11	5.43129e+12	1.90942e+04	3.88180e+11	7.49251e+13	1.46192e+14	2.59926e+06	1.55974e+08	9.38895e+08	1.32633e+11
1.25893e+14	6.31112e+18	5.16231e+09	1.04832e+12	5.03378e+12	1.59095e+11	5.39550e+12	2.14291e+04	4.17542e+11	7.19037e+13	1.33360e+14	3.11387e+06	1.82374e+08	1.06112e+09	1.41949e+11
1.25893e+14	5.97444e+18	5.61810e+09	1.11044e+12	5.12788e+12	1.70074e+11	5.35246e+12	2.40502e+04	4.48633e+11	6.88620e+13	1.21438e+14	3.72294e+06	2.12884e+08	1.19729e+09	1.51693e+11
1.25893e+14	5.65680e+18	6.10781e+09	1.17482e+12	5.21772e+12	1.81642e+11	5.30224e+12	2.69910e+04	4.81485e+11	6.58119e+13	1.10382e+14	4.44237e+06	2.48088e+08	1.34875e+09	1.61869e+11
1.25893e+14	5.35706e+18	6.63364e+09	1.24148e+12	5.30310e+12	1.93816e+11	5.24494e+12	3.02907e+04	5.16136e+11	6.27653e+13	1.00151e+14	5.29054e+06	2.88638e+08	1.51692e+09	1.72473e+11
1.25893e+14	5.07402e+18	7.19733e+09	1.31039e+12	5.38387e+12	2.06595e+11	5.18067e+12	3.39862e+04	5.52575e+11	5.97333e+13	9.06987e+13	6.28844e+06	3.35273e+08	1.70339e+09	1.83504e+11
1.25893e+14	4.80668e+18	7.80119e+09	1.38155e+12	5.45986e+12	2.19989e+11	5.10956e+12	3.81244e+04	5.90821e+11	5.67272e+13	8.19852e+13	7.46024e+06	3.88818e+08	1.90978e+09	1.94956e+11
1.25893e+14	4.55410e+18	8.44743e+09	1.45495e+12	5.53092e+12	2.33998e+11	5.03177e+12	4.27552e+04	6.30870e+11	5.37576e+13	7.39693e+13	8.83353e+06	4.50195e+08	2.13787e+09	2.06821e+11
1.25893e+14	4.31548e+18	9.13886e+09	1.53057e+12	5.59691e+12	2.48629e+11	4.94753e+12	4.79405e+04	6.72739e+11	5.08348e+13	6.66124e+13	1.04399e+07	5.20435e+08	2.38944e+09	2.19088e+11
1.25893e+14	4.08992e+18	9.87763e+09	1.60836e+12	5.65767e+12	2.63874e+11	4.85704e+12	5.37399e+04	7.16395e+11	4.79681e+13	5.98736e+13	1.23153e+07	6.00687e+08	2.66651e+09	2.31744e+11
1.25893e+14	3.87659e+18	1.06656e+10	1.68826e+12	5.71308e+12	2.79711e+11	4.76052e+12	6.02148e+04	7.61777e+11	4.51661e+13	5.37133e+13	1.45000e+07	6.92230e+08	2.97124e+09	2.44775e+11
1.25893e+14	3.67477e+18	1.15052e+10	1.77021e+12	5.76301e+12	2.96126e+11	4.65827e+12	6.74406e+04	8.08845e+11	4.24368e+13	4.80946e+13	1.70403e+07	7.96482e+08	3.30583e+09	2.58164e+11
1.25893e+14	3.48381e+18	1.23987e+10	1.85414e+12	5.80733e+12	3.13095e+11	4.55060e+12	7.54992e+04	8.57547e+11	3.97873e+13	4.29808e+13	1.99880e+07	9.15011e+08	3.67265e+09	2.71890e+11
1.25893e+14	3.30305e+18	1.33485e+10	1.93994e+12	5.84594e+12	3.30591e+11	4.43782e+12	8.44807e+04	9.07815e+11	3.72239e+13	3.83372e+13	2.34014e+07	1.04955e+09	4.07415e+09	2.85928e+11
1.25893e+14	3.13191e+18	1.43567e+10	2.02753e+12	5.87871e+12	3.48582e+11	4.32031e+12	9.44862e+04	9.59583e+11	3.47516e+13	3.41293e+13	2.73467e+07	1.20203e+09	4.51297e+09	3.00253e+11
1.25893e+14	2.96986e+18	1.54253e+10	2.11676e+12	5.90555e+12	3.67024e+11	4.19850e+12	1.05623e+05	1.01275e+12	3.23755e+13	3.03258e+13	3.18961e+07	1.37451e+09	4.99172e+09	3.14832e+11
1.25893e+14	2.81638e+18	1.65566e+10	2.20752e+12	5.92634e+12	3.85875e+11	4.07279e+12	1.18015e+05	1.06724e+12	3.00989e+13	2.68950e+13	3.71320e+07	1.56930e+09	5.51323e+09	3.29632e+11
1.25893e+14	2.67098e+18	1.77524e+10	2.29964e+12	5.94101e+12	4.05083e+11	3.94363e+12	1.31800e+05	1.12295e+12	2.79244e+13	2.38075e+13	4.31452e+07	1.78893e+09	6.08042e+09	3.44618e+11
1.25893e+14	2.53321e+18	1.90143e+10	2.39295e+12	5.94944e+12	4.24591e+11	3.81149e+12	1.47126e+05	1.17976e+12	2.58538e+13	2.10350e+13	5.00366e+07	2.03612e+09	6.69630e+09	3.59748e+11
1.25893e+14	2.40263e+18	2.03437e+10	2.48723e+12	5.95157e+12	4.44337e+11	3.67685e+12	1.64159e+05	1.23757e+12	2.38881e+13	1.85508e+13	5.79173e+07	2.31386e+09	7.36401e+09	3.74982e+11
1.25893e+14	2.27888e+18	2.17425e+10	2.58232e+12	5.94732e+12	4.64259e+11	3.54023e+12	1.83094e+05	1.29628e+12	2.20275e+13	1.63300e+13	6.69106e+07	2.62537e+09	8.08662e+09	3.90270e+11
1.25893e+14	2.16158e+18	2.32119e+10	2.67798e+12	5.93664e+12	4.84292e+11	3.40214e+12	2.04143e+05	1.35576e+12	2.02716e+13	1.43490e+13	7.71515e+07	2.97416e+09	8.86735e+09	4.05565e+11
1.25893e+14	2.05038e+18	2.47531e+10	2.77397e+12	5.91947e+12	5.04364e+11	3.26311e+12	2.27546e+05	1.41590e+12	1.86191e+13	1.25859e+13	8.87880e+07	3.36398e+09	9.70940e+09	4.20813e+11
1.25893e+14	1.94497e+18	2.63670e+10	2.87003e+12	5.89578e+12	5.24402e+11	3.12366e+12	2.53571e+05	1.47658e+12	1.70682e+13	1.10199e+13	1.01981e+08	3.79888e+09	1.06160e+10	4.35959e+11
1.25893e+14	1.84502e+18	2.80540e+10	2.96589e+12	5.86553e+12	5.44332e+11	2.98429e+12	2.82521e+05	1.53768e+12	1.56167e+13	9.63199e+12	1.16908e+08	4.28319e+09	1.15904e+10	4.50946e+11
1.25893e+14	1.75025e+18	2.98148e+10	3.06126e+12	5.82873e+12	5.64080e+11	2.84552e+12	3.14738e+05	1.59907e+12	1.42619e+13	8.40455e+12	1.33758e+08	4.82153e+09	1.26357e+10	4.65712e+11
1.25893e+14	1.66042e+18	3.16485e+10	3.15580e+12	5.78538e+12	5.83563e+11	2.70788e+12	3.50594e+05	1.66061e+12	1.30009e+13	7.32144e+12	1.52731e+08	5.41868e+09	1.37548e+10	4.80193e+11
1.25893e+14	1.57522e+18	3.35562e+10	3.24925e+12	5.73549e+12	6.02720e+11	2.57177e+12	3.90547e+05	1.72223e+12	1.18295e+13	6.36721e+12	1.74061e+08	6.08010e+09	1.49510e+10	4.94330e+11
1.25893e+14	1.49443e+18	3.55367e+10	3.34124e+12	5.67910e+12	6.21471e+11	2.43767e+12	4.35082e+05	1.78378e+12	1.07445e+13	5.52837e+12	1.97980e+08	6.81117e+09	1.62269e+10	5.08055e+11
1.25893e+14	1.41782e+18	3.75892e+10	3.43144e+12	5.61627e+12	6.39745e+11	2.30601e+12	4.84754e+05	1.84514e+12	9.74176e+12	4.79243e+12	2.24744e+08	7.61767e+09	1.75852e+10	5.21300e+11
1.25893e+14	1.34517e+18	3.97124e+10	3.51949e+12	5.54711e+12	6.57473e+11	2.17716e+12	5.40194e+05	1.90620e+12	8.81733e+12	4.14797e+12	2.54622e+08	8.50563e+09	1.90282e+10	5.33997e+11
1.25893e+14	1.27627e+18	4.19056e+10	3.60507e+12	5.47167e+12	6.74599e+11	2.05145e+12	6.02140e+05	1.96686e+12	7.96678e+12	3.58453e+12	2.87918e+08	9.48165e+09	2.05581e+10	5.46083e+11
1.25893e+14	1.21095e+18	4.41646e+10	3.68772e+12	5.39015e+12	6.91043e+11	1.92927e+12	6.71351e+05	2.02696e+12	7.18645e+12	3.09310e+12	3.24909e+08	1.05517e+10	2.21762e+10	5.57484e+11
1.25893e+14	1.14901e+18	4.64878e+10	3.76713e+12	5.30268e+12	7.06757e+11	1.81085e+12	7.48761e+05	2.08641e+12	6.47188e+12	2.66512e+12	3.65929e+08	1.17227e+10	2.38840e+10	5.68135e+11
1.25893e+14	1.09028e+18	4.88730e+10	3.84294e+12	5.20945e+12	7.21689e+11	1.69644e+12	8.35411e+05	2.14510e+12	5.81895e+12	2.29306e+12	4.11312e+08	1.30016e+10	2.56821e+10	5.77972e+11
1.25893e+14	1.03459e+18	5.13167e+10	3.91478e+12	5.11066e+12	7.35788e+11	1.58624e+12	9.32465e+05	2.20293e+12	5.22357e+12	1.97015e+12	4.61407e+08	1.43953e+10	2.75709e+10	5.86931e+11
1.25893e+14	9.81782e+17	5.38148e+10	3.98228e+12	5.00656e+12	7.49010e+11	1.48040e+12	1.04124e+06	2.25977e+12	4.68179e+12	1.69039e+12	5.16576e+08	1.59108e+10	2.95499e+10	5.94950e+11
1.25893e+14	9.31711e+17	5.63634e+10	4.04512e+12	4.89741e+12	7.61317e+11	1.37905e+12	1.16323e+06	2.31553e+12	4.18977e+12	1.44838e+12	5.77190e+08	1.75553e+10	3.16182e+10	6.01971e+11
1.25893e+14	8.84232e+17	5.89579e+10	4.10295e+12	4.78353e+12	7.72672e+11	1.28227e+12	1.30011e+06	2.37010e+12	3.74379e+12	1.23937e+12	6.43630e+08	1.93355e+10	3.37740e+10	6.07939e+11
1.25893e+14	8.39213e+17	6.15931e+10	4.15546e+12	4.66522e+12	7.83045e+11	1.19012e+12	1.45379e+06	2.42338e+12	3.34033e+12	1.05914e+12	7.16281e+08	2.12582e+10	3.60147e+10	6.12802e+11
1.25893e+14	7.96520e+17	6.42631e+10	4.20233e+12	4.54282e+12	7.92408e+11	1.10259e+12	1.62641e+06	2.47525e+12	2.97598e+12	9.03950e+11	7.95528e+08	2.33298e+10	3.83368e+10	6.16512e+11
1.25893e+14	7.56036e+17	6.69623e+10	4.24331e+12	4.41671e+12	8.00743e+11	1.01968e+12	1.82037e+06	2.52564e+12	2.64756e+12	7.70529e+11	8.81759e+08	2.55564e+10	4.07360e+10	6.19029e+11
1.25893e+14	7.17647e+17	6.96844e+10	4.27817e+12	4.28731e+12	8.08035e+11	9.41353e+11	2.03839e+06	2.57444e+12	2.35207e+12	6.55990e+11	9.75351e+08	2.79435e+10	4.32068e+10	6.20317e+11
1.25893e+14	6.81244e+17	7.24231e+10	4.30669e+12	4.15502e+12	8.14272e+11	8.67534e+11	2.28353e+06	2.62157e+12	2.08664e+12	5.57794e+11	1.07667e+09	3.04961e+10	4.57430e+10	6.20345e+11
1.25893e+14	6.46722e+17	7.51710e+10	4.32871e+12	4.02029e+12	8.19446e+11	7.98137e+11	2.55921e+06	2.66694e+12	1.84863e+12	4.73727e+11	1.18607e+09	3.32180e+10	4.83370e+10	6.19092e+11
1.25893e+14	6.13983e+17	7.79207e+10	4.34406e+12	3.88355e+12	8.23553e+11	7.33049e+11	2.86930e+06	2.71044e+12	1.63556e+12	4.01851e+11	1.30387e+09	3.61124e+10	5.09801e+10	6.16538e+11
1.25893e+14	5.82931e+17	8.06642e+10	4.35264e+12	3.74526e+12	8.26591e+11	6.72145e+11	3.21812e+06	2.75201e+12	1.44511e+12	3.40478e+11	1.43034e+09	3.91809e+10	5.36626e+10	6.12673e+11
1.25893e+14	5.53479e+17	8.33940e+10	4.35440e+12	3.60589e+12	8.28566e+11	6.15285e+11	3.61053e+06	2.79154e+12	1.27515e+12	2.88140e+11	1.56576e+09	4.24240e+10	5.63734e+10	6.07495e+11
1.25893e+14	5.25558e+17	8.60989e+10	4.34929e+12	3.46600e+12	8.29482e+11	5.62351e+11	4.05168e+06	2.82894e+12	1.12381e+12	2.43588e+11	1.71017e+09	4.58387e+10	5.90998e+10	6.01016e+11
1.25893e+14	4.99059e+17	8.87787e+10	4.33741e+12	3.32585e+12	8.29359e+11	5.13114e+11	4.54823e+06	2.86419e+12	9.89075e+11	2.05667e+11	1.86397e+09	4.94259e+10	6.18292e+10	5.93239e+11
1.25893e+14	4.73904e+17	9.14266e+10	4.31882e+12	3.18590e+12	8.28209e+11	4.67408e+11	5.10719e+06	2.89720e+12	8.69291e+11	1.73429e+11	2.02731e+09	5.31816e+10	6.45468e+10	5.84184e+11
1.25893e+14	4.50052e+17	9.40245e+10	4.29354e+12	3.04679e+12	8.26040e+11	4.25129e+11	5.73540e+06	2.92785e+12	7.63109e+11	1.46090e+11	2.19983e+09	5.70936e+10	6.72365e+10	5.73895e+11
1.25893e+14	4.27420e+17	9.65697e+10	4.26177e+12	2.90886e+12	8.22874e+11	3.86070e+11	6.44174e+06	2.95608e+12	6.69046e+11	1.22916e+11	2.38157e+09	6.11546e+10	6.98822e+10	5.62404e+11
1.25893e+14	4.05942e+17	9.90418e+10	4.22351e+12	2.77261e+12	8.18715e+11	3.50075e+11	7.23518e+06	2.98177e+12	5.85871e+11	1.03301e+11	2.57202e+09	6.53482e+10	7.24687e+10	5.49760e+11
1.25893e+14	3.85553e+17	1.01454e+11	4.17925e+12	2.63826e+12	8.13619e+11	3.16931e+11	8.12740e+06	3.00495e+12	5.12350e+11	8.67068e+10	2.77142e+09	6.96673e+10	7.49743e+10	5.36016e+11
1.25893e+14	3.66215e+17	1.03805e+11	4.12940e+12	2.50625e+12	8.07629e+11	2.86489e+11	9.12998e+06	3.02558e+12	4.47497e+11	7.26954e+10	2.97940e+09	7.40953e+10	7.73778e+10	5.21253e+11
1.25893e+14	3.47846e+17	1.06076e+11	4.07395e+12	2.37686e+12	8.00738e+11	2.58565e+11	1.02564e+07	3.04352e+12	3.90328e+11	6.08678e+10	3.19529e+09	7.86097e+10	7.96637e+10	5.05523e+11
1.25893e+14	3.30411e+17	1.08251e+11	4.01320e+12	2.25055e+12	7.92978e+11	2.33025e+11	1.15203e+07	3.05869e+12	3.40049e+11	5.09044e+10	3.41800e+09	8.31819e+10	8.18140e+10	4.88924e+11
1.25893e+14	3.13858e+17	1.10337e+11	3.94760e+12	2.12751e+12	7.84393e+11	2.09694e+11	1.29385e+07	3.07106e+12	2.95867e+11	4.25183e+10	3.64707e+09	8.77906e+10	8.38078e+10	4.71541e+11
1.25893e+14	2.98141e+17	1.12325e+11	3.87749e+12	2.00800e+12	7.75018e+11	1.88419e+11	1.45291e+07	3.08059e+12	2.57092e+11	3.54680e+10	3.88155e+09	9.24070e+10	8.56266e+10	4.53472e+11
1.25893e+14	2.83216e+17	1.14214e+11	3.80326e+12	1.89221e+12	7.64889e+11	1.69053e+11	1.63123e+07	3.08721e+12	2.23106e+11	2.95478e+10	4.12043e+09	9.70009e+10	8.72525e+10	4.34820e+11
1.25893e+14	2.69042e+17	1.16000e+11	3.72530e+12	1.78034e+12	7.54045e+11	1.51455e+11	1.83101e+07	3.09088e+12	1.93357e+11	2.45827e+10	4.36258e+09	1.01540e+11	8.86688e+10	4.15691e+11
1.25893e+14	2.55580e+17	1.17681e+11	3.64402e+12	1.67252e+12	7.42529e+11	1.35490e+11	2.05472e+07	3.09156e+12	1.67350e+11	2.04239e+10	4.60678e+09	1.05990e+11	8.98598e+10	3.96199e+11
1.25893e+14	2.42802e+17	1.19246e+11	3.55982e+12	1.56898e+12	7.30384e+11	1.21046e+11	2.30485e+07	3.08920e+12	1.44664e+11	1.69473e+10	4.85119e+09	1.10311e+11	9.08161e+10	3.76474e+11
1.25893e+14	2.30648e+17	1.20723e+11	3.47311e+12	1.46945e+12	7.17643e+11	1.07960e+11	2.58506e+07	3.08378e+12	1.24847e+11	1.40382e+10	5.09611e+09	1.14484e+11	9.15145e+10	3.56588e+11
1.25893e+14	2.19112e+17	1.22083e+11	3.38428e+12	1.37433e+12	7.04361e+11	9.61620e+10	2.89797e+07	3.07527e+12	1.07608e+11	1.16131e+10	5.33851e+09	1.18459e+11	9.19575e+10	3.36701e+11
1.25893e+14	2.08153e+17	1.23336e+11	3.29374e+12	1.28353e+12	6.90579e+11	8.55303e+10	3.24741e+07	3.06364e+12	9.26182e+10	9.59246e+09	5.57755e+09	1.22205e+11	9.21348e+10	3.16912e+11
1.25893e+14	1.97742e+17	1.24483e+11	3.20184e+12	1.19703e+12	6.76339e+11	7.59654e+10	3.63737e+07	3.04888e+12	7.96003e+10	7.91118e+09	5.81182e+09	1.25692e+11	9.20434e+10	2.97330e+11
1.25893e+14	1.87852e+17	1.25526e+11	3.10898e+12	1.11482e+12	6.61689e+11	6.73745e+10	4.07219e+07	3.03099e+12	6.83113e+10	6.51433e+09	6.04004e+09	1.28888e+11	9.16823e+10	2.78064e+11
1.25893e+14	1.78457e+17	1.26469e+11	3.01549e+12	1.03683e+12	6.46675e+11	5.96711e+10	4.55659e+07	3.00996e+12	5.85354e+10	5.35552e+09	6.26096e+09	1.31768e+11	9.10541e+10	2.59210e+11
1.25893e+14	1.69532e+17	1.27313e+11	2.92170e+12	9.63005e+11	6.31341e+11	5.27746e+10	5.09578e+07	2.98581e+12	5.00819e+10	4.39564e+09	6.47343e+09	1.34306e+11	9.01646e+10	2.40861e+11
1.25893e+14	1.61067e+17	1.28060e+11	2.82809e+12	8.93360e+11	6.15761e+11	4.66190e+10	5.69464e+07	2.95864e+12	4.27925e+10	3.60277e+09	6.67596e+09	1.36485e+11	8.90273e+10	2.23122e+11
1.25893e+14	1.53012e+17	1.28717e+11	2.73464e+12	8.27572e+11	5.99924e+11	4.11172e+10	6.36070e+07	2.92832e+12	3.64979e+10	2.94708e+09	6.86857e+09	1.38289e+11	8.76441e+10	2.06015e+11
1.25893e+14	1.45360e+17	1.29285e+11	2.64175e+12	7.65641e+11	5.83900e+11	3.62150e+10	7.09995e+07	2.89497e+12	3.10790e+10	2.40652e+09	7.05007e+09	1.39705e+11	8.60337e+10	1.89625e+11
1.25893e+14	1.38091e+17	1.29768e+11	2.54966e+12	7.07443e+11	5.67730e+11	3.18541e+10	7.91958e+07	2.85864e+12	2.64211e+10	1.96163e+09	7.21990e+09	1.40729e+11	8.42122e+10	1.74001e+11
1.25893e+14	1.31186e+17	1.30170e+11	2.45861e+12	6.52847e+11	5.51458e+11	2.79808e+10	8.82734e+07	2.81939e+12	2.24238e+10	1.59611e+09	7.37766e+09	1.41360e+11	8.21980e+10	1.59182e+11
1.25893e+14	1.24614e+17	1.30494e+11	2.36862e+12	6.01627e+11	5.35090e+11	2.45405e+10	9.83297e+07	2.77719e+12	1.89937e+10	1.29589e+09	7.52355e+09	1.41596e+11	8.00042e+10	1.45173e+11
1.25893e+14	1.18384e+17	1.30746e+11	2.28022e+12	5.53817e+11	5.18732e+11	2.14996e+10	1.09429e+08	2.73236e+12	1.60648e+10	1.05053e+09	7.65673e+09	1.41455e+11	7.76641e+10	1.32032e+11
1.25893e+14	1.12466e+17	1.30927e+11	2.19337e+12	5.09181e+11	5.02386e+11	1.88111e+10	1.21680e+08	2.68486e+12	1.35636e+10	8.50019e+08	7.77766e+09	1.40942e+11	7.51933e+10	1.19743e+11
1.25893e+14	1.06844e+17	1.31041e+11	2.10821e+12	4.67569e+11	4.86085e+11	1.64376e+10	1.35187e+08	2.63482e+12	1.14312e+10	6.86451e+08	7.88659e+09	1.40073e+11	7.26136e+10	1.08299e+11
1.25893e+14	1.01503e+17	1.31092e+11	2.02486e+12	4.28838e+11	4.69867e+11	1.43456e+10	1.50058e+08	2.58236e+12	9.61667e+09	5.53288e+08	7.98393e+09	1.38867e+11	6.99469e+10	9.76906e+10
1.25893e+14	9.64304e+16	1.31082e+11	1.94341e+12	3.92838e+11	4.53759e+11	1.25042e+10	1.66414e+08	2.52762e+12	8.07517e+09	4.45079e+08	8.07021e+09	1.37345e+11	6.72140e+10	8.78952e+10
1.25893e+14	9.16124e+16	1.31017e+11	1.86396e+12	3.59426e+11	4.37795e+11	1.08859e+10	1.84377e+08	2.47074e+12	6.76820e+09	3.57331e+08	8.14605e+09	1.35532e+11	6.44355e+10	7.88880e+10
1.25893e+14	8.70364e+16	1.30896e+11	1.78658e+12	3.28465e+11	4.22002e+11	9.46584e+09	2.04077e+08	2.41188e+12	5.66215e+09	2.86318e+08	8.21202e+09	1.33449e+11	6.16320e+10	7.06371e+10
1.25893e+14	8.26893e+16	1.30724e+11	1.71128e+12	2.99804e+11	4.06401e+11	8.22115e+09	2.25661e+08	2.35120e+12	4.72765e+09	2.28950e+08	8.26905e+09	1.31125e+11	5.88195e+10	6.31049e+10
1.25893e+14	7.85603e+16	1.30503e+11	1.63814e+12	2.73314e+11	3.91017e+11	7.13184e+09	2.49271e+08	2.28886e+12	3.93973e+09	1.82706e+08	8.31784e+09	1.28583e+11	5.60157e+10	5.62536e+10
1.25893e+14	7.46382e+16	1.30235e+11	1.56715e+12	2.48862e+11	3.75871e+11	6.17978e+09	2.75066e+08	2.22505e+12	3.27665e+09	1.45505e+08	8.35922e+09	1.25851e+11	5.32359e+10	5.00417e+10
1.25893e+14	7.09218e+16	1.29926e+11	1.49852e+12	2.26368e+11	3.61020e+11	5.35042e+09	3.03160e+08	2.16013e+12	2.72078e+09	1.15694e+08	8.39373e+09	1.22965e+11	5.05002e+10	4.44378e+10
1.25893e+14	6.73835e+16	1.29571e+11	1.43190e+12	2.05617e+11	3.46406e+11	4.62600e+09	3.33809e+08	2.09394e+12	2.25389e+09	9.17638e+07	8.42277e+09	1.19930e+11	4.78074e+10	3.93789e+10
1.25893e+14	6.40149e+16	1.29172e+11	1.36732e+12	1.86503e+11	3.32046e+11	3.99420e+09	3.67201e+08	2.02664e+12	1.86266e+09	7.26018e+07	8.44711e+09	1.16767e+11	4.51684e+10	3.48257e+10
1.25893e+14	6.08232e+16	1.28736e+11	1.30507e+12	1.68993e+11	3.18025e+11	3.44608e+09	4.03417e+08	1.95882e+12	1.53676e+09	5.73494e+07	8.46695e+09	1.13523e+11	4.26046e+10	3.07534e+10
1.25893e+14	5.77989e+16	1.28263e+11	1.24512e+12	1.52970e+11	3.04351e+11	2.97102e+09	4.42634e+08	1.89065e+12	1.26576e+09	4.52296e+07	8.48300e+09	1.10218e+11	4.01229e+10	2.71197e+10
1.25893e+14	5.49195e+16	1.27752e+11	1.18716e+12	1.38268e+11	2.90966e+11	2.55813e+09	4.85161e+08	1.82195e+12	1.04001e+09	3.55828e+07	8.49653e+09	1.06851e+11	3.77172e+10	2.38735e+10
1.25893e+14	5.21851e+16	1.27204e+11	1.13131e+12	1.24824e+11	2.77914e+11	2.20047e+09	5.31138e+08	1.75312e+12	8.52751e+08	2.79375e+07	8.50787e+09	1.03452e+11	3.53982e+10	2.09856e+10
1.25893e+14	4.95880e+16	1.26622e+11	1.07753e+12	1.12548e+11	2.65200e+11	1.89100e+09	5.80766e+08	1.68433e+12	6.97744e+08	2.18908e+07	8.51755e+09	1.00037e+11	3.31697e+10	1.84218e+10
1.25893e+14	4.71214e+16	1.26004e+11	1.02579e+12	1.01352e+11	2.52828e+11	1.62352e+09	6.34244e+08	1.61574e+12	5.69710e+08	1.71187e+07	8.52609e+09	9.66203e+10	3.10340e+10	1.61502e+10
1.25893e+14	4.47730e+16	1.25349e+11	9.75915e+11	9.11361e+10	2.40772e+11	1.39215e+09	6.91866e+08	1.54736e+12	4.63996e+08	1.33540e+07	8.53422e+09	9.32060e+10	2.89877e+10	1.41378e+10
1.25893e+14	4.25484e+16	1.24663e+11	9.28122e+11	8.18657e+10	2.29094e+11	1.19305e+09	7.53655e+08	1.47972e+12	3.77241e+08	1.04018e+07	8.54172e+09	8.98266e+10	2.70414e+10	1.23647e+10
1.25893e+14	4.04355e+16	1.23943e+11	8.82237e+11	7.34465e+10	2.17766e+11	1.02151e+09	8.19887e+08	1.41278e+12	3.06048e+08	8.08659e+06	8.54920e+09	8.64822e+10	2.51899e+10	1.08021e+10
1.25893e+14	3.84289e+16	1.23190e+11	8.38211e+11	6.58107e+10	2.06786e+11	8.73873e+08	8.90752e+08	1.34671e+12	2.47754e+08	6.27468e+06	8.55692e+09	8.31818e+10	2.34325e+10	9.42706e+09
1.25893e+14	3.65230e+16	1.22404e+11	7.95998e+11	5.88950e+10	1.96155e+11	7.46919e+08	9.66425e+08	1.28163e+12	2.00127e+08	4.85956e+06	8.56507e+09	7.99335e+10	2.17678e+10	8.21883e+09
1.25893e+14	3.47174e+16	1.21588e+11	7.55651e+11	5.26531e+10	1.85896e+11	6.38068e+08	1.04694e+09	1.21784e+12	1.61369e+08	3.75848e+06	8.57352e+09	7.67532e+10	2.01978e+10	7.16053e+09
1.25893e+14	3.29937e+16	1.20733e+11	7.16809e+11	4.69909e+10	1.75931e+11	5.44257e+08	1.13283e+09	1.15498e+12	1.29721e+08	2.89864e+06	8.58319e+09	7.36187e+10	1.87091e+10	6.22961e+09
1.25893e+14	3.13650e+16	1.19852e+11	6.79828e+11	4.19063e+10	1.66356e+11	4.64143e+08	1.22370e+09	1.09380e+12	1.04136e+08	2.23374e+06	8.59300e+09	7.05713e+10	1.73138e+10	5.41787e+09
1.25893e+14	2.98139e+16	1.18935e+11	6.44361e+11	3.73162e+10	1.57096e+11	3.95353e+08	1.32006e+09	1.03394e+12	8.33759e+07	1.71745e+06	8.60379e+09	6.75876e+10	1.59986e+10	4.70678e+09
1.25893e+14	2.83408e+16	1.17985e+11	6.10455e+11	3.31878e+10	1.48170e+11	3.36466e+08	1.42184e+09	9.75632e+11	6.66038e+07	1.31820e+06	8.61519e+09	6.46797e+10	1.47642e+10	4.08578e+09
1.25893e+14	2.69416e+16	1.17004e+11	5.78061e+11	2.94800e+10	1.39576e+11	2.86101e+08	1.52909e+09	9.18977e+11	5.30854e+07	1.01005e+06	8.62713e+09	6.18500e+10	1.36074e+10	3.54403e+09
1.25893e+14	2.56129e+16	1.15990e+11	5.47134e+11	2.61549e+10	1.31310e+11	2.43063e+08	1.64180e+09	8.64051e+11	4.22155e+07	7.72684e+05	8.63942e+09	5.91005e+10	1.25253e+10	3.07191e+09
1.25893e+14	2.43506e+16	1.14943e+11	5.17612e+11	2.31763e+10	1.23365e+11	2.06308e+08	1.75996e+09	8.10902e+11	3.34931e+07	5.90118e+05	8.65199e+09	5.64308e+10	1.15144e+10	2.66074e+09
1.25893e+14	2.31514e+16	1.13865e+11	4.89447e+11	2.05120e+10	1.15737e+11	1.74945e+08	1.88351e+09	7.59590e+11	2.65107e+07	4.49967e+05	8.66460e+09	5.38421e+10	1.05714e+10	2.30298e+09
1.25893e+14	2.20126e+16	1.12755e+11	4.62604e+11	1.81328e+10	1.08424e+11	1.48213e+08	2.01227e+09	7.10184e+11	2.09362e+07	3.42597e+05	8.67697e+09	5.13359e+10	9.69352e+09	1.99206e+09
1.25893e+14	2.09308e+16	1.11614e+11	4.37025e+11	1.60105e+10	1.01421e+11	1.25442e+08	2.14611e+09	6.62705e+11	1.64949e+07	2.60457e+05	8.68891e+09	4.89107e+10	8.87722e+09	1.72198e+09
1.25893e+14	1.99007e+16	1.10438e+11	4.12607e+11	1.41165e+10	9.47071e+10	1.06028e+08	2.28499e+09	6.17094e+11	1.29599e+07	1.97632e+05	8.70028e+09	4.65607e+10	8.11763e+09	1.48718e+09
1.25893e+14	1.89271e+16	1.09239e+11	3.89486e+11	1.24388e+10	8.83237e+10	8.95841e+07	2.42804e+09	5.73667e+11	1.01674e+07	0	8.71020e+09	4.43038e+10	7.41685e+09	1.28431e+09
1.25893e+14	1.80000e+16	1.08006e+11	3.67433e+11	1.09451e+10	8.22212e+10	7.55845e+07	2.57552e+09	5.32142e+11	7.95438e+06	0	8.71895e+09	4.21203e+10	6.76656e+09	1.10814e+09
1.25893e+14	1.71191e+16	1.06744e+11	3.46464e+11	9.61991e+09	7.64091e+10	6.37010e+07	2.72686e+09	4.92619e+11	6.20835e+06	0	8.72607e+09	4.00150e+10	6.16550e+09	9.55555e+08
1.25893e+14	1.62823e+16	1.05452e+11	3.26537e+11	8.44579e+09	7.08829e+10	5.36239e+07	2.88163e+09	4.55099e+11	4.83418e+06	0	8.73121e+09	3.79872e+10	5.61078e+09	8.23497e+08
1.25893e+14	1.54872e+16	1.04132e+11	3.07610e+11	7.40688e+09	6.56377e+10	4.50871e+07	3.03936e+09	4.19571e+11	3.75535e+06	0	8.73405e+09	3.60353e+10	5.09957e+09	7.09276e+08
1.25893e+14	1.47319e+16	1.02784e+11	2.89642e+11	6.48875e+09	6.06683e+10	3.78625e+07	3.19954e+09	3.86015e+11	2.91045e+06	0	8.73423e+09	3.41580e+10	4.62914e+09	6.10542e+08
1.25893e+14	1.40143e+16	1.01410e+11	2.72595e+11	5.67843e+09	5.59695e+10	3.17554e+07	3.36160e+09	3.54408e+11	2.25045e+06	0	8.73147e+09	3.23540e+10	4.19692e+09	5.25254e+08
1.25893e+14	1.33306e+16	1.00005e+11	2.56384e+11	4.96265e+09	5.15257e+10	2.65891e+07	3.52523e+09	3.24650e+11	1.73529e+06	0	8.72550e+09	3.06168e+10	3.79940e+09	4.51486e+08
1.25893e+14	1.26827e+16	9.85794e+10	2.41063e+11	4.33390e+09	4.73511e+10	2.22412e+07	3.68934e+09	2.96833e+11	1.33566e+06	0	8.71581e+09	2.89547e+10	3.43613e+09	3.87972e+08
1.25893e+14	1.20671e+16	9.71300e+10	2.26548e+11	3.78101e+09	4.34290e+10	1.85789e+07	3.85357e+09	2.70843e+11	1.02577e+06	0	8.70222e+09	2.73613e+10	3.10382e+09	3.33204e+08
1.25893e+14	1.14837e+16	9.56621e+10	2.12843e+11	3.29637e+09	3.97607e+10	1.55035e+07	4.01707e+09	2.46675e+11	7.86443e+05	0	8.68435e+09	2.58392e+10	2.80096e+09	2.86094e+08
1.25893e+14	1.09262e+16	9.41641e+10	1.99801e+11	2.86934e+09	3.63152e+10	1.29096e+07	4.17996e+09	2.24121e+11	6.01082e+05	0	8.66216e+09	2.43736e+10	2.52335e+09	2.45355e+08
1.25893e+14	1.03979e+16	9.26501e+10	1.87501e+11	2.49601e+09	3.31088e+10	1.07382e+07	4.34093e+09	2.03267e+11	4.58678e+05	0	8.63518e+09	2.29762e+10	2.27114e+09	2.10365e+08
1.25893e+14	9.89573e+15	9.11172e+10	1.75873e+11	2.16922e+09	3.01254e+10	8.91910e+06	4.49966e+09	1.83995e+11	3.49303e+05	0	8.60328e+09	2.16408e+10	2.04176e+09	1.80262e+08
1.25893e+14	9.41985e+15	8.95715e+10	1.64919e+11	1.88410e+09	2.73629e+10	7.40028e+06	4.65537e+09	1.66271e+11	2.65628e+05	0	8.56627e+09	2.03697e+10	1.83394e+09	1.54432e+08
1.25893e+14	8.96620e+15	8.80052e+10	1.54544e+11	1.63449e+09	2.47998e+10	6.12896e+06	4.80805e+09	1.49942e+11	2.01515e+05	0	8.52395e+09	1.91535e+10	1.64496e+09	1.32187e+08
1.25893e+14	8.53500e+15	8.64244e+10	1.44753e+11	1.41671e+09	2.24336e+10	5.06876e+06	4.95701e+09	1.34973e+11	1.52601e+05	0	8.47618e+09	1.79944e+10	1.47383e+09	1.13084e+08
1.25893e+14	8.12511e+15	8.48307e+10	1.35518e+11	1.22691e+09	2.02549e+10	4.18602e+06	5.10183e+09	1.21287e+11	1.15362e+05	0	8.42286e+09	1.68908e+10	1.31906e+09	9.66884e+07
1.25893e+14	7.73427e+15	8.32205e+10	1.26785e+11	1.06129e+09	1.82496e+10	3.45075e+06	5.24239e+09	1.08777e+11	8.70195e+04	0	8.36381e+09	1.58378e+10	1.17894e+09	8.25957e+07
1.25893e+14	7.36388e+15	8.16058e+10	1.18583e+11	9.17605e+08	1.64173e+10	2.84188e+06	5.37794e+09	9.74226e+10	6.55750e+04	0	8.29916e+09	1.48404e+10	1.05292e+09	7.05434e+07
1.25893e+14	7.01175e+15	7.99833e+10	1.10860e+11	7.92754e+08	1.47433e+10	2.33732e+06	5.50845e+09	8.71180e+10	4.93439e+04	0	8.22882e+09	1.38936e+10	9.39421e+08	6.02180e+07
1.25893e+14	6.67697e+15	7.83547e+10	1.03591e+11	6.84375e+08	1.32179e+10	1.91985e+06	5.63374e+09	7.77877e+10	0	0	8.15281e+09	1.29958e+10	8.37343e+08	5.13772e+07
1.25893e+14	6.35865e+15	7.67217e+10	9.67547e+10	5.90378e+08	1.18311e+10	1.57496e+06	5.75365e+09	6.93582e+10	0	0	8.07119e+09	1.21453e+10	7.45649e+08	4.38118e+07
1.25893e+14	6.05599e+15	7.50861e+10	9.03281e+10	5.08932e+08	1.05735e+10	1.29047e+06	5.86810e+09	6.17592e+10	0	0	7.98406e+09	1.13404e+10	6.63393e+08	3.73418e+07
1.25893e+14	5.76820e+15	7.34499e+10	8.42904e+10	4.38425e+08	9.43574e+09	1.05615e+06	5.97702e+09	5.49230e+10	0	0	7.89154e+09	1.05797e+10	5.89695e+08	3.18119e+07
1.25893e+14	5.49452e+15	7.18147e+10	7.86212e+10	3.77437e+08	8.40863e+09	8.63421e+05	6.08043e+09	4.87849e+10	0	0	7.79378e+09	9.86131e+09	5.23743e+08	2.70880e+07
1.25893e+14	5.23427e+15	7.01824e+10	7.33013e+10	3.24731e+08	7.48346e+09	7.05129e+05	6.17835e+09	4.32842e+10	0	0	7.69097e+09	9.18381e+09	4.64797e+08	2.30554e+07
1.25893e+14	4.98677e+15	6.85548e+10	6.83119e+10	2.79215e+08	6.65181e+09	5.75289e+05	6.27085e+09	3.83633e+10	0	0	7.58333e+09	8.54553e+09	4.12172e+08	1.96145e+07
1.25893e+14	4.75138e+15	6.69336e+10	6.36353e+10	2.39943e+08	5.90571e+09	4.68925e+05	6.35804e+09	3.39685e+10	0	0	7.47109e+09	7.94488e+09	3.65243e+08	1.66804e+07
1.25893e+14	4.52750e+15	6.53206e+10	5.92544e+10	2.06083e+08	5.23763e+09	3.81898e+05	6.44002e+09	3.00498e+10	0	0	7.35453e+09	7.38031e+09	3.23439e+08	1.41797e+07
1.25893e+14	4.31549e+15	6.37247e+10	5.51703e+10	1.77001e+08	4.64223e+09	3.10959e+05	6.51679e+09	2.65710e+10	0	0	7.23442e+09	6.85260e+09	2.86364e+08	1.20560e+07
1.25893e+14	4.11293e+15	6.21333e+10	5.13321e+10	1.51875e+08	4.10919e+09	2.52869e+05	6.58884e+09	2.34682e+10	0	0	7.11013e+09	6.35544e+09	2.53284e+08	1.02418e+07
1.25893e+14	3.92026e+15	6.05552e+10	4.77426e+10	1.30258e+08	3.63425e+09	2.05493e+05	6.65618e+09	2.07130e+10	0	0	6.98243e+09	5.88971e+09	2.23904e+08	8.69798e+06
1.25893e+14	3.73697e+15	5.89918e+10	4.43878e+10	1.11672e+08	3.21172e+09	1.66893e+05	6.71899e+09	1.82695e+10	0	0	6.85167e+09	5.45394e+09	1.97835e+08	7.38496e+06
1.25893e+14	3.56261e+15	5.74446e+10	4.12540e+10	9.57009e+07	2.83631e+09	1.35471e+05	6.77747e+09	1.61048e+10	0	0	6.71818e+09	5.04665e+09	1.74723e+08	6.26870e+06
1.25893e+14	3.39673e+15	5.59151e+10	3.83284e+10	8.19856e+07	2.50319e+09	1.09912e+05	6.83182e+09	1.41892e+10	0	0	6.58232e+09	4.66641e+09	1.54249e+08	5.32016e+06
1.25893e+14	3.23891e+15	5.44047e+10	3.55986e+10	7.02139e+07	2.20795e+09	8.91390e+04	6.88223e+09	1.24956e+10	0	0	6.44445e+09	4.31182e+09	1.36127e+08	4.51447e+06
1.25893e+14	3.08794e+15	5.29063e+10	3.30391e+10	6.00766e+07	1.94560e+09	7.22125e+04	6.92903e+09	1.09941e+10	0	0	6.30418e+09	3.97964e+09	1.20031e+08	3.82778e+06
1.25893e+14	2.94505e+15	5.14372e+10	3.06662e+10	5.14213e+07	1.71445e+09	5.85234e+04	6.97217e+09	9.67400e+09	0	0	6.16334e+09	3.67220e+09	1.05865e+08	3.24733e+06
1.25893e+14	2.80995e+15	5.00004e+10	2.84695e+10	4.40368e+07	1.51107e+09	4.74583e+04	7.01186e+09	8.51451e+09	0	0	6.02234e+09	3.38837e+09	9.34102e+07	2.75703e+06
1.25893e+14	2.67977e+15	4.85692e+10	2.63984e+10	3.76519e+07	1.32993e+09	3.84153e+04	7.04861e+09	7.48386e+09	0	0	5.87911e+09	3.12129e+09	8.23071e+07	2.33726e+06
1.25893e+14	2.55671e+15	4.71720e+10	2.44838e+10	3.22124e+07	1.17086e+09	3.11178e+04	7.08227e+09	6.58022e+09	0	0	5.73644e+09	2.87528e+09	7.25608e+07	1.98312e+06
1.25893e+14	2.44034e+15	4.58095e+10	2.27140e+10	2.75771e+07	1.03120e+09	2.52265e+04	7.11307e+09	5.78798e+09	0	0	5.59476e+09	2.64874e+09	6.40043e+07	1.68416e+06
1.25893e+14	2.32809e+15	4.44548e+10	2.10462e+10	2.35705e+07	9.06985e+08	2.04140e+04	7.14139e+09	5.08445e+09	0	0	5.45159e+09	2.43603e+09	5.63821e+07	1.42819e+06
1.25893e+14	2.22199e+15	4.31366e+10	1.95071e+10	2.01616e+07	7.98130e+08	1.65350e+04	7.16717e+09	4.46867e+09	0	0	5.31000e+09	2.24073e+09	4.97013e+07	1.21241e+06
1.25893e+14	2.12104e+15	4.18465e+10	1.80777e+10	1.72464e+07	7.02314e+08	1.33943e+04	7.19063e+09	3.92728e+09	0	0	5.16931e+09	2.06036e+09	4.38157e+07	1.02957e+06
1.25893e+14	2.02496e+15	4.05849e+10	1.67508e+10	1.47540e+07	6.18006e+08	1.08519e+04	7.21191e+09	3.45147e+09	0	0	5.02986e+09	1.89383e+09	3.86319e+07	8.74626e+05
1.25893e+14	1.93350e+15	3.93520e+10	1.55191e+10	1.26230e+07	5.43835e+08	8.79370e+03	7.23117e+09	3.03336e+09	0	0	4.89187e+09	1.74016e+09	3.40663e+07	7.43284e+05
1.25893e+14	1.84644e+15	3.81479e+10	1.43764e+10	1.08013e+07	4.78600e+08	7.12742e+03	7.24852e+09	2.66602e+09	0	0	4.75558e+09	1.59845e+09	3.00459e+07	6.31941e+05
1.25893e+14	1.76355e+15	3.69731e+10	1.33165e+10	9.24419e+06	4.21238e+08	5.77843e+03	7.26408e+09	2.34336e+09	0	0	4.62120e+09	1.46788e+09	2.65058e+07	5.37543e+05
1.25893e+14	1.68449e+15	3.58258e+10	1.23322e+10	7.91172e+06	3.70750e+08	4.68518e+03	7.27797e+09	2.05967e+09	0	0	4.48866e+09	1.34746e+09	2.33853e+07	4.57407e+05
1.25893e+14	1.61006e+15	3.47206e+10	1.14299e+10	6.78169e+06	3.26689e+08	3.80552e+03	7.29027e+09	1.81232e+09	0	0	4.35986e+09	1.23787e+09	2.06593e+07	3.89955e+05
1.25893e+14	1.53850e+15	3.36345e+10	1.05858e+10	5.80870e+06	2.87697e+08	3.08861e+03	7.30113e+09	1.59368e+09	0	0	4.23224e+09	1.13609e+09	1.82418e+07	3.32311e+05
1.25893e+14	1.47035e+15	3.25779e+10	9.80395e+09	4.97700e+06	2.53423e+08	2.50785e+03	7.31062e+09	1.40169e+09	0	0	4.10717e+09	1.04254e+09	1.61132e+07	2.83388e+05
1.25893e+14	1.40546e+15	3.15508e+10	9.07991e+09	4.26599e+06	2.23294e+08	2.03726e+03	7.31881e+09	1.23311e+09	0	0	3.98475e+09	9.56596e+08	1.42386e+07	2.41850e+05
1.25893e+14	1.34298e+15	3.05421e+10	8.40251e+09	3.65362e+06	1.96625e+08	1.65357e+03	7.32579e+09	1.08406e+09	0	0	3.86378e+09	8.76838e+08	1.25754e+07	2.06313e+05
1.25893e+14	1.28433e+15	2.95769e+10	7.78458e+09	3.13557e+06	1.73410e+08	1.34525e+03	7.33163e+09	9.54437e+08	0	0	3.74736e+09	8.04702e+08	1.11256e+07	1.76430e+05
1.25893e+14	1.22870e+15	2.86445e+10	7.21501e+09	2.69358e+06	1.53047e+08	0	7.33642e+09	8.40858e+08	0	0	3.63429e+09	7.38827e+08	9.85150e+06	1.51089e+05
1.25893e+14	1.17528e+15	2.77331e+10	6.68379e+09	2.31316e+06	1.35040e+08	0	7.34019e+09	7.40553e+08	0	0	3.52329e+09	6.77896e+08	8.72198e+06	1.29398e+05
1.25893e+14	1.12396e+15	2.68424e+10	6.18840e+09	1.98577e+06	1.19118e+08	0	7.34300e+09	6.51980e+08	0	0	3.41438e+09	6.21556e+08	7.72069e+06	1.10828e+05
1.25893e+14	1.07589e+15	2.59944e+10	5.73786e+09	1.70888e+06	1.05266e+08	0	7.34495e+09	5.75000e+08	0	0	3.31024e+09	5.70842e+08	6.84799e+06	9.52003e+04
1.25893e+14	1.02969e+15	2.51662e+10	5.31749e+09	1.47019e+06	9.30022e+07	0	7.34605e+09	5.06947e+08	0	0	3.20824e+09	5.23933e+08	6.07323e+06	8.17879e+04
1.25893e+14	9.85653e+14	2.43649e+10	4.92875e+09	1.26570e+06	8.22062e+07	0	7.34635e+09	4.47124e+08	0	0	3.10924e+09	4.80959e+08	5.38945e+06	7.03439e+04
1.25893e+14	9.43295e+14	2.35826e+10	4.56604e+09	1.08933e+06	7.26440e+07	0	7.34586e+09	3.94222e+08	0	0	3.01237e+09	4.41220e+08	4.78208e+06	6.05108e+04
1.25893e+14	9.03302e+14	2.28334e+10	4.23383e+09	9.39153e+05	6.42750e+07	0	7.34470e+09	3.47986e+08	0	0	2.91937e+09	4.05193e+08	4.24914e+06	5.21657e+04
1.25893e+14	8.65179e+14	2.21094e+10	3.92667e+09	8.10300e+05	5.69002e+07	0	7.34287e+09	3.07308e+08	0	0	2.82933e+09	3.72201e+08	3.77817e+06	4.50267e+04
1.25893e+14	8.29200e+14	2.14173e+10	3.64545e+09	7.00424e+05	5.04400e+07	0	7.34045e+09	2.71728e+08	0	0	2.74309e+09	3.42308e+08	3.36443e+06	3.89544e+04
1.25893e+14	7.94320e+14	2.07377e+10	3.38113e+09	6.04939e+05	4.46804e+07	0	7.33735e+09	2.40074e+08	0	0	2.65834e+09	3.14437e+08	2.99433e+06	3.36874e+04
1.25893e+14	7.61133e+14	2.00832e+10	3.13728e+09	5.23029e+05	3.96077e+07	0	7.33368e+09	2.12241e+08	0	0	2.57659e+09	2.89005e+08	2.66732e+06	2.91781e+04
1.25893e+14	7.29618e+14	1.94543e+10	2.91276e+09	4.52805e+05	3.51429e+07	0	7.32949e+09	1.87791e+08	0	0	2.49798e+09	2.65812e+08	2.37857e+06	2.53163e+04
1.25893e+14	6.99557e+14	1.88476e+10	2.70514e+09	3.92369e+05	3.12001e+07	0	7.32478e+09	1.66243e+08	0	0	2.42210e+09	2.44573e+08	2.12269e+06	2.19955e+04
1.25893e+14	6.70880e+14	1.82625e+10	2.51310e+09	3.40320e+05	2.77166e+07	0	7.31959e+09	1.47245e+08	0	0	2.34889e+09	2.25120e+08	1.89582e+06	1.91366e+04
1.25893e+14	6.43520e+14	1.76985e+10	2.33548e+09	2.95462e+05	2.46372e+07	0	7.31393e+09	1.30488e+08	0	0	2.27829e+09	2.07300e+08	1.69452e+06	1.66726e+04
1.25893e+14	6.17413e+14	1.71548e+10	2.17115e+09	2.56770e+05	2.19138e+07	0	7.30782e+09	1.15701e+08	0	0	2.21023e+09	1.90976e+08	1.51582e+06	1.45464e+04
1.25893e+14	5.92472e+14	1.66302e+10	2.01896e+09	2.23350e+05	1.95024e+07	0	7.30128e+09	1.02639e+08	0	0	2.14457e+09	1.76003e+08	1.35697e+06	1.27082e+04
1.25893e+14	5.68833e+14	1.61284e+10	1.87909e+09	1.94609e+05	1.73765e+07	0	7.29441e+09	9.11522e+07	0	0	2.08178e+09	1.62370e+08	1.21636e+06	1.11251e+04
1.25893e+14	5.46126e+14	1.56420e+10	1.74881e+09	1.69649e+05	1.54856e+07	0	7.28709e+09	8.09608e+07	0	0	2.02093e+09	1.49796e+08	1.09078e+06	9.74814e+03
1.25893e+14	5.24446e+14	1.51735e+10	1.62820e+09	1.48049e+05	1.38096e+07	0	7.27942e+09	7.19511e+07	0	0	1.96235e+09	1.38267e+08	9.78982e+05	8.55402e+03
1.25893e+14	5.03740e+14	1.47222e+10	1.51651e+09	1.29338e+05	1.23230e+07	0	7.27140e+09	6.39815e+07	0	0	1.90596e+09	1.27689e+08	8.79382e+05	7.51701e+03
1.25893e+14	4.83964e+14	1.42876e+10	1.41305e+09	1.13116e+05	1.10037e+07	0	7.26305e+09	5.69289e+07	0	0	1.85171e+09	1.17984e+08	7.90592e+05	6.61536e+03
1.25893e+14	4.65071e+14	1.38691e+10	1.31719e+09	9.90376e+04	9.83223e+06	0	7.25439e+09	5.06840e+07	0	0	1.79950e+09	1.09074e+08	7.11373e+05	5.83028e+03
1.25893e+14	4.47019e+14	1.34662e+10	1.22836e+09	8.68094e+04	8.79137e+06	0	7.24544e+09	4.51520e+07	0	0	1.74929e+09	1.00894e+08	6.40647e+05	5.14588e+03
1.25893e+14	4.29767e+14	1.30782e+10	1.14599e+09	7.61766e+04	7.86588e+06	0	7.23620e+09	4.02483e+07	0	0	1.70099e+09	9.33784e+07	5.77450e+05	4.54836e+03
1.25893e+14	4.13278e+14	1.27047e+10	1.06962e+09	6.69226e+04	7.04256e+06	0	7.22670e+09	3.58995e+07	0	0	1.65455e+09	8.64724e+07	5.20940e+05	4.02604e+03
1.25893e+14	3.97513e+14	1.23450e+10	9.98769e+08	5.88600e+04	6.30960e+06	0	7.21695e+09	3.20404e+07	0	0	1.60989e+09	8.01227e+07	4.70369e+05	3.56882e+03
1.25893e+14	3.82381e+14	1.19974e+10	9.32786e+08	5.18126e+04	5.65528e+06	0	7.20693e+09	2.86067e+07	0	0	1.56680e+09	7.42621e+07	4.24983e+05	3.16718e+03
1.25893e+14	3.68020e+14	1.16653e+10	8.71987e+08	4.56897e+04	5.07469e+06	0	7.19677e+09	2.55703e+07	0	0	1.52568e+09	6.89083e+07	3.84482e+05	2.81626e+03
1.25893e+14	3.54227e+14	1.13442e+10	8.15308e+08	4.03249e+04	4.55559e+06	0	7.18636e+09	2.28647e+07	0	0	1.48600e+09	6.39607e+07	3.48067e+05	2.50707e+03
1.25893e+14	3.40980e+14	1.10339e+10	7.62464e+08	3.56206e+04	4.09127e+06	0	7.17571e+09	2.04530e+07	0	0	1.44770e+09	5.93879e+07	3.15308e+05	2.23437e+03
1.25893e+14	3.28402e+14	1.07374e+10	7.13728e+08	3.15210e+04	3.67851e+06	0	7.16497e+09	1.83168e+07	0	0	1.41118e+09	5.52056e+07	2.86005e+05	1.99515e+03
1.25893e+14	3.16314e+14	1.04506e+10	6.68237e+08	2.79170e+04	3.30871e+06	0	7.15402e+09	1.64099e+07	0	0	1.37593e+09	5.13342e+07	2.59594e+05	1.78351e+03
1.25893e+14	3.04739e+14	1.01745e+10	6.25925e+08	2.47539e+04	2.97799e+06	0	7.14291e+09	1.47108e+07	0	0	1.34204e+09	4.77630e+07	2.35825e+05	1.59648e+03
1.25893e+14	2.93656e+14	9.90840e+09	5.86557e+08	2.19746e+04	2.68204e+06	0	7.13167e+09	1.31960e+07	0	0	1.30947e+09	4.44672e+07	2.14418e+05	1.43098e+03
1.25893e+14	2.83040e+14	9.65209e+09	5.49912e+08	1.95300e+04	2.41704e+06	0	7.12029e+09	1.18447e+07	0	0	1.27815e+09	4.14240e+07	1.95122e+05	1.28435e+03
1.25893e+14	2.72868e+14	9.40509e+09	5.15785e+08	1.73773e+04	2.17957e+06	0	7.10880e+09	1.06385e+07	0	0	1.24804e+09	3.86121e+07	1.77713e+05	1.15425e+03
1.25893e+14	2.63121e+14	9.16705e+09	4.83990e+08	1.54795e+04	1.96665e+06	0	7.09720e+09	9.56117e+06	0	0	1.21909e+09	3.60128e+07	1.61995e+05	1.03867e+03
1.25893e+14	2.53778e+14	8.93758e+09	4.54355e+08	1.38047e+04	1.77560e+06	0	7.08551e+09	8.59831e+06	0	0	1.19125e+09	3.36084e+07	1.47791e+05	9.35850e+02
1.25893e+14	2.44821e+14	8.71637e+09	4.26723e+08	1.23251e+04	1.60408e+06	0	7.07373e+09	7.73727e+06	0	0	1.16449e+09	3.13834e+07	1.34946e+05	8.44273e+02
1.25893e+14	2.36232e+14	8.50306e+09	4.00945e+08	1.10164e+04	1.44999e+06	0	7.06188e+09	6.96678e+06	0	0	1.13874e+09	2.93231e+07	1.23320e+05	7.62601e+02
1.25893e+14	2.27993e+14	8.29732e+09	3.76886e+08	9.85772e+03	1.31146e+06	0	7.04997e+09	6.27692e+06	0	0	1.11398e+09	2.74141e+07	1.12788e+05	6.89669e+02
1.25893e+14	2.20056e+14	8.09799e+09	3.54334e+08	8.82822e+03	1.18657e+06	0	7.03796e+09	5.65743e+06	0	0	1.09006e+09	2.56379e+07	1.03221e+05	6.24322e+02
1.25893e+14	2.12503e+14	7.90731e+09	3.33437e+08	7.91915e+03	1.07469e+06	0	7.02601e+09	5.10475e+06	0	0	1.06725e+09	2.40031e+07	9.45768e+04	5.66086e+02
1.25893e+14	2.05222e+14	7.72245e+09	3.13823e+08	7.10944e+03	9.73668e+05	0	7.01397e+09	4.60769e+06	0	0	1.04520e+09	2.24795e+07	8.67095e+04	5.13763e+02
1.25893e+14	1.98231e+14	7.54399e+09	2.95484e+08	6.38937e+03	8.82623e+05	0	7.00192e+09	4.16155e+06	0	0	1.02399e+09	2.10646e+07	7.95598e+04	4.66808e+02
1.25893e+14	1.91518e+14	7.37166e+09	2.78330e+08	5.74831e+03	8.00521e+05	0	6.98985e+09	3.76086e+06	0	0	1.00357e+09	1.97498e+07	7.30569e+04	4.24622e+02
1.25893e+14	1.85069e+14	7.20519e+09	2.62273e+08	5.17694e+03	7.26434e+05	0	6.97777e+09	3.40075e+06	0	0	9.83909e+08	1.85273e+07	6.71373e+04	3.86671e+02
1.25893e+14	1.78873e+14	7.04434e+09	2.47239e+08	4.66719e+03	6.59545e+05	0	6.96571e+09	3.07694e+06	0	0	9.64986e+08	1.73900e+07	6.17446e+04	3.52494e+02
1.25893e+14	1.72893e+14	6.88820e+09	2.33099e+08	4.21087e+03	5.98980e+05	0	6.95360e+09	2.78490e+06	0	0	9.46684e+08	1.63272e+07	5.68183e+04	3.21616e+02
1.25893e+14	1.67194e+14	6.73858e+09	2.19955e+08	3.80482e+03	5.44490e+05	0	6.94162e+09	2.52324e+06	0	0	9.29215e+08	1.53451e+07	5.23418e+04	2.93863e+02
1.25893e+14	1.61690e+14	6.59323e+09	2.07578e+08	3.44048e+03	4.95084e+05	0	6.92962e+09	2.28691e+06	0	0	9.12313e+08	1.44260e+07	4.82453e+04	2.68726e+02
1.25893e+14	1.56397e+14	6.45263e+09	1.95968e+08	3.11406e+03	4.50375e+05	0	6.91765e+09	2.07390e+06	0	0	8.96030e+08	1.35689e+07	4.45018e+04	2.45987e+02
1.25893e+14	1.51305e+14	6.31655e+09	1.85071e+08	2.82129e+03	4.09890e+05	0	6.90573e+09	1.88176e+06	0	0	8.80339e+08	1.27691e+07	4.10780e+04	2.25392e+02
1.25893e+14	1.46405e+14	6.18483e+09	1.74839e+08	2.55846e+03	3.73213e+05	0	6.89385e+09	1.70837e+06	0	0	8.65218e+08	1.20224e+07	3.79444e+04	2.06720e+02
1.25893e+14	1.41689e+14	6.05728e+09	1.65228e+08	2.32225e+03	3.39966e+05	0	6.88204e+09	1.55179e+06	0	0	8.50643e+08	1.13248e+07	3.50742e+04	1.89774e+02
1.25893e+14	1.37149e+14	5.93372e+09	1.56195e+08	2.10976e+03	3.09813e+05	0	6.87029e+09	1.41032e+06	0	0	8.36592e+08	1.06728e+07	3.24433e+04	1.74378e+02
1.25893e+14	1.32777e+14	5.81398e+09	1.47702e+08	1.91842e+03	2.82452e+05	0	6.85860e+09	1.28242e+06	0	0	8.23042e+08	1.00628e+07	3.00299e+04	1.60376e+02
1.25893e+14	1.28567e+14	5.69791e+09	1.39713e+08	1.74597e+03	2.57613e+05	0	6.84699e+09	1.16674e+06	0	0	8.09976e+08	9.49218e+06	2.78146e+04	1.47630e+02
1.25893e+14	1.24511e+14	5.58536e+09	1.32195e+08	1.59038e+03	2.35050e+05	0	6.83546e+09	1.06203e+06	0	0	7.97371e+08	8.95774e+06	2.57795e+04	1.36014e+02
1.25893e+14	1.20602e+14	5.47618e+09	1.25117e+08	1.44987e+03	2.14545e+05	0	6.82402e+09	9.67213e+05	0	0	7.85210e+08	8.45698e+06	2.39086e+04	1.25418e+02
1.25893e+14	1.16835e+14	5.37024e+09	1.18452e+08	1.32288e+03	1.95904e+05	0	6.81266e+09	8.81303e+05	0	0	7.73477e+08	7.98775e+06	2.21875e+04	1.15745e+02
1.25893e+14	1.13203e+14	5.26738e+09	1.12171e+08	1.20798e+03	1.78947e+05	0	6.80140e+09	8.03418e+05	0	0	7.62151e+08	7.54750e+06	2.06031e+04	1.06905e+02
1.25893e+14	1.09701e+14	5.16749e+09	1.06250e+08	1.10393e+03	1.63514e+05	0	6.79024e+09	7.32771e+05	0	0	7.51218e+08	7.13433e+06	1.91435e+04	0
1.25893e+14	1.06323e+14	5.07045e+09	1.00667e+08	1.00962e+03	1.49464e+05	0	6.77918e+09	6.68656e+05	0	0	7.40661e+08	6.74636e+06	1.77980e+04	0
1.25893e+14	1.03064e+14	4.97613e+09	9.53995e+07	9.24077e+02	1.36666e+05	0	6.76823e+09	6.10438e+05	0	0	7.30467e+08	6.38185e+06	1.65567e+04	0
1.25893e+14	9.99202e+13	4.88444e+09	9.04287e+07	8.46407e+02	1.25005e+05	0	6.75738e+09	5.57548e+05	0	0	7.20620e+08	6.03934e+06	1.54110e+04	0
1.25893e+14	9.68857e+13	4.79527e+09	8.57360e+07	0	1.14375e+05	0	6.74665e+09	5.09474e+05	0	0	7.11108e+08	5.71717e+06	1.43527e+04	0
1.25893e+14	9.39435e+13	4.70811e+09	8.12873e+07	0	1.04659e+05	0	6.73598e+09	4.65666e+05	0	0	7.01876e+08	5.41259e+06	1.33731e+04	0
1.25893e+14	9.11151e+13	4.62366e+09	7.71002e+07	0	9.58153e+04	0	6.72548e+09	4.25893e+05	0	0	6.92994e+08	5.12711e+06	1.24685e+04	0
1.25893e+14	8.83832e+13	4.54142e+09	7.31425e+07	0	8.77429e+04	0	6.71510e+09	3.89685e+05	0	0	6.84408e+08	4.85814e+06	1.16314e+04	0
1.25893e+14	8.57442e+13	4.46130e+09	6.94005e+07	0	8.03721e+04	0	6.70484e+09	3.56708e+05	0	0	6.76106e+08	4.60460e+06	1.08562e+04	0
1.25893e+14	8.31943e+13	4.38323e+09	6.58612e+07	0	7.36395e+04	0	6.69470e+09	3.26658e+05	0	0	6.68077e+08	4.36551e+06	1.01379e+04	0
1.25893e+14	8.07387e+13	4.30740e+09	6.25223e+07	0	6.74977e+04	0	6.68473e+09	2.99309e+05	0	0	6.60341e+08	4.14057e+06	9.47269e+03	0
1.25893e+14	7.83564e+13	4.23316e+09	5.93524e+07	0	6.18738e+04	0	6.67485e+09	2.74319e+05	0	0	6.52828e+08	3.92757e+06	8.85479e+03	0
1.25893e+14	7.60529e+13	4.16073e+09	5.63510e+07	0	5.67312e+04	0	6.66509e+09	2.51514e+05	0	0	6.45559e+08	3.72636e+06	8.28123e+03	0
1.25893e+14	7.38254e+13	4.09004e+09	5.35086e+07	0	5.20274e+04	0	6.65546e+09	2.30695e+05	0	0	6.38523e+08	3.53622e+06	7.74851e+03	0
1.25893e+14	7.16708e+13	4.02102e+09	5.08159e+07	0	4.77235e+04	0	6.64597e+09	2.11681e+05	0	0	6.31714e+08	3.35646e+06	7.25347e+03	0
1.25893e+14	6.95866e+13	3.95361e+09	4.82645e+07	0	4.37845e+04	0	6.63660e+09	1.94308e+05	0	0	6.25122e+08	3.18643e+06	6.79319e+03	0
1.25893e+14	6.75696e+13	3.88773e+09	4.58458e+07	0	4.01778e+04	0	6.62737e+09	1.78426e+05	0	0	6.18738e+08	3.02547e+06	6.36496e+03	0
1.25893e+14	6.56175e+13	3.82334e+09	4.35526e+07	0	3.68747e+04	0	6.61827e+09	1.63901e+05	0	0	6.12555e+08	2.87308e+06	5.96637e+03	0
1.25893e+14	6.37281e+13	3.76038e+09	4.13780e+07	0	3.38491e+04	0	6.60930e+09	1.50613e+05	0	0	6.06566e+08	2.72878e+06	5.59516e+03	0
1.25893e+14	6.18985e+13	3.69879e+09	3.93150e+07	0	3.10762e+04	0	6.60046e+09	1.38450e+05	0	0	6.00764e+08	2.59195e+06	5.24926e+03	0
1.25893e+14	6.01267e+13	3.63852e+09	3.73575e+07	0	2.85346e+04	0	6.59176e+09	1.27314e+05	0	0	5.95140e+08	2.46220e+06	4.92679e+03	0
1.25893e+14	5.84108e+13	3.57953e+09	3.54998e+07	0	2.62046e+04	0	6.58319e+09	1.17112e+05	0	0	5.89691e+08	2.33917e+06	4.62602e+03	0
1.25893e+14	5.67486e+13	3.52177e+09	3.37366e+07	0	2.40678e+04	0	6.57475e+09	1.07765e+05	0	0	5.84409e+08	2.22240e+06	4.34536e+03	0
1.25893e+14	5.51379e+13	3.46519e+09	3.20623e+07	0	2.21076e+04	0	6.56645e+09	9.91948e+04	0	0	5.79286e+08	2.11151e+06	4.08330e+03	0
1.25893e+14	5.35713e+13	3.40955e+09	3.04680e+07	0	2.03059e+04	0	6.55824e+09	9.13240e+04	0	0	5.74301e+08	2.00573e+06	3.83830e+03	0
1.25893e+14	5.20582e+13	3.35520e+09	2.89580e+07	0	1.86553e+04	0	6.55020e+09	8.41149e+04	0	0	5.69483e+08	1.90557e+06	3.60957e+03	0
1.25893e+14	5.05913e+13	3.30191e+09	2.75235e+07	0	1.71400e+04	0	6.54229e+09	7.74986e+04	0	0	5.64809e+08	1.81031e+06	3.39571e+03	0
1.25893e+14	4.91727e+13	3.24980e+09	2.61633e+07	0	1.57504e+04	0	6.53453e+09	7.14318e+04	0	0	5.60287e+08	1.71989e+06	3.19582e+03	0
1.25893e+14	4.77928e+13	3.19851e+09	2.48678e+07	0	1.44724e+04	0	6.52687e+09	6.58524e+04	0	0	5.55885e+08	1.63359e+06	3.00862e+03	0
1.25893e+14	4.64542e+13	3.14818e+09	2.36364e+07	0	1.32985e+04	0	6.51934e+09	6.07264e+04	0	0	5.51612e+08	1.55141e+06	2.83336e+03	0
1.25893e+14	4.51552e+13	3.09876e+09	2.24657e+07	0	1.22198e+04	0	6.51194e+09	5.60152e+04	0	0	5.47462e+08	1.47309e+06	2.66921e+03	0
1.25893e+14	4.38948e+13	3.05023e+09	2.13529e+07	0	1.12286e+04	0	6.50466e+09	5.16842e+04	0	0	5.43433e+08	1.39845e+06	2.51541e+03	0
1.25893e+14	4.26714e+13	3.00256e+09	2.02947e+07	0	1.03176e+04	0	6.49751e+09	4.77011e+04	0	0	5.39520e+08	1.32726e+06	2.37125e+03	0
1.25893e+14	4.14836e+13	2.95573e+09	1.92885e+07	0	9.47998e+03	0	6.49048e+09	4.40368e+04	0	0	5.35718e+08	1.25931e+06	2.23606e+03	0
1.25893e+14	4.03301e+13	2.90970e+09	1.83315e+07	0	8.70978e+03	0	6.48357e+09	4.06649e+04	0	0	5.32023e+08	1.19443e+06	2.10924e+03	0
1.25893e+14	3.92098e+13	2.86444e+09	1.74213e+07	0	8.00142e+03	0	6.47678e+09	3.75609e+04	0	0	5.28432e+08	1.13244e+06	1.99022e+03	0
1.25893e+14	3.81215e+13	2.81995e+09	1.65555e+07	0	7.34987e+03	0	6.47011e+09	3.47028e+04	0	0	5.24941e+08	1.07319e+06	1.87848e+03	0
1.25893e+14	3.70639e+13	2.77618e+09	1.57319e+07	0	6.75035e+03	0	6.46356e+09	3.20703e+04	0	0	5.21545e+08	1.01650e+06	1.77355e+03	0
1.25893e+14	3.60359e+13	2.73312e+09	1.49483e+07	0	6.19867e+03	0	6.45712e+09	2.96447e+04	0	0	5.18242e+08	9.62244e+05	1.67496e+03	0
1.25893e+14	3.50344e+13	2.69066e+09	1.42018e+07	0	5.69038e+03	0	6.45079e+09	2.74074e+04	0	0	5.15021e+08	9.10153e+05	1.58226e+03	0
1.25893e+14	3.40607e+13	2.64889e+09	1.34916e+07	0	5.22257e+03	0	6.44456e+09	2.53452e+04	0	0	5.11887e+08	8.60254e+05	1.49512e+03	0
1.25893e+14	3.31155e+13	2.60785e+09	1.28170e+07	0	4.79220e+03	0	6.43846e+09	2.34454e+04	0	0	5.08842e+08	8.12453e+05	1.41320e+03	0
1.25893e+14	3.21957e+13	2.56744e+09	1.21750e+07	0	4.39583e+03	0	6.43247e+09	2.16932e+04	0	0	5.05876e+08	7.66553e+05	1.33614e+03	0
1.25893e+14	3.13005e+13	2.52766e+09	1.15643e+07	0	4.03071e+03	0	6.42658e+09	2.00766e+04	0	0	5.02986e+08	7.22450e+05	1.26362e+03	0
1.25893e+14	3.04288e+13	2.48848e+09	1.09832e+07	0	3.69432e+03	0	6.42080e+09	1.85847e+04	0	0	5.00169e+08	6.80040e+05	1.19535e+03	0
1.25893e+14	2.95796e+13	2.44988e+09	1.04302e+07	0	3.38429e+03	0	6.41512e+09	1.72076e+04	0	0	4.97422e+08	6.39210e+05	1.13106e+03	0
1.25893e+14	2.87550e+13	2.41200e+09	9.90547e+06	0	3.09887e+03	0	6.40956e+09	1.59382e+04	0	0	4.94751e+08	5.99930e+05	1.07055e+03	0
1.25893e+14	2.79476e+13	2.37453e+09	9.40478e+06	0	2.83512e+03	0	6.40408e+09	1.47638e+04	0	0	4.92132e+08	5.61874e+05	1.01350e+03	0
1.25893e+14	2.71568e+13	2.33746e+09	8.92730e+06	0	2.59138e+03	0	6.39866e+09	1.36775e+04	0	0	4.89561e+08	5.24968e+05	9.59698e+02	0
1.25893e+14	2.63872e+13	2.30106e+09	8.47416e+06	0	2.36661e+03	0	6.39336e+09	1.26756e+04	0	0	4.87056e+08	4.89243e+05	9.09021e+02	0
1.25893e+14	2.56348e+13	2.26518e+09	8.04311e+06	0	2.15892e+03	0	6.38814e+09	1.17498e+04	0	0	4.84602e+08	4.54543e+05	8.61240e+02	0
1.25893e+14	2.48981e+13	2.22982e+09	7.63305e+06	0	1.96679e+03	0	6.38301e+09	1.08941e+04	0	0	4.82193e+08	4.20707e+05	8.16183e+02	0
1.25893e+14	2.41740e+13	2.19494e+09	7.24279e+06	0	1.78819e+03	0	6.37794e+09	1.01033e+04	0	0	4.79819e+08	3.87226e+05	7.73694e+02	0
