H	H+	C+	C+2	C+3	N+	N+2	N+4	O	O+2	O+5	O+6	P+	Si+	Si+2	Si+3	Si+4
1.09648e+16	2.77461e+20	1.23485e+13	5.97805e+15	5.55470e+16	8.24861e+11	9.67347e+14	4.86340e+16	4.14222e+07	3.19671e+15	4.48287e+17	3.30275e+17	6.81923e+08	3.31410e+10	4.48569e+12	7.19079e+13	3.54744e+15
1.09649e+16	2.60158e+20	1.33745e+13	6.23415e+15	5.62396e+16	9.38530e+11	1.05904e+15	4.74302e+16	5.12541e+07	3.52355e+15	4.16187e+17	2.91357e+17	7.77936e+08	3.66685e+10	4.91506e+12	7.92079e+13	3.67213e+15
1.09649e+16	2.43732e+20	1.45230e+13	6.50233e+15	5.68762e+16	1.06991e+12	1.15834e+15	4.61092e+16	6.35891e+07	3.87696e+15	3.85186e+17	2.56131e+17	8.89150e+08	4.05696e+10	5.38152e+12	8.73159e+13	3.79921e+15
1.09648e+16	2.28065e+20	1.58089e+13	6.78266e+15	5.74486e+16	1.22184e+12	1.26566e+15	4.46697e+16	7.91059e+07	4.25836e+15	3.55244e+17	2.24190e+17	1.01790e+09	4.48821e+10	5.88755e+12	9.63380e+13	3.92826e+15
1.09649e+16	2.13177e+20	1.72758e+13	7.08279e+15	5.79542e+16	1.39903e+12	1.38196e+15	4.31203e+16	9.87096e+07	4.66984e+15	3.26463e+17	1.95392e+17	1.16902e+09	4.97555e+10	6.44413e+12	1.06390e+14	4.05893e+15
1.09648e+16	1.98958e+20	1.89608e+13	7.40609e+15	5.83801e+16	1.60640e+12	1.50779e+15	4.14565e+16	1.23601e+08	5.11221e+15	2.98823e+17	1.69427e+17	1.34693e+09	5.52943e+10	7.05804e+12	1.17620e+14	4.19064e+15
1.09650e+16	1.85358e+20	2.09088e+13	7.75734e+15	5.87125e+16	1.84925e+12	1.64333e+15	3.96823e+16	1.55207e+08	5.58457e+15	2.72351e+17	1.46085e+17	1.55747e+09	6.16764e+10	7.74204e+12	1.30224e+14	4.32329e+15
1.09648e+16	1.72307e+20	2.32036e+13	8.14789e+15	5.89334e+16	2.13648e+12	1.78965e+15	3.77934e+16	1.95704e+08	6.08780e+15	2.47037e+17	1.25160e+17	1.81006e+09	6.92013e+10	8.51588e+12	1.44391e+14	4.45531e+15
1.09647e+16	1.59728e+20	2.59399e+13	8.58865e+15	5.90267e+16	2.47720e+12	1.94715e+15	3.57920e+16	2.47723e+08	6.61996e+15	2.22870e+17	1.06422e+17	2.11577e+09	7.82780e+10	9.40928e+12	1.60513e+14	4.58722e+15
1.09647e+16	1.47493e+20	2.93097e+13	9.10624e+15	5.89694e+16	2.88907e+12	2.11828e+15	3.36607e+16	3.15817e+08	7.18411e+15	1.99726e+17	8.96206e+16	2.49488e+09	8.96733e+10	1.04766e+13	1.79073e+14	4.71797e+15
1.09648e+16	1.35498e+20	3.35706e+13	9.73073e+15	5.87111e+16	3.39091e+12	2.30329e+15	3.13882e+16	4.05873e+08	7.77313e+15	1.77560e+17	7.45886e+16	2.97682e+09	1.04662e+11	1.18041e+13	2.00756e+14	4.84660e+15
1.09648e+16	1.23492e+20	3.92232e+13	1.05172e+16	5.81598e+16	4.01479e+12	2.50236e+15	2.89329e+16	5.28202e+08	8.37399e+15	1.56145e+17	6.10767e+16	3.61759e+09	1.25876e+11	1.35623e+13	2.26926e+14	4.97194e+15
1.09647e+16	1.11238e+20	4.71956e+13	1.15554e+16	5.71743e+16	4.80763e+12	2.71367e+15	2.62578e+16	7.00703e+08	8.96309e+15	1.35224e+17	4.88854e+16	4.52647e+09	1.58806e+11	1.60506e+13	2.59575e+14	5.08957e+15
1.09650e+16	9.93644e+19	5.77603e+13	1.28037e+16	5.57271e+16	5.75407e+12	2.91991e+15	2.35403e+16	9.33741e+08	9.49645e+15	1.15637e+17	3.83585e+16	5.75049e+09	2.06125e+11	1.92444e+13	2.96777e+14	5.18654e+15
1.09652e+16	8.82962e+19	7.10407e+13	1.41952e+16	5.38751e+16	6.83185e+12	3.10962e+15	2.09220e+16	1.23893e+09	9.96069e+15	9.77774e+16	2.95214e+16	7.33693e+09	2.70971e+11	2.30684e+13	3.36846e+14	5.25458e+15
1.09649e+16	7.80210e+19	8.80059e+13	1.57268e+16	5.15151e+16	8.03250e+12	3.26587e+15	1.84316e+16	1.64181e+09	1.03169e+16	8.16464e+16	2.23698e+16	9.51871e+09	3.65852e+11	2.78508e+13	3.81823e+14	5.28858e+15
1.09653e+16	6.83359e+19	1.09827e+14	1.73953e+16	4.86518e+16	9.38819e+12	3.39083e+15	1.60507e+16	2.19071e+09	1.05972e+16	6.67353e+16	1.64472e+16	1.25557e+10	5.04236e+11	3.36592e+13	4.32186e+14	5.28163e+15
1.09650e+16	5.95896e+19	1.36604e+14	1.90338e+16	4.53648e+16	1.08246e+13	3.46438e+15	1.38954e+16	2.92668e+09	1.07958e+16	5.34809e+16	1.18185e+16	1.67950e+10	7.04668e+11	4.04121e+13	4.86582e+14	5.22487e+15
1.09648e+16	5.16373e+19	1.69677e+14	2.05906e+16	4.16376e+16	1.23499e+13	3.48217e+15	1.19389e+16	3.95247e+09	1.09442e+16	4.16570e+16	8.25295e+15	2.29143e+10	9.99404e+11	4.82664e+13	5.46001e+14	5.10924e+15
1.09651e+16	4.49455e+19	2.05731e+14	2.17767e+16	3.78741e+16	1.38321e+13	3.44410e+15	1.03014e+16	5.29771e+09	1.10738e+16	3.20667e+16	5.73428e+15	3.10994e+10	1.39446e+12	5.64547e+13	6.03775e+14	4.94567e+15
1.09648e+16	3.90329e+19	2.45216e+14	2.26734e+16	3.40573e+16	1.53625e+13	3.36934e+15	8.84839e+15	7.10677e+09	1.12194e+16	2.40238e+16	3.85632e+15	4.19092e+10	1.91424e+12	6.50858e+13	6.60602e+14	4.73659e+15
1.09648e+16	3.40238e+19	2.85859e+14	2.32024e+16	3.03940e+16	1.69180e+13	3.26930e+15	7.60233e+15	9.48954e+09	1.14094e+16	1.76957e+16	2.55578e+15	5.57008e+10	2.57711e+12	7.38993e+13	7.13633e+14	4.49315e+15
1.09648e+16	2.97264e+19	3.26744e+14	2.33978e+16	2.69215e+16	1.85346e+13	3.15343e+15	6.51325e+15	1.26243e+10	1.16504e+16	1.27546e+16	1.65557e+15	7.29797e+10	3.41227e+12	8.29042e+13	7.62623e+14	4.22164e+15
1.09648e+16	2.62053e+19	3.64493e+14	2.32614e+16	2.38316e+16	2.02168e+13	3.04043e+15	5.58767e+15	1.66197e+10	1.19449e+16	9.20460e+15	1.08259e+15	9.36623e+10	4.43049e+12	9.18620e+13	8.04786e+14	3.94041e+15
1.09648e+16	2.34478e+19	3.95991e+14	2.28795e+16	2.12682e+16	2.19266e+13	2.94607e+15	4.83185e+15	2.13487e+10	1.22445e+16	6.83492e+15	7.38278e+14	1.16403e+11	5.58569e+12	1.00323e+14	8.37346e+14	3.67544e+15
1.09648e+16	2.12303e+19	4.21891e+14	2.23488e+16	1.91202e+16	2.36880e+13	2.86877e+15	4.20417e+15	2.68681e+10	1.25232e+16	5.22643e+15	5.25090e+14	1.40952e+11	6.88685e+12	1.08390e+14	8.61779e+14	3.42900e+15
1.09647e+16	1.93260e+19	4.44065e+14	2.17217e+16	1.72241e+16	2.55499e+13	2.79951e+15	3.65801e+15	3.34605e+10	1.27773e+16	4.04094e+15	3.79800e+14	1.67934e+11	8.38955e+12	1.16382e+14	8.80934e+14	3.19169e+15
1.09649e+16	1.77044e+19	4.62427e+14	2.10388e+16	1.55798e+16	2.74712e+13	2.73802e+15	3.19279e+15	4.10797e+10	1.29886e+16	3.17471e+15	2.80862e+14	1.96656e+11	1.00670e+13	1.24024e+14	8.94262e+14	2.97031e+15
1.09648e+16	1.62452e+19	4.78186e+14	2.03069e+16	1.40821e+16	2.95223e+13	2.67871e+15	2.77803e+15	5.02164e+10	1.31692e+16	2.49683e+15	2.08243e+14	2.28110e+11	1.20176e+13	1.31762e+14	9.04219e+14	2.75412e+15
1.09648e+16	1.49726e+19	4.91145e+14	1.95623e+16	1.27681e+16	3.16279e+13	2.62338e+15	2.42316e+15	6.06885e+10	1.33031e+16	1.98663e+15	1.56710e+14	2.61135e+11	1.41734e+13	1.39139e+14	9.09628e+14	2.55288e+15
1.09647e+16	1.38476e+19	5.01720e+14	1.88139e+16	1.16049e+16	3.37785e+13	2.56987e+15	2.11780e+15	7.26335e+10	1.33922e+16	1.59483e+15	1.19264e+14	2.95610e+11	1.65330e+13	1.46038e+14	9.10780e+14	2.36527e+15
1.09648e+16	1.28331e+19	5.10339e+14	1.80643e+16	1.05570e+16	3.60035e+13	2.51696e+15	1.85075e+15	8.64168e+10	1.34439e+16	1.28602e+15	9.12830e+13	3.31817e+11	1.91516e+13	1.52649e+14	9.08671e+14	2.18767e+15
1.09648e+16	1.19163e+19	5.17183e+14	1.73213e+16	9.61368e+15	3.82888e+13	2.46418e+15	1.61786e+15	1.02204e+11	1.34587e+16	1.04168e+15	7.02490e+13	3.69462e+11	2.20263e+13	1.58873e+14	9.03407e+14	2.02050e+15
1.09647e+16	1.10829e+19	5.22489e+14	1.65895e+16	8.76128e+15	4.06357e+13	2.41125e+15	1.41422e+15	1.20262e+11	1.34391e+16	8.46738e+14	5.42830e+13	4.08400e+11	2.51728e+13	1.64712e+14	8.95282e+14	1.86310e+15
1.09648e+16	1.03234e+19	5.26480e+14	1.58740e+16	7.99030e+15	4.30424e+13	2.35808e+15	1.23621e+15	1.40867e+11	1.33879e+16	6.90448e+14	4.20866e+13	4.48419e+11	2.86009e+13	1.70157e+14	8.84615e+14	1.71526e+15
1.09648e+16	9.62890e+18	5.29245e+14	1.51760e+16	7.29237e+15	4.54889e+13	2.30422e+15	1.08072e+15	1.64266e+11	1.33060e+16	5.64652e+14	3.27355e+13	4.89200e+11	3.23011e+13	1.75087e+14	8.71406e+14	1.57686e+15
1.09648e+16	8.99281e+18	5.31062e+14	1.45004e+16	6.65922e+15	4.79751e+13	2.25004e+15	9.44808e+14	1.90789e+11	1.31967e+16	4.62987e+14	2.55346e+13	5.30538e+11	3.62858e+13	1.79579e+14	8.56118e+14	1.44742e+15
1.09647e+16	8.40665e+18	5.31940e+14	1.38450e+16	6.08277e+15	5.05016e+13	2.19505e+15	8.25657e+14	2.20841e+11	1.30613e+16	3.80256e+14	1.99469e+13	5.72200e+11	4.05666e+13	1.83582e+14	8.38838e+14	1.32620e+15
1.09648e+16	7.86889e+18	5.32157e+14	1.32156e+16	5.55997e+15	5.30555e+13	2.13983e+15	7.21833e+14	2.54618e+11	1.29031e+16	3.13148e+14	1.56233e+13	6.13817e+11	4.51086e+13	1.87052e+14	8.19849e+14	1.21366e+15
1.09648e+16	7.37191e+18	5.31712e+14	1.26089e+16	5.08329e+15	5.56381e+13	2.08397e+15	6.30902e+14	2.92645e+11	1.27229e+16	2.58257e+14	1.22578e+13	6.55203e+11	4.99305e+13	1.89991e+14	7.99295e+14	1.10877e+15
1.09648e+16	6.91344e+18	5.30736e+14	1.20267e+16	4.64967e+15	5.82344e+13	2.02772e+15	5.51581e+14	3.35195e+11	1.25234e+16	2.13406e+14	9.64114e+12	6.96013e+11	5.49817e+13	1.92290e+14	7.77248e+14	1.01177e+15
1.09648e+16	6.48887e+18	5.29335e+14	1.14686e+16	4.25369e+15	6.08491e+13	1.97119e+15	4.82162e+14	3.82820e+11	1.23064e+16	1.76572e+14	7.59589e+12	7.36085e+11	6.02829e+13	1.94054e+14	7.54085e+14	9.21754e+14
1.09648e+16	6.09360e+18	5.27477e+14	1.09319e+16	3.89072e+15	6.34864e+13	1.91422e+15	4.21178e+14	4.36240e+11	1.20729e+16	1.46146e+14	5.98766e+12	7.75214e+11	6.58572e+13	1.95314e+14	7.29949e+14	8.37920e+14
1.09648e+16	5.72678e+18	5.25270e+14	1.04181e+16	3.55942e+15	6.61273e+13	1.85709e+15	3.67921e+14	4.95737e+11	1.18252e+16	1.21096e+14	4.72669e+12	8.13042e+11	7.16240e+13	1.95938e+14	7.04938e+14	7.60605e+14
1.09648e+16	5.38524e+18	5.22757e+14	9.92592e+15	3.25609e+15	6.87734e+13	1.79988e+15	3.21292e+14	5.62015e+11	1.15646e+16	1.00394e+14	3.73415e+12	8.49427e+11	7.75888e+13	1.95986e+14	6.79247e+14	6.89164e+14
1.09648e+16	5.06679e+18	5.19979e+14	9.45475e+15	2.97819e+15	7.14222e+13	1.74268e+15	2.80466e+14	6.35735e+11	1.12926e+16	8.32594e+13	2.95164e+12	8.84168e+11	8.37284e+13	1.95462e+14	6.53023e+14	6.23242e+14
1.09647e+16	4.76973e+18	5.16962e+14	9.00400e+15	2.72369e+15	7.40652e+13	1.68563e+15	2.44763e+14	7.17501e+11	1.10108e+16	6.90733e+13	2.33437e+12	9.17067e+11	8.99949e+13	1.94336e+14	6.26385e+14	5.62641e+14
1.09647e+16	4.49213e+18	5.13735e+14	8.57278e+15	2.49037e+15	7.67037e+13	1.62882e+15	2.13517e+14	8.08169e+11	1.07203e+16	5.73066e+13	1.84654e+12	9.47995e+11	9.63749e+13	1.92650e+14	5.99509e+14	5.06913e+14
1.09647e+16	4.23222e+18	5.10294e+14	8.15994e+15	2.27627e+15	7.93326e+13	1.57230e+15	1.86161e+14	9.08577e+11	1.04221e+16	4.75340e+13	1.46051e+12	9.76810e+11	1.02835e+14	1.90406e+14	5.72496e+14	4.55724e+14
1.09647e+16	3.98879e+18	5.06678e+14	7.76502e+15	2.07985e+15	8.19495e+13	1.51622e+15	1.62230e+14	1.01958e+12	1.01175e+16	3.94175e+13	1.15500e+12	1.00337e+12	1.09331e+14	1.87619e+14	5.45462e+14	4.08846e+14
1.09647e+16	3.76064e+18	5.02924e+14	7.38765e+15	1.89942e+15	8.45549e+13	1.46071e+15	1.41279e+14	1.14227e+12	9.80918e+15	3.26679e+13	9.12960e+11	1.02765e+12	1.15843e+14	1.84342e+14	5.18629e+14	3.65870e+14
1.09647e+16	3.54673e+18	4.99065e+14	7.02737e+15	1.73365e+15	8.71441e+13	1.40591e+15	1.22948e+14	1.27766e+12	9.49826e+15	2.70562e+13	7.21242e+11	1.04957e+12	1.22329e+14	1.80604e+14	4.92106e+14	3.26556e+14
1.09648e+16	3.34584e+18	4.95074e+14	6.68289e+15	1.58148e+15	8.97129e+13	1.35180e+15	1.06925e+14	1.42675e+12	9.18418e+15	2.23917e+13	5.69402e+11	1.06903e+12	1.28725e+14	1.76393e+14	4.65876e+14	2.90761e+14
1.09648e+16	3.15720e+18	4.90964e+14	6.35371e+15	1.44193e+15	9.22538e+13	1.29850e+15	9.29425e+13	1.59050e+12	8.86794e+15	1.85185e+13	4.49263e+11	1.08601e+12	1.34966e+14	1.71730e+14	4.40033e+14	2.58311e+14
1.09648e+16	2.97973e+18	4.86734e+14	6.03895e+15	1.31381e+15	9.47692e+13	1.24602e+15	8.07276e+13	1.77033e+12	8.55014e+15	1.52997e+13	3.54131e+11	1.10048e+12	1.41026e+14	1.66665e+14	4.14656e+14	2.28897e+14
1.09647e+16	2.81274e+18	4.82399e+14	5.73811e+15	1.19621e+15	9.72527e+13	1.19446e+15	7.00663e+13	1.96744e+12	8.23178e+15	1.26271e+13	2.78871e+11	1.11244e+12	1.46855e+14	1.61242e+14	3.89836e+14	2.02306e+14
1.09647e+16	2.65563e+18	4.77978e+14	5.45079e+15	1.08841e+15	9.97008e+13	1.14392e+15	6.07746e+13	2.18303e+12	7.91400e+15	1.04106e+13	2.19398e+11	1.12193e+12	1.52391e+14	1.55495e+14	3.65664e+14	1.78375e+14
1.09647e+16	2.50775e+18	4.73486e+14	5.17646e+15	9.89592e+14	1.02111e+14	1.09444e+15	5.26793e+13	2.41851e+12	7.59766e+15	8.57345e+12	1.72432e+11	1.12902e+12	1.57597e+14	1.49480e+14	3.42217e+14	1.56874e+14
1.09647e+16	2.36854e+18	4.68943e+14	4.91469e+15	8.99037e+14	1.04477e+14	1.04610e+15	4.56322e+13	2.67515e+12	7.28366e+15	7.05250e+12	1.35383e+11	1.13379e+12	1.62426e+14	1.43247e+14	3.19556e+14	1.37625e+14
1.09647e+16	2.23748e+18	4.64361e+14	4.66501e+15	8.16098e+14	1.06798e+14	9.98957e+14	3.95023e+13	2.95435e+12	6.97282e+15	5.79459e+12	1.06186e+11	1.13632e+12	1.66838e+14	1.36848e+14	2.97740e+14	1.20444e+14
1.09647e+16	2.11408e+18	4.59762e+14	4.42697e+15	7.40176e+14	1.09068e+14	9.53051e+14	3.41740e+13	3.25755e+12	6.66599e+15	4.75541e+12	8.32017e+10	1.13673e+12	1.70801e+14	1.30337e+14	2.76818e+14	1.05155e+14
1.09647e+16	1.99800e+18	4.55171e+14	4.20035e+15	6.70788e+14	1.11283e+14	9.08473e+14	2.95509e+13	3.58577e+12	6.36423e+15	3.89859e+12	6.51405e+10	1.13516e+12	1.74279e+14	1.23770e+14	2.56853e+14	9.16052e+13
1.09647e+16	1.88878e+18	4.50602e+14	3.98466e+15	6.07402e+14	1.13439e+14	8.65246e+14	2.55412e+13	3.94041e+12	6.06820e+15	3.19279e+12	5.09593e+10	1.13174e+12	1.77250e+14	1.17193e+14	2.37863e+14	7.96379e+13
1.09647e+16	1.78599e+18	4.46066e+14	3.77942e+15	5.49511e+14	1.15531e+14	8.23380e+14	2.20647e+13	4.32285e+12	5.77841e+15	2.61196e+12	3.98338e+10	1.12660e+12	1.79708e+14	1.10661e+14	2.19865e+14	6.90816e+13
1.09647e+16	1.68926e+18	4.41579e+14	3.58422e+15	4.96688e+14	1.17558e+14	7.82901e+14	1.90528e+13	4.73429e+12	5.49551e+15	2.13459e+12	3.11151e+10	1.11987e+12	1.81642e+14	1.04215e+14	2.02864e+14	5.98032e+13
1.09647e+16	1.59826e+18	4.37155e+14	3.39868e+15	4.48536e+14	1.19513e+14	7.43829e+14	1.64454e+13	5.17590e+12	5.22007e+15	1.74278e+12	2.42899e+10	1.11171e+12	1.83052e+14	9.78977e+13	1.86865e+14	5.16713e+13
1.09647e+16	1.51266e+18	4.32807e+14	3.22243e+15	4.04684e+14	1.21395e+14	7.06175e+14	1.41899e+13	5.64871e+12	4.95259e+15	1.42161e+12	1.89524e+10	1.10224e+12	1.83945e+14	9.17448e+13	1.71860e+14	4.45655e+13
1.09647e+16	1.43217e+18	4.28544e+14	3.05508e+15	3.64791e+14	1.23199e+14	6.69942e+14	1.22400e+13	6.15364e+12	4.69351e+15	1.15867e+12	1.47820e+10	1.09161e+12	1.84334e+14	8.57875e+13	1.57833e+14	3.83728e+13
1.09647e+16	1.35647e+18	4.24372e+14	2.89623e+15	3.28537e+14	1.24921e+14	6.35121e+14	1.05553e+13	6.69157e+12	4.44314e+15	9.43634e+11	1.15258e+10	1.07995e+12	1.84237e+14	8.00504e+13	1.44759e+14	3.29894e+13
1.09647e+16	1.28530e+18	4.20299e+14	2.74554e+15	2.95629e+14	1.26559e+14	6.01705e+14	9.10050e+12	7.26317e+12	4.20178e+15	7.67979e+11	8.98536e+09	1.06739e+12	1.83679e+14	7.45545e+13	1.32612e+14	2.83211e+13
1.09647e+16	1.21838e+18	4.16325e+14	2.60262e+15	2.65792e+14	1.28109e+14	5.69674e+14	7.84484e+12	7.86908e+12	3.96961e+15	6.24627e+11	7.00428e+09	1.05402e+12	1.82688e+14	6.93135e+13	1.21354e+14	2.42819e+13
1.09647e+16	1.15546e+18	4.12446e+14	2.46709e+15	2.38769e+14	1.29567e+14	5.39002e+14	6.76141e+12	8.50977e+12	3.74672e+15	5.07739e+11	5.45998e+09	1.03996e+12	1.81294e+14	6.43374e+13	1.10947e+14	2.07940e+13
1.09647e+16	1.09629e+18	4.08664e+14	2.33861e+15	2.14321e+14	1.30932e+14	5.09663e+14	5.82686e+12	9.18561e+12	3.53317e+15	4.12506e+11	4.25652e+09	1.02529e+12	1.79533e+14	5.96314e+13	1.01346e+14	1.77887e+13
1.09648e+16	1.04064e+18	4.04973e+14	2.21682e+15	1.92229e+14	1.32202e+14	4.81623e+14	5.02095e+12	9.89682e+12	3.32895e+15	3.34975e+11	3.31885e+09	1.01011e+12	1.77435e+14	5.51964e+13	9.25082e+13	1.52071e+13
1.09648e+16	9.88293e+17	4.01368e+14	2.10140e+15	1.72286e+14	1.33372e+14	4.54846e+14	4.32611e+12	1.06435e+13	3.13397e+15	2.71894e+11	2.58832e+09	9.94492e+11	1.75038e+14	5.10303e+13	8.43864e+13	1.29931e+13
1.09648e+16	9.39044e+17	3.97846e+14	1.99201e+15	1.54303e+14	1.34443e+14	4.29299e+14	3.72714e+12	1.14255e+13	2.94815e+15	2.20606e+11	2.01922e+09	9.78508e+11	1.72377e+14	4.71293e+13	7.69364e+13	1.10969e+13
1.09648e+16	8.92672e+17	3.94389e+14	1.88830e+15	1.38100e+14	1.35410e+14	4.04928e+14	3.21070e+12	1.22430e+13	2.77121e+15	1.78911e+11	1.57566e+09	9.62196e+11	1.69487e+14	4.34839e+13	7.01095e+13	9.47405e+12
1.09648e+16	8.49002e+17	3.90992e+14	1.79000e+15	1.23517e+14	1.36273e+14	3.81699e+14	2.76553e+12	1.30956e+13	2.60301e+15	1.45037e+11	1.22996e+09	9.45622e+11	1.66399e+14	4.00862e+13	6.38628e+13	8.08665e+12
1.09648e+16	8.07896e+17	3.87667e+14	1.69689e+15	1.10407e+14	1.37031e+14	3.59591e+14	2.38204e+12	1.39822e+13	2.44345e+15	1.17550e+11	9.60652e+08	9.28876e+11	1.63150e+14	3.69298e+13	5.81581e+13	6.90229e+12
1.09648e+16	7.69105e+17	3.84364e+14	1.60851e+15	9.86235e+13	1.37680e+14	3.38517e+14	2.05119e+12	1.49037e+13	2.29194e+15	9.52146e+10	7.50437e+08	9.11908e+11	1.59763e+14	3.39950e+13	5.29432e+13	5.89011e+12
1.09648e+16	7.32502e+17	3.81083e+14	1.52468e+15	8.80436e+13	1.38219e+14	3.18449e+14	1.76591e+12	1.58593e+13	2.14830e+15	7.70832e+10	0	8.94779e+11	1.56265e+14	3.12726e+13	4.81826e+13	5.02599e+12
1.09648e+16	6.97972e+17	3.77836e+14	1.44519e+15	7.85534e+13	1.38648e+14	2.99364e+14	1.52006e+12	1.68473e+13	2.01238e+15	6.23806e+10	0	8.77567e+11	1.52684e+14	2.87536e+13	4.38426e+13	4.28906e+12
1.09648e+16	6.65324e+17	3.74583e+14	1.36971e+15	7.00416e+13	1.38962e+14	2.81194e+14	1.30796e+12	1.78683e+13	1.88365e+15	5.04469e+10	0	8.60232e+11	1.49037e+14	2.64206e+13	3.98826e+13	3.65993e+12
1.09648e+16	6.34513e+17	3.71358e+14	1.29816e+15	6.24209e+13	1.39165e+14	2.63943e+14	1.12529e+12	1.89193e+13	1.76214e+15	4.07839e+10	0	8.42901e+11	1.45353e+14	2.42688e+13	3.62785e+13	3.12397e+12
1.09648e+16	6.05376e+17	3.68131e+14	1.23026e+15	5.55984e+13	1.39252e+14	2.47552e+14	9.67821e+11	2.00003e+13	1.64737e+15	3.29533e+10	0	8.25545e+11	1.41644e+14	2.22823e+13	3.29955e+13	2.66690e+12
1.09648e+16	5.77838e+17	3.64914e+14	1.16586e+15	4.94973e+13	1.39226e+14	2.32000e+14	8.32193e+11	2.11090e+13	1.53917e+15	2.66156e+10	0	8.08233e+11	1.37932e+14	2.04525e+13	3.00088e+13	2.27746e+12
1.09648e+16	5.51726e+17	3.61655e+14	1.10465e+15	4.40387e+13	1.39080e+14	2.17219e+14	7.15182e+11	2.22459e+13	1.43697e+15	2.14782e+10	0	7.90890e+11	1.34219e+14	1.87626e+13	2.72860e+13	1.94497e+12
1.09648e+16	5.26982e+17	3.58371e+14	1.04652e+15	3.91604e+13	1.38817e+14	2.03193e+14	6.14335e+11	2.34090e+13	1.34061e+15	1.73199e+10	0	7.73586e+11	1.30524e+14	1.72054e+13	2.48070e+13	1.66134e+12
1.09648e+16	5.03513e+17	3.55052e+14	9.91300e+14	3.48029e+13	1.38434e+14	1.89891e+14	5.27432e+11	2.45964e+13	1.24980e+15	1.39559e+10	0	7.56331e+11	1.26855e+14	1.57708e+13	2.25499e+13	1.41938e+12
1.09648e+16	4.81242e+17	3.51693e+14	9.38834e+14	3.09130e+13	1.37933e+14	1.77283e+14	4.52563e+11	2.58066e+13	1.16428e+15	1.12360e+10	0	7.39147e+11	1.23222e+14	1.44498e+13	2.04951e+13	1.21292e+12
1.09648e+16	4.60091e+17	3.48288e+14	8.88979e+14	2.74427e+13	1.37312e+14	1.65341e+14	3.88077e+11	2.70378e+13	1.08378e+15	9.03817e+09	0	7.22049e+11	1.19633e+14	1.32337e+13	1.86244e+13	1.03672e+12
1.09648e+16	4.39987e+17	3.44830e+14	8.41592e+14	2.43478e+13	1.36572e+14	1.54038e+14	3.32549e+11	2.82883e+13	1.00804e+15	7.26325e+09	0	7.05045e+11	1.16092e+14	1.21145e+13	1.69213e+13	8.86312e+11
1.09648e+16	4.20864e+17	3.41312e+14	7.96545e+14	2.15892e+13	1.35712e+14	1.43346e+14	2.84754e+11	2.95560e+13	9.36809e+14	5.83088e+09	0	6.88149e+11	1.12605e+14	1.10846e+13	1.53706e+13	7.57879e+11
1.09648e+16	4.02660e+17	3.37728e+14	7.53716e+14	1.91314e+13	1.34732e+14	1.33241e+14	2.43629e+11	3.08392e+13	8.69859e+14	4.67582e+09	0	6.71371e+11	1.09176e+14	1.01371e+13	1.39586e+13	6.48182e+11
1.09648e+16	3.85319e+17	3.34075e+14	7.12991e+14	1.69428e+13	1.33634e+14	1.23699e+14	2.08263e+11	3.21356e+13	8.06963e+14	3.74516e+09	0	6.54721e+11	1.05808e+14	9.26559e+12	1.26730e+13	5.54469e+11
1.09648e+16	3.68768e+17	3.30327e+14	6.74229e+14	1.49941e+13	1.32414e+14	1.14688e+14	1.77841e+11	3.34445e+13	7.47835e+14	2.99536e+09	0	6.38174e+11	1.02499e+14	8.46303e+12	1.15012e+13	4.74320e+11
1.09648e+16	3.52997e+17	3.26517e+14	6.37399e+14	1.32615e+13	1.31082e+14	1.06205e+14	1.51733e+11	3.47611e+13	6.92423e+14	2.39299e+09	0	6.21809e+11	9.92602e+13	7.72630e+12	1.04354e+13	4.05883e+11
1.09648e+16	3.37940e+17	3.22623e+14	6.02370e+14	1.17211e+13	1.29634e+14	9.82182e+13	1.29320e+11	3.60847e+13	6.40456e+14	1.90907e+09	0	6.05597e+11	9.60874e+13	7.04910e+12	9.46486e+12	3.47374e+11
1.09648e+16	3.23554e+17	3.18640e+14	5.69054e+14	1.03523e+13	1.28074e+14	9.07077e+13	1.10095e+11	3.74129e+13	5.91751e+14	1.52074e+09	0	5.89546e+11	9.29819e+13	6.42680e+12	8.58117e+12	2.97341e+11
1.09648e+16	3.09816e+17	3.14582e+14	5.37393e+14	9.13725e+12	1.26408e+14	8.36602e+13	9.36295e+10	3.87422e+13	5.46187e+14	1.20975e+09	0	5.73692e+11	8.99477e+13	5.85586e+12	7.77730e+12	2.54580e+11
1.09648e+16	2.96658e+17	3.10411e+14	5.07258e+14	8.05831e+12	1.24630e+14	7.70429e+13	7.95189e+10	4.00730e+13	5.03492e+14	9.60578e+08	0	5.57982e+11	8.69779e+13	5.33084e+12	7.04478e+12	2.17966e+11
1.09648e+16	2.84045e+17	3.06126e+14	4.78576e+14	7.10073e+12	1.22745e+14	7.08377e+13	6.74383e+10	4.14029e+13	4.63516e+14	7.61241e+08	0	5.42421e+11	8.40719e+13	4.84826e+12	6.37732e+12	1.86610e+11
1.09648e+16	2.71980e+17	3.01760e+14	4.51335e+14	6.25250e+12	1.20764e+14	6.50405e+13	5.71253e+10	4.27271e+13	4.26221e+14	6.02331e+08	0	5.27082e+11	8.12379e+13	4.40622e+12	5.77063e+12	1.59807e+11
1.09648e+16	2.60419e+17	2.97296e+14	4.25444e+14	5.50115e+12	1.18688e+14	5.96267e+13	4.83231e+10	4.40446e+13	3.91415e+14	4.75713e+08	0	5.11937e+11	7.84715e+13	4.00094e+12	5.21869e+12	1.36868e+11
1.09648e+16	2.49333e+17	2.92733e+14	4.00840e+14	4.83607e+12	1.16522e+14	5.45787e+13	4.08194e+10	4.53532e+13	3.58964e+14	3.74993e+08	0	4.96994e+11	7.57722e+13	3.62959e+12	4.71671e+12	1.17236e+11
1.09648e+16	2.38701e+17	2.88073e+14	3.77469e+14	4.24782e+12	1.14271e+14	4.98800e+13	3.44310e+10	4.66506e+13	3.28745e+14	2.95018e+08	0	4.82261e+11	7.31396e+13	3.28960e+12	4.26034e+12	1.00431e+11
1.09648e+16	2.28514e+17	2.83338e+14	3.55302e+14	3.72830e+12	1.11948e+14	4.55194e+13	2.90050e+10	4.79331e+13	3.00682e+14	2.31698e+08	0	4.67775e+11	7.05776e+13	2.97905e+12	3.84613e+12	8.60614e+10
1.09648e+16	2.18721e+17	2.78494e+14	3.34238e+14	3.26917e+12	1.09548e+14	4.14700e+13	2.43936e+10	4.92015e+13	2.74577e+14	0	0	4.53484e+11	6.80773e+13	2.69473e+12	3.46944e+12	7.37463e+10
1.09648e+16	2.09320e+17	2.73564e+14	3.14257e+14	2.86408e+12	1.07084e+14	3.77216e+13	2.04847e+10	5.04521e+13	2.50367e+14	0	0	4.39425e+11	6.56427e+13	2.43513e+12	3.12751e+12	6.32046e+10
1.09648e+16	2.00294e+17	2.68554e+14	2.95314e+14	2.50700e+12	1.04562e+14	3.42584e+13	1.71765e+10	5.16830e+13	2.27950e+14	0	0	4.25609e+11	6.32735e+13	2.19834e+12	2.81734e+12	5.41809e+10
1.09648e+16	1.91592e+17	2.63450e+14	2.77292e+14	2.19160e+12	1.01978e+14	3.10556e+13	1.43733e+10	5.28940e+13	2.07158e+14	0	0	4.11988e+11	6.09596e+13	1.98194e+12	2.53530e+12	4.64370e+10
1.09648e+16	1.83269e+17	2.58301e+14	2.60296e+14	1.91499e+12	9.93660e+13	2.81175e+13	1.20162e+10	5.40795e+13	1.88034e+14	0	0	3.98679e+11	5.87199e+13	1.78566e+12	2.28065e+12	3.98271e+10
1.09648e+16	1.75289e+17	2.53105e+14	2.44231e+14	1.67205e+12	9.67258e+13	2.54222e+13	1.00330e+10	5.52383e+13	1.70435e+14	0	0	3.85657e+11	5.65477e+13	1.60747e+12	2.05040e+12	3.41741e+10
1.09648e+16	1.67609e+17	2.47842e+14	2.29010e+14	1.45839e+12	9.40529e+13	2.29477e+13	8.36277e+09	5.63718e+13	1.54217e+14	0	0	3.72874e+11	5.44342e+13	1.44536e+12	1.84177e+12	2.93266e+10
1.09648e+16	1.60247e+17	2.42552e+14	2.14645e+14	1.27115e+12	9.13691e+13	2.06870e+13	6.96235e+09	5.74755e+13	1.39350e+14	0	0	3.60394e+11	5.23876e+13	1.29858e+12	1.65347e+12	2.51811e+10
1.09648e+16	1.53183e+17	2.37236e+14	2.01082e+14	1.10706e+12	8.86779e+13	1.86238e+13	5.78893e+09	5.85488e+13	1.25730e+14	0	0	3.48205e+11	5.04046e+13	1.16570e+12	1.48347e+12	2.16320e+10
1.09648e+16	1.46408e+17	2.31905e+14	1.88288e+14	9.63432e+11	8.59882e+13	1.67448e+13	4.80742e+09	5.95904e+13	1.13280e+14	0	0	3.36316e+11	4.84852e+13	1.04557e+12	1.33016e+12	1.85934e+10
1.09648e+16	1.39912e+17	2.26569e+14	1.76230e+14	8.37834e+11	8.33076e+13	1.50370e+13	3.98772e+09	6.05991e+13	1.01919e+14	0	0	3.24731e+11	4.66288e+13	9.37090e+11	1.19201e+12	1.59913e+10
1.09648e+16	1.33685e+17	2.21239e+14	1.64874e+14	7.28116e+11	8.06436e+13	1.34876e+13	3.30423e+09	6.15738e+13	9.15736e+13	0	0	3.13456e+11	4.48348e+13	8.39269e+11	1.06765e+12	1.37625e+10
1.09648e+16	1.27718e+17	2.15925e+14	1.54187e+14	6.32359e+11	7.80033e+13	1.20847e+13	2.73515e+09	6.25136e+13	8.21701e+13	0	0	3.02494e+11	4.31027e+13	7.51163e+11	9.55783e+11	1.18529e+10
1.09648e+16	1.21996e+17	2.10630e+14	1.44127e+14	5.48803e+11	7.53897e+13	1.08157e+13	2.26165e+09	6.34182e+13	7.36318e+13	0	0	2.91836e+11	4.14297e+13	6.71833e+11	8.55164e+11	1.02149e+10
1.09648e+16	1.16525e+17	2.05379e+14	1.34685e+14	4.76088e+11	7.28161e+13	9.67170e+12	1.86887e+09	6.42863e+13	6.59077e+13	0	0	2.81509e+11	3.98191e+13	6.00618e+11	7.64903e+11	8.81172e+09
1.09648e+16	1.11290e+17	2.00173e+14	1.25822e+14	4.12806e+11	7.02845e+13	8.64123e+12	1.54317e+09	6.51179e+13	5.89261e+13	0	0	2.71503e+11	3.82680e+13	5.36697e+11	6.83922e+11	7.60798e+09
1.09648e+16	1.06281e+17	1.95020e+14	1.17507e+14	3.57783e+11	6.77997e+13	7.71446e+12	1.27342e+09	6.59126e+13	5.26267e+13	0	0	2.61815e+11	3.67754e+13	4.79383e+11	6.11325e+11	6.57481e+09
1.09648e+16	1.01492e+17	1.89929e+14	1.09712e+14	3.09973e+11	6.53660e+13	6.88215e+12	1.05022e+09	6.66706e+13	4.69520e+13	0	0	2.52446e+11	3.53400e+13	4.28037e+11	5.46286e+11	5.68746e+09
1.09648e+16	9.69162e+16	1.84911e+14	1.02411e+14	2.68476e+11	6.29882e+13	6.13594e+12	8.65794e+08	6.73914e+13	4.18504e+13	0	0	2.43397e+11	3.39614e+13	3.82097e+11	4.88081e+11	4.92509e+09
1.09648e+16	9.25509e+16	1.79976e+14	9.55867e+13	2.32515e+11	6.06724e+13	5.46830e+12	7.13637e+08	6.80757e+13	3.72745e+13	0	0	2.34676e+11	3.26398e+13	3.41058e+11	4.36065e+11	4.27004e+09
1.09648e+16	8.83717e+16	1.75113e+14	8.91858e+13	2.01280e+11	5.84113e+13	4.87001e+12	5.87874e+08	6.87237e+13	3.31642e+13	0	0	2.26244e+11	3.13687e+13	3.04320e+11	3.89475e+11	3.70537e+09
1.09648e+16	8.43809e+16	1.70337e+14	8.31992e+13	1.74212e+11	5.62127e+13	4.33535e+12	4.84170e+08	6.93361e+13	2.94837e+13	0	0	2.18117e+11	3.01496e+13	2.71509e+11	3.47836e+11	3.21893e+09
1.09648e+16	8.05703e+16	1.65653e+14	7.76021e+13	1.50766e+11	5.40774e+13	3.85793e+12	3.98696e+08	6.99127e+13	2.61919e+13	0	0	2.10288e+11	2.89808e+13	2.42221e+11	3.10638e+11	2.79948e+09
1.09648e+16	7.69472e+16	1.61078e+14	7.23952e+13	1.30529e+11	5.20150e+13	3.43322e+12	3.28465e+08	7.04552e+13	2.32597e+13	0	0	2.02779e+11	2.78654e+13	2.16161e+11	2.77514e+11	2.43834e+09
1.09648e+16	7.34628e+16	1.56574e+14	6.74880e+13	1.12902e+11	5.00017e+13	3.05251e+12	2.70319e+08	7.09619e+13	2.06288e+13	0	0	1.95502e+11	2.67888e+13	1.92793e+11	2.47774e+11	2.12477e+09
1.09648e+16	7.01518e+16	1.52185e+14	6.29278e+13	9.77060e+10	4.80619e+13	2.71443e+12	2.22600e+08	7.14358e+13	1.82911e+13	0	0	1.88532e+11	2.57623e+13	1.72024e+11	2.21318e+11	1.85435e+09
1.09648e+16	6.69935e+16	1.47900e+14	5.86721e+13	8.45640e+10	4.61876e+13	2.41352e+12	1.83333e+08	7.18766e+13	1.62099e+13	0	0	1.81834e+11	2.47802e+13	1.53517e+11	1.97716e+11	1.62028e+09
1.09648e+16	6.39956e+16	1.43738e+14	5.47224e+13	7.32403e+10	4.43868e+13	2.14668e+12	1.51118e+08	7.22865e+13	1.43646e+13	0	0	1.75431e+11	2.38453e+13	1.37081e+11	1.76734e+11	1.41802e+09
1.09648e+16	6.11101e+16	1.39648e+14	5.09998e+13	6.33781e+10	4.26335e+13	1.90783e+12	1.24446e+08	7.26630e+13	1.27138e+13	0	0	1.69229e+11	2.29428e+13	1.22345e+11	1.57896e+11	1.24152e+09
1.09648e+16	5.83723e+16	1.35683e+14	4.75478e+13	5.48871e+10	4.09520e+13	1.69629e+12	1.02579e+08	7.30102e+13	1.12531e+13	0	0	1.63305e+11	2.20845e+13	1.09267e+11	1.41159e+11	1.08875e+09
1.09648e+16	5.57694e+16	1.31835e+14	4.43389e+13	4.75618e+10	3.93372e+13	1.50867e+12	8.46161e+07	7.33279e+13	9.95937e+12	0	0	1.57639e+11	2.12664e+13	9.76417e+10	1.26264e+11	9.56152e+08
1.09648e+16	5.32751e+16	1.28076e+14	4.13317e+13	4.12052e+10	3.77748e+13	1.34141e+12	6.97841e+07	7.36159e+13	8.80786e+12	0	0	1.52178e+11	2.04807e+13	8.72485e+10	1.12933e+11	8.40364e+08
1.09648e+16	5.09071e+16	1.24439e+14	3.85402e+13	3.57257e+10	3.62783e+13	1.19325e+12	5.76068e+07	7.38758e+13	7.79040e+12	0	0	1.46964e+11	1.97332e+13	7.80030e+10	1.01080e+11	7.39725e+08
1.09648e+16	4.86526e+16	1.20913e+14	3.59415e+13	3.09912e+10	3.48413e+13	1.06177e+12	4.75862e+07	7.41076e+13	6.88995e+12	0	0	1.41975e+11	1.90202e+13	6.97607e+10	9.05177e+10	6.51986e+08
1.09648e+16	4.65063e+16	1.17496e+14	3.35228e+13	2.68997e+10	3.34624e+13	9.45096e+11	3.93370e+07	7.43121e+13	6.09341e+12	0	0	1.37201e+11	1.83401e+13	6.24156e+10	8.11037e+10	5.75407e+08
1.09648e+16	4.44618e+16	1.14184e+14	3.12707e+13	2.33615e+10	3.21385e+13	8.41507e+11	3.25398e+07	7.44912e+13	5.38862e+12	0	0	1.32632e+11	1.76911e+13	5.58718e+10	7.27075e+10	5.08460e+08
1.09648e+16	4.25140e+16	1.10975e+14	2.91738e+13	2.03009e+10	3.08679e+13	7.49528e+11	2.69363e+07	7.46455e+13	4.76518e+12	0	0	1.28258e+11	1.70717e+13	5.00432e+10	6.52168e+10	4.49862e+08
1.09648e+16	4.06580e+16	1.07867e+14	2.72213e+13	1.76522e+10	2.96485e+13	6.67843e+11	2.23140e+07	7.47762e+13	4.21381e+12	0	0	1.24072e+11	1.64806e+13	4.48495e+10	5.85316e+10	3.98509e+08
1.09648e+16	3.88922e+16	1.04863e+14	2.54062e+13	1.53617e+10	2.84804e+13	5.95364e+11	1.85024e+07	7.48838e+13	3.72686e+12	0	0	1.20073e+11	1.59174e+13	4.02253e+10	5.25697e+10	3.53495e+08
1.09648e+16	3.72115e+16	1.01959e+14	2.37179e+13	1.33792e+10	2.73612e+13	5.31014e+11	1.53560e+07	7.49698e+13	3.29668e+12	0	0	1.16250e+11	1.53805e+13	3.61046e+10	4.72487e+10	3.13975e+08
1.09648e+16	3.56066e+16	9.91446e+13	2.21424e+13	1.16588e+10	2.62854e+13	4.73753e+11	1.27523e+07	7.50338e+13	2.91592e+12	0	0	1.12586e+11	1.48671e+13	3.24237e+10	4.24882e+10	2.79175e+08
1.09648e+16	3.40776e+16	9.64233e+13	2.06760e+13	1.01677e+10	2.52542e+13	4.22869e+11	1.05994e+07	7.50772e+13	2.57953e+12	0	0	1.09082e+11	1.43773e+13	2.91396e+10	3.82344e+10	2.48541e+08
1.09648e+16	3.26207e+16	9.37928e+13	1.93108e+13	8.87448e+09	2.42656e+13	3.77633e+11	8.81780e+06	7.51007e+13	2.28231e+12	0	0	1.05732e+11	1.39100e+13	2.62079e+10	3.44313e+10	2.21541e+08
1.09648e+16	3.12327e+16	9.12514e+13	1.80400e+13	7.75250e+09	2.33180e+13	3.37413e+11	7.34258e+06	7.51052e+13	2.01978e+12	0	0	1.02528e+11	1.34643e+13	2.35899e+10	3.10300e+10	1.97719e+08
1.09648e+16	2.99103e+16	8.87966e+13	1.68570e+13	6.77845e+09	2.24099e+13	3.01638e+11	6.12001e+06	7.50915e+13	1.78788e+12	0	0	9.94665e+10	1.30391e+13	2.12507e+10	2.79865e+10	1.76677e+08
1.09648e+16	2.86509e+16	8.64274e+13	1.57563e+13	5.93254e+09	2.15401e+13	2.69814e+11	5.10625e+06	7.50602e+13	1.58311e+12	0	0	9.65414e+10	1.26337e+13	1.91603e+10	2.52626e+10	1.58074e+08
1.09648e+16	2.74470e+16	8.41322e+13	1.47284e+13	5.19570e+09	2.07038e+13	2.41430e+11	4.26327e+06	7.50114e+13	1.40184e+12	0	0	9.37364e+10	1.22457e+13	1.72865e+10	2.28177e+10	1.41575e+08
1.09648e+16	2.63023e+16	8.19215e+13	1.37735e+13	4.55574e+09	1.99040e+13	2.16190e+11	3.56383e+06	7.49474e+13	1.24194e+12	0	0	9.10615e+10	1.18763e+13	1.56118e+10	2.06296e+10	1.26971e+08
1.09648e+16	2.52112e+16	7.97871e+13	1.28843e+13	3.99860e+09	1.91374e+13	1.93700e+11	0	7.48680e+13	1.10065e+12	0	0	8.85046e+10	1.15238e+13	1.41118e+10	1.86670e+10	1.14011e+08
1.09648e+16	2.41711e+16	7.77270e+13	1.20561e+13	3.51320e+09	1.84026e+13	1.73651e+11	0	7.47742e+13	9.75796e+11	0	0	8.60609e+10	1.11875e+13	1.27674e+10	1.69056e+10	1.02498e+08
1.09648e+16	2.31793e+16	7.57380e+13	1.12846e+13	3.08991e+09	1.76980e+13	1.55769e+11	0	7.46662e+13	8.65427e+11	0	0	8.37244e+10	1.08663e+13	1.15614e+10	1.53236e+10	9.22571e+07
1.09648e+16	2.22338e+16	7.38182e+13	1.05659e+13	2.72052e+09	1.70226e+13	1.39811e+11	0	7.45452e+13	7.67852e+11	0	0	8.14911e+10	1.05598e+13	1.04790e+10	1.39018e+10	8.31384e+07
1.09648e+16	2.13321e+16	7.19653e+13	9.89620e+12	2.39787e+09	1.63748e+13	1.25564e+11	0	7.44117e+13	6.81567e+11	0	0	7.93563e+10	1.02672e+13	9.50672e+09	1.26232e+10	7.50097e+07
1.09648e+16	2.04738e+16	7.01800e+13	9.27334e+12	2.11616e+09	1.57549e+13	1.12851e+11	0	7.42674e+13	6.05336e+11	0	0	7.73194e+10	9.98832e+12	8.63368e+09	1.14737e+10	6.77627e+07
1.09648e+16	1.96520e+16	6.84504e+13	8.69067e+12	1.86908e+09	1.51581e+13	1.01463e+11	0	7.41109e+13	5.37725e+11	0	0	7.53648e+10	9.72101e+12	7.84654e+09	1.04361e+10	6.12749e+07
1.09648e+16	1.88692e+16	6.67830e+13	8.14821e+12	1.65289e+09	1.45865e+13	9.12868e+10	0	7.39440e+13	4.77949e+11	0	0	7.34986e+10	9.46604e+12	7.13848e+09	9.50168e+09	5.54764e+07
1.09648e+16	1.81222e+16	6.51730e+13	7.64234e+12	1.46335e+09	1.40380e+13	8.21806e+10	0	7.37673e+13	4.25023e+11	0	0	7.17140e+10	9.22242e+12	6.50043e+09	8.65872e+09	5.02840e+07
1.09648e+16	1.74092e+16	6.36181e+13	7.17049e+12	1.29703e+09	1.35117e+13	7.40268e+10	0	7.35815e+13	3.78146e+11	0	0	7.00072e+10	8.98960e+12	5.92498e+09	7.89766e+09	4.56288e+07
1.09648e+16	1.67285e+16	6.21160e+13	6.73022e+12	1.15091e+09	1.30066e+13	6.67212e+10	0	7.33870e+13	3.36609e+11	0	0	6.83745e+10	8.76702e+12	5.40553e+09	7.20996e+09	4.14507e+07
1.09648e+16	1.60786e+16	6.06648e+13	6.31933e+12	1.02243e+09	1.25217e+13	6.01718e+10	0	7.31848e+13	2.99789e+11	0	0	6.68125e+10	8.55422e+12	4.93624e+09	6.58806e+09	3.76966e+07
1.09648e+16	1.54588e+16	5.92646e+13	5.93628e+12	9.09433e+08	1.20569e+13	5.43017e+10	0	7.29751e+13	2.67170e+11	0	0	6.53201e+10	8.35099e+12	4.51227e+09	6.02562e+09	3.43222e+07
1.09648e+16	1.48651e+16	5.79071e+13	5.57760e+12	8.09689e+08	1.16092e+13	4.90243e+10	0	7.27584e+13	2.38175e+11	0	0	6.38877e+10	8.15601e+12	4.12792e+09	5.51535e+09	3.12792e+07
1.09648e+16	1.42986e+16	5.65966e+13	5.24302e+12	7.21782e+08	1.11799e+13	4.42885e+10	0	7.25357e+13	2.12465e+11	0	0	6.25188e+10	7.96969e+12	3.78007e+09	5.05310e+09	2.85380e+07
1.09648e+16	1.37573e+16	5.53291e+13	4.93039e+12	6.44157e+08	1.07676e+13	4.00328e+10	0	7.23073e+13	1.89636e+11	0	0	6.12083e+10	7.79136e+12	3.46471e+09	4.63365e+09	2.60641e+07
1.09648e+16	1.32398e+16	5.41029e+13	4.63817e+12	5.75533e+08	1.03714e+13	3.62060e+10	0	7.20739e+13	1.69353e+11	0	0	5.99535e+10	7.62061e+12	3.17854e+09	4.25272e+09	2.38291e+07
1.09648e+16	1.27449e+16	5.29158e+13	4.36482e+12	5.14789e+08	9.99074e+12	3.27623e+10	0	7.18350e+13	1.51324e+11	0	0	5.87514e+10	7.45701e+12	2.91858e+09	3.90639e+09	2.18073e+07
1.09648e+16	1.22719e+16	5.17671e+13	4.10927e+12	4.60990e+08	9.62501e+12	2.96629e+10	0	7.15929e+13	1.35294e+11	0	0	5.76005e+10	7.30033e+12	2.68232e+09	3.59141e+09	1.99774e+07
1.09648e+16	1.18197e+16	5.06554e+13	3.87030e+12	4.13293e+08	9.27365e+12	2.68721e+10	0	7.13481e+13	1.21034e+11	0	0	5.64986e+10	7.15029e+12	2.46741e+09	3.30471e+09	1.83193e+07
1.09648e+16	1.13868e+16	4.95773e+13	3.64642e+12	3.70919e+08	8.93567e+12	2.43554e+10	0	7.10991e+13	1.08335e+11	0	0	5.54418e+10	7.00631e+12	2.27162e+09	3.04331e+09	1.68144e+07
1.09648e+16	1.09724e+16	4.85324e+13	3.43674e+12	3.33251e+08	8.61071e+12	2.20856e+10	0	7.08475e+13	9.70244e+10	0	0	5.44288e+10	6.86822e+12	2.09314e+09	2.80488e+09	1.54476e+07
1.09648e+16	1.05757e+16	4.75193e+13	3.24032e+12	2.99733e+08	8.29833e+12	2.00376e+10	0	7.05936e+13	8.69450e+10	0	0	5.34577e+10	6.73574e+12	1.93031e+09	2.58722e+09	1.42049e+07
1.09648e+16	1.01958e+16	4.65365e+13	3.05624e+12	2.69872e+08	7.99792e+12	1.81885e+10	0	7.03378e+13	7.79575e+10	0	0	5.25265e+10	6.60859e+12	1.78162e+09	2.38834e+09	1.30740e+07
1.09648e+16	9.83208e+15	4.55829e+13	2.88364e+12	2.43242e+08	7.70905e+12	1.65182e+10	0	7.00807e+13	6.99398e+10	0	0	5.16334e+10	6.48653e+12	1.64573e+09	2.20647e+09	1.20439e+07
1.09648e+16	9.48339e+15	4.46565e+13	2.72167e+12	2.19458e+08	7.43117e+12	1.50080e+10	0	6.98215e+13	6.27828e+10	0	0	5.07760e+10	6.36922e+12	1.52139e+09	2.03998e+09	1.11042e+07
1.09648e+16	9.14951e+15	4.37572e+13	2.56978e+12	1.98209e+08	7.16382e+12	1.36428e+10	0	6.95635e+13	5.63894e+10	0	0	4.99540e+10	6.25659e+12	1.40758e+09	1.88752e+09	1.02469e+07
1.09648e+16	8.82927e+15	4.28827e+13	2.42709e+12	1.79189e+08	6.90658e+12	1.24071e+10	0	6.93041e+13	5.06758e+10	0	0	4.91644e+10	6.14825e+12	1.30326e+09	1.74771e+09	9.46331e+06
1.09648e+16	8.52237e+15	4.20329e+13	2.29315e+12	1.62156e+08	6.65922e+12	1.12887e+10	0	6.90447e+13	4.55687e+10	0	0	4.84067e+10	6.04413e+12	1.20760e+09	1.61945e+09	8.74690e+06
1.09648e+16	8.22808e+15	4.12064e+13	2.16730e+12	1.46884e+08	6.42124e+12	1.02758e+10	0	6.87856e+13	4.10001e+10	0	0	4.76791e+10	5.94398e+12	1.11979e+09	1.50168e+09	8.09114e+06
1.09648e+16	7.94567e+15	4.04018e+13	2.04897e+12	1.33172e+08	6.19216e+12	9.35761e+09	0	6.85269e+13	3.69096e+10	0	0	4.69800e+10	5.84756e+12	1.03911e+09	1.39342e+09	7.49025e+06
1.09648e+16	7.67465e+15	3.96182e+13	1.93767e+12	1.20850e+08	5.97168e+12	8.52510e+09	0	6.82690e+13	3.32456e+10	0	0	4.63081e+10	5.75471e+12	9.64923e+08	1.29384e+09	6.93918e+06
1.09648e+16	7.41462e+15	3.88551e+13	1.83300e+12	1.09768e+08	5.75960e+12	7.77005e+09	0	6.80121e+13	2.99632e+10	0	0	4.56627e+10	5.66532e+12	8.96663e+08	1.20219e+09	6.43346e+06
1.09648e+16	7.16585e+15	3.81148e+13	1.73484e+12	9.98091e+07	5.55655e+12	7.08611e+09	0	6.77552e+13	2.70295e+10	0	0	4.50448e+10	5.57951e+12	8.33901e+08	1.11789e+09	5.96953e+06
1.09648e+16	6.92741e+15	3.73943e+13	1.64257e+12	9.08395e+07	5.36149e+12	6.46559e+09	0	6.75004e+13	2.43998e+10	0	0	4.44519e+10	5.49695e+12	7.76090e+08	1.04021e+09	5.54322e+06
1.09648e+16	6.69844e+15	3.66920e+13	1.55569e+12	8.27468e+07	5.17392e+12	5.90193e+09	0	6.72468e+13	2.20398e+10	0	0	4.38820e+10	5.41737e+12	7.22763e+08	9.68538e+08	5.15091e+06
1.09648e+16	6.47819e+15	3.60058e+13	1.47371e+12	7.54324e+07	4.99312e+12	5.38925e+09	0	6.69951e+13	1.99176e+10	0	0	4.33329e+10	5.34050e+12	6.73498e+08	9.02321e+08	4.78939e+06
1.09648e+16	6.26663e+15	3.53362e+13	1.39644e+12	6.88206e+07	4.81917e+12	4.92315e+09	0	6.67456e+13	1.80103e+10	0	0	4.28050e+10	5.26634e+12	6.27986e+08	8.41140e+08	4.45619e+06
1.09648e+16	6.06314e+15	3.46816e+13	1.32352e+12	6.28350e+07	4.65159e+12	4.49896e+09	0	6.64985e+13	1.62940e+10	0	0	4.22965e+10	5.19469e+12	5.85890e+08	7.84546e+08	4.14871e+06
1.09648e+16	5.86730e+15	3.40415e+13	1.25465e+12	5.74107e+07	4.49009e+12	4.11270e+09	0	6.62539e+13	1.47485e+10	0	0	4.18066e+10	5.12541e+12	5.46920e+08	7.32154e+08	3.86473e+06
1.09648e+16	5.67898e+15	3.34156e+13	1.18965e+12	5.24932e+07	4.33457e+12	3.76100e+09	0	6.60121e+13	1.33566e+10	0	0	4.13349e+10	5.05846e+12	5.10833e+08	6.83638e+08	3.60235e+06
1.09648e+16	5.49767e+15	3.28031e+13	1.12823e+12	4.80295e+07	4.18476e+12	3.44053e+09	0	6.57726e+13	1.21023e+10	0	0	4.08802e+10	4.99367e+12	4.77382e+08	6.38664e+08	3.35966e+06
1.09648e+16	5.32311e+15	3.22033e+13	1.07017e+12	4.39744e+07	4.04039e+12	3.14839e+09	0	6.55362e+13	1.09710e+10	0	0	4.04418e+10	4.93097e+12	4.46356e+08	5.96951e+08	3.13506e+06
1.09648e+16	5.15499e+15	3.16159e+13	1.01527e+12	4.02875e+07	3.90126e+12	2.88199e+09	0	6.53026e+13	9.95027e+09	0	0	4.00191e+10	4.87025e+12	4.17558e+08	5.58237e+08	2.92703e+06
1.09648e+16	4.99305e+15	3.10402e+13	9.63346e+11	3.69328e+07	3.76719e+12	2.63897e+09	0	6.50720e+13	9.02881e+09	0	0	3.96115e+10	4.81143e+12	3.90811e+08	5.22283e+08	2.73424e+06
1.09648e+16	4.83707e+15	3.04761e+13	9.14233e+11	3.38782e+07	3.63804e+12	2.41723e+09	0	6.48445e+13	8.19680e+09	0	0	3.92184e+10	4.75443e+12	3.65958e+08	4.88877e+08	2.55545e+06
1.09648e+16	4.68671e+15	2.99228e+13	8.67737e+11	3.10941e+07	3.51354e+12	2.21477e+09	0	6.46201e+13	7.44480e+09	0	0	3.88389e+10	4.69915e+12	3.42843e+08	4.57812e+08	2.38951e+06
1.09648e+16	4.54187e+15	2.93803e+13	8.23743e+11	2.85556e+07	3.39361e+12	2.02993e+09	0	6.43990e+13	6.76516e+09	0	0	3.84730e+10	4.64556e+12	3.21340e+08	4.28916e+08	2.23545e+06
1.09648e+16	4.40217e+15	2.88477e+13	7.82064e+11	2.62383e+07	3.27798e+12	1.86104e+09	0	6.41810e+13	6.15028e+09	0	0	3.81195e+10	4.59352e+12	3.01316e+08	4.02012e+08	2.09227e+06
1.09648e+16	4.26746e+15	2.83249e+13	7.42587e+11	2.41219e+07	3.16655e+12	1.70671e+09	0	6.39663e+13	5.59387e+09	0	0	3.77783e+10	4.54300e+12	2.82663e+08	3.76955e+08	1.95915e+06
1.09648e+16	4.13753e+15	2.78117e+13	7.05180e+11	2.21876e+07	3.05914e+12	1.56562e+09	0	6.37637e+13	5.08579e+09	0	0	3.74487e+10	4.49393e+12	2.65275e+08	3.53602e+08	1.83530e+06
1.09648e+16	4.01233e+15	2.73078e+13	6.69742e+11	2.04190e+07	2.95566e+12	1.43663e+09	0	6.36277e+13	4.59663e+09	0	0	3.71308e+10	4.44628e+12	2.49064e+08	3.31834e+08	1.72005e+06
1.09648e+16	3.89162e+15	2.68132e+13	6.36160e+11	1.88007e+07	2.85597e+12	1.31867e+09	0	6.35350e+13	4.13631e+09	0	0	3.68239e+10	4.40000e+12	2.33940e+08	3.11530e+08	1.61273e+06
1.09648e+16	3.77504e+15	2.63267e+13	6.04298e+11	1.73183e+07	2.75979e+12	1.21069e+09	0	6.34402e+13	3.72154e+09	0	0	3.65272e+10	4.35494e+12	2.19815e+08	2.92573e+08	1.51269e+06
1.09648e+16	3.66253e+15	2.58486e+13	5.74088e+11	1.59601e+07	2.66710e+12	1.11186e+09	0	6.33408e+13	3.34920e+09	0	0	3.62404e+10	4.31110e+12	2.06622e+08	2.74870e+08	1.41942e+06
1.09648e+16	3.55385e+15	2.53785e+13	5.45426e+11	1.47145e+07	2.57773e+12	1.02136e+09	0	6.32205e+13	3.02091e+09	0	0	3.59630e+10	4.26840e+12	1.94289e+08	2.58327e+08	1.33239e+06
1.09648e+16	3.44880e+15	2.49158e+13	5.18218e+11	1.35715e+07	2.49150e+12	9.38444e+08	0	6.30608e+13	2.73848e+09	0	0	3.56945e+10	4.22678e+12	1.82754e+08	2.42859e+08	1.25113e+06
1.09648e+16	3.34698e+15	2.44591e+13	4.92316e+11	1.25207e+07	2.40806e+12	8.62368e+08	0	6.28867e+13	2.48773e+09	0	0	3.54338e+10	4.18606e+12	1.71951e+08	2.28378e+08	1.17518e+06
1.09648e+16	3.24898e+15	2.40114e+13	4.67820e+11	1.15572e+07	2.32790e+12	7.92769e+08	0	6.27150e+13	2.26124e+09	0	0	3.51826e+10	4.14653e+12	1.61851e+08	2.14844e+08	1.10429e+06
1.09648e+16	3.15415e+15	2.35703e+13	4.44532e+11	1.06713e+07	2.25050e+12	7.28926e+08	0	6.25450e+13	2.05595e+09	0	0	3.49393e+10	4.10790e+12	1.52390e+08	2.02169e+08	1.03799e+06
1.09648e+16	3.06198e+15	2.31336e+13	4.22304e+11	9.85486e+06	2.17545e+12	6.70247e+08	0	6.23766e+13	1.86929e+09	0	0	3.47021e+10	4.06996e+12	1.43511e+08	1.90281e+08	9.75899e+05
1.09648e+16	2.97382e+15	2.27085e+13	4.01409e+11	9.10725e+06	2.10381e+12	6.16676e+08	0	6.22113e+13	1.70128e+09	0	0	3.44755e+10	4.03336e+12	1.35216e+08	1.79177e+08	9.17971e+05
1.09648e+16	2.88806e+15	2.22873e+13	3.81445e+11	8.41738e+06	2.03428e+12	5.67391e+08	0	6.20476e+13	1.54830e+09	0	0	3.42544e+10	3.99736e+12	1.27425e+08	1.68751e+08	8.63656e+05
1.09648e+16	2.80519e+15	2.18729e+13	3.62491e+11	7.78233e+06	1.96726e+12	5.22174e+08	0	6.18863e+13	1.40961e+09	0	0	3.40406e+10	3.96221e+12	1.20117e+08	1.58976e+08	8.12799e+05
1.09648e+16	2.72493e+15	2.14643e+13	3.44462e+11	7.19706e+06	1.90251e+12	4.80646e+08	0	6.17269e+13	1.28368e+09	0	0	3.38331e+10	3.92777e+12	1.13257e+08	1.49804e+08	7.65140e+05
1.09648e+16	2.64740e+15	2.10624e+13	3.27354e+11	6.65799e+06	1.84012e+12	4.42537e+08	0	6.15699e+13	1.16948e+09	0	0	3.36324e+10	3.89415e+12	1.06819e+08	1.41201e+08	7.20487e+05
1.09648e+16	2.57229e+15	2.06661e+13	3.11080e+11	6.16078e+06	1.77986e+12	4.07520e+08	0	6.14151e+13	1.06573e+09	0	0	3.34377e+10	3.86119e+12	1.00771e+08	1.33122e+08	6.78609e+05
1.09648e+16	2.49960e+15	2.02757e+13	2.95609e+11	5.70214e+06	1.72169e+12	3.75349e+08	0	6.12626e+13	9.71477e+08	0	0	3.32490e+10	3.82891e+12	9.50885e+07	1.25535e+08	6.39326e+05
1.09648e+16	2.42908e+15	1.98902e+13	2.80874e+11	5.27856e+06	1.66542e+12	3.45759e+08	0	6.11122e+13	8.85717e+08	0	0	3.30655e+10	3.79720e+12	8.97449e+07	1.18404e+08	6.02446e+05
1.09648e+16	2.36078e+15	1.95103e+13	2.66864e+11	4.88758e+06	1.61110e+12	3.18562e+08	0	6.09638e+13	8.07807e+08	0	0	3.28876e+10	3.76610e+12	8.47207e+07	1.11702e+08	5.67826e+05
1.09648e+16	2.29473e+15	1.91366e+13	2.53563e+11	0	1.55873e+12	2.93575e+08	0	6.08179e+13	7.37024e+08	0	0	3.27153e+10	3.73565e+12	7.99971e+07	1.05405e+08	0
1.09648e+16	2.23089e+15	1.87690e+13	2.40936e+11	0	1.50825e+12	2.70612e+08	0	6.06746e+13	6.72724e+08	0	0	3.25486e+10	3.70583e+12	7.55549e+07	9.94849e+07	0
1.09648e+16	2.16899e+15	1.84065e+13	2.28919e+11	0	1.45947e+12	2.49483e+08	0	6.05334e+13	6.14189e+08	0	0	3.23866e+10	3.67652e+12	7.13731e+07	9.39150e+07	0
1.09648e+16	2.10895e+15	1.80490e+13	2.17485e+11	0	1.41232e+12	2.30040e+08	0	6.03944e+13	5.60902e+08	0	0	3.22293e+10	3.64770e+12	6.74356e+07	8.86734e+07	0
1.09648e+16	2.05086e+15	1.76971e+13	2.06620e+11	0	1.36682e+12	2.12154e+08	0	6.02579e+13	5.12416e+08	0	0	3.20768e+10	3.61942e+12	6.37281e+07	8.37404e+07	0
1.09648e+16	1.99451e+15	1.73501e+13	1.96282e+11	0	1.32285e+12	1.95688e+08	0	6.01236e+13	4.68248e+08	0	0	3.19287e+10	3.59159e+12	6.02352e+07	7.90954e+07	0
1.09648e+16	1.93991e+15	1.70083e+13	1.86452e+11	0	1.28037e+12	1.80530e+08	0	5.99916e+13	4.28017e+08	0	0	3.17850e+10	3.56422e+12	5.69441e+07	7.47211e+07	0
1.09648e+16	1.88721e+15	1.66728e+13	1.77138e+11	0	1.23948e+12	1.66596e+08	0	5.98626e+13	3.91419e+08	0	0	3.16462e+10	3.53743e+12	5.38452e+07	7.06047e+07	0
1.09648e+16	1.83547e+15	1.63386e+13	1.68186e+11	0	1.19959e+12	1.53704e+08	0	5.97338e+13	3.57906e+08	0	0	3.15091e+10	3.51065e+12	5.09150e+07	6.67144e+07	0
1.09648e+16	1.78566e+15	1.60114e+13	1.59725e+11	0	1.16125e+12	1.41862e+08	0	5.96085e+13	3.27437e+08	0	0	3.13773e+10	3.48451e+12	4.81565e+07	6.30543e+07	0
1.09648e+16	1.73735e+15	1.56887e+13	1.51674e+11	0	1.12418e+12	1.30949e+08	0	5.94853e+13	2.99653e+08	0	0	3.12492e+10	3.45873e+12	4.55545e+07	5.96036e+07	0
1.09648e+16	1.69046e+15	1.53702e+13	1.44012e+11	0	1.08832e+12	1.20890e+08	0	5.93643e+13	2.74308e+08	0	0	3.11246e+10	3.43329e+12	4.30993e+07	5.63495e+07	0
1.09648e+16	1.64502e+15	1.50570e+13	1.36731e+11	0	1.05370e+12	1.11622e+08	0	5.92456e+13	2.51175e+08	0	0	3.10037e+10	3.40823e+12	4.07822e+07	5.32803e+07	0
1.09648e+16	1.60089e+15	1.47487e+13	1.29805e+11	0	1.02022e+12	1.03079e+08	0	5.91290e+13	2.30053e+08	0	0	3.08861e+10	3.38347e+12	3.85947e+07	5.03846e+07	0
1.09648e+16	1.55806e+15	1.44449e+13	1.23218e+11	0	9.87850e+11	9.52022e+07	0	5.90146e+13	2.10764e+08	0	0	3.07717e+10	3.35901e+12	3.65293e+07	4.76520e+07	0
1.09648e+16	1.51648e+15	1.41456e+13	1.16953e+11	0	9.56544e+11	8.79380e+07	0	5.89022e+13	1.93144e+08	0	0	3.06604e+10	3.33484e+12	3.45787e+07	4.50728e+07	0
1.09648e+16	1.47637e+15	1.38525e+13	1.11024e+11	0	9.26411e+11	8.12523e+07	0	5.87929e+13	1.77082e+08	0	0	3.05532e+10	3.31115e+12	3.27386e+07	4.26414e+07	0
1.09648e+16	1.43708e+15	1.35616e+13	1.05344e+11	0	8.97061e+11	7.50656e+07	0	5.86845e+13	1.62346e+08	0	0	3.04475e+10	3.28744e+12	3.09966e+07	4.03410e+07	0
1.09648e+16	1.39901e+15	1.32756e+13	9.99535e+10	0	8.68724e+11	6.93623e+07	0	5.85783e+13	1.48894e+08	0	0	3.03449e+10	3.26405e+12	2.93514e+07	3.81695e+07	0
1.09648e+16	1.36203e+15	1.29940e+13	9.48269e+10	0	8.41310e+11	6.40994e+07	0	5.84743e+13	1.36590e+08	0	0	3.02452e+10	3.24088e+12	2.77962e+07	3.61183e+07	0
1.09648e+16	1.32599e+15	1.27158e+13	8.99370e+10	0	8.14712e+11	5.92357e+07	0	5.83717e+13	1.25325e+08	0	0	3.01475e+10	3.21781e+12	2.63247e+07	3.41786e+07	0
1.09648e+16	1.29128e+15	1.24438e+13	8.53193e+10	0	7.89129e+11	5.47591e+07	0	5.82722e+13	1.15041e+08	0	0	3.00537e+10	3.19521e+12	2.49359e+07	3.23492e+07	0
1.09648e+16	1.25738e+15	1.21750e+13	8.09124e+10	0	7.64288e+11	5.06200e+07	0	5.81740e+13	1.05616e+08	0	0	2.99616e+10	3.17266e+12	2.36212e+07	3.06185e+07	0
1.09648e+16	1.22445e+15	1.19104e+13	7.67218e+10	0	7.40245e+11	4.67981e+07	0	5.80779e+13	9.69864e+07	0	0	2.98720e+10	3.15028e+12	2.23777e+07	2.89824e+07	0
1.09648e+16	1.19245e+15	1.16499e+13	7.27379e+10	0	7.16972e+11	4.32690e+07	0	5.79835e+13	8.90847e+07	0	0	2.97846e+10	3.12807e+12	2.12013e+07	2.74357e+07	0
1.09648e+16	1.16118e+15	1.13924e+13	6.89356e+10	0	6.94360e+11	4.00045e+07	0	5.78906e+13	8.18329e+07	0	0	2.96988e+10	3.10585e+12	2.00871e+07	2.59717e+07	0
1.09648e+16	1.13111e+15	1.11413e+13	6.53515e+10	0	6.72636e+11	3.69992e+07	0	5.78006e+13	7.52143e+07	0	0	2.96167e+10	3.08410e+12	1.90349e+07	2.45902e+07	0
1.09648e+16	1.10172e+15	1.08930e+13	6.19299e+10	0	6.51517e+11	3.42180e+07	0	5.77118e+13	6.91355e+07	0	0	2.95359e+10	3.06232e+12	1.80380e+07	2.32820e+07	0
1.09648e+16	1.07316e+15	1.06488e+13	5.86792e+10	0	6.31075e+11	3.16487e+07	0	5.76249e+13	6.35637e+07	0	0	2.94572e+10	3.04066e+12	1.70943e+07	2.20445e+07	0
1.09648e+16	1.04538e+15	1.04084e+13	5.55894e+10	0	6.11274e+11	2.92745e+07	0	5.75397e+13	5.84538e+07	0	0	2.93804e+10	3.01911e+12	1.62008e+07	2.08737e+07	0
1.09648e+16	1.01834e+15	1.01719e+13	5.26525e+10	0	5.92090e+11	2.70802e+07	0	5.74562e+13	5.37657e+07	0	0	2.93054e+10	2.99763e+12	1.53549e+07	1.97659e+07	0
1.09648e+16	9.92086e+14	9.93955e+12	4.98647e+10	0	5.73526e+11	2.50528e+07	0	5.73745e+13	4.94676e+07	0	0	2.92325e+10	2.97628e+12	1.45539e+07	1.87176e+07	0
1.09648e+16	9.66533e+14	9.71086e+12	4.72152e+10	0	5.55537e+11	2.31786e+07	0	5.72945e+13	4.55217e+07	0	0	2.91613e+10	2.95499e+12	1.37952e+07	1.77254e+07	0
1.09648e+16	9.41678e+14	9.48592e+12	4.46982e+10	0	5.38109e+11	2.14460e+07	0	5.72161e+13	4.18989e+07	0	0	2.90918e+10	2.93377e+12	1.30766e+07	1.67862e+07	0
1.09648e+16	9.17492e+14	9.26481e+12	4.23080e+10	0	5.21227e+11	1.98443e+07	0	5.71393e+13	3.85737e+07	0	0	2.90239e+10	2.91260e+12	1.23958e+07	1.58972e+07	0
1.09648e+16	8.93916e+14	9.04704e+12	4.00348e+10	0	5.04845e+11	1.83627e+07	0	5.70640e+13	3.55153e+07	0	0	2.89575e+10	2.89143e+12	1.17507e+07	1.50553e+07	0
1.09648e+16	8.71024e+14	8.83331e+12	3.78795e+10	0	4.88998e+11	1.69934e+07	0	5.69904e+13	3.27101e+07	0	0	2.88928e+10	2.87036e+12	1.11397e+07	1.42583e+07	0
1.09648e+16	8.48748e+14	8.62324e+12	3.58335e+10	0	4.73644e+11	1.57272e+07	0	5.69183e+13	3.01327e+07	0	0	2.88297e+10	2.84931e+12	1.05606e+07	1.35037e+07	0
1.09648e+16	8.27072e+14	8.41678e+12	3.38913e+10	0	4.58767e+11	1.45562e+07	0	5.68478e+13	2.77641e+07	0	0	2.87681e+10	2.82829e+12	1.00119e+07	1.27891e+07	0
1.09648e+16	8.05971e+14	8.21388e+12	3.20478e+10	0	4.44348e+11	1.34731e+07	0	5.67787e+13	2.55866e+07	0	0	2.87079e+10	2.80728e+12	9.49181e+06	1.21123e+07	0
1.09648e+16	7.85432e+14	8.01450e+12	3.02982e+10	0	4.30373e+11	1.24713e+07	0	5.67111e+13	2.35845e+07	0	0	2.86490e+10	2.78628e+12	8.99886e+06	1.14712e+07	0
1.09648e+16	7.65437e+14	7.81861e+12	2.86381e+10	0	4.16830e+11	1.15446e+07	0	5.66449e+13	2.17433e+07	0	0	2.85915e+10	2.76527e+12	8.53158e+06	1.08640e+07	0
1.09648e+16	7.45971e+14	7.62617e+12	2.70631e+10	0	4.03703e+11	1.06872e+07	0	5.65802e+13	2.00496e+07	0	0	2.85353e+10	2.74426e+12	8.08861e+06	1.02888e+07	0
1.09648e+16	7.27017e+14	7.43715e+12	2.55691e+10	0	3.90979e+11	9.89408e+06	0	5.65168e+13	1.84912e+07	0	0	2.84803e+10	2.72323e+12	7.66864e+06	9.74389e+06	0
1.09648e+16	7.08561e+14	7.25155e+12	2.41523e+10	0	3.78646e+11	9.16024e+06	0	5.64547e+13	1.70571e+07	0	0	2.84266e+10	2.70217e+12	7.27047e+06	9.22764e+06	0
1.09648e+16	6.90589e+14	7.06929e+12	2.28087e+10	0	3.66691e+11	8.48123e+06	0	5.63940e+13	1.57371e+07	0	0	2.83740e+10	2.68108e+12	6.89294e+06	8.73852e+06	0
1.09648e+16	6.73085e+14	6.89027e+12	2.15347e+10	0	3.55100e+11	7.85285e+06	0	5.63345e+13	1.45217e+07	0	0	2.83225e+10	2.65996e+12	6.53494e+06	8.27507e+06	0
1.09648e+16	6.56037e+14	6.71452e+12	2.03270e+10	0	3.43863e+11	7.27137e+06	0	5.62764e+13	1.34026e+07	0	0	2.82721e+10	2.63879e+12	6.19546e+06	7.83594e+06	0
1.09648e+16	6.39432e+14	6.54198e+12	1.91824e+10	0	3.32970e+11	6.73323e+06	0	5.62195e+13	1.23719e+07	0	0	2.82228e+10	2.61757e+12	5.87354e+06	7.41985e+06	0
1.09648e+16	6.23257e+14	6.37264e+12	1.80977e+10	0	3.22408e+11	6.23518e+06	0	5.61638e+13	1.14223e+07	0	0	2.81745e+10	2.59630e+12	5.56824e+06	7.02556e+06	0
1.09648e+16	6.07499e+14	6.20643e+12	1.70700e+10	0	3.12169e+11	5.77421e+06	0	5.61093e+13	1.05473e+07	0	0	2.81271e+10	2.57497e+12	5.27870e+06	6.65192e+06	0
1.09648e+16	5.92145e+14	6.04334e+12	1.60965e+10	0	3.02241e+11	5.34754e+06	0	5.60560e+13	9.74097e+06	0	0	2.80808e+10	2.55357e+12	5.00409e+06	6.29785e+06	0
1.09648e+16	5.77186e+14	5.88331e+12	1.51746e+10	0	2.92614e+11	4.95258e+06	0	5.60039e+13	8.99765e+06	0	0	2.80353e+10	2.53211e+12	4.74363e+06	5.96231e+06	0
1.09648e+16	5.62611e+14	5.72634e+12	1.43016e+10	0	2.83282e+11	4.58699e+06	0	5.59529e+13	8.31238e+06	0	0	2.79907e+10	2.51058e+12	4.49660e+06	5.64433e+06	0
1.09648e+16	5.48405e+14	5.57235e+12	1.34752e+10	0	2.74232e+11	4.24854e+06	0	5.59029e+13	7.68041e+06	0	0	2.79469e+10	2.48896e+12	4.26229e+06	5.34299e+06	0
1.09648e+16	5.34561e+14	5.42132e+12	1.26929e+10	0	2.65457e+11	3.93522e+06	0	5.58541e+13	7.09753e+06	0	0	2.79039e+10	2.46727e+12	4.04005e+06	5.05742e+06	0
1.09648e+16	5.21067e+14	5.27322e+12	1.19527e+10	0	2.56948e+11	3.64514e+06	0	5.58063e+13	6.55983e+06	0	0	2.78618e+10	2.44550e+12	3.82924e+06	4.78679e+06	0
1.09648e+16	5.07914e+14	5.12801e+12	1.12524e+10	0	2.48698e+11	3.37658e+06	0	5.57595e+13	6.06372e+06	0	0	2.78203e+10	2.42364e+12	3.62929e+06	4.53033e+06	0
1.09648e+16	4.95093e+14	4.98566e+12	1.05900e+10	0	2.40699e+11	3.12793e+06	0	5.57138e+13	5.60589e+06	0	0	2.77796e+10	2.40169e+12	3.43963e+06	4.28729e+06	0
1.09648e+16	4.82567e+14	4.84586e+12	9.96270e+09	0	2.32934e+11	2.89760e+06	0	5.56690e+13	5.18326e+06	0	0	2.77394e+10	2.37959e+12	3.25966e+06	4.05688e+06	0
1.09648e+16	4.70408e+14	4.70939e+12	9.37151e+09	0	2.25421e+11	2.68454e+06	0	5.56253e+13	4.79325e+06	0	0	2.77002e+10	2.35754e+12	3.08910e+06	3.83875e+06	0
1.09648e+16	4.58527e+14	4.57541e+12	8.81184e+09	0	2.18128e+11	2.48715e+06	0	5.55825e+13	4.43309e+06	0	0	2.76614e+10	2.33532e+12	2.92726e+06	3.63195e+06	0
1.09648e+16	4.46942e+14	4.44415e+12	8.28294e+09	0	2.11058e+11	2.30437e+06	0	5.55406e+13	4.10051e+06	0	0	2.76232e+10	2.31302e+12	2.77375e+06	3.43600e+06	0
1.09648e+16	4.35645e+14	4.31559e+12	7.78330e+09	0	2.04202e+11	2.13512e+06	0	5.54997e+13	3.79333e+06	0	0	2.75856e+10	2.29063e+12	2.62815e+06	3.25034e+06	0
1.09648e+16	4.24628e+14	4.18968e+12	7.31143e+09	0	1.97555e+11	1.97839e+06	0	5.54596e+13	3.50959e+06	0	0	2.75486e+10	2.26815e+12	2.49006e+06	3.07443e+06	0
1.09648e+16	4.13883e+14	4.06640e+12	6.86591e+09	0	1.91111e+11	1.83325e+06	0	5.54204e+13	3.24744e+06	0	0	2.75120e+10	2.24558e+12	2.35909e+06	2.90778e+06	0
1.09648e+16	4.03403e+14	3.94573e+12	6.44538e+09	0	1.84863e+11	1.69883e+06	0	5.53820e+13	3.00521e+06	0	0	2.74759e+10	2.22292e+12	2.23487e+06	2.74989e+06	0
1.09648e+16	3.93182e+14	3.82762e+12	6.04857e+09	0	1.78806e+11	1.57435e+06	0	5.53445e+13	2.78136e+06	0	0	2.74403e+10	2.20017e+12	2.11708e+06	2.60033e+06	0
1.09648e+16	3.83210e+14	3.71205e+12	5.67423e+09	0	1.72934e+11	1.45907e+06	0	5.53078e+13	2.57445e+06	0	0	2.74051e+10	2.17735e+12	2.00537e+06	2.45866e+06	0
1.09648e+16	3.73482e+14	3.59896e+12	5.32117e+09	0	1.67242e+11	1.35230e+06	0	5.52719e+13	2.38318e+06	0	0	2.73702e+10	2.15444e+12	1.89944e+06	2.32447e+06	0
1.09648e+16	3.63993e+14	3.48839e+12	4.98838e+09	0	1.61724e+11	1.25342e+06	0	5.52368e+13	2.20636e+06	0	0	2.73358e+10	2.13146e+12	1.79900e+06	2.19738e+06	0
1.09648e+16	3.54736e+14	3.38029e+12	4.67478e+09	0	1.56377e+11	1.16183e+06	0	5.52025e+13	2.04287e+06	0	0	2.73017e+10	2.10840e+12	1.70376e+06	2.07703e+06	0
1.09648e+16	3.45703e+14	3.27461e+12	4.37931e+09	0	1.51193e+11	1.07701e+06	0	5.51689e+13	1.89167e+06	0	0	2.72678e+10	2.08528e+12	1.61345e+06	1.96306e+06	0
1.09648e+16	3.36888e+14	3.17134e+12	4.10103e+09	0	1.46169e+11	9.98442e+05	0	5.51360e+13	1.75184e+06	0	0	2.72343e+10	2.06209e+12	1.52784e+06	1.85514e+06	0
1.09648e+16	3.28285e+14	3.07058e+12	3.84075e+09	0	1.41302e+11	9.25684e+05	0	5.51038e+13	1.62245e+06	0	0	2.72010e+10	2.03884e+12	1.44668e+06	1.75299e+06	0
1.09648e+16	3.19886e+14	2.97250e+12	3.59994e+09	0	1.36590e+11	8.58322e+05	0	5.50724e+13	1.50268e+06	0	0	2.71679e+10	2.01557e+12	1.36976e+06	1.65634e+06	0
