! -------------------------
   1387.7739401461072       0.78734666109085083        4.7389060258865356E-002   1.0000000000000000     
   1387.8106301461071       0.78542596101760864        4.7334276139736176E-002   1.0000000000000000     
   1387.8473201461070       0.84797155857086182        4.9186103045940399E-002   1.0000000000000000     
   1387.8840101461069       0.82248824834823608        4.8444595187902451E-002   1.0000000000000000     
   1387.9207001461068       0.86510813236236572        4.9687217921018600E-002   1.0000000000000000     
   1387.9573901461067       0.91274166107177734        5.1040090620517731E-002   1.0000000000000000     
   1387.9940801461066       0.95601075887680054        5.2239373326301575E-002   1.0000000000000000     
   1388.0307701461065        1.0713396072387695        5.5304232984781265E-002   1.0000000000000000     
   1388.0674601461064        1.0516716241836548        5.4797742515802383E-002   1.0000000000000000     
   1388.1041501461063       0.95562911033630371        5.2239134907722473E-002   1.0000000000000000     
   1388.1408401461063       0.96288478374481201        5.2440512925386429E-002   1.0000000000000000     
   1388.1775301461062        1.0882134437561035        5.5752586573362350E-002   1.0000000000000000     
   1388.2142201461061       0.99901139736175537        5.3422193974256516E-002   1.0000000000000000     
   1388.2509101461060        1.0036455392837524        5.3549423813819885E-002   1.0000000000000000     
   1388.2876001461059        1.0059275627136230        5.3613763302564621E-002   1.0000000000000000     
   1388.3242901461058        1.0591343641281128        5.5016938596963882E-002   1.0000000000000000     
   1388.3609801461057        1.0597653388977051        5.5036850273609161E-002   1.0000000000000000     
   1388.3976701461056       0.97102653980255127        5.2685756236314774E-002   1.0000000000000000     
   1388.4343601461055        1.0873867273330688        5.5756658315658569E-002   1.0000000000000000     
   1388.4710501461054       0.98521453142166138        5.3076054900884628E-002   1.0000000000000000     
   1388.5077401461053        1.0258626937866211        5.4163437336683273E-002   1.0000000000000000     
   1388.5444301461052        1.0450549125671387        5.4671205580234528E-002   1.0000000000000000     
   1388.5811201461051       0.96658331155776978        5.2582059055566788E-002   1.0000000000000000     
   1388.6178101461051        1.0185972452163696        5.4733291268348694E-002   1.0000000000000000     
   1388.6545001461050        1.0531606674194336        5.5788449943065643E-002   1.0000000000000000     
   1388.6911901461049       0.94136613607406616        5.1901295781135559E-002   1.0000000000000000     
   1388.7278801461048       0.86027741432189941        5.0025906413793564E-002   1.0000000000000000     
   1388.7645701461047       0.99693274497985840        5.3417924791574478E-002   1.0000000000000000     
   1388.8012601461046       0.89749741554260254        5.0687178969383240E-002   1.0000000000000000     
   1388.8379501461045       0.94409042596817017        5.1989585161209106E-002   1.0000000000000000     
   1388.8746401461044        1.0436313152313232        5.4665226489305496E-002   1.0000000000000000     
   1388.9113301461043        1.0246978998184204        5.4170437157154083E-002   1.0000000000000000     
   1388.9480201461042       0.97401702404022217        5.2817307412624359E-002   1.0000000000000000     
   1388.9847101461041        1.0030866861343384        5.3602937608957291E-002   1.0000000000000000     
   1389.0214001461040       0.99320441484451294        5.3341645747423172E-002   1.0000000000000000     
   1389.0580901461040       0.87655097246170044        5.0114501267671585E-002   1.0000000000000000     
   1389.0947801461039       0.73402154445648193        4.5862361788749695E-002   1.0000000000000000     
   1389.1314701461038       0.66329789161682129        4.3599683791399002E-002   1.0000000000000000     
   1389.1681601461037       0.37183216214179993        3.2646045088768005E-002   1.0000000000000000     
   1389.2048501461036       0.40441390872001648        3.5502418875694275E-002   1.0000000000000000     
   1389.2415401461035       0.58003014326095581        4.0779106318950653E-002   1.0000000000000000     
   1389.2782301461034       0.71660602092742920        4.5329436659812927E-002   1.0000000000000000     
   1389.3149201461033       0.83178097009658813        4.8839520663022995E-002   1.0000000000000000     
   1389.3516101461032       0.88443040847778320        5.0364661961793900E-002   1.0000000000000000     
   1389.3883001461031       0.91868609189987183        5.1333859562873840E-002   1.0000000000000000     
   1389.4249901461030       0.97950786352157593        5.3009249269962311E-002   1.0000000000000000     
   1389.4616801461029       0.92644619941711426        5.1556773483753204E-002   1.0000000000000000     
   1389.4983701461028        1.1437264680862427        5.7287968695163727E-002   1.0000000000000000     
   1389.5350601461028        1.0234200954437256        5.4194673895835876E-002   1.0000000000000000     
   1389.5717501461027        1.1102452278137207        5.6450188159942627E-002   1.0000000000000000     
   1389.6084401461026        1.1113597154617310        5.6481994688510895E-002  0.99988114567858855     
   1389.6451301461025        1.0193480253219604        5.4096717387437820E-002  0.99987774870361523     
   1389.6818201461024       0.97338074445724487        5.2866265177726746E-002  0.99987458693715825     
   1389.7185101461023        1.0686239004135132        5.5395737290382385E-002  0.99986826167046539     
   1389.7552001461022        1.0215378999710083        5.4164867848157883E-002  0.99985644757914427     
   1389.7918901461021       0.93047636747360229        5.1697544753551483E-002  0.99983917866566907     
   1389.8285801461020        1.0241532325744629        5.4240800440311432E-002  0.99981950877022152     
   1389.8652701461019       0.97648602724075317        5.2966840565204620E-002  0.99980190139997493     
   1389.9019601461018        1.0110028982162476        5.3898047655820847E-002  0.99978896244781701     
   1389.9386501461017       0.99811744689941406        5.3556688129901886E-002  0.99977858943215825     
   1389.9753401461016       0.97693675756454468        5.2988629788160324E-002  0.99976497509029849     
   1390.0120301461016        1.0235573053359985        5.4241411387920380E-002  0.99974226197315297     
   1390.0487201461015       0.92055863142013550        5.1442891359329224E-002  0.99970669766294906     
   1390.0854101461014       0.98134171962738037        5.3117241710424423E-002  0.99965710780746697     
   1390.1221001461013        1.0132514238357544        5.3976994007825851E-002  0.99959446379602490     
   1390.1587901461012       0.84798896312713623        4.9382176250219345E-002  0.99952042205005265     
   1390.1954801461011       0.96894496679306030        5.2789725363254547E-002  0.99943729600023801     
   1390.2321701461010       0.91508299112319946        5.1304481923580170E-002  0.99934778473807739     
   1390.2688601461009       0.99614632129669189        5.3531747311353683E-002  0.99924589633940786     
   1390.3055501461008       0.90976631641387939        5.1161188632249832E-002  0.99910431782129117     
   1390.3422401461007       0.84962934255599976        4.9444455653429031E-002  0.99887894211160866     
   1390.3789301461006       0.77790206670761108        4.7314282506704330E-002  0.99853266922371153     
   1390.4156201461005       0.71647667884826660        4.5410789549350739E-002  0.99803241045439262     
   1390.4523101461004       0.71425288915634155        4.5343123376369476E-002  0.99730110502172264     
   1390.4890001461004       0.65897291898727417        4.3555717915296555E-002  0.99621348300447321     
   1390.5256901461003       0.46877753734588623        3.6738649010658264E-002  0.99464743164072600     
   1390.5623801461002       0.41008463501930237        3.4364029765129089E-002  0.99244388797378924     
   1390.5990701461001       0.32446855306625366        3.3729214221239090E-002  0.98927989282588380     
   1390.6357601461000       0.37196508049964905        3.4298028796911240E-002  0.98479998344269448     
   1390.6724501460999       0.50269210338592529        3.8054171949625015E-002  0.97870811001468949     
   1390.7091401460998       0.63011473417282104        4.2607601732015610E-002  0.96949331334072164     
   1390.7458301460997       0.56091892719268799        4.0202584117650986E-002  0.95061897757508051     
   1390.7825201460996       0.66692775487899780        4.3840076774358749E-002  0.90470580274330148     
   1390.8192101460995       0.64101022481918335        4.2982384562492371E-002  0.80733205248143081     
   1390.8559001460994       0.59249973297119141        4.1326548904180527E-002  0.66174480732549068     
   1390.8925901460993       0.49134612083435059        3.7636272609233856E-002  0.53476230232768385     
   1390.9292801460992       0.46257361769676208        3.6520000547170639E-002  0.51969458919873068     
   1390.9659701460992       0.63453149795532227        4.2775373905897141E-002  0.63021748013420609     
   1391.0026601460991       0.73251080513000488        4.5962169766426086E-002  0.77968111634451098     
   1391.0393501460990       0.86394566297531128        4.9918629229068756E-002  0.88920235253507240     
   1391.0760401460989       0.87560188770294189        5.0257198512554169E-002  0.94379747396151270     
   1391.1127301460988        1.0128095149993896        5.4054990410804749E-002  0.96634050914299852     
   1391.1494201460987       0.92943370342254639        5.1785372197628021E-002  0.97664053026262376     
   1391.1861101460986       0.94296628236770630        5.2164103835821152E-002  0.98299917882985055     
   1391.2228001460985       0.96171599626541138        5.2683290094137192E-002  0.98772546624041890     
   1391.2594901460984        1.0911364555358887        5.6119706481695175E-002  0.99114524004438920     
   1391.2961801460983        1.0785453319549561        5.5798355489969254E-002  0.99334266629066581     
   1391.3328701460982       0.94962865114212036        5.2360612899065018E-002  0.99467886552305573     
   1391.3695601460981        1.0680168867111206        5.5531963706016541E-002  0.99560862290213292     
   1391.4062501460980        1.0879365205764771        5.6050807237625122E-002  0.99642979802025355     
   1391.4429401460980        1.0417813062667847        5.4852116852998734E-002  0.99720811241596918     
   1391.4796301460979       0.89140194654464722        5.0742089748382568E-002  0.99788089179521677     
   1391.5163201460978        1.0024409294128418        5.3812902420759201E-002  0.99839861101169325     
   1391.5530101460977       0.99343174695968628        5.3573701530694962E-002  0.99876828024486164     
   1391.5897001460976       0.94815093278884888        5.2341688424348831E-002  0.99902938967884947     
   1391.6263901460975       0.99994701147079468        5.3755469620227814E-002   1.0000000000000000     
   1391.6630801460974       0.89095455408096313        5.0744272768497467E-002   1.0000000000000000     
   1391.6997701460973       0.91685903072357178        5.1479760557413101E-002   1.0000000000000000     
   1391.7364601460972       0.93633043766021729        5.2026581019163132E-002   1.0000000000000000     
   1391.7731501460971       0.84985965490341187        4.9569047987461090E-002   1.0000000000000000     
   1391.8098401460970       0.84116411209106445        4.9317624419927597E-002   1.0000000000000000     
   1391.8465301460969       0.97779041528701782        5.3175359964370728E-002   1.0000000000000000     
   1391.8832201460968       0.96650016307830811        5.2870482206344604E-002   1.0000000000000000     
   1391.9199101460968       0.89101839065551758        5.0766941159963608E-002   1.0000000000000000     
   1391.9566001460967       0.81337207555770874        4.8507399857044220E-002   1.0000000000000000     
   1391.9932901460966       0.80088800191879272        4.8136562108993530E-002   1.0000000000000000     
   1392.0299801460965       0.80167341232299805        4.8162944614887238E-002   1.0000000000000000     
   1392.0666701460964       0.79699939489364624        4.8025164753198624E-002   1.0000000000000000     
   1392.1033601460963       0.76770490407943726        4.7137089073657990E-002   1.0000000000000000     
   1392.1400501460962       0.85121172666549683        4.9637477844953537E-002   1.0000000000000000     
   1392.1767401460961       0.91746944189071655        5.1536165177822113E-002   1.0000000000000000     
   1392.2134301460960       0.85257071256637573        4.9682866781949997E-002   1.0000000000000000     
   1392.2501201460959       0.90758752822875977        5.1263771951198578E-002   1.0000000000000000     
   1392.2868101460958       0.84190952777862549        4.9376990646123886E-002   1.0000000000000000     
   1392.3235001460957       0.93141269683837891        5.1938291639089584E-002   1.0000000000000000     
   1392.3601901460956       0.94096738100051880        5.2207078784704208E-002   1.0000000000000000     
   1392.3968801460956       0.97557628154754639        5.3161427378654480E-002   1.0000000000000000     
   1392.4335701460955        1.0023461580276489        5.3889088332653046E-002   1.0000000000000000     
   1392.4702601460954        1.0491238832473755        5.5135332047939301E-002   1.0000000000000000     
   1392.5069501460953       0.95424485206604004        5.2586149424314499E-002   1.0000000000000000     
   1392.5436401460952       0.97126108407974243        5.3056035190820694E-002   1.0000000000000000     
   1392.5803301460951       0.94423830509185791        5.2315700799226761E-002   1.0000000000000000     
   1392.6170201460950       0.94233524799346924        5.2265983074903488E-002   1.0000000000000000     
   1392.6537101460949       0.79632145166397095        4.8049114644527435E-002   1.0000000000000000     
   1392.6904001460948       0.86006098985671997        4.9938008189201355E-002   1.0000000000000000     
   1392.7270901460947       0.95101231336593628        5.2515037357807159E-002   1.0000000000000000     
   1392.7637801460946       0.95109641551971436        5.2520412951707840E-002   1.0000000000000000     
   1392.8004701460945        1.0228818655014038        5.4469347000122070E-002   1.0000000000000000     
   1392.8371601460944       0.93543905019760132        5.2091937512159348E-002   1.0000000000000000     
   1392.8738501460944       0.97808080911636353        5.3268957883119583E-002   1.0000000000000000     
   1392.9105401460943       0.89116054773330688        5.0849523395299911E-002   1.0000000000000000     
   1392.9472301460942       0.93295836448669434        5.2031148225069046E-002   1.0000000000000000     
   1392.9839201460941       0.87842774391174316        5.0490077584981918E-002   1.0000000000000000     
   1393.0206101460940       0.97082287073135376        5.3081702440977097E-002   1.0000000000000000     
   1393.0573001460939       0.89256602525711060        5.0899866968393326E-002   1.0000000000000000     
   1393.0939901460938       0.92900192737579346        5.1930774003267288E-002   1.0000000000000000     
   1393.1306801460937       0.90738213062286377        5.1325332373380661E-002   1.0000000000000000     
   1393.1673701460936       0.93836092948913574        5.2196510136127472E-002   1.0000000000000000     
   1393.2040601460935       0.85850620269775391        4.9928441643714905E-002   1.0000000000000000     
   1393.2407501460934       0.98408007621765137        5.3457781672477722E-002   1.0000000000000000     
   1393.2774401460933       0.86538958549499512        5.0132617354393005E-002   1.0000000000000000     
   1393.3141301460932       0.96111673116683960        5.2834857255220413E-002   1.0000000000000000     
   1393.3508201460932       0.92722898721694946        5.1897298544645309E-002   1.0000000000000000     
   1393.3875101460931       0.88018989562988281        5.0565887242555618E-002   1.0000000000000000     
   1393.4242001460930       0.94517266750335693        5.2401278167963028E-002   1.0000000000000000     
!  ---- tick mark positions for above ----
!      1390.91711     1     1
