      1.00000   5.5605460e-06
      2.00000   5.5995001e-06
      3.00000   5.6100489e-06
      4.00000   5.6273830e-06
      5.00000   5.6604167e-06
      6.00000   5.6981303e-06
      7.00000   5.7209363e-06
      8.00000   5.7277052e-06
      9.00000   5.7347120e-06
      10.0000   5.7552670e-06
      11.0000   5.7914831e-06
      12.0000   5.8408255e-06
      13.0000   5.9047861e-06
      14.0000   5.9831236e-06
      15.0000   6.0697239e-06
      16.0000   6.1620262e-06
      17.0000   6.2695331e-06
      18.0000   6.4015189e-06
      19.0000   6.5553259e-06
      20.0000   6.7169090e-06
      21.0000   6.8771560e-06
      22.0000   7.0367564e-06
      23.0000   7.1874638e-06
      24.0000   7.3132196e-06
      25.0000   7.4110681e-06
      26.0000   7.4911140e-06
      27.0000   7.5586904e-06
      28.0000   7.6095585e-06
      29.0000   7.6467331e-06
      30.0000   7.6829474e-06
      31.0000   7.7241866e-06
      32.0000   7.7684699e-06
      33.0000   7.8222993e-06
      34.0000   7.9101510e-06
      35.0000   8.0554355e-06
      36.0000   8.2554452e-06
      37.0000   8.4898302e-06
      38.0000   8.7441231e-06
      39.0000   9.0211324e-06
      40.0000   9.3301423e-06
      41.0000   9.6687772e-06
      42.0000   1.0013943e-05
      43.0000   1.0339940e-05
      44.0000   1.0642249e-05
      45.0000   1.0928800e-05
      46.0000   1.1193826e-05
      47.0000   1.1410006e-05
      48.0000   1.1552143e-05
      49.0000   1.1617332e-05
      50.0000   1.1627526e-05
      51.0000   1.1623129e-05
      52.0000   1.1638042e-05
      53.0000   1.1683602e-05
      54.0000   1.1768233e-05
      55.0000   1.1916814e-05
      56.0000   1.2149416e-05
      57.0000   1.2462616e-05
      58.0000   1.2849819e-05
      59.0000   1.3326515e-05
      60.0000   1.3915987e-05
      61.0000   1.4610364e-05
      62.0000   1.5356545e-05
      63.0000   1.6080310e-05
      64.0000   1.6723174e-05
      65.0000   1.7274329e-05
      66.0000   1.7767203e-05
      67.0000   1.8237786e-05
      68.0000   1.8707879e-05
      69.0000   1.9197121e-05
      70.0000   1.9698879e-05
      71.0000   2.0173273e-05
      72.0000   2.0609401e-05
      73.0000   2.1093216e-05
      74.0000   2.1733964e-05
      75.0000   2.2544496e-05
      76.0000   2.3437349e-05
      77.0000   2.4289875e-05
      78.0000   2.5020647e-05
      79.0000   2.5661102e-05
      80.0000   2.6371876e-05
      81.0000   2.7338847e-05
      82.0000   2.8616299e-05
      83.0000   3.0079884e-05
      84.0000   3.1528205e-05
      85.0000   3.2807489e-05
      86.0000   3.3867480e-05
      87.0000   3.4729630e-05
      88.0000   3.5450292e-05
      89.0000   3.6119043e-05
      90.0000   3.6838628e-05
      91.0000   3.7664358e-05
      92.0000   3.8579605e-05
      93.0000   3.9546201e-05
      94.0000   4.0631083e-05
      95.0000   4.2060998e-05
      96.0000   4.4087730e-05
      97.0000   4.6818201e-05
      98.0000   5.0268929e-05
      99.0000   5.4453798e-05
      100.000   5.9232254e-05
      101.000   6.4279935e-05
      102.000   6.9422822e-05
      103.000   7.4868636e-05
      104.000   8.1039725e-05
      105.000   8.8292858e-05
      106.000   9.6828211e-05
      107.000   0.00010667443
      108.000   0.00011762876
      109.000   0.00012933805
      110.000   0.00014150115
      111.000   0.00015399765
      112.000   0.00016698122
      113.000   0.00018096995
      114.000   0.00019669779
      115.000   0.00021475028
      116.000   0.00023532292
      117.000   0.00025825287
      118.000   0.00028346019
      119.000   0.00031130202
      120.000   0.00034231105
      121.000   0.00037669053
      122.000   0.00041466099
      123.000   0.00045732339
      124.000   0.00050600898
      125.000   0.00056063029
      126.000   0.00061958685
      127.000   0.00068102899
      128.000   0.00074300804
      129.000   0.00080249587
      130.000   0.00085644668
      131.000   0.00090387347
      132.000   0.00094719243
      133.000   0.00099171116
      134.000    0.0010451241
      135.000    0.0011162860
      136.000    0.0012133842
      137.000    0.0013448375
      138.000    0.0015189124
      139.000    0.0017388667
      140.000    0.0020019081
      141.000    0.0023058685
      142.000    0.0026576945
      143.000    0.0030705342
      144.000    0.0035380367
      145.000    0.0040232986
      146.000    0.0044947467
      147.000    0.0049656155
      148.000    0.0054839957
      149.000    0.0061361268
      150.000    0.0070945038
      151.000    0.0085710399
      152.000     0.010688999
      153.000     0.013538820
      154.000     0.017474318
      155.000     0.023290852
      156.000     0.031948689
      157.000     0.044014286
      158.000     0.059178222
      159.000     0.075574182
      160.000     0.089072466
      161.000     0.094593167
      162.000     0.090107672
      163.000     0.078293584
      164.000     0.063431710
      165.000     0.048830800
      166.000     0.036375660
      167.000     0.026723307
      168.000     0.019693173
      169.000     0.014736426
      170.000     0.011280368
      171.000    0.0088839401
      172.000    0.0072566131
      173.000    0.0062078219
      174.000    0.0055684876
      175.000    0.0051425970
      176.000    0.0047557419
      177.000    0.0043179672
      178.000    0.0038271155
      179.000    0.0033246835
      180.000    0.0028520687
      181.000    0.0024387718
      182.000    0.0020979319
      183.000    0.0018237729
      184.000    0.0016051407
      185.000    0.0014336018
      186.000    0.0012998921
      187.000    0.0011863629
      188.000    0.0010716168
      189.000   0.00094460399
      190.000   0.00081203779
      191.000   0.00068932876
      192.000   0.00058732630
      193.000   0.00050855381
      194.000   0.00045051696
      195.000   0.00040782741
      196.000   0.00037348288
      197.000   0.00034156232
      198.000   0.00030941260
      199.000   0.00027684827
      200.000   0.00024525539
      201.000   0.00021699138
      202.000   0.00019392498
      203.000   0.00017627639
      204.000   0.00016301991
      205.000   0.00015269697
      206.000   0.00014412156
      207.000   0.00013654018
      208.000   0.00012943018
      209.000   0.00012235154
      210.000   0.00011511279
      211.000   0.00010777360
      212.000   0.00010042502
      213.000   9.3108036e-05
      214.000   8.5999556e-05
      215.000   7.9529178e-05
      216.000   7.3973541e-05
      217.000   6.9151552e-05
      218.000   6.4684660e-05
      219.000   6.0367591e-05
      220.000   5.6207089e-05
      221.000   5.2331001e-05
      222.000   4.8883285e-05
      223.000   4.5956524e-05
      224.000   4.3565764e-05
      225.000   4.1631949e-05
      226.000   4.0034876e-05
      227.000   3.8672093e-05
      228.000   3.7476530e-05
      229.000   3.6425412e-05
      230.000   3.5518413e-05
      231.000   3.4760727e-05
      232.000   3.4115561e-05
      233.000   3.3468554e-05
      234.000   3.2658467e-05
      235.000   3.1578908e-05
      236.000   3.0266097e-05
      237.000   2.8887145e-05
      238.000   2.7582397e-05
      239.000   2.6370812e-05
      240.000   2.5225903e-05
      241.000   2.4160092e-05
      242.000   2.3226326e-05
      243.000   2.2453083e-05
      244.000   2.1821621e-05
      245.000   2.1286689e-05
      246.000   2.0803467e-05
      247.000   2.0341495e-05
      248.000   1.9904952e-05
      249.000   1.9514428e-05
      250.000   1.9157142e-05
      251.000   1.8786857e-05
      252.000   1.8389490e-05
      253.000   1.7987672e-05
      254.000   1.7585538e-05
      255.000   1.7147531e-05
      256.000   1.6623380e-05
      257.000   1.5992475e-05
      258.000   1.5285017e-05
      259.000   1.4553080e-05
      260.000   1.3830214e-05
      261.000   1.3129158e-05
      262.000   1.2460388e-05
      263.000   1.1839747e-05
      264.000   1.1295044e-05
      265.000   1.0869537e-05
      266.000   1.0596247e-05
      267.000   1.0464617e-05
      268.000   1.0423457e-05
      269.000   1.0413927e-05
      270.000   1.0407625e-05
      271.000   1.0410872e-05
      272.000   1.0433959e-05
      273.000   1.0468430e-05
      274.000   1.0485908e-05
      275.000   1.0453347e-05
      276.000   1.0352046e-05
      277.000   1.0182616e-05
      278.000   9.9590106e-06
      279.000   9.7010543e-06
      280.000   9.4221914e-06
      281.000   9.1205966e-06
      282.000   8.7956441e-06
      283.000   8.4645044e-06
      284.000   8.1573335e-06
      285.000   7.8983821e-06
      286.000   7.6935667e-06
      287.000   7.5375401e-06
      288.000   7.4230688e-06
      289.000   7.3386568e-06
      290.000   7.2701978e-06
      291.000   7.2155831e-06
      292.000   7.1838540e-06
      293.000   7.1750082e-06
      294.000   7.1695754e-06
      295.000   7.1432405e-06
      296.000   7.0845649e-06
      297.000   7.0002184e-06
      298.000   6.9010052e-06
      299.000   6.7936253e-06
      300.000   6.6822763e-06
      301.000   6.5699605e-06
      302.000   6.4589194e-06
      303.000   6.3488542e-06
      304.000   6.2319295e-06
      305.000   6.1029950e-06
      306.000   5.9730655e-06
      307.000   5.8643554e-06
      308.000   5.7875850e-06
      309.000   5.7392804e-06
      310.000   5.7166703e-06
      311.000   5.7193320e-06
      312.000   5.7406060e-06
      313.000   5.7667221e-06
      314.000   5.7819107e-06
      315.000   5.7735365e-06
      316.000   5.7441066e-06
      317.000   5.7186298e-06
      318.000   5.7214747e-06
      319.000   5.7495022e-06
      320.000   5.7650900e-06
      321.000       0.0000000
