! -------------------------
   1496.9742431640625        1.0753946304321289        8.8748678565025330E-002   1.0000000000000000     
   1497.0109863281250       0.99793177843093872        8.5514925420284271E-002   1.0000000000000000     
   1497.0476074218750        1.0217530727386475        8.7921410799026489E-002   1.0000000000000000     
   1497.0843505859375        1.0184710025787354        8.6014136672019958E-002   1.0000000000000000     
   1497.1209716796875        1.0753166675567627        8.8314361870288849E-002   1.0000000000000000     
   1497.1577148437500        1.0467675924301147        8.9247018098831177E-002   1.0000000000000000     
   1497.1944580078125        1.0624272823333740        9.0169280767440796E-002   1.0000000000000000     
   1497.2310791015625        1.0951511859893799        8.9324310421943665E-002   1.0000000000000000     
   1497.2678222656250       0.89154905080795288        8.2028001546859741E-002   1.0000000000000000     
   1497.3044433593750       0.93108546733856201        8.3062432706356049E-002   1.0000000000000000     
   1497.3411865234375       0.95925021171569824        8.3676412701606750E-002   1.0000000000000000     
   1497.3778076171875       0.99571067094802856        8.6685799062252045E-002   1.0000000000000000     
   1497.4145507812500        1.0177839994430542        8.6232088506221771E-002   1.0000000000000000     
   1497.4512939453125       0.96782624721527100        8.4389075636863708E-002   1.0000000000000000     
   1497.4879150390625        1.0383924245834351        8.9143462479114532E-002   1.0000000000000000     
   1497.5246582031250       0.96075475215911865        8.4358282387256622E-002   1.0000000000000000     
   1497.5612792968750        1.0396543741226196        8.7698206305503845E-002   1.0000000000000000     
   1497.5980224609375       0.93421131372451782        8.2692541182041168E-002   1.0000000000000000     
   1497.6346435546875        1.0293020009994507        8.6693599820137024E-002   1.0000000000000000     
   1497.6713867187500       0.83378583192825317        7.8320950269699097E-002   1.0000000000000000     
   1497.7081298828125        1.0323100090026855        8.6924470961093903E-002   1.0000000000000000     
   1497.7447509765625        1.0335588455200195        8.7159998714923859E-002   1.0000000000000000     
   1497.7814941406250        1.1702334880828857        9.2167071998119354E-002   1.0000000000000000     
   1497.8181152343750        1.1278904676437378        9.0746745467185974E-002   1.0000000000000000     
   1497.8548583984375        1.1206043958663940        9.1304346919059753E-002   1.0000000000000000     
   1497.8914794921875        1.0318301916122437        8.6710222065448761E-002   1.0000000000000000     
   1497.9282226562500        1.0683178901672363        8.8591724634170532E-002   1.0000000000000000     
   1497.9648437500000       0.93123292922973633        8.3025872707366943E-002   1.0000000000000000     
   1498.0015869140625        1.1371122598648071        9.1855563223361969E-002   1.0000000000000000     
   1498.0383300781250        1.0895131826400757        8.8916294276714325E-002   1.0000000000000000     
   1498.0749511718750       0.88025689125061035        8.1453502178192139E-002   1.0000000000000000     
   1498.1116943359375       0.87587797641754150        8.0435216426849365E-002   1.0000000000000000     
   1498.1483154296875       0.88938367366790771        8.2109451293945312E-002   1.0000000000000000     
   1498.1850585937500       0.82102417945861816        7.8132174909114838E-002   1.0000000000000000     
   1498.2216796875000       0.77198785543441772        7.7198341488838196E-002   1.0000000000000000     
   1498.2584228515625       0.81461501121520996        7.7117770910263062E-002   1.0000000000000000     
   1498.2951660156250       0.71822261810302734        7.3596887290477753E-002   1.0000000000000000     
   1498.3317871093750       0.98401647806167603        8.4984675049781799E-002   1.0000000000000000     
   1498.3685302734375       0.93660080432891846        8.3879746496677399E-002   1.0000000000000000     
   1498.4051513671875       0.96834778785705566        8.3505630493164062E-002   1.0000000000000000     
   1498.4418945312500        1.0704537630081177        8.8707372546195984E-002   1.0000000000000000     
   1498.4785156250000       0.81461709737777710        7.7417477965354919E-002   1.0000000000000000     
   1498.5152587890625       0.94378256797790527        8.5143119096755981E-002   1.0000000000000000     
   1498.5518798828125       0.96392506361007690        8.5216730833053589E-002   1.0000000000000000     
   1498.5886230468750        1.0867550373077393        8.9471988379955292E-002   1.0000000000000000     
   1498.6253662109375       0.98066663742065430        8.5526406764984131E-002   1.0000000000000000     
   1498.6619873046875        1.0891717672348022        8.9734211564064026E-002   1.0000000000000000     
   1498.6987304687500        1.0930793285369873        8.9265592396259308E-002   1.0000000000000000     
   1498.7353515625000        1.0701969861984253        8.9115805923938751E-002   1.0000000000000000     
   1498.7720947265625        1.0475597381591797        8.8376142084598541E-002   1.0000000000000000     
   1498.8087158203125       0.99682897329330444        8.6037315428256989E-002  0.99879639236320417     
   1498.8454589843750       0.94408959150314331        8.3783201873302460E-002  0.99871855198398640     
   1498.8822021484375       0.98473054170608521        8.5820436477661133E-002  0.99863104523973290     
   1498.9188232421875        1.1030820608139038        9.0371310710906982E-002  0.99853334957721529     
   1498.9555664062500       0.90160626173019409        8.1345476210117340E-002  0.99842549368984734     
   1498.9921875000000        1.0717502832412720        9.0088695287704468E-002  0.99830681489647299     
   1499.0289306640625       0.98839646577835083        8.5848659276962280E-002  0.99817446758029738     
   1499.0655517578125       0.94316464662551880        8.5072994232177734E-002  0.99802287735929573     
   1499.1022949218750        1.1018571853637695        8.9971669018268585E-002  0.99784359040257475     
   1499.1390380859375       0.99537223577499390        8.5634857416152954E-002  0.99762417559221372     
   1499.1756591796875       0.87665265798568726        8.1724472343921661E-002  0.99734684758981906     
   1499.2124023437500        1.0278397798538208        8.8409148156642914E-002  0.99698725911583652     
   1499.2490234375000       0.97676229476928711        8.5486344993114471E-002  0.99651076031030739     
   1499.2857666015625        1.0653079748153687        8.8502362370491028E-002  0.99586816523627242     
   1499.3223876953125        1.0248976945877075        8.7129220366477966E-002  0.99498347920930075     
   1499.3591308593750       0.86508321762084961        8.0019764602184296E-002  0.99370912770564457     
   1499.3957519531250       0.98853498697280884        8.6367346346378326E-002  0.99180172543275669     
   1499.4324951171875       0.86828315258026123        8.1119932234287262E-002  0.98885476229683145     
   1499.4692382812500       0.77113395929336548        7.8671000897884369E-002  0.98420986128539545     
   1499.5058593750000        1.0278612375259399        8.7688766419887543E-002  0.97687756989382091     
   1499.5426025390625        1.0381207466125488        8.7540470063686371E-002  0.96553826139103782     
   1499.5792236328125        1.1210880279541016        9.0695947408676147E-002  0.94872561265940425     
   1499.6159667968750       0.81836843490600586        8.0034643411636353E-002  0.92526631452841823     
   1499.6525878906250       0.87789684534072876        8.1238828599452972E-002  0.89492781565944712     
   1499.6893310546875       0.89436537027359009        8.1270366907119751E-002  0.85904389574571860     
   1499.7260742187500       0.95053637027740479        8.3904139697551727E-002  0.82074996431044134     
   1499.7626953125000       0.65466672182083130        7.1239918470382690E-002  0.78454264222325787     
   1499.7994384765625       0.78864353895187378        7.8071221709251404E-002  0.75530311262529581     
   1499.8360595703125       0.73436975479125977        7.4596770107746124E-002  0.73718670977049072     
   1499.8728027343750       0.71489375829696655        7.2805315256118774E-002  0.73274129502607976     
   1499.9094238281250       0.83263581991195679        7.8446574509143829E-002  0.74241091497353728     
   1499.9461669921875       0.75055247545242310        7.5546734035015106E-002  0.76440115257662622     
   1499.9829101562500       0.78327602148056030        7.6506875455379486E-002  0.79493042047383378     
   1500.0195312500000       0.79813802242279053        7.7751368284225464E-002  0.82897941206703940     
   1500.0562744140625       0.82609784603118896        7.9512521624565125E-002  0.86136999237217460     
   1500.0928955078125       0.85198318958282471        8.0948740243911743E-002  0.88787878645309115     
   1500.1296386718750       0.92773693799972534        8.3793982863426208E-002  0.90588044247894428     
   1500.1662597656250       0.87848186492919922        8.1044562160968781E-002  0.91354034859769151     
   1500.2030029296875       0.85248792171478271        8.0313853919506073E-002  0.90743456132113121     
   1500.2396240234375       0.89946961402893066        8.2142651081085205E-002  0.87824476415855246     
   1500.2763671875000       0.81906145811080933        7.8608058393001556E-002  0.80541182210841855     
   1500.3131103515625       0.74943244457244873        7.4985727667808533E-002  0.66283683770545465     
   1500.3497314453125       0.72112649679183960        7.3946267366409302E-002  0.45773720869853057     
   1500.3864746093750       0.39563232660293579        5.9564922004938126E-002  0.26248236873555703     
   1500.4230957031250       0.25183773040771484        4.8502456396818161E-002  0.14176943350041182     
   1500.4598388671875       0.16447155177593231        3.8950037211179733E-002   8.5732913209155895E-002
   1500.4964599609375        6.7001856863498688E-002   2.6170678436756134E-002   5.9866654106465252E-002
   1500.5332031250000        6.3214808702468872E-002   2.5602454319596291E-002   4.5494920978178942E-002
   1500.5699462890625        4.1753806173801422E-002   2.3234935477375984E-002   3.6148264469567259E-002
   1500.6065673828125        1.9763657823204994E-002   1.6565816476941109E-002   2.9331047050079537E-002
   1500.6433105468750        1.2408182956278324E-002   1.4031648635864258E-002   2.3992951599382629E-002
   1500.6799316406250        2.9688319191336632E-002   2.0290317013859749E-002   1.9865704144818013E-002
   1500.7166748046875        2.1430019289255142E-002   1.6835572198033333E-002   1.6920041517601687E-002
   1500.7532958984375       -3.5046776756644249E-003   1.4241375960409641E-002   1.5015792209318901E-002
   1500.7900390625000       -9.1292131692171097E-003   8.3917798474431038E-003   1.3925830356078544E-002
   1500.8266601562500        1.5961965546011925E-002   1.5479853376746178E-002   1.3464794522095256E-002
   1500.8634033203125        7.1694422513246536E-003   1.6385605558753014E-002   1.3662657924320162E-002
   1500.9001464843750        2.8557753190398216E-002   2.0101279020309448E-002   1.4748513257388440E-002
   1500.9367675781250        2.2270230576395988E-002   1.7025465145707130E-002   1.7011463333132998E-002
   1500.9735107421875        1.5794683247804642E-002   1.7036108300089836E-002   2.0936001430599389E-002
   1501.0101318359375        2.2439967840909958E-002   1.7907157540321350E-002   2.6670411190018197E-002
   1501.0468750000000        1.4666694216430187E-002   1.8198890611529350E-002   3.4336964828937243E-002
   1501.0834960937500        8.1670105457305908E-002   2.8418131172657013E-002   4.5244021802615303E-002
   1501.1202392578125       0.10055907815694809        3.1027836725115776E-002   6.3264988844079606E-002
   1501.1569824218750        9.6964627504348755E-002   3.0658060684800148E-002   9.9768185688545688E-002
   1501.1936035156250       0.20659177005290985        4.0940474718809128E-002  0.18736021757943702     
   1501.2303466796875       0.33280819654464722        5.2845858037471771E-002  0.37778896524581790     
   1501.2669677734375       0.65816301107406616        7.2365745902061462E-002  0.62149718971384360     
   1501.3037109375000       0.79069155454635620        7.8191988170146942E-002  0.78882188785921159     
   1501.3403320312500       0.95201820135116577        8.4646441042423248E-002  0.86879858651303410     
   1501.3770751953125       0.91556710004806519        8.4187388420104980E-002  0.90670892670038228     
   1501.4138183593750       0.90682721138000488        8.2297995686531067E-002  0.92862260761476290     
   1501.4504394531250       0.99650895595550537        8.6960367858409882E-002  0.94313748075637216     
   1501.4871826171875       0.97374087572097778        8.6285248398780823E-002  0.95374759231549211     
   1501.5238037109375       0.87760311365127563        8.2529917359352112E-002  0.96219636605102299     
   1501.5605468750000        1.0856701135635376        8.9936673641204834E-002  0.96911353292568203     
   1501.5971679687500        1.1303114891052246        9.2946656048297882E-002  0.97455822626884847     
   1501.6339111328125        1.1479779481887817        9.3030646443367004E-002  0.97872789057139986     
   1501.6705322265625        1.0460447072982788        8.8190749287605286E-002  0.98191457713972430     
   1501.7072753906250        1.0996654033660889        9.0377449989318848E-002  0.98446402795435928     
   1501.7440185546875       0.93775594234466553        8.5335023701190948E-002  0.98662470931403456     
   1501.7806396484375       0.99408143758773804        8.6100868880748749E-002  0.98850118350180383     
   1501.8173828125000        1.0123344659805298        9.0239964425563812E-002  0.99009155420332473     
   1501.8540039062500       0.94869470596313477        8.5118964314460754E-002  0.99137025872486595     
   1501.8907470703125       0.95173066854476929        8.4498263895511627E-002  0.99237820930242437     
   1501.9273681640625       0.87683171033859253        8.3386175334453583E-002  0.99318650919872020     
   1501.9641113281250       0.96612954139709473        8.5612021386623383E-002  0.99385602779991800     
   1502.0008544921875       0.90331059694290161        8.2530550658702850E-002  0.99442315706297402     
   1502.0374755859375        1.0049664974212646        8.6642846465110779E-002  0.99490638644995910     
   1502.0742187500000       0.97614914178848267        8.5791878402233124E-002  0.99531858111115934     
   1502.1108398437500        1.0097161531448364        8.6539760231971741E-002  0.99566921522909435     
   1502.1475830078125       0.96732878684997559        8.5719794034957886E-002  0.99596783436280134     
   1502.1842041015625       0.91426187753677368        8.5141994059085846E-002  0.99622699862207353     
   1502.2209472656250        1.0514372587203979        8.8537268340587616E-002  0.99645999391692242     
   1502.2576904296875       0.96959751844406128        8.4983661770820618E-002  0.99667362920544622     
   1502.2943115234375        1.0963047742843628        9.0988986194133759E-002  0.99687333904132724     
   1502.3310546875000        1.1098936796188354        9.2692352831363678E-002  0.99706639467004532     
   1502.3676757812500       0.93971806764602661        8.5067696869373322E-002  0.99725321709772619     
   1502.4044189453125        1.0751405954360962        9.0176291763782501E-002   1.0000000000000000     
   1502.4410400390625        1.0973839759826660        9.0236335992813110E-002   1.0000000000000000     
   1502.4777832031250        1.0702317953109741        9.0634293854236603E-002   1.0000000000000000     
   1502.5144042968750       0.99536287784576416        8.6792774498462677E-002   1.0000000000000000     
   1502.5511474609375        1.0406168699264526        9.0284340083599091E-002   1.0000000000000000     
   1502.5878906250000       0.97735804319381714        8.7211124598979950E-002   1.0000000000000000     
   1502.6245117187500        1.0632058382034302        8.9448489248752594E-002   1.0000000000000000     
   1502.6612548828125        1.0025742053985596        8.7256573140621185E-002   1.0000000000000000     
   1502.6978759765625        1.0911165475845337        9.1064669191837311E-002   1.0000000000000000     
   1502.7346191406250        1.1006510257720947        9.0829521417617798E-002   1.0000000000000000     
   1502.7712402343750        1.0857183933258057        9.0741634368896484E-002   1.0000000000000000     
   1502.8079833984375       0.99225777387619019        8.7227918207645416E-002   1.0000000000000000     
   1502.8447265625000        1.0854293107986450        9.1305017471313477E-002   1.0000000000000000     
   1502.8813476562500        1.0789113044738770        9.0489424765110016E-002   1.0000000000000000     
   1502.9180908203125        1.0638318061828613        9.0041652321815491E-002   1.0000000000000000     
   1502.9547119140625       0.88696539402008057        8.2897119224071503E-002   1.0000000000000000     
   1502.9914550781250        1.1410313844680786        9.3358367681503296E-002   1.0000000000000000     
   1503.0280761718750       0.97943562269210815        8.9014828205108643E-002   1.0000000000000000     
   1503.0648193359375       0.93189710378646851        8.6535453796386719E-002   1.0000000000000000     
   1503.1014404296875        1.0121980905532837        8.7605930864810944E-002   1.0000000000000000     
   1503.1381835937500        1.1237426996231079        9.2815414071083069E-002   1.0000000000000000     
   1503.1749267578125       0.99372005462646484        8.6973465979099274E-002   1.0000000000000000     
   1503.2115478515625       0.99002367258071899        8.6620643734931946E-002   1.0000000000000000     
   1503.2482910156250        1.0465430021286011        8.9887544512748718E-002   1.0000000000000000     
   1503.2849121093750       0.95263761281967163        8.5012093186378479E-002   1.0000000000000000     
   1503.3216552734375        1.0744186639785767        9.0393684804439545E-002   1.0000000000000000     
   1503.3582763671875        1.1238639354705811        9.2681229114532471E-002   1.0000000000000000     
   1503.3950195312500        1.0536310672760010        8.9694507420063019E-002   1.0000000000000000     
   1503.4317626953125       0.94579809904098511        8.5452400147914886E-002   1.0000000000000000     
   1503.4683837890625       0.90772628784179688        8.3824299275875092E-002   1.0000000000000000     
   1503.5051269531250       0.94709903001785278        8.5024788975715637E-002   1.0000000000000000     
   1503.5417480468750       0.83831703662872314        8.2252211868762970E-002   1.0000000000000000     
   1503.5784912109375       0.99788844585418701        8.8108763098716736E-002   1.0000000000000000     
   1503.6151123046875       0.91904789209365845        8.4241151809692383E-002   1.0000000000000000     
   1503.6518554687500       0.84938067197799683        8.0678313970565796E-002   1.0000000000000000     
   1503.6885986328125       0.90913075208663940        8.3070494234561920E-002   1.0000000000000000     
   1503.7252197265625       0.75391834974288940        7.7171064913272858E-002   1.0000000000000000     
   1503.7619628906250       0.58561593294143677        6.8298079073429108E-002   1.0000000000000000     
   1503.7985839843750       0.55417478084564209        6.7916817963123322E-002   1.0000000000000000     
   1503.8353271484375       0.59408676624298096        6.8802036345005035E-002   1.0000000000000000     
   1503.8719482421875       0.41145008802413940        5.8848265558481216E-002   1.0000000000000000     
   1503.9086914062500       0.35061740875244141        5.2707590162754059E-002   1.0000000000000000     
   1503.9453125000000       0.34765338897705078        5.3297899663448334E-002   1.0000000000000000     
   1503.9820556640625       0.28787714242935181        4.9997344613075256E-002   1.0000000000000000     
   1504.0187988281250       0.40516117215156555        5.6788589805364609E-002   1.0000000000000000     
   1504.0554199218750       0.39112123847007751        5.5378675460815430E-002   1.0000000000000000     
   1504.0921630859375       0.45876044034957886        5.9813480824232101E-002   1.0000000000000000     
   1504.1287841796875       0.72762113809585571        7.4352063238620758E-002   1.0000000000000000     
   1504.1655273437500       0.64334028959274292        7.0527337491512299E-002   1.0000000000000000     
   1504.2021484375000       0.63245719671249390        6.9493681192398071E-002   1.0000000000000000     
!  ---- tick mark positions for above ----
!      1500.56791     2     1
!      1500.78777     2     2
!      1501.00584     2     3
!      1499.86752     1     4
