! -------------------------
   1338.0178222656250       0.25578767061233521        5.4987177252769470E-002   1.0000000000000000     
   1338.0477294921875       0.46342462301254272        7.1141950786113739E-002   1.0000000000000000     
   1338.0776367187500       0.71981018781661987        8.3831034600734711E-002   1.0000000000000000     
   1338.1075439453125       0.84155279397964478        8.7880469858646393E-002   1.0000000000000000     
   1338.1374511718750       0.92597162723541260        9.0510979294776917E-002   1.0000000000000000     
   1338.1673583984375       0.92905551195144653        9.1352634131908417E-002   1.0000000000000000     
   1338.1972656250000       0.93190026283264160        9.0148568153381348E-002   1.0000000000000000     
   1338.2271728515625       0.70125305652618408        7.7407903969287872E-002   1.0000000000000000     
   1338.2570800781250       0.49958452582359314        6.4713306725025177E-002   1.0000000000000000     
   1338.2869873046875       0.31291031837463379        5.1582988351583481E-002   1.0000000000000000     
   1338.3168945312500       0.21905001997947693        4.4656343758106232E-002   1.0000000000000000     
   1338.3468017578125       0.15368396043777466        3.7668667733669281E-002   1.0000000000000000     
   1338.3767089843750       0.15873229503631592        3.5569000989198685E-002   1.0000000000000000     
   1338.4066162109375       0.22400034964084625        4.2386509478092194E-002   1.0000000000000000     
   1338.4365234375000       0.21576243638992310        4.1632935404777527E-002   1.0000000000000000     
   1338.4664306640625       0.32383018732070923        5.1228035241365433E-002   1.0000000000000000     
   1338.4963378906250       0.55086535215377808        6.1632573604583740E-002   1.0000000000000000     
   1338.5262451171875       0.85864019393920898        7.4604161083698273E-002   1.0000000000000000     
   1338.5561523437500       0.89257782697677612        7.5746357440948486E-002   1.0000000000000000     
   1338.5860595703125       0.92263197898864746        7.6526932418346405E-002   1.0000000000000000     
   1338.6159667968750        1.0679075717926025        8.1346400082111359E-002   1.0000000000000000     
   1338.6458740234375       0.81551957130432129        7.1917951107025146E-002   1.0000000000000000     
   1338.6757812500000       0.81103694438934326        7.1211352944374084E-002   1.0000000000000000     
   1338.7056884765625       0.62689983844757080        6.3304327428340912E-002   1.0000000000000000     
   1338.7355957031250       0.43307915329933167        5.2106473594903946E-002   1.0000000000000000     
   1338.7655029296875       0.28134876489639282        4.3792381882667542E-002   1.0000000000000000     
   1338.7954101562500       0.21584182977676392        3.8152262568473816E-002   1.0000000000000000     
   1338.8253173828125       0.14128878712654114        3.0636981129646301E-002   1.0000000000000000     
   1338.8552246093750        9.6498839557170868E-002   2.7223434299230576E-002   1.0000000000000000     
   1338.8851318359375        9.1528892517089844E-002   2.7496172115206718E-002   1.0000000000000000     
   1338.9150390625000       0.13397982716560364        3.0241452157497406E-002   1.0000000000000000     
   1338.9449462890625       0.21216693520545959        3.6477778106927872E-002   1.0000000000000000     
   1338.9748535156250       0.29332730174064636        4.4219221919775009E-002   1.0000000000000000     
   1339.0047607421875       0.41735795140266418        5.1101624965667725E-002   1.0000000000000000     
   1339.0346679687500       0.59812378883361816        5.8484800159931183E-002   1.0000000000000000     
   1339.0645751953125       0.79279816150665283        6.7375652492046356E-002   1.0000000000000000     
   1339.0944824218750       0.83800816535949707        6.8730428814888000E-002   1.0000000000000000     
   1339.1243896484375       0.89987081289291382        7.1218192577362061E-002   1.0000000000000000     
   1339.1542968750000       0.79945522546768188        6.8121716380119324E-002   1.0000000000000000     
   1339.1842041015625       0.87741827964782715        7.1145027875900269E-002   1.0000000000000000     
   1339.2141113281250       0.79839956760406494        6.8100415170192719E-002   1.0000000000000000     
   1339.2441406250000       0.80365782976150513        6.6585622727870941E-002   1.0000000000000000     
   1339.2740478515625       0.70414650440216064        6.2759317457675934E-002   1.0000000000000000     
   1339.3039550781250       0.53912174701690674        5.5140350013971329E-002   1.0000000000000000     
   1339.3338623046875       0.50212723016738892        5.3461324423551559E-002   1.0000000000000000     
   1339.3637695312500       0.33374884724617004        4.7468636184930801E-002   1.0000000000000000     
   1339.3936767578125       0.23345778882503510        3.8151212036609650E-002   1.0000000000000000     
   1339.4235839843750       0.12440352141857147        2.7314273640513420E-002   1.0000000000000000     
   1339.4534912109375       0.11561296135187149        2.7159703895449638E-002   1.0000000000000000     
   1339.4833984375000        8.7512694299221039E-002   2.3302825167775154E-002   1.0000000000000000     
   1339.5133056640625       0.10527353733778000        2.5426847860217094E-002  0.22227236461491531     
   1339.5432128906250       0.18173480033874512        3.2943900674581528E-002  0.34071106968140041     
   1339.5731201171875       0.25932192802429199        3.8378167897462845E-002  0.48987989249903041     
   1339.6030273437500       0.32155290246009827        4.4991705566644669E-002  0.63263259445531339     
   1339.6329345703125       0.61469686031341553        5.8398455381393433E-002  0.73293035060787559     
   1339.6628417968750       0.68761241436004639        6.3230335712432861E-002  0.77466089557979922     
   1339.6927490234375       0.67592924833297729        6.0795422643423080E-002  0.75671687846008329     
   1339.7226562500000       0.56395941972732544        5.5846437811851501E-002  0.68122304653113874     
   1339.7525634765625       0.53468579053878784        5.4000772535800934E-002  0.55582352548159719     
   1339.7824707031250       0.50200164318084717        5.3492996841669083E-002  0.40653341746104460     
   1339.8123779296875       0.35375630855560303        4.5849446207284927E-002  0.27398350922337106     
   1339.8422851562500       0.25043693184852600        3.9028458297252655E-002  0.18669909815636096     
   1339.8721923828125       0.12669280171394348        3.0889140442013741E-002  0.14861211772399610     
   1339.9020996093750       0.12853322923183441        2.8069322928786278E-002  0.15324289645967057     
   1339.9320068359375       0.17911839485168457        3.2994147390127182E-002  0.19262145169729350     
   1339.9619140625000       0.28783151507377625        4.0890410542488098E-002  0.24399604961326968     
   1339.9918212890625       0.37578457593917847        4.5557077974081039E-002  0.26397637730812412     
   1340.0217285156250       0.38883295655250549        4.6772565692663193E-002  0.22774342562588756     
   1340.0516357421875       0.34483474493026733        4.3858658522367477E-002  0.16139177323165874     
   1340.0815429687500       0.15800118446350098        3.5720571875572205E-002  0.10615629016600044     
   1340.1114501953125       0.13852986693382263        2.8368450701236725E-002   7.7509700058799993E-002
   1340.1413574218750        7.7629968523979187E-002   2.2390391677618027E-002   7.0650138605828597E-002
   1340.1712646484375        9.8849244415760040E-002   2.4752264842391014E-002   8.0041032581802826E-002
   1340.2011718750000        8.3009578287601471E-002   2.2232364863157272E-002  0.10842278101320509     
   1340.2310791015625        8.6791656911373138E-002   2.3338044062256813E-002  0.16809848489802207     
   1340.2609863281250       0.14437355101108551        3.3216632902622223E-002  0.27405053183900180     
   1340.2908935546875       0.25383740663528442        3.8516860455274582E-002  0.42569056853750470     
   1340.3208007812500       0.42721396684646606        5.0075668841600418E-002  0.59410454506196897     
   1340.3507080078125       0.57549428939819336        5.5901624262332916E-002  0.73914209972854328     
   1340.3806152343750       0.76966118812561035        6.3985794782638550E-002  0.83910591422850667     
   1340.4105224609375       0.87493926286697388        6.8312086164951324E-002  0.89718518554356541     
   1340.4404296875000       0.92125737667083740        7.0871159434318542E-002  0.92706197614162356     
   1340.4703369140625       0.85153728723526001        6.8521015346050262E-002  0.94008745779967995     
   1340.5002441406250       0.88327491283416748        6.8102240562438965E-002  0.94165439786376381     
   1340.5301513671875       0.97286516427993774        7.2016231715679169E-002  0.93289390980789333     
   1340.5601806640625       0.96806544065475464        7.2635434567928314E-002  0.91393116349925851     
   1340.5900878906250        1.0286551713943481        7.3200613260269165E-002  0.88696537531274755     
   1340.6199951171875       0.95771688222885132        7.1086511015892029E-002  0.85769094740694296     
   1340.6499023437500       0.78055894374847412        6.5721444785594940E-002  0.83395423964457016     
   1340.6798095703125       0.84143674373626709        6.6880516707897186E-002   1.0000000000000000     
   1340.7097167968750       0.83189511299133301        6.6393032670021057E-002   1.0000000000000000     
   1340.7396240234375       0.90525186061859131        6.8836830556392670E-002   1.0000000000000000     
   1340.7695312500000       0.78293114900588989        6.4187884330749512E-002   1.0000000000000000     
   1340.7994384765625       0.70596790313720703        6.1489675194025040E-002   1.0000000000000000     
   1340.8293457031250       0.79703605175018311        6.5636113286018372E-002   1.0000000000000000     
   1340.8592529296875       0.78455549478530884        6.4161218702793121E-002   1.0000000000000000     
   1340.8891601562500       0.68142503499984741        5.9804961085319519E-002   1.0000000000000000     
   1340.9190673828125       0.49988979101181030        5.1592398434877396E-002   1.0000000000000000     
   1340.9489746093750       0.33047378063201904        4.2665831744670868E-002   1.0000000000000000     
   1340.9788818359375       0.22053520381450653        3.5062216222286224E-002   1.0000000000000000     
   1341.0087890625000       0.11603339761495590        2.6178786531090736E-002   1.0000000000000000     
   1341.0386962890625        7.7656239271163940E-002   2.3118421435356140E-002   1.0000000000000000     
   1341.0686035156250       0.10175210237503052        2.4497244507074356E-002   1.0000000000000000     
   1341.0985107421875       0.12196217477321625        2.6688897982239723E-002   1.0000000000000000     
   1341.1284179687500       0.12307799607515335        2.8035521507263184E-002   1.0000000000000000     
   1341.1583251953125       0.14136542379856110        3.2020650804042816E-002   1.0000000000000000     
   1341.1882324218750       0.17153795063495636        3.4672174602746964E-002   1.0000000000000000     
   1341.2181396484375       0.56429505348205566        5.4668497294187546E-002   1.0000000000000000     
   1341.2480468750000       0.68530720472335815        6.0456104576587677E-002   1.0000000000000000     
   1341.2779541015625       0.84848177433013916        6.8533070385456085E-002   1.0000000000000000     
   1341.3078613281250       0.90043991804122925        6.8961225450038910E-002   1.0000000000000000     
   1341.3377685546875       0.85143417119979858        6.7730426788330078E-002   1.0000000000000000     
   1341.3676757812500        1.0020457506179810        7.2179168462753296E-002   1.0000000000000000     
   1341.3975830078125        1.0279625654220581        7.3318347334861755E-002   1.0000000000000000     
   1341.4274902343750        1.0128878355026245        7.2608105838298798E-002   1.0000000000000000     
   1341.4573974609375        1.0235027074813843        7.3515795171260834E-002   1.0000000000000000     
   1341.4873046875000       0.98051220178604126        7.1913570165634155E-002   1.0000000000000000     
   1341.5172119140625        1.0077761411666870        7.2768427431583405E-002   1.0000000000000000     
   1341.5471191406250        1.0508335828781128        7.4219003319740295E-002   1.0000000000000000     
   1341.5770263671875        1.0240384340286255        7.3314279317855835E-002   1.0000000000000000     
   1341.6069335937500       0.96521788835525513        7.1120962500572205E-002   1.0000000000000000     
   1341.6368408203125       0.97851091623306274        7.1455538272857666E-002   1.0000000000000000     
   1341.6667480468750       0.90757936239242554        6.8757593631744385E-002   1.0000000000000000     
   1341.6966552734375       0.85165321826934814        6.6945567727088928E-002   1.0000000000000000     
   1341.7265625000000       0.78324723243713379        6.4752005040645599E-002   1.0000000000000000     
   1341.7564697265625       0.78237485885620117        6.4489729702472687E-002   1.0000000000000000     
   1341.7863769531250       0.72239547967910767        6.1903011053800583E-002   1.0000000000000000     
   1341.8162841796875       0.76486796140670776        6.3357792794704437E-002   1.0000000000000000     
   1341.8461914062500       0.86218529939651489        6.7018561065196991E-002   1.0000000000000000     
   1341.8762207031250       0.75166964530944824        6.3660234212875366E-002   1.0000000000000000     
   1341.9061279296875       0.76269215345382690        6.3505031168460846E-002   1.0000000000000000     
   1341.9360351562500       0.84645897150039673        6.6538706421852112E-002   1.0000000000000000     
   1341.9659423828125       0.63326966762542725        5.8853588998317719E-002   1.0000000000000000     
   1341.9958496093750       0.53623771667480469        5.3900342434644699E-002   1.0000000000000000     
   1342.0257568359375       0.40703094005584717        4.9916654825210571E-002   1.0000000000000000     
   1342.0556640625000       0.24117770791053772        3.9030034095048904E-002   1.0000000000000000     
   1342.0855712890625        9.9489443004131317E-002   2.6264386251568794E-002   1.0000000000000000     
   1342.1154785156250       0.11446838825941086        2.6302438229322433E-002   1.0000000000000000     
   1342.1453857421875       0.13168992102146149        2.7339508756995201E-002   1.0000000000000000     
!  ---- tick mark positions for above ----
!      1341.77816    12     1
!      1340.67861    13     1
!      1339.79354    14     1
!      1339.06938    15     1
!      1338.46958    16     1
!      1342.13972    12     2
!      1341.03988    13     2
!      1340.15457    14     2
!      1339.43022    15     2
!      1338.83025    16     2
!      1338.32833    17     2
!      1339.87829     1     5
