      1.00000       0.0000000
      2.00000   7.2453631e-06
      3.00000   7.3890478e-06
      4.00000   7.5140765e-06
      5.00000   7.6290294e-06
      6.00000   7.7170289e-06
      7.00000   7.7926188e-06
      8.00000   7.8765206e-06
      9.00000   7.9831179e-06
      10.0000   8.1200715e-06
      11.0000   8.2838123e-06
      12.0000   8.4519024e-06
      13.0000   8.5984329e-06
      14.0000   8.7090757e-06
      15.0000   8.7888347e-06
      16.0000   8.8567758e-06
      17.0000   8.9310988e-06
      18.0000   9.0276590e-06
      19.0000   9.1679958e-06
      20.0000   9.3793788e-06
      21.0000   9.6753438e-06
      22.0000   1.0037837e-05
      23.0000   1.0425983e-05
      24.0000   1.0800691e-05
      25.0000   1.1150836e-05
      26.0000   1.1490892e-05
      27.0000   1.1830169e-05
      28.0000   1.2160618e-05
      29.0000   1.2472829e-05
      30.0000   1.2767039e-05
      31.0000   1.3043131e-05
      32.0000   1.3284211e-05
      33.0000   1.3460276e-05
      34.0000   1.3556045e-05
      35.0000   1.3577996e-05
      36.0000   1.3555210e-05
      37.0000   1.3540607e-05
      38.0000   1.3583960e-05
      39.0000   1.3702654e-05
      40.0000   1.3877341e-05
      41.0000   1.4074681e-05
      42.0000   1.4280858e-05
      43.0000   1.4512711e-05
      44.0000   1.4799519e-05
      45.0000   1.5165001e-05
      46.0000   1.5592348e-05
      47.0000   1.6017577e-05
      48.0000   1.6392443e-05
      49.0000   1.6737562e-05
      50.0000   1.7123031e-05
      51.0000   1.7627714e-05
      52.0000   1.8286159e-05
      53.0000   1.9063256e-05
      54.0000   1.9875637e-05
      55.0000   2.0637095e-05
      56.0000   2.1308733e-05
      57.0000   2.1896805e-05
      58.0000   2.2419246e-05
      59.0000   2.2880742e-05
      60.0000   2.3249642e-05
      61.0000   2.3506804e-05
      62.0000   2.3696257e-05
      63.0000   2.3882078e-05
      64.0000   2.4084506e-05
      65.0000   2.4279201e-05
      66.0000   2.4448125e-05
      67.0000   2.4590525e-05
      68.0000   2.4722951e-05
      69.0000   2.4869210e-05
      70.0000   2.5058825e-05
      71.0000   2.5335417e-05
      72.0000   2.5724461e-05
      73.0000   2.6196423e-05
      74.0000   2.6702048e-05
      75.0000   2.7226748e-05
      76.0000   2.7836897e-05
      77.0000   2.8630822e-05
      78.0000   2.9647039e-05
      79.0000   3.0879182e-05
      80.0000   3.2354175e-05
      81.0000   3.4107397e-05
      82.0000   3.6114063e-05
      83.0000   3.8311573e-05
      84.0000   4.0662217e-05
      85.0000   4.3178949e-05
      86.0000   4.5861401e-05
      87.0000   4.8626502e-05
      88.0000   5.1402552e-05
      89.0000   5.4163163e-05
      90.0000   5.6841171e-05
      91.0000   5.9434937e-05
      92.0000   6.2127496e-05
      93.0000   6.5176071e-05
      94.0000   6.8646114e-05
      95.0000   7.2347015e-05
      96.0000   7.6038639e-05
      97.0000   7.9694444e-05
      98.0000   8.3599312e-05
      99.0000   8.8270433e-05
      100.000   9.4253919e-05
      101.000   0.00010191855
      102.000   0.00011131156
      103.000   0.00012222577
      104.000   0.00013456402
      105.000   0.00014850163
      106.000   0.00016423715
      107.000   0.00018187604
      108.000   0.00020160759
      109.000   0.00022330803
      110.000   0.00024600374
      111.000   0.00026816479
      112.000   0.00028849943
      113.000   0.00030628237
      114.000   0.00032170117
      115.000   0.00033612395
      116.000   0.00035124584
      117.000   0.00036742474
      118.000   0.00038337591
      119.000   0.00039812466
      120.000   0.00041333819
      121.000   0.00043326101
      122.000   0.00046248452
      123.000   0.00050348206
      124.000   0.00055488694
      125.000   0.00061324507
      126.000   0.00067746005
      127.000   0.00074968225
      128.000   0.00083105057
      129.000   0.00091849640
      130.000    0.0010075823
      131.000    0.0010985173
      132.000    0.0011983513
      133.000    0.0013132038
      134.000    0.0014369985
      135.000    0.0015526797
      136.000    0.0016447104
      137.000    0.0017112780
      138.000    0.0017657880
      139.000    0.0018281488
      140.000    0.0019191441
      141.000    0.0020601787
      142.000    0.0022583427
      143.000    0.0024908585
      144.000    0.0027284950
      145.000    0.0029841680
      146.000    0.0033317478
      147.000    0.0038515744
      148.000    0.0045521082
      149.000    0.0053739534
      150.000    0.0062915860
      151.000    0.0074187662
      152.000    0.0090210056
      153.000     0.011480983
      154.000     0.015288682
      155.000     0.020940140
      156.000     0.028830795
      157.000     0.039517954
      158.000     0.053961851
      159.000     0.072264239
      160.000     0.091114819
      161.000      0.10330471
      162.000      0.10224989
      163.000     0.088406742
      164.000     0.068689324
      165.000     0.050053108
      166.000     0.035653379
      167.000     0.025464242
      168.000     0.018405475
      169.000     0.013541341
      170.000     0.010245935
      171.000    0.0080457740
      172.000    0.0065382128
      173.000    0.0054489472
      174.000    0.0046383636
      175.000    0.0040282933
      176.000    0.0035554152
      177.000    0.0031691985
      178.000    0.0028382707
      179.000    0.0025525910
      180.000    0.0023171348
      181.000    0.0021301741
      182.000    0.0019764795
      183.000    0.0018421137
      184.000    0.0017194476
      185.000    0.0015976118
      186.000    0.0014629711
      187.000    0.0013121607
      188.000    0.0011542614
      189.000    0.0010057371
      190.000   0.00088287774
      191.000   0.00079053832
      192.000   0.00071990967
      193.000   0.00065833871
      194.000   0.00059733144
      195.000   0.00053391024
      196.000   0.00047003347
      197.000   0.00041110482
      198.000   0.00036225759
      199.000   0.00032499520
      200.000   0.00029711321
      201.000   0.00027476228
      202.000   0.00025495127
      203.000   0.00023651298
      204.000   0.00021939835
      205.000   0.00020346665
      206.000   0.00018818889
      207.000   0.00017335867
      208.000   0.00015914491
      209.000   0.00014568891
      210.000   0.00013299775
      211.000   0.00012116091
      212.000   0.00011035471
      213.000   0.00010070080
      214.000   9.2332637e-05
      215.000   8.5315973e-05
      216.000   7.9557598e-05
      217.000   7.4777177e-05
      218.000   7.0685172e-05
      219.000   6.7270077e-05
      220.000   6.4677100e-05
      221.000   6.2925152e-05
      222.000   6.1805578e-05
      223.000   6.0925857e-05
      224.000   5.9874197e-05
      225.000   5.8490539e-05
      226.000   5.6904824e-05
      227.000   5.5276716e-05
      228.000   5.3669570e-05
      229.000   5.2121221e-05
      230.000   5.0640814e-05
      231.000   4.9141832e-05
      232.000   4.7494865e-05
      233.000   4.5683475e-05
      234.000   4.3772376e-05
      235.000   4.1848663e-05
      236.000   4.0023915e-05
      237.000   3.8396349e-05
      238.000   3.6967835e-05
      239.000   3.5585275e-05
      240.000   3.4061759e-05
      241.000   3.2378452e-05
      242.000   3.0686952e-05
      243.000   2.9152819e-05
      244.000   2.7873044e-05
      245.000   2.6856280e-05
      246.000   2.6014270e-05
      247.000   2.5224213e-05
      248.000   2.4439434e-05
      249.000   2.3669534e-05
      250.000   2.2943537e-05
      251.000   2.2315764e-05
      252.000   2.1834565e-05
      253.000   2.1505904e-05
      254.000   2.1331429e-05
      255.000   2.1332868e-05
      256.000   2.1492931e-05
      257.000   2.1725826e-05
      258.000   2.1918338e-05
      259.000   2.1975795e-05
      260.000   2.1860098e-05
      261.000   2.1598391e-05
      262.000   2.1240630e-05
      263.000   2.0817686e-05
      264.000   2.0337386e-05
      265.000   1.9814011e-05
      266.000   1.9279341e-05
      267.000   1.8754996e-05
      268.000   1.8220901e-05
      269.000   1.7630291e-05
      270.000   1.6962313e-05
      271.000   1.6244774e-05
      272.000   1.5539739e-05
      273.000   1.4908612e-05
      274.000   1.4387427e-05
      275.000   1.3998330e-05
      276.000   1.3746328e-05
      277.000   1.3595993e-05
      278.000   1.3487947e-05
      279.000   1.3388966e-05
      280.000   1.3291962e-05
      281.000   1.3197476e-05
      282.000   1.3118445e-05
      283.000   1.3078949e-05
      284.000   1.3098484e-05
      285.000   1.3157412e-05
      286.000   1.3203041e-05
      287.000   1.3199197e-05
      288.000   1.3139052e-05
      289.000   1.3030487e-05
      290.000   1.2873590e-05
      291.000   1.2654023e-05
      292.000   1.2360522e-05
      293.000   1.1990178e-05
      294.000   1.1558017e-05
      295.000   1.1099415e-05
      296.000   1.0642207e-05
      297.000   1.0189537e-05
      298.000   9.7345473e-06
      299.000   9.2887021e-06
      300.000   8.8856432e-06
      301.000   8.5562615e-06
      302.000   8.3101895e-06
      303.000   8.1349062e-06
      304.000   8.0107084e-06
      305.000   7.9230995e-06
      306.000   7.8680423e-06
      307.000   7.8485855e-06
      308.000   7.8592502e-06
      309.000   7.8798903e-06
      310.000   7.8845951e-06
      311.000   7.8590401e-06
      312.000   7.8023231e-06
      313.000   7.7241757e-06
      314.000   7.6441711e-06
      315.000   7.5735966e-06
      316.000   7.5002390e-06
      317.000   7.4021596e-06
      318.000   7.2711368e-06
      319.000   7.1121763e-06
      320.000   6.9549365e-06
      321.000   6.7812243e-06
