      1.00000   5.5155888e-06
      2.00000   5.4801317e-06
      3.00000   5.5140804e-06
      4.00000   5.6051999e-06
      5.00000   5.7453503e-06
      6.00000   5.9074227e-06
      7.00000   6.0726279e-06
      8.00000   6.2370623e-06
      9.00000   6.4027881e-06
      10.0000   6.5724698e-06
      11.0000   6.7498477e-06
      12.0000   6.9321100e-06
      13.0000   7.1006571e-06
      14.0000   7.2301586e-06
      15.0000   7.3114388e-06
      16.0000   7.3539200e-06
      17.0000   7.3716092e-06
      18.0000   7.3757355e-06
      19.0000   7.3696679e-06
      20.0000   7.3501005e-06
      21.0000   7.3172919e-06
      22.0000   7.2837884e-06
      23.0000   7.2691014e-06
      24.0000   7.2926528e-06
      25.0000   7.3704950e-06
      26.0000   7.5074736e-06
      27.0000   7.6902952e-06
      28.0000   7.9039555e-06
      29.0000   8.1555327e-06
      30.0000   8.4641242e-06
      31.0000   8.8278748e-06
      32.0000   9.2158234e-06
      33.0000   9.5862115e-06
      34.0000   9.9097506e-06
      35.0000   1.0180041e-05
      36.0000   1.0407269e-05
      37.0000   1.0599540e-05
      38.0000   1.0745111e-05
      39.0000   1.0829490e-05
      40.0000   1.0857059e-05
      41.0000   1.0844725e-05
      42.0000   1.0805817e-05
      43.0000   1.0753610e-05
      44.0000   1.0711764e-05
      45.0000   1.0712432e-05
      46.0000   1.0787169e-05
      47.0000   1.0954881e-05
      48.0000   1.1207152e-05
      49.0000   1.1511918e-05
      50.0000   1.1849844e-05
      51.0000   1.2240685e-05
      52.0000   1.2725722e-05
      53.0000   1.3321594e-05
      54.0000   1.3991544e-05
      55.0000   1.4666606e-05
      56.0000   1.5287051e-05
      57.0000   1.5821726e-05
      58.0000   1.6263430e-05
      59.0000   1.6629037e-05
      60.0000   1.6967797e-05
      61.0000   1.7329443e-05
      62.0000   1.7711343e-05
      63.0000   1.8061695e-05
      64.0000   1.8348090e-05
      65.0000   1.8598092e-05
      66.0000   1.8871862e-05
      67.0000   1.9240390e-05
      68.0000   1.9752564e-05
      69.0000   2.0383224e-05
      70.0000   2.1058364e-05
      71.0000   2.1727485e-05
      72.0000   2.2406095e-05
      73.0000   2.3155899e-05
      74.0000   2.4041483e-05
      75.0000   2.5110374e-05
      76.0000   2.6356931e-05
      77.0000   2.7680800e-05
      78.0000   2.8905193e-05
      79.0000   2.9886172e-05
      80.0000   3.0604402e-05
      81.0000   3.1127667e-05
      82.0000   3.1550913e-05
      83.0000   3.1972613e-05
      84.0000   3.2446856e-05
      85.0000   3.2965334e-05
      86.0000   3.3535591e-05
      87.0000   3.4221230e-05
      88.0000   3.5102301e-05
      89.0000   3.6251629e-05
      90.0000   3.7731159e-05
      91.0000   3.9585386e-05
      92.0000   4.1819552e-05
      93.0000   4.4345423e-05
      94.0000   4.6960929e-05
      95.0000   4.9557260e-05
      96.0000   5.2288189e-05
      97.0000   5.5440363e-05
      98.0000   5.9241422e-05
      99.0000   6.3795997e-05
      100.000   6.9132489e-05
      101.000   7.5259959e-05
      102.000   8.2160434e-05
      103.000   8.9751964e-05
      104.000   9.7919285e-05
      105.000   0.00010659557
      106.000   0.00011570735
      107.000   0.00012519304
      108.000   0.00013523267
      109.000   0.00014617373
      110.000   0.00015824707
      111.000   0.00017153431
      112.000   0.00018610053
      113.000   0.00020214594
      114.000   0.00022019766
      115.000   0.00024102385
      116.000   0.00026504538
      117.000   0.00029199739
      118.000   0.00032182410
      119.000   0.00035553414
      120.000   0.00039443266
      121.000   0.00043862683
      122.000   0.00048652454
      123.000   0.00053538516
      124.000   0.00058174779
      125.000   0.00062249193
      126.000   0.00065684697
      127.000   0.00068685884
      128.000   0.00071593450
      129.000   0.00074684864
      130.000   0.00078116939
      131.000   0.00082143187
      132.000   0.00087390008
      133.000   0.00094734202
      134.000    0.0010485707
      135.000    0.0011805058
      136.000    0.0013433906
      137.000    0.0015343329
      138.000    0.0017478889
      139.000    0.0019845592
      140.000    0.0022555909
      141.000    0.0025676414
      142.000    0.0029054023
      143.000    0.0032348093
      144.000    0.0035315917
      145.000    0.0038187362
      146.000    0.0041546547
      147.000    0.0045910836
      148.000    0.0051869419
      149.000    0.0060309372
      150.000    0.0072035803
      151.000    0.0087423157
      152.000     0.010725767
      153.000     0.013459893
      154.000     0.017566955
      155.000     0.023822805
      156.000     0.032774057
      157.000     0.044402055
      158.000     0.058140397
      159.000     0.072705671
      160.000     0.085350372
      161.000     0.091971688
      162.000     0.089573346
      163.000     0.079100102
      164.000     0.064557575
      165.000     0.049883027
      166.000     0.037381105
      167.000     0.027742544
      168.000     0.020685833
      169.000     0.015614265
      170.000     0.011975391
      171.000    0.0093475124
      172.000    0.0074513550
      173.000    0.0061265714
      174.000    0.0052474113
      175.000    0.0046756342
      176.000    0.0042742258
      177.000    0.0039357319
      178.000    0.0036001408
      179.000    0.0032526702
      180.000    0.0029037923
      181.000    0.0025694005
      182.000    0.0022581846
      183.000    0.0019751273
      184.000    0.0017279439
      185.000    0.0015219119
      186.000    0.0013538979
      187.000    0.0012140069
      188.000    0.0010899026
      189.000   0.00097087328
      190.000   0.00085219578
      191.000   0.00073751708
      192.000   0.00063456205
      193.000   0.00054858625
      194.000   0.00048003710
      195.000   0.00042661070
      196.000   0.00038499996
      197.000   0.00035138064
      198.000   0.00032181971
      199.000   0.00029321745
      200.000   0.00026434861
      201.000   0.00023567534
      202.000   0.00020857867
      203.000   0.00018486135
      204.000   0.00016582583
      205.000   0.00015147449
      206.000   0.00014078093
      207.000   0.00013263177
      208.000   0.00012622583
      209.000   0.00012080841
      210.000   0.00011560025
      211.000   0.00011013911
      212.000   0.00010440256
      213.000   9.8541343e-05
      214.000   9.2759226e-05
      215.000   8.7236382e-05
      216.000   8.1961676e-05
      217.000   7.6869284e-05
      218.000   7.1980714e-05
      219.000   6.7343106e-05
      220.000   6.3041109e-05
      221.000   5.9141643e-05
      222.000   5.5592620e-05
      223.000   5.2302457e-05
      224.000   4.9262977e-05
      225.000   4.6522920e-05
      226.000   4.4091536e-05
      227.000   4.1932410e-05
      228.000   3.9982686e-05
      229.000   3.8186568e-05
      230.000   3.6525296e-05
      231.000   3.5028814e-05
      232.000   3.3761484e-05
      233.000   3.2760359e-05
      234.000   3.2021806e-05
      235.000   3.1511965e-05
      236.000   3.1139571e-05
      237.000   3.0801511e-05
      238.000   3.0417812e-05
      239.000   2.9917124e-05
      240.000   2.9224473e-05
      241.000   2.8295040e-05
      242.000   2.7171671e-05
      243.000   2.5961217e-05
      244.000   2.4768780e-05
      245.000   2.3649754e-05
      246.000   2.2610333e-05
      247.000   2.1661521e-05
      248.000   2.0830514e-05
      249.000   2.0129441e-05
      250.000   1.9558893e-05
      251.000   1.9088018e-05
      252.000   1.8648980e-05
      253.000   1.8207094e-05
      254.000   1.7795053e-05
      255.000   1.7462251e-05
      256.000   1.7229242e-05
      257.000   1.7072292e-05
      258.000   1.6922679e-05
      259.000   1.6717109e-05
      260.000   1.6457601e-05
      261.000   1.6184284e-05
      262.000   1.5901545e-05
      263.000   1.5564900e-05
      264.000   1.5127873e-05
      265.000   1.4580954e-05
      266.000   1.3940247e-05
      267.000   1.3233020e-05
      268.000   1.2503249e-05
      269.000   1.1804245e-05
      270.000   1.1180043e-05
      271.000   1.0652869e-05
      272.000   1.0222085e-05
      273.000   9.8843457e-06
      274.000   9.6456761e-06
      275.000   9.5135947e-06
      276.000   9.4813013e-06
      277.000   9.5240994e-06
      278.000   9.6139756e-06
      279.000   9.7295624e-06
      280.000   9.8542823e-06
      281.000   9.9689069e-06
      282.000   1.0045998e-05
      283.000   1.0060578e-05
      284.000   1.0012638e-05
      285.000   9.9179179e-06
      286.000   9.7773700e-06
      287.000   9.5798987e-06
      288.000   9.3236431e-06
      289.000   9.0129097e-06
      290.000   8.6573809e-06
      291.000   8.2870820e-06
      292.000   7.9445072e-06
      293.000   7.6640772e-06
      294.000   7.4566956e-06
      295.000   7.3052047e-06
      296.000   7.1890768e-06
      297.000   7.1053805e-06
      298.000   7.0605320e-06
      299.000   7.0524302e-06
      300.000   7.0662554e-06
      301.000   7.0862939e-06
      302.000   7.0995729e-06
      303.000   7.0975780e-06
      304.000   7.0774090e-06
      305.000   7.0397382e-06
      306.000   6.9900307e-06
      307.000   6.9302941e-06
      308.000   6.8504728e-06
      309.000   6.7412402e-06
      310.000   6.6043112e-06
      311.000   6.4472006e-06
      312.000   6.2808163e-06
      313.000   6.1165806e-06
      314.000   5.9589133e-06
      315.000   5.8061396e-06
      316.000   5.6611389e-06
      317.000   5.5297487e-06
      318.000   5.4107854e-06
      319.000   5.3094604e-06
      320.000   5.2269897e-06
      321.000       0.0000000
