! -------------------------
   1376.1088867187500       0.97903960943222046        5.9549316763877869E-002   1.0000000000000000     
   1376.1389160156250        1.0322910547256470        6.1172954738140106E-002   1.0000000000000000     
   1376.1688232421875       0.99248868227005005        5.9995483607053757E-002   1.0000000000000000     
   1376.1987304687500       0.90425437688827515        5.7103198021650314E-002   1.0000000000000000     
   1376.2286376953125        1.0352901220321655        6.1400331556797028E-002   1.0000000000000000     
   1376.2585449218750        1.0447635650634766        6.1574302613735199E-002   1.0000000000000000     
   1376.2884521484375       0.98583513498306274        5.9708945453166962E-002   1.0000000000000000     
   1376.3183593750000       0.98026639223098755        5.9590093791484833E-002   1.0000000000000000     
   1376.3482666015625       0.97713863849639893        5.9426844120025635E-002   1.0000000000000000     
   1376.3781738281250       0.96773892641067505        5.9140905737876892E-002   1.0000000000000000     
   1376.4080810546875        1.0679337978363037        6.2375925481319427E-002   1.0000000000000000     
   1376.4379882812500       0.97373622655868530        5.9425424784421921E-002   1.0000000000000000     
   1376.4678955078125        1.0248540639877319        6.0762096196413040E-002   1.0000000000000000     
   1376.4978027343750        1.1057758331298828        6.3136167824268341E-002   1.0000000000000000     
   1376.5277099609375       0.97613978385925293        5.9291385114192963E-002   1.0000000000000000     
   1376.5576171875000        1.0012069940567017        6.0161441564559937E-002   1.0000000000000000     
   1376.5875244140625       0.89642202854156494        5.7435158640146255E-002   1.0000000000000000     
   1376.6174316406250       0.94314950704574585        5.8894053101539612E-002   1.0000000000000000     
   1376.6473388671875       0.96873128414154053        5.9395529329776764E-002   1.0000000000000000     
   1376.6772460937500        1.0655299425125122        6.1988718807697296E-002   1.0000000000000000     
   1376.7071533203125        1.0932030677795410        6.2748886644840240E-002   1.0000000000000000     
   1376.7370605468750       0.91682279109954834        5.7734407484531403E-002   1.0000000000000000     
   1376.7669677734375       0.97599911689758301        5.9386067092418671E-002   1.0000000000000000     
   1376.7968750000000        1.0045211315155029        6.0170318931341171E-002   1.0000000000000000     
   1376.8267822265625       0.93588823080062866        5.8051232248544693E-002   1.0000000000000000     
   1376.8566894531250       0.99863171577453613        6.0303509235382080E-002   1.0000000000000000     
   1376.8865966796875        1.0335296392440796        6.1213362962007523E-002   1.0000000000000000     
   1376.9165039062500       0.94909840822219849        5.8844182640314102E-002   1.0000000000000000     
   1376.9464111328125       0.77122974395751953        5.2837274968624115E-002   1.0000000000000000     
   1376.9763183593750       0.82495737075805664        5.4510135203599930E-002   1.0000000000000000     
   1377.0062255859375       0.75847244262695312        5.2585151046514511E-002   1.0000000000000000     
   1377.0361328125000       0.61772847175598145        4.7867108136415482E-002   1.0000000000000000     
   1377.0660400390625       0.47677266597747803        4.1602011770009995E-002   1.0000000000000000     
   1377.0959472656250       0.34443598985671997        3.6327533423900604E-002   1.0000000000000000     
   1377.1258544921875       0.18605959415435791        2.6522619649767876E-002   1.0000000000000000     
   1377.1557617187500       0.13011671602725983        2.2622572258114815E-002   1.0000000000000000     
   1377.1856689453125       0.11055983603000641        2.1468892693519592E-002   1.0000000000000000     
   1377.2155761718750       0.13217335939407349        2.2920111194252968E-002   1.0000000000000000     
   1377.2454833984375       0.14062419533729553        2.3981289938092232E-002   1.0000000000000000     
   1377.2753906250000       0.23610946536064148        2.9834467917680740E-002   1.0000000000000000     
   1377.3052978515625       0.39002972841262817        3.7861753255128860E-002   1.0000000000000000     
   1377.3352050781250       0.63407468795776367        4.7960706055164337E-002   1.0000000000000000     
   1377.3651123046875       0.83669936656951904        5.4995696991682053E-002   1.0000000000000000     
   1377.3950195312500       0.96665465831756592        5.9277214109897614E-002   1.0000000000000000     
   1377.4249267578125       0.85282462835311890        5.5853620171546936E-002   1.0000000000000000     
   1377.4549560546875       0.97423714399337769        5.9587359428405762E-002   1.0000000000000000     
   1377.4848632812500       0.93701136112213135        5.8231994509696960E-002   1.0000000000000000     
   1377.5147705078125       0.88355869054794312        5.6527916342020035E-002   1.0000000000000000     
   1377.5446777343750       0.99037712812423706        5.9673056006431580E-002   1.0000000000000000     
   1377.5745849609375       0.97956264019012451        5.9477556496858597E-002   1.0000000000000000     
   1377.6044921875000       0.93662995100021362        5.8291826397180557E-002  0.99982633523324571     
   1377.6343994140625       0.99423146247863770        6.0054570436477661E-002  0.99981358785776109     
   1377.6643066406250        1.0007303953170776        6.0050424188375473E-002  0.99979930384304072     
   1377.6942138671875        1.0777282714843750        6.2339257448911667E-002  0.99978320577594226     
   1377.7241210937500        1.0611741542816162        6.1949610710144043E-002  0.99976492266562333     
   1377.7540283203125        1.0314928293228149        6.1005156487226486E-002  0.99974394848327519     
   1377.7839355468750        1.0005635023117065        6.0077775269746780E-002  0.99971957520335053     
   1377.8138427734375        1.0071800947189331        6.0306187719106674E-002  0.99969081942299909     
   1377.8437500000000        1.0313189029693604        6.0998063534498215E-002  0.99965631782993414     
   1377.8736572265625       0.99063402414321899        5.9915795922279358E-002  0.99961416742900688     
   1377.9035644531250        1.0762493610382080        6.2380004674196243E-002  0.99956165306798805     
   1377.9334716796875        1.0779602527618408        6.2375560402870178E-002  0.99949482326842143     
   1377.9633789062500        1.1078436374664307        6.3466317951679230E-002  0.99940795792974846     
   1377.9932861328125        1.0349816083908081        6.1385970562696457E-002  0.99929253117256467     
   1378.0231933593750       0.95654892921447754        5.9096213430166245E-002  0.99913543453731879     
   1378.0531005859375       0.96178948879241943        5.9043075889348984E-002  0.99891654777188343     
   1378.0830078125000        1.0005143880844116        6.0500517487525940E-002  0.99860490536121282     
   1378.1129150390625       0.99727463722229004        6.0008723288774490E-002  0.99815276405107245     
   1378.1428222656250       0.89864081144332886        5.6995339691638947E-002  0.99748679630823889     
   1378.1727294921875       0.87095040082931519        5.6652616709470749E-002  0.99649557631404717     
   1378.2026367187500       0.93601500988006592        5.8499060571193695E-002  0.99501294020207931     
   1378.2325439453125       0.94895190000534058        5.8773960918188095E-002  0.99279794334345428     
   1378.2624511718750       0.83393067121505737        5.5063508450984955E-002  0.98951430149272523     
   1378.2923583984375       0.85938984155654907        5.6163933128118515E-002  0.98471548481852000     
   1378.3222656250000       0.61070668697357178        4.7706544399261475E-002  0.97784552221052190     
   1378.3521728515625       0.53951448202133179        4.4540919363498688E-002  0.96826857379168951     
   1378.3820800781250       0.35161396861076355        3.6111805588006973E-002  0.95533982897043257     
   1378.4119873046875       0.23734255135059357        3.0685223639011383E-002  0.93852321702065300     
   1378.4418945312500       0.16580417752265930        2.5254806503653526E-002  0.91754620505523210     
   1378.4718017578125        9.3025356531143188E-002   1.9279297441244125E-002  0.89256140660243888     
   1378.5017089843750       0.12052432447671890        2.1683353930711746E-002  0.86426757052814895     
   1378.5316162109375        9.2987693846225739E-002   2.0091630518436432E-002  0.83394064024411041     
   1378.5615234375000       0.14992901682853699        2.4046020582318306E-002  0.80334631724528238     
   1378.5914306640625       0.13528451323509216        2.2986078634858131E-002  0.77454384397062814     
   1378.6213378906250       0.15927827358245850        2.4710003286600113E-002  0.74962831666916008     
   1378.6512451171875       0.21942222118377686        2.9294593259692192E-002  0.73047521080154620     
   1378.6811523437500       0.23229905962944031        2.9502809047698975E-002  0.71853806038161405     
   1378.7110595703125       0.28163915872573853        3.2564762979745865E-002  0.71471974224786194     
   1378.7409667968750       0.39678281545639038        3.8224242627620697E-002  0.71930813733863985     
   1378.7709960937500       0.59626674652099609        4.6697042882442474E-002  0.73195237113792599     
   1378.8009033203125       0.61520862579345703        4.7544769942760468E-002  0.75167890081615374     
   1378.8308105468750       0.66689616441726685        4.9429558217525482E-002  0.77697389397378880     
   1378.8607177734375       0.75626260042190552        5.2788563072681427E-002  0.80592877243515648     
   1378.8906250000000       0.79919171333312988        5.4178982973098755E-002  0.83644492637922463     
   1378.9205322265625       0.77844572067260742        5.3395055234432220E-002  0.86648990365180401     
   1378.9504394531250       0.76171475648880005        5.3174573928117752E-002  0.89435096110694845     
   1378.9803466796875       0.95976400375366211        5.9253145009279251E-002  0.91882008861895015     
   1379.0102539062500       0.98166638612747192        5.9959225356578827E-002  0.93926727467105031     
   1379.0401611328125       0.99253356456756592        6.0233063995838165E-002  0.95559708178331793     
   1379.0700683593750       0.95877200365066528        5.9217747300863266E-002  0.96812042524415842     
   1379.0999755859375       0.89211797714233398        5.6885994970798492E-002  0.97739173639538646     
   1379.1298828125000       0.96837806701660156        5.9535685926675797E-002  0.98405742312483868     
   1379.1597900390625       0.97792547941207886        5.9798181056976318E-002  0.98874346241149869     
   1379.1896972656250       0.96475714445114136        5.9280890971422195E-002  0.99198976141555617     
   1379.2196044921875        1.0401440858840942        6.1696782708168030E-002  0.99422465946442184     
   1379.2495117187500        1.0057196617126465        6.0355167835950851E-002  0.99576676192320723     
   1379.2794189453125       0.93785947561264038        5.8406438678503036E-002  0.99684132039230766     
   1379.3093261718750        1.1342557668685913        6.4266517758369446E-002  0.99760151178943446     
   1379.3392333984375        1.0028274059295654        6.0464594513177872E-002  0.99814875381893831     
   1379.3691406250000        1.0389018058776855        6.1602301895618439E-002  0.99854932979056976     
   1379.3990478515625       0.99888312816619873        6.0333684086799622E-002  0.99884666462181804     
   1379.4289550781250        1.0568127632141113        6.1982255429029465E-002  0.99906971306129477     
   1379.4588623046875       0.93475890159606934        5.8492261916399002E-002  0.99923835238338310     
   1379.4887695312500       0.96828222274780273        6.0012038797140121E-002  0.99936664019757115     
   1379.5186767578125        1.0025500059127808        6.0610864311456680E-002  0.99946472492900229     
   1379.5485839843750       0.93920958042144775        5.8645673096179962E-002  0.99954024250006912     
   1379.5784912109375       0.91313070058822632        5.7610165327787399E-002  0.99959900396165724     
   1379.6083984375000       0.72656655311584473        5.1518201828002930E-002   1.0000000000000000     
   1379.6383056640625       0.56255769729614258        4.5612648129463196E-002   1.0000000000000000     
   1379.6682128906250       0.36261522769927979        3.6662925034761429E-002   1.0000000000000000     
   1379.6981201171875       0.21613508462905884        2.8705272823572159E-002   1.0000000000000000     
   1379.7280273437500       0.15610383450984955        2.4719100445508957E-002   1.0000000000000000     
   1379.7579345703125       0.12832659482955933        2.3065630346536636E-002   1.0000000000000000     
   1379.7878417968750       0.10660319775342941        2.1568562835454941E-002   1.0000000000000000     
   1379.8177490234375       0.17532308399677277        2.6476804167032242E-002   1.0000000000000000     
   1379.8476562500000       0.22027274966239929        2.9541751369833946E-002   1.0000000000000000     
   1379.8775634765625       0.41546925902366638        3.9325106889009476E-002   1.0000000000000000     
   1379.9074707031250       0.53946614265441895        4.4903561472892761E-002   1.0000000000000000     
   1379.9373779296875       0.60958230495452881        4.7238666564226151E-002   1.0000000000000000     
   1379.9672851562500       0.79622095823287964        5.4176673293113708E-002   1.0000000000000000     
   1379.9971923828125       0.73439604043960571        5.2095875144004822E-002   1.0000000000000000     
   1380.0270996093750       0.59947669506072998        4.7234281897544861E-002   1.0000000000000000     
   1380.0570068359375       0.73558831214904785        5.1888227462768555E-002   1.0000000000000000     
   1380.0870361328125       0.85258591175079346        5.5834345519542694E-002   1.0000000000000000     
   1380.1169433593750       0.94461131095886230        5.9224095195531845E-002   1.0000000000000000     
   1380.1468505859375       0.94099551439285278        5.8536421507596970E-002   1.0000000000000000     
   1380.1767578125000        1.0330870151519775        6.1302822083234787E-002   1.0000000000000000     
   1380.2066650390625        1.0579303503036499        6.2319401651620865E-002   1.0000000000000000     
   1380.2365722656250       0.97204715013504028        5.9843387454748154E-002   1.0000000000000000     
   1380.2664794921875       0.89357900619506836        5.7105604559183121E-002   1.0000000000000000     
   1380.2963867187500       0.96759140491485596        5.9442162513732910E-002   1.0000000000000000     
   1380.3262939453125       0.98623943328857422        6.0327447950839996E-002   1.0000000000000000     
   1380.3562011718750       0.99906122684478760        6.0481719672679901E-002   1.0000000000000000     
   1380.3861083984375       0.97820597887039185        6.0060743242502213E-002   1.0000000000000000     
   1380.4160156250000        1.0037374496459961        6.0506254434585571E-002   1.0000000000000000     
   1380.4459228515625        1.0154386758804321        6.0979418456554413E-002   1.0000000000000000     
   1380.4758300781250        1.0886523723602295        6.2972575426101685E-002   1.0000000000000000     
   1380.5057373046875       0.89749205112457275        5.7497765868902206E-002   1.0000000000000000     
   1380.5356445312500       0.95768046379089355        5.9210713952779770E-002   1.0000000000000000     
   1380.5655517578125        1.0594851970672607        6.2252022325992584E-002   1.0000000000000000     
   1380.5954589843750        1.0030752420425415        6.0630574822425842E-002   1.0000000000000000     
   1380.6253662109375        1.0460280179977417        6.1813011765480042E-002   1.0000000000000000     
   1380.6552734375000        1.0676312446594238        6.2938429415225983E-002   1.0000000000000000     
   1380.6851806640625        1.0763679742813110        6.3140653073787689E-002   1.0000000000000000     
   1380.7150878906250       0.92460840940475464        5.8506418019533157E-002   1.0000000000000000     
   1380.7449951171875        1.0346335172653198        6.1518352478742599E-002   1.0000000000000000     
   1380.7749023437500       0.98397368192672729        5.9938441962003708E-002   1.0000000000000000     
   1380.8048095703125        1.0495887994766235        6.1873085796833038E-002   1.0000000000000000     
   1380.8347167968750        1.0427285432815552        6.1792422086000443E-002   1.0000000000000000     
   1380.8646240234375        1.0079088211059570        6.0656961053609848E-002   1.0000000000000000     
   1380.8945312500000        1.0056012868881226        6.0737702995538712E-002   1.0000000000000000     
   1380.9244384765625        1.0385625362396240        6.1683978885412216E-002   1.0000000000000000     
   1380.9543457031250        1.0142756700515747        6.0921531170606613E-002   1.0000000000000000     
   1380.9842529296875        1.0836569070816040        6.3025765120983124E-002   1.0000000000000000     
   1381.0141601562500        1.0290532112121582        6.1467085033655167E-002   1.0000000000000000     
   1381.0440673828125        1.0189176797866821        6.1107072979211807E-002   1.0000000000000000     
   1381.0739746093750        1.0170233249664307        6.1472926288843155E-002   1.0000000000000000     
!  ---- tick mark positions for above ----
!      1378.71143     3     1
