! -------------------------
   1310.7257080078125       0.98413652181625366        6.1734527349472046E-002   1.0000000000000000     
   1310.7556152343750        1.0437564849853516        6.3762128353118896E-002   1.0000000000000000     
   1310.7855224609375       0.96109485626220703        6.1111893504858017E-002   1.0000000000000000     
   1310.8154296875000       0.97559112310409546        6.1806503683328629E-002   1.0000000000000000     
   1310.8453369140625        1.0321775674819946        6.3435740768909454E-002   1.0000000000000000     
   1310.8752441406250        1.0521872043609619        6.3828289508819580E-002   1.0000000000000000     
   1310.9051513671875        1.0448707342147827        6.3490785658359528E-002   1.0000000000000000     
   1310.9350585937500        1.0566929578781128        6.4003325998783112E-002   1.0000000000000000     
   1310.9649658203125        1.0075984001159668        6.2396671622991562E-002   1.0000000000000000     
   1310.9948730468750        1.0605438947677612        6.4369492232799530E-002   1.0000000000000000     
   1311.0247802734375       0.96471071243286133        6.1303131282329559E-002   1.0000000000000000     
   1311.0546875000000       0.95128363370895386        6.0804430395364761E-002   1.0000000000000000     
   1311.0845947265625        1.0472154617309570        6.3691459596157074E-002   1.0000000000000000     
   1311.1145019531250        1.0734846591949463        6.4614444971084595E-002   1.0000000000000000     
   1311.1444091796875       0.95346730947494507        6.0931216925382614E-002   1.0000000000000000     
   1311.1743164062500       0.95495563745498657        6.0866165906190872E-002   1.0000000000000000     
   1311.2042236328125       0.95175969600677490        6.0960818082094193E-002   1.0000000000000000     
   1311.2341308593750       0.92051047086715698        5.9720143675804138E-002   1.0000000000000000     
   1311.2640380859375       0.91444337368011475        5.9810854494571686E-002   1.0000000000000000     
   1311.2939453125000        1.0016785860061646        6.2318880110979080E-002   1.0000000000000000     
   1311.3238525390625        1.0045801401138306        6.2781192362308502E-002   1.0000000000000000     
   1311.3537597656250        1.0067560672760010        6.2637895345687866E-002   1.0000000000000000     
   1311.3836669921875        1.0017390251159668        6.2528885900974274E-002   1.0000000000000000     
   1311.4135742187500       0.95334446430206299        6.1035353690385818E-002   1.0000000000000000     
   1311.4434814453125       0.99662268161773682        6.2285717576742172E-002   1.0000000000000000     
   1311.4733886718750        1.0565609931945801        6.4668342471122742E-002   1.0000000000000000     
   1311.5032958984375       0.84805542230606079        5.8089043945074081E-002   1.0000000000000000     
   1311.5332031250000       0.99650609493255615        6.2384594231843948E-002   1.0000000000000000     
   1311.5631103515625       0.95159989595413208        6.1073865741491318E-002   1.0000000000000000     
   1311.5930175781250       0.96620953083038330        6.1653565615415573E-002   1.0000000000000000     
   1311.6230468750000        1.0462669134140015        6.4036741852760315E-002   1.0000000000000000     
   1311.6529541015625       0.90259462594985962        5.9556417167186737E-002   1.0000000000000000     
   1311.6828613281250       0.94612479209899902        6.0971356928348541E-002   1.0000000000000000     
   1311.7127685546875       0.85705941915512085        5.8057267218828201E-002   1.0000000000000000     
   1311.7426757812500       0.98819774389266968        6.2168397009372711E-002   1.0000000000000000     
   1311.7725830078125       0.95729589462280273        6.1321269720792770E-002   1.0000000000000000     
   1311.8024902343750       0.91896086931228638        6.0032863169908524E-002   1.0000000000000000     
   1311.8323974609375       0.98804074525833130        6.2184426933526993E-002   1.0000000000000000     
   1311.8623046875000        1.0197886228561401        6.3139691948890686E-002   1.0000000000000000     
   1311.8922119140625       0.98541027307510376        6.2152344733476639E-002   1.0000000000000000     
   1311.9221191406250        1.0395783185958862        6.3978463411331177E-002   1.0000000000000000     
   1311.9520263671875        1.0856089591979980        6.5885327756404877E-002   1.0000000000000000     
   1311.9819335937500       0.94398975372314453        6.0733117163181305E-002   1.0000000000000000     
   1312.0118408203125        1.0028569698333740        6.2627293169498444E-002   1.0000000000000000     
   1312.0417480468750        1.0309094190597534        6.4160801470279694E-002   1.0000000000000000     
   1312.0716552734375       0.95956993103027344        6.2720566987991333E-002   1.0000000000000000     
   1312.1015625000000        1.0438200235366821        6.3863076269626617E-002   1.0000000000000000     
   1312.1314697265625       0.99799835681915283        6.2834247946739197E-002   1.0000000000000000     
   1312.1613769531250       0.96434462070465088        6.1395626515150070E-002   1.0000000000000000     
   1312.1912841796875       0.87755328416824341        5.9293795377016068E-002   1.0000000000000000     
   1312.2211914062500        1.0300115346908569        6.3484542071819305E-002  0.99955216753408260     
   1312.2510986328125        1.0813201665878296        6.5284900367259979E-002  0.99947257424263825     
   1312.2810058593750        1.0479379892349243        6.3974715769290924E-002  0.99936841079675443     
   1312.3109130859375       0.94742041826248169        6.0907080769538879E-002  0.99922857263979925     
   1312.3408203125000       0.99983227252960205        6.2536016106605530E-002  0.99903536431106321     
   1312.3707275390625        1.1359755992889404        6.6595181822776794E-002  0.99876123476867251     
   1312.4006347656250        1.0875172615051270        6.5316312015056610E-002  0.99836419392571329     
   1312.4305419921875        1.0207861661911011        6.3215442001819611E-002  0.99778091865804452     
   1312.4604492187500       0.95107918977737427        6.1415553092956543E-002  0.99691413563605114     
   1312.4903564453125       0.93858122825622559        6.0813743621110916E-002  0.99560812430411694     
   1312.5202636718750       0.93990862369537354        6.0832820832729340E-002  0.99360055308104867     
   1312.5501708984375       0.87179750204086304        5.8526005595922470E-002  0.99043516451398661     
   1312.5800781250000       0.96661198139190674        6.1942335218191147E-002  0.98533077079678810     
   1312.6099853515625       0.90661251544952393        5.9620849788188934E-002  0.97704373953721746     
   1312.6398925781250       0.93798148632049561        6.1283215880393982E-002  0.96383982538514879     
   1312.6697998046875        1.0640126466751099        6.4733058214187622E-002  0.94376623941890381     
   1312.6997070312500       0.98855519294738770        6.2256675213575363E-002  0.91537645659804967     
   1312.7296142578125       0.83592057228088379        5.7871125638484955E-002  0.87879924706222912     
   1312.7595214843750       0.77638274431228638        5.5393107235431671E-002  0.83663883768587244     
   1312.7894287109375       0.88215672969818115        5.9163838624954224E-002  0.79401564086011123     
   1312.8193359375000       0.80978006124496460        5.6838639080524445E-002  0.75745357639824673     
   1312.8492431640625       0.77442067861557007        5.5800016969442368E-002  0.73306613965302214     
   1312.8791503906250       0.74816215038299561        5.4376624524593353E-002  0.72488370894690890     
   1312.9090576171875       0.73100852966308594        5.4317384958267212E-002  0.73388700325295819     
   1312.9390869140625       0.81416678428649902        5.6751720607280731E-002  0.75783942027234519     
   1312.9689941406250       0.84959149360656738        5.8308769017457962E-002  0.79188635852028755     
   1312.9989013671875       0.80981403589248657        5.7031415402889252E-002  0.82989822386839707     
   1313.0288085937500       0.80865877866744995        5.6451525539159775E-002  0.86621252353136624     
   1313.0587158203125       0.91126924753189087        5.9890214353799820E-002  0.89707403409652953     
   1313.0886230468750       0.98063755035400391        6.2421850860118866E-002  0.92114074033819093     
   1313.1185302734375       0.96997791528701782        6.1845775693655014E-002  0.93898022788334767     
   1313.1484375000000       0.95068061351776123        6.1580304056406021E-002  0.95207344795690974     
   1313.1783447265625        1.0291912555694580        6.3738465309143066E-002  0.96194643547934522     
   1313.2082519531250       0.90592843294143677        6.0494858771562576E-002  0.96972838560878039     
   1313.2381591796875        1.0660929679870605        6.4872846007347107E-002  0.97608891684864030     
   1313.2680664062500        1.0763651132583618        6.5513983368873596E-002  0.98136477409300482     
   1313.2979736328125        1.0699385404586792        6.5056353807449341E-002  0.98571608145839573     
   1313.3278808593750        1.0007810592651367        6.3443824648857117E-002  0.98923784420596184     
   1313.3577880859375        1.0868929624557495        6.5536819398403168E-002  0.99201676918239434     
   1313.3876953125000        1.0458297729492188        6.4576044678688049E-002  0.99414999203256560     
   1313.4176025390625       0.99856215715408325        6.3054427504539490E-002  0.99574427959373446     
   1313.4475097656250        1.0146769285202026        6.3371792435646057E-002  0.99690781355969105     
   1313.4774169921875       0.99478971958160400        6.2774874269962311E-002  0.99774112501807311     
   1313.5073242187500        1.0725979804992676        6.5153710544109344E-002  0.99833051827777874     
   1313.5372314453125       0.99615752696990967        6.2936760485172272E-002  0.99874510062914335     
   1313.5671386718750       0.95702821016311646        6.1770953238010406E-002  0.99903708734272634     
   1313.5970458984375       0.98043012619018555        6.2344055622816086E-002  0.99924422223877407     
   1313.6269531250000       0.99120450019836426        6.2767691910266876E-002  0.99939297912945058     
   1313.6568603515625       0.95781522989273071        6.2293231487274170E-002  0.99950161673932680     
   1313.6867675781250       0.99197506904602051        6.2810398638248444E-002  0.99958259831617979     
   1313.7166748046875        1.0597654581069946        6.4994856715202332E-002   1.0000000000000000     
   1313.7465820312500       0.94097560644149780        6.1523500829935074E-002   1.0000000000000000     
   1313.7764892578125       0.95983368158340454        6.2213052064180374E-002   1.0000000000000000     
   1313.8063964843750        1.0567128658294678        6.4944140613079071E-002   1.0000000000000000     
   1313.8363037109375        1.0909903049468994        6.6359728574752808E-002   1.0000000000000000     
   1313.8662109375000       0.96342432498931885        6.2709398567676544E-002   1.0000000000000000     
   1313.8961181640625        1.0060076713562012        6.3461452722549438E-002   1.0000000000000000     
   1313.9260253906250       0.92064893245697021        6.1784107238054276E-002   1.0000000000000000     
   1313.9559326171875        1.0753355026245117        6.5468631684780121E-002   1.0000000000000000     
   1313.9858398437500        1.0493791103363037        6.4950287342071533E-002   1.0000000000000000     
   1314.0157470703125        1.0327250957489014        6.4214318990707397E-002   1.0000000000000000     
   1314.0456542968750        1.0373680591583252        6.4362101256847382E-002   1.0000000000000000     
   1314.0755615234375        1.0252797603607178        6.4086370170116425E-002   1.0000000000000000     
   1314.1054687500000        1.0598640441894531        6.5632149577140808E-002   1.0000000000000000     
   1314.1353759765625       0.99288296699523926        6.2839247286319733E-002   1.0000000000000000     
   1314.1652832031250        1.1142712831497192        6.6590942442417145E-002   1.0000000000000000     
   1314.1951904296875       0.99467045068740845        6.3324324786663055E-002   1.0000000000000000     
   1314.2250976562500        1.0273727178573608        6.4095102250576019E-002   1.0000000000000000     
   1314.2551269531250        1.0342903137207031        6.4222931861877441E-002   1.0000000000000000     
   1314.2850341796875       0.92499619722366333        6.1288852244615555E-002   1.0000000000000000     
   1314.3149414062500       0.91590529680252075        6.0582250356674194E-002   1.0000000000000000     
   1314.3448486328125        1.0378260612487793        6.4332604408264160E-002   1.0000000000000000     
   1314.3747558593750        1.0662599802017212        6.5160579979419708E-002   1.0000000000000000     
   1314.4046630859375        1.0208675861358643        6.4058065414428711E-002   1.0000000000000000     
   1314.4345703125000       0.99384987354278564        6.3002631068229675E-002   1.0000000000000000     
   1314.4644775390625        1.0908752679824829        6.6287100315093994E-002   1.0000000000000000     
   1314.4943847656250        1.0243384838104248        6.4328595995903015E-002   1.0000000000000000     
   1314.5242919921875        1.1105884313583374        6.6757380962371826E-002   1.0000000000000000     
   1314.5541992187500       0.89683204889297485        6.0262452811002731E-002   1.0000000000000000     
   1314.5841064453125        1.0734274387359619        6.5546825528144836E-002   1.0000000000000000     
   1314.6140136718750        1.1194100379943848        6.7286543548107147E-002   1.0000000000000000     
   1314.6439208984375        1.0261456966400146        6.4153343439102173E-002   1.0000000000000000     
   1314.6738281250000        1.0723160505294800        6.5581411123275757E-002   1.0000000000000000     
   1314.7037353515625        1.0258351564407349        6.4622387290000916E-002   1.0000000000000000     
   1314.7336425781250       0.94105470180511475        6.1394508928060532E-002   1.0000000000000000     
   1314.7635498046875       0.98782682418823242        6.3079506158828735E-002   1.0000000000000000     
   1314.7934570312500       0.97462004423141479        6.2575466930866241E-002   1.0000000000000000     
   1314.8233642578125        1.0517044067382812        6.5597280859947205E-002   1.0000000000000000     
   1314.8532714843750        1.0358533859252930        6.4450912177562714E-002   1.0000000000000000     
   1314.8831787109375       0.98954957723617554        6.3954874873161316E-002   1.0000000000000000     
   1314.9130859375000        1.0026265382766724        6.4179122447967529E-002   1.0000000000000000     
   1314.9429931640625        1.0661195516586304        6.5426103770732880E-002   1.0000000000000000     
   1314.9729003906250        1.0336967706680298        6.4868934452533722E-002   1.0000000000000000     
   1315.0028076171875       0.90303140878677368        6.0414213687181473E-002   1.0000000000000000     
   1315.0327148437500        1.0067359209060669        6.3445247709751129E-002   1.0000000000000000     
   1315.0626220703125        1.0397897958755493        6.4744070172309875E-002   1.0000000000000000     
   1315.0925292968750        1.0240141153335571        6.4112648367881775E-002   1.0000000000000000     
   1315.1224365234375       0.99333113431930542        6.3182294368743896E-002   1.0000000000000000     
   1315.1523437500000       0.98516231775283813        6.3105814158916473E-002   1.0000000000000000     
   1315.1822509765625       0.98091173171997070        6.2665283679962158E-002   1.0000000000000000     
!  ---- tick mark positions for above ----
!      1312.87549     7     1
!      1313.05820     7     2
