! -------------------------
   1343.9257812500000       0.95601767301559448        6.1122175306081772E-002   1.0000000000000000     
   1343.9556884765625        1.0498870611190796        6.3527233898639679E-002   1.0000000000000000     
   1343.9855957031250        1.0625979900360107        6.4003579318523407E-002   1.0000000000000000     
   1344.0155029296875        1.0667402744293213        6.4040400087833405E-002   1.0000000000000000     
   1344.0454101562500        1.0874878168106079        6.4572297036647797E-002   1.0000000000000000     
   1344.0753173828125       0.94437712430953979        6.0895632952451706E-002   1.0000000000000000     
   1344.1052246093750       0.78607082366943359        5.5646985769271851E-002   1.0000000000000000     
   1344.1351318359375       0.72596722841262817        5.2994627505540848E-002   1.0000000000000000     
   1344.1650390625000       0.58514177799224854        4.7524623572826385E-002   1.0000000000000000     
   1344.1949462890625       0.63344740867614746        4.9405992031097412E-002   1.0000000000000000     
   1344.2248535156250       0.77739685773849487        5.4716151207685471E-002   1.0000000000000000     
   1344.2547607421875       0.84502249956130981        5.6928496807813644E-002   1.0000000000000000     
   1344.2846679687500       0.90649002790451050        6.0056198388338089E-002   1.0000000000000000     
   1344.3145751953125        1.1809027194976807        6.7368730902671814E-002   1.0000000000000000     
   1344.3444824218750        1.0076044797897339        6.2304958701133728E-002   1.0000000000000000     
   1344.3743896484375        1.0460162162780762        6.3278846442699432E-002   1.0000000000000000     
   1344.4042968750000        1.0950189828872681        6.4863100647926331E-002   1.0000000000000000     
   1344.4342041015625        1.0528224706649780        6.3501566648483276E-002   1.0000000000000000     
   1344.4641113281250        1.0524122714996338        6.3434943556785583E-002   1.0000000000000000     
   1344.4940185546875       0.98710006475448608        6.1326332390308380E-002   1.0000000000000000     
   1344.5239257812500        1.0171722173690796        6.2423001974821091E-002   1.0000000000000000     
   1344.5539550781250       0.91324269771575928        5.9256900101900101E-002   1.0000000000000000     
   1344.5838623046875       0.76381808519363403        5.3967755287885666E-002   1.0000000000000000     
   1344.6137695312500       0.84344464540481567        5.6904021650552750E-002   1.0000000000000000     
   1344.6436767578125       0.97693574428558350        6.1221156269311905E-002   1.0000000000000000     
   1344.6735839843750        1.0054458379745483        6.1835777014493942E-002   1.0000000000000000     
   1344.7034912109375       0.84472471475601196        5.7046879082918167E-002   1.0000000000000000     
   1344.7333984375000        1.0176372528076172        6.2429044395685196E-002   1.0000000000000000     
   1344.7633056640625        1.0075587034225464        6.2102735042572021E-002   1.0000000000000000     
   1344.7932128906250       0.89108622074127197        5.8167558163404465E-002   1.0000000000000000     
   1344.8231201171875       0.84926038980484009        5.6923702359199524E-002   1.0000000000000000     
   1344.8530273437500       0.65899163484573364        5.0334461033344269E-002   1.0000000000000000     
   1344.8829345703125       0.53762799501419067        4.5696876943111420E-002   1.0000000000000000     
   1344.9128417968750       0.50885587930679321        4.4180713593959808E-002   1.0000000000000000     
   1344.9427490234375       0.63360220193862915        4.9464337527751923E-002   1.0000000000000000     
   1344.9726562500000       0.68951249122619629        5.1278736442327499E-002   1.0000000000000000     
   1345.0025634765625       0.90779829025268555        5.8852341026067734E-002   1.0000000000000000     
   1345.0324707031250        1.0419341325759888        6.2815546989440918E-002   1.0000000000000000     
   1345.0623779296875       0.93266457319259644        5.9833522886037827E-002   1.0000000000000000     
   1345.0922851562500        1.0992183685302734        6.4413189888000488E-002   1.0000000000000000     
   1345.1221923828125        1.0887998342514038        6.4301952719688416E-002   1.0000000000000000     
   1345.1520996093750        1.0734707117080688        6.3636064529418945E-002   1.0000000000000000     
   1345.1820068359375        1.0777977705001831        6.4002782106399536E-002   1.0000000000000000     
   1345.2119140625000        1.0854605436325073        6.4175218343734741E-002   1.0000000000000000     
   1345.2418212890625        1.0248260498046875        6.2919370830059052E-002   1.0000000000000000     
   1345.2717285156250        1.0806524753570557        6.3811004161834717E-002   1.0000000000000000     
   1345.3016357421875        1.1077373027801514        6.4852066338062286E-002   1.0000000000000000     
   1345.3315429687500        1.0138456821441650        6.1847597360610962E-002   1.0000000000000000     
   1345.3614501953125       0.86139112710952759        5.6988518685102463E-002   1.0000000000000000     
   1345.3913574218750        1.0292223691940308        6.2283866107463837E-002   1.0000000000000000     
   1345.4212646484375       0.94076412916183472        5.9637952595949173E-002  0.99916754423183141     
   1345.4511718750000       0.85168004035949707        5.6866932660341263E-002  0.99906701659572439     
   1345.4810791015625       0.71610361337661743        5.2610136568546295E-002  0.99894353913518541     
   1345.5109863281250       0.61705487966537476        4.8570565879344940E-002  0.99879086268918504     
   1345.5408935546875       0.53749322891235352        4.5315954834222794E-002  0.99859958721660025     
   1345.5708007812500       0.50854438543319702        4.4097933918237686E-002  0.99835457912510106     
   1345.6007080078125       0.47049292922019958        4.3213304132223129E-002  0.99803141058977873     
   1345.6306152343750       0.52268064022064209        4.4787824153900146E-002  0.99759210724732483     
   1345.6605224609375       0.53644770383834839        4.5966148376464844E-002  0.99697969860626534     
   1345.6904296875000       0.64889460802078247        4.9564916640520096E-002  0.99611034658294040     
   1345.7203369140625       0.61367529630661011        4.8395622521638870E-002  0.99486083277118587     
   1345.7502441406250       0.46576654911041260        4.2287640273571014E-002  0.99304784669765811     
   1345.7801513671875       0.40171411633491516        3.9350938051939011E-002  0.99039003934420367     
   1345.8100585937500       0.42705011367797852        4.0491398423910141E-002  0.98642908109535954     
   1345.8399658203125       0.54792630672454834        4.5670807361602783E-002  0.98036912297523660     
   1345.8699951171875       0.78755533695220947        5.4340582340955734E-002  0.97078360408264042     
   1345.8999023437500       0.78996533155441284        5.4684832692146301E-002  0.95517428708827834     
   1345.9298095703125       0.90078490972518921        5.8108966797590256E-002  0.92954099442075178     
   1345.9597167968750       0.94712883234024048        5.9523575007915497E-002  0.88848013367267253     
   1345.9896240234375       0.95076227188110352        5.9746719896793365E-002  0.82661453370486060     
   1346.0195312500000       0.68844276666641235        5.0905220210552216E-002  0.74170004292065028     
   1346.0494384765625       0.56251531839370728        4.6299632638692856E-002  0.63809019203694650     
   1346.0793457031250       0.43132922053337097        4.0871720761060715E-002  0.52751743345170765     
   1346.1092529296875       0.37754079699516296        3.8153316825628281E-002  0.42521554207718443     
   1346.1391601562500       0.35380926728248596        3.6804646253585815E-002  0.34369614880674737     
   1346.1690673828125       0.27976804971694946        3.2845050096511841E-002  0.28909688046606635     
   1346.1989746093750       0.31957492232322693        3.5017807036638260E-002  0.26220373533286429     
   1346.2288818359375       0.33830291032791138        3.6729454994201660E-002  0.26181149760269773     
   1346.2587890625000       0.39785373210906982        3.9217043668031693E-002  0.28704557017193283     
   1346.2886962890625       0.47276666760444641        4.2216479778289795E-002  0.33708637713553652     
   1346.3186035156250       0.47552147507667542        4.2521405965089798E-002  0.40886017753920739     
   1346.3485107421875       0.49622827768325806        4.3674290180206299E-002  0.49493100904083631     
   1346.3784179687500       0.62599098682403564        4.9296770244836807E-002  0.58422855205500668     
   1346.4083251953125       0.71477115154266357        5.1942776888608932E-002  0.66596200526036986     
   1346.4382324218750       0.84878212213516235        5.6321375072002411E-002  0.73373995737945175     
   1346.4681396484375       0.72271990776062012        5.2156325429677963E-002  0.78670524971244238     
   1346.4980468750000       0.79157763719558716        5.4509580135345459E-002  0.82761243375556415     
   1346.5279541015625       0.87913006544113159        5.7465605437755585E-002  0.86010349586053492     
   1346.5578613281250       0.91216278076171875        5.8347731828689575E-002  0.88699408014969627     
   1346.5877685546875       0.89536029100418091        5.7785388082265854E-002  0.90986029846290573     
   1346.6176757812500        1.0118443965911865        6.1254542320966721E-002  0.92936465104368660     
   1346.6475830078125       0.92690545320510864        5.9010982513427734E-002  0.94573819383365165     
   1346.6774902343750        1.0676844120025635        6.2943197786808014E-002  0.95912594148639352     
   1346.7073974609375        1.0446481704711914        6.2362197786569595E-002  0.96974514468892459     
   1346.7373046875000       0.95888155698776245        5.9842247515916824E-002  0.97791359589630444     
   1346.7672119140625       0.94910603761672974        5.9535369277000427E-002  0.98401724553240133     
   1346.7971191406250       0.75304555892944336        5.2988819777965546E-002  0.98846239328297714     
   1346.8270263671875       0.60433262586593628        4.8574149608612061E-002  0.99163362582206493     
   1346.8569335937500       0.48693409562110901        4.3274480849504471E-002  0.99386480227303109     
   1346.8868408203125       0.41687759757041931        3.9572618901729584E-002  0.99542516955379501     
   1346.9167480468750       0.38481244444847107        3.8238205015659332E-002  0.99651864344553587     
   1346.9466552734375       0.47483333945274353        4.2664919048547745E-002  0.99729199911319577     
   1346.9765625000000       0.70074325799942017        5.1019467413425446E-002  0.99784679139112387     
   1347.0064697265625       0.96509569883346558        5.9911396354436874E-002   1.0000000000000000     
   1347.0363769531250        1.0529673099517822        6.2370125204324722E-002   1.0000000000000000     
   1347.0662841796875        1.0942347049713135        6.3554257154464722E-002   1.0000000000000000     
   1347.0961914062500        1.0179352760314941        6.1659447848796844E-002   1.0000000000000000     
   1347.1260986328125       0.97551518678665161        6.0309536755084991E-002   1.0000000000000000     
   1347.1560058593750       0.93522667884826660        5.8840993791818619E-002   1.0000000000000000     
   1347.1860351562500       0.97839123010635376        6.0060504823923111E-002   1.0000000000000000     
   1347.2159423828125        1.0299708843231201        6.1802849173545837E-002   1.0000000000000000     
   1347.2458496093750        1.0337922573089600        6.1668377369642258E-002   1.0000000000000000     
   1347.2757568359375       0.97916799783706665        6.0244258493185043E-002   1.0000000000000000     
   1347.3056640625000       0.88571882247924805        5.7331193238496780E-002   1.0000000000000000     
   1347.3355712890625       0.88254821300506592        5.7022880762815475E-002   1.0000000000000000     
   1347.3654785156250       0.96342533826828003        5.9542536735534668E-002   1.0000000000000000     
   1347.3953857421875       0.93908506631851196        5.8789763599634171E-002   1.0000000000000000     
   1347.4252929687500       0.91211289167404175        5.7924751192331314E-002   1.0000000000000000     
   1347.4552001953125       0.99510890245437622        6.0493677854537964E-002   1.0000000000000000     
   1347.4851074218750        1.0188820362091064        6.1488546431064606E-002   1.0000000000000000     
   1347.5150146484375       0.99623572826385498        6.1013206839561462E-002   1.0000000000000000     
   1347.5449218750000       0.93056261539459229        5.8739855885505676E-002   1.0000000000000000     
   1347.5748291015625       0.89287894964218140        5.7651970535516739E-002   1.0000000000000000     
   1347.6047363281250       0.87730526924133301        5.7017907500267029E-002   1.0000000000000000     
   1347.6346435546875       0.86596375703811646        5.6754484772682190E-002   1.0000000000000000     
   1347.6645507812500       0.82211047410964966        5.5019289255142212E-002   1.0000000000000000     
   1347.6944580078125       0.74273931980133057        5.2361320704221725E-002   1.0000000000000000     
   1347.7243652343750       0.80538070201873779        5.4380256682634354E-002   1.0000000000000000     
   1347.7542724609375       0.70575153827667236        5.1030103117227554E-002   1.0000000000000000     
   1347.7841796875000       0.70526254177093506        5.1190234720706940E-002   1.0000000000000000     
   1347.8140869140625       0.66230595111846924        5.0097126513719559E-002   1.0000000000000000     
   1347.8439941406250       0.74454098939895630        5.2309792488813400E-002   1.0000000000000000     
   1347.8739013671875       0.61646276712417603        4.7783374786376953E-002   1.0000000000000000     
   1347.9038085937500       0.72709172964096069        5.1944907754659653E-002   1.0000000000000000     
   1347.9337158203125       0.75732880830764771        5.2846111357212067E-002   1.0000000000000000     
   1347.9636230468750       0.72448587417602539        5.1760472357273102E-002   1.0000000000000000     
   1347.9935302734375       0.73925858736038208        5.2054103463888168E-002   1.0000000000000000     
   1348.0234375000000       0.78124296665191650        5.3587540984153748E-002   1.0000000000000000     
   1348.0533447265625       0.90882426500320435        5.7702992111444473E-002   1.0000000000000000     
   1348.0832519531250       0.89120829105377197        5.7105325162410736E-002   1.0000000000000000     
   1348.1131591796875       0.85249048471450806        5.5924735963344574E-002   1.0000000000000000     
   1348.1430664062500       0.76962614059448242        5.3150597959756851E-002   1.0000000000000000     
   1348.1729736328125       0.74236059188842773        5.2402548491954803E-002   1.0000000000000000     
   1348.2028808593750       0.64339315891265869        4.8887915909290314E-002   1.0000000000000000     
   1348.2327880859375       0.48235988616943359        4.2524807155132294E-002   1.0000000000000000     
   1348.2626953125000       0.33351835608482361        3.5911820828914642E-002   1.0000000000000000     
   1348.2926025390625       0.32954889535903931        3.5550914704799652E-002   1.0000000000000000     
   1348.3225097656250       0.33007386326789856        3.5592280328273773E-002   1.0000000000000000     
   1348.3524169921875       0.50079190731048584        4.3171349912881851E-002   1.0000000000000000     
   1348.3823242187500       0.61574387550354004        4.7809034585952759E-002   1.0000000000000000     
   1348.4122314453125       0.66491252183914185        4.9489617347717285E-002   1.0000000000000000     
   1348.4421386718750       0.87678527832031250        5.6429367512464523E-002   1.0000000000000000     
   1348.4720458984375       0.94089829921722412        5.8792378753423691E-002   1.0000000000000000     
!  ---- tick mark positions for above ----
!      1346.21015     4     1
!      1346.39750     4     2
