! -------------------------
   1707.1938476562500       0.92137938737869263        7.8389525413513184E-002   1.0000000000000000     
   1707.2304687500000       0.92023760080337524        7.8221797943115234E-002   1.0000000000000000     
   1707.2672119140625       0.89657574892044067        7.8485138714313507E-002   1.0000000000000000     
   1707.3038330078125       0.98612171411514282        8.1297248601913452E-002   1.0000000000000000     
   1707.3405761718750        1.0739417076110840        8.5637211799621582E-002   1.0000000000000000     
   1707.3771972656250        1.0351253747940063        8.4041833877563477E-002   1.0000000000000000     
   1707.4139404296875        1.1524703502655029        8.8506437838077545E-002   1.0000000000000000     
   1707.4506835937500       0.80196607112884521        7.4470400810241699E-002   1.0000000000000000     
   1707.4873046875000       0.98742604255676270        8.2068793475627899E-002   1.0000000000000000     
   1707.5240478515625       0.93744981288909912        7.9778864979743958E-002   1.0000000000000000     
   1707.5606689453125       0.95960420370101929        8.1347994506359100E-002   1.0000000000000000     
   1707.5974121093750       0.97772324085235596        8.3054535090923309E-002   1.0000000000000000     
   1707.6340332031250        1.1455471515655518        8.8521853089332581E-002   1.0000000000000000     
   1707.6707763671875       0.95747989416122437        8.1311188638210297E-002   1.0000000000000000     
   1707.7075195312500       0.95330148935317993        8.2144632935523987E-002   1.0000000000000000     
   1707.7441406250000       0.86788457632064819        7.7948309481143951E-002   1.0000000000000000     
   1707.7808837890625       0.89761787652969360        7.9751610755920410E-002   1.0000000000000000     
   1707.8175048828125       0.93816936016082764        8.1747204065322876E-002   1.0000000000000000     
   1707.8542480468750        1.0509458780288696        8.5621505975723267E-002   1.0000000000000000     
   1707.8908691406250        1.0167921781539917        8.5328273475170135E-002   1.0000000000000000     
   1707.9276123046875        1.0924999713897705        8.7679199874401093E-002   1.0000000000000000     
   1707.9643554687500        1.0409181118011475        8.6152277886867523E-002   1.0000000000000000     
   1708.0009765625000        1.0204585790634155        8.5513129830360413E-002   1.0000000000000000     
   1708.0377197265625       0.95519089698791504        8.2234084606170654E-002   1.0000000000000000     
   1708.0743408203125        1.0917416810989380        8.8499248027801514E-002   1.0000000000000000     
   1708.1110839843750       0.93312919139862061        8.2213081419467926E-002   1.0000000000000000     
   1708.1477050781250       0.94378751516342163        8.2750953733921051E-002   1.0000000000000000     
   1708.1844482421875       0.84369641542434692        8.1098131835460663E-002   1.0000000000000000     
   1708.2210693359375       0.80611544847488403        7.7271804213523865E-002   1.0000000000000000     
   1708.2578125000000       0.97876310348510742        8.4524840116500854E-002   1.0000000000000000     
   1708.2945556640625        1.1007332801818848        8.9096784591674805E-002   1.0000000000000000     
   1708.3311767578125        1.1425383090972900        9.1256439685821533E-002   1.0000000000000000     
   1708.3679199218750       0.92938315868377686        8.2835488021373749E-002   1.0000000000000000     
   1708.4045410156250        1.1243109703063965        9.0674132108688354E-002   1.0000000000000000     
   1708.4412841796875        1.0942859649658203        8.9933626353740692E-002   1.0000000000000000     
   1708.4779052734375        1.1287781000137329        9.2886291444301605E-002   1.0000000000000000     
   1708.5146484375000       0.98505449295043945        8.5231274366378784E-002   1.0000000000000000     
   1708.5513916015625       0.97936940193176270        8.7213218212127686E-002   1.0000000000000000     
   1708.5880126953125        1.1077655553817749        9.1454274952411652E-002   1.0000000000000000     
   1708.6247558593750       0.97839474678039551        8.5415221750736237E-002   1.0000000000000000     
   1708.6613769531250        1.0475163459777832        8.8337697088718414E-002   1.0000000000000000     
   1708.6981201171875       0.99220055341720581        8.8000714778900146E-002   1.0000000000000000     
   1708.7347412109375       0.93458974361419678        8.5001498460769653E-002   1.0000000000000000     
   1708.7714843750000        1.0684857368469238        9.1284751892089844E-002   1.0000000000000000     
   1708.8081054687500        1.1273964643478394        9.2719145119190216E-002   1.0000000000000000     
   1708.8448486328125        1.0408091545104980        8.8633969426155090E-002   1.0000000000000000     
   1708.8815917968750        1.0859360694885254        9.2378281056880951E-002   1.0000000000000000     
   1708.9182128906250        1.0386811494827271        8.9444406330585480E-002   1.0000000000000000     
   1708.9549560546875        1.0859557390213013        9.1003626585006714E-002   1.0000000000000000     
   1708.9915771484375       0.93747293949127197        8.5133969783782959E-002   1.0000000000000000     
   1709.0283203125000       0.98477786779403687        8.8349685072898865E-002  0.99950805143154664     
   1709.0649414062500       0.96358424425125122        8.6139433085918427E-002  0.99943804946944292     
   1709.1016845703125        1.0406912565231323        8.9709497988224030E-002  0.99934364580413082     
   1709.1384277343750       0.93442070484161377        8.4866963326931000E-002  0.99922105401173811     
   1709.1750488281250        1.0074551105499268        8.8766567409038544E-002  0.99906317843215342     
   1709.2117919921875       0.94283622503280640        8.5571341216564178E-002  0.99885399925698637     
   1709.2484130859375       0.99306136369705200        8.9563712477684021E-002  0.99856577239552502     
   1709.2851562500000       0.93269163370132446        8.5417725145816803E-002  0.99816156724979066     
   1709.3217773437500       0.91111236810684204        8.4234185516834259E-002  0.99760034544289200     
   1709.3585205078125       0.93793940544128418        8.6256504058837891E-002  0.99684281161652200     
   1709.3952636718750        1.1261878013610840        9.3926064670085907E-002  0.99584797761677424     
   1709.4318847656250       0.90143156051635742        8.4376305341720581E-002  0.99452863638034250     
   1709.4686279296875       0.92383319139480591        8.7671689689159393E-002  0.99261369549253387     
   1709.5052490234375       0.97189986705780029        8.7972052395343781E-002  0.98930214476905176     
   1709.5419921875000        1.1447935104370117        9.5003262162208557E-002  0.98254533461162408     
   1709.5786132812500       0.99337947368621826        8.8700458407402039E-002  0.96826428935296593     
   1709.6153564453125        1.0155640840530396        8.9805550873279572E-002  0.94137421957257938     
   1709.6519775390625       0.84958887100219727        8.4117531776428223E-002  0.90111875640574801     
   1709.6887207031250       0.84519720077514648        8.1233315169811249E-002  0.85772324865887040     
   1709.7254638671875       0.76173764467239380        7.8389495611190796E-002  0.83010301295835021     
   1709.7620849609375       0.94717699289321899        8.6541183292865753E-002  0.83191907469148507     
   1709.7988281250000       0.91327679157257080        8.5539124906063080E-002  0.85947718869825318     
   1709.8354492187500       0.79446232318878174        7.9376809298992157E-002  0.89436279421778664     
   1709.8721923828125       0.91040384769439697        8.5986033082008362E-002  0.91793035279106816     
   1709.9088134765625       0.90669769048690796        8.5262730717658997E-002  0.92224249391651136     
   1709.9455566406250       0.96285825967788696        8.7197907269001007E-002  0.90871689975072290     
   1709.9822998046875       0.96409678459167480        8.7530754506587982E-002  0.88172523664787128     
   1710.0189208984375       0.76745992898941040        7.8981004655361176E-002  0.84544468719974797     
   1710.0556640625000       0.82031577825546265        8.1405907869338989E-002  0.80400516495343000     
   1710.0922851562500       0.62395322322845459        7.1829997003078461E-002  0.76205911233714285     
   1710.1290283203125       0.77070701122283936        7.9544752836227417E-002  0.72456991552173944     
   1710.1656494140625       0.76500898599624634        7.7745184302330017E-002  0.69609268119280887     
   1710.2023925781250       0.73070722818374634        7.6128669083118439E-002  0.68008169589362411     
   1710.2391357421875       0.67089825868606567        7.4387669563293457E-002  0.67847415922260101     
   1710.2757568359375       0.92105060815811157        8.6522996425628662E-002  0.69150912298814760     
   1710.3125000000000       0.72038978338241577        7.5429804623126984E-002  0.71770382172314218     
   1710.3491210937500       0.51874196529388428        6.8592175841331482E-002  0.75397816605646295     
   1710.3858642578125       0.69949430227279663        7.6116360723972321E-002  0.79604429807704058     
   1710.4224853515625       0.86632871627807617        8.2814022898674011E-002  0.83915296037282439     
   1710.4592285156250       0.98375153541564941        8.8610604405403137E-002  0.87905719482020128     
   1710.4958496093750        1.0218406915664673        8.9863047003746033E-002  0.91283754714012932     
   1710.5325927734375        1.0613055229187012        9.0842850506305695E-002  0.93924954788556370     
   1710.5693359375000        1.1267069578170776        9.4002246856689453E-002  0.95851820471534566     
   1710.6059570312500       0.93866872787475586        8.7067231535911560E-002  0.97180150229787010     
   1710.6427001953125       0.88969051837921143        8.3590693771839142E-002  0.98059654600078605     
   1710.6793212890625        1.0173854827880859        8.9168712496757507E-002  0.98630277569995917     
   1710.7160644531250       0.98326760530471802        8.8011093437671661E-002  0.99001480592172397     
   1710.7526855468750        1.0547050237655640        9.0178169310092926E-002  0.99248955342158485     
   1710.7894287109375       0.92079007625579834        8.4444247186183929E-002  0.99420496915900791     
   1710.8261718750000        1.0827339887619019        9.2503316700458527E-002  0.99544488346489224     
   1710.8627929687500        1.0328929424285889        8.9608266949653625E-002  0.99637352646285759     
   1710.8995361328125        1.1372050046920776        9.3286618590354919E-002  0.99708724040668051     
   1710.9361572265625        1.0323371887207031        8.9088454842567444E-002  0.99764535805773991     
   1710.9729003906250        1.4031087160110474       0.10462900996208191       0.99808675295352522     
   1711.0095214843750        1.2165373563766479        9.6581026911735535E-002  0.99843820382458937     
   1711.0462646484375        1.0566521883010864        8.9941784739494324E-002  0.99871879955504894     
   1711.0828857421875       0.85698497295379639        8.1467524170875549E-002  0.99894243596663468     
   1711.1196289062500        1.1964660882949829        9.5914848148822784E-002   1.0000000000000000     
   1711.1563720703125       0.99700617790222168        8.9664019644260406E-002   1.0000000000000000     
   1711.1929931640625        1.0347403287887573        9.0080954134464264E-002   1.0000000000000000     
   1711.2297363281250       0.93727558851242065        8.5468567907810211E-002   1.0000000000000000     
   1711.2663574218750        1.0053228139877319        8.8653154671192169E-002   1.0000000000000000     
   1711.3031005859375       0.89887368679046631        8.3287574350833893E-002   1.0000000000000000     
   1711.3397216796875       0.96604877710342407        8.6694605648517609E-002   1.0000000000000000     
   1711.3764648437500       0.99114733934402466        8.8416129350662231E-002   1.0000000000000000     
   1711.4132080078125       0.93491780757904053        8.5923925042152405E-002   1.0000000000000000     
   1711.4498291015625       0.94549882411956787        8.5380047559738159E-002   1.0000000000000000     
   1711.4865722656250       0.92175650596618652        8.3606719970703125E-002   1.0000000000000000     
   1711.5231933593750       0.91663497686386108        8.3462044596672058E-002   1.0000000000000000     
   1711.5599365234375       0.81174737215042114        7.8790925443172455E-002   1.0000000000000000     
   1711.5965576171875       0.71711075305938721        7.4984304606914520E-002   1.0000000000000000     
   1711.6333007812500       0.64908820390701294        7.0305913686752319E-002   1.0000000000000000     
   1711.6700439453125       0.39614152908325195        5.7864800095558167E-002   1.0000000000000000     
   1711.7066650390625       0.28081348538398743        4.8436254262924194E-002   1.0000000000000000     
   1711.7434082031250       0.24345301091670990        4.3816190212965012E-002   1.0000000000000000     
   1711.7800292968750       0.18731786310672760        3.9534859359264374E-002   1.0000000000000000     
   1711.8167724609375       0.13057418167591095        3.3768162131309509E-002   1.0000000000000000     
   1711.8533935546875        7.0148430764675140E-002   2.6790253818035126E-002   1.0000000000000000     
   1711.8901367187500        2.1537147462368011E-002   2.3568969219923019E-002   1.0000000000000000     
   1711.9267578125000        8.0331631004810333E-002   2.7390360832214355E-002   1.0000000000000000     
   1711.9635009765625       0.14945331215858459        3.5845838487148285E-002   1.0000000000000000     
   1712.0002441406250       0.24235704541206360        4.3852876871824265E-002   1.0000000000000000     
   1712.0368652343750       0.29801574349403381        4.8876643180847168E-002   1.0000000000000000     
   1712.0736083984375       0.34125286340713501        5.1963966339826584E-002   1.0000000000000000     
   1712.1102294921875       0.54570311307907104        6.4370274543762207E-002   1.0000000000000000     
   1712.1469726562500       0.52876889705657959        6.3769422471523285E-002   1.0000000000000000     
   1712.1835937500000       0.55951106548309326        6.5560296177864075E-002   1.0000000000000000     
   1712.2203369140625       0.63689965009689331        6.9001458585262299E-002   1.0000000000000000     
   1712.2570800781250       0.69758951663970947        7.3296554386615753E-002   1.0000000000000000     
   1712.2937011718750       0.70536512136459351        7.2434887290000916E-002   1.0000000000000000     
   1712.3304443359375       0.46258938312530518        6.0768596827983856E-002   1.0000000000000000     
   1712.3670654296875       0.53580021858215332        6.3154198229312897E-002   1.0000000000000000     
   1712.4038085937500       0.47150465846061707        6.0929395258426666E-002   1.0000000000000000     
   1712.4404296875000       0.55490314960479736        6.5466389060020447E-002   1.0000000000000000     
   1712.4771728515625       0.37923201918601990        5.4336704313755035E-002   1.0000000000000000     
   1712.5139160156250       0.24235087633132935        4.6516478061676025E-002   1.0000000000000000     
   1712.5505371093750       0.19550350308418274        4.1610490530729294E-002   1.0000000000000000     
   1712.5872802734375       0.11653340607881546        3.0992548912763596E-002   1.0000000000000000     
   1712.6239013671875        8.7959766387939453E-002   2.6996105909347534E-002   1.0000000000000000     
   1712.6606445312500        3.8757141679525375E-002   1.9752964377403259E-002   1.0000000000000000     
   1712.6972656250000        3.2028391957283020E-002   1.8533255904912949E-002   1.0000000000000000     
   1712.7340087890625       -1.4002572279423475E-003   1.4867404475808144E-002   1.0000000000000000     
   1712.7706298828125        2.1403234452009201E-002   1.8114758655428886E-002   1.0000000000000000     
   1712.8073730468750        6.7190420813858509E-003   1.3599732890725136E-002   1.0000000000000000     
   1712.8441162109375        2.5524739176034927E-002   1.6918182373046875E-002   1.0000000000000000     
   1712.8807373046875        4.3726391158998013E-003   1.3014788739383221E-002   1.0000000000000000     
   1712.9174804687500        1.8199840560555458E-002   1.4910820871591568E-002   1.0000000000000000     
!  ---- tick mark positions for above ----
!      1710.22946     1     1
!      1709.74259     3     2
