      1.00000       0.0000000
      2.00000   5.9965332e-06
      3.00000   6.0666680e-06
      4.00000   6.1086216e-06
      5.00000   6.1485071e-06
      6.00000   6.1816831e-06
      7.00000   6.2102340e-06
      8.00000   6.2411086e-06
      9.00000   6.2804752e-06
      10.0000   6.3214020e-06
      11.0000   6.3518264e-06
      12.0000   6.3763528e-06
      13.0000   6.4180363e-06
      14.0000   6.4997371e-06
      15.0000   6.6319813e-06
      16.0000   6.8134609e-06
      17.0000   7.0338315e-06
      18.0000   7.2773387e-06
      19.0000   7.5337011e-06
      20.0000   7.8092826e-06
      21.0000   8.1223216e-06
      22.0000   8.4766316e-06
      23.0000   8.8463266e-06
      24.0000   9.1974252e-06
      25.0000   9.5118803e-06
      26.0000   9.7889870e-06
      27.0000   1.0026612e-05
      28.0000   1.0205468e-05
      29.0000   1.0302666e-05
      30.0000   1.0317761e-05
      31.0000   1.0276195e-05
      32.0000   1.0209640e-05
      33.0000   1.0138084e-05
      34.0000   1.0062918e-05
      35.0000   9.9757826e-06
      36.0000   9.8758219e-06
      37.0000   9.7846087e-06
      38.0000   9.7426455e-06
      39.0000   9.7815846e-06
      40.0000   9.9080980e-06
      41.0000   1.0121258e-05
      42.0000   1.0427182e-05
      43.0000   1.0828815e-05
      44.0000   1.1317620e-05
      45.0000   1.1872256e-05
      46.0000   1.2462652e-05
      47.0000   1.3061721e-05
      48.0000   1.3647624e-05
      49.0000   1.4196978e-05
      50.0000   1.4694540e-05
      51.0000   1.5147709e-05
      52.0000   1.5574044e-05
      53.0000   1.5965157e-05
      54.0000   1.6283149e-05
      55.0000   1.6494350e-05
      56.0000   1.6580296e-05
      57.0000   1.6549649e-05
      58.0000   1.6454811e-05
      59.0000   1.6376132e-05
      60.0000   1.6400892e-05
      61.0000   1.6596132e-05
      62.0000   1.6976077e-05
      63.0000   1.7506929e-05
      64.0000   1.8128852e-05
      65.0000   1.8770375e-05
      66.0000   1.9391546e-05
      67.0000   2.0031763e-05
      68.0000   2.0789106e-05
      69.0000   2.1725613e-05
      70.0000   2.2820232e-05
      71.0000   2.4005969e-05
      72.0000   2.5198860e-05
      73.0000   2.6324882e-05
      74.0000   2.7329079e-05
      75.0000   2.8159606e-05
      76.0000   2.8788154e-05
      77.0000   2.9237453e-05
      78.0000   2.9564830e-05
      79.0000   2.9849411e-05
      80.0000   3.0149329e-05
      81.0000   3.0426640e-05
      82.0000   3.0588133e-05
      83.0000   3.0622825e-05
      84.0000   3.0654868e-05
      85.0000   3.0853364e-05
      86.0000   3.1361007e-05
      87.0000   3.2312779e-05
      88.0000   3.3817189e-05
      89.0000   3.5855421e-05
      90.0000   3.8248560e-05
      91.0000   4.0729119e-05
      92.0000   4.3056807e-05
      93.0000   4.5231507e-05
      94.0000   4.7587495e-05
      95.0000   5.0578525e-05
      96.0000   5.4437565e-05
      97.0000   5.9012269e-05
      98.0000   6.3964952e-05
      99.0000   6.9088856e-05
      100.000   7.4383250e-05
      101.000   7.9921512e-05
      102.000   8.5754829e-05
      103.000   9.1936679e-05
      104.000   9.8503660e-05
      105.000   0.00010549341
      106.000   0.00011313767
      107.000   0.00012179357
      108.000   0.00013150582
      109.000   0.00014197729
      110.000   0.00015315933
      111.000   0.00016560305
      112.000   0.00018030712
      113.000   0.00019812775
      114.000   0.00021913575
      115.000   0.00024266895
      116.000   0.00026809325
      117.000   0.00029562647
      118.000   0.00032630225
      119.000   0.00036106628
      120.000   0.00040002301
      121.000   0.00044231195
      122.000   0.00048630327
      123.000   0.00053001562
      124.000   0.00057097804
      125.000   0.00060721720
      126.000   0.00063929596
      127.000   0.00067037437
      128.000   0.00070468680
      129.000   0.00074456399
      130.000   0.00078974018
      131.000   0.00084142818
      132.000   0.00090485084
      133.000   0.00098548760
      134.000    0.0010872780
      135.000    0.0012165023
      136.000    0.0013786360
      137.000    0.0015694919
      138.000    0.0017760141
      139.000    0.0019874533
      140.000    0.0022040098
      141.000    0.0024321945
      142.000    0.0026729871
      143.000    0.0029213603
      144.000    0.0031730323
      145.000    0.0034333454
      146.000    0.0037344676
      147.000    0.0041346578
      148.000    0.0046893796
      149.000    0.0054539978
      150.000    0.0065302220
      151.000    0.0080724219
      152.000     0.010227981
      153.000     0.013091462
      154.000     0.016801793
      155.000     0.021876469
      156.000     0.029479060
      157.000     0.040934887
      158.000     0.056426942
      159.000     0.073995739
      160.000     0.089767568
      161.000     0.098925814
      162.000     0.097716466
      163.000     0.086232215
      164.000     0.068830691
      165.000     0.051013015
      166.000     0.036220610
      167.000     0.025321292
      168.000     0.017788636
      169.000     0.012789236
      170.000    0.0095922351
      171.000    0.0075994763
      172.000    0.0063478602
      173.000    0.0055335183
      174.000    0.0049728411
      175.000    0.0045562061
      176.000    0.0042218515
      177.000    0.0039201556
      178.000    0.0035989906
      179.000    0.0032288565
      180.000    0.0028270490
      181.000    0.0024374488
      182.000    0.0020925761
      183.000    0.0018006986
      184.000    0.0015588140
      185.000    0.0013631927
      186.000    0.0012058658
      187.000    0.0010769746
      188.000   0.00097099127
      189.000   0.00088418036
      190.000   0.00080971088
      191.000   0.00073943468
      192.000   0.00066784659
      193.000   0.00059397687
      194.000   0.00052088429
      195.000   0.00045336454
      196.000   0.00039527693
      197.000   0.00034771138
      198.000   0.00030988097
      199.000   0.00028068395
      200.000   0.00025823092
      201.000   0.00023933954
      202.000   0.00022079784
      203.000   0.00020127963
      204.000   0.00018147781
      205.000   0.00016270712
      206.000   0.00014592403
      207.000   0.00013166296
      208.000   0.00012031382
      209.000   0.00011190013
      210.000   0.00010584704
      211.000   0.00010129846
      212.000   9.7497919e-05
      213.000   9.4005183e-05
      214.000   9.0623660e-05
      215.000   8.7181521e-05
      216.000   8.3492640e-05
      217.000   7.9527104e-05
      218.000   7.5435841e-05
      219.000   7.1330694e-05
      220.000   6.7257562e-05
      221.000   6.3350490e-05
      222.000   5.9807073e-05
      223.000   5.6735789e-05
      224.000   5.4022814e-05
      225.000   5.1392504e-05
      226.000   4.8625188e-05
      227.000   4.5636418e-05
      228.000   4.2523712e-05
      229.000   3.9578117e-05
      230.000   3.7065423e-05
      231.000   3.5056415e-05
      232.000   3.3469252e-05
      233.000   3.2159471e-05
      234.000   3.1008942e-05
      235.000   3.0005021e-05
      236.000   2.9199682e-05
      237.000   2.8618237e-05
      238.000   2.8237628e-05
      239.000   2.8000824e-05
      240.000   2.7843440e-05
      241.000   2.7718708e-05
      242.000   2.7581244e-05
      243.000   2.7353277e-05
      244.000   2.6961321e-05
      245.000   2.6378440e-05
      246.000   2.5622945e-05
      247.000   2.4744404e-05
      248.000   2.3790384e-05
      249.000   2.2777082e-05
      250.000   2.1713913e-05
      251.000   2.0660600e-05
      252.000   1.9699055e-05
      253.000   1.8855468e-05
      254.000   1.8103316e-05
      255.000   1.7437249e-05
      256.000   1.6889029e-05
      257.000   1.6462838e-05
      258.000   1.6131984e-05
      259.000   1.5886515e-05
      260.000   1.5727797e-05
      261.000   1.5636850e-05
      262.000   1.5584588e-05
      263.000   1.5547666e-05
      264.000   1.5502801e-05
      265.000   1.5435280e-05
      266.000   1.5334721e-05
      267.000   1.5182739e-05
      268.000   1.4963799e-05
      269.000   1.4666771e-05
      270.000   1.4285542e-05
      271.000   1.3827346e-05
      272.000   1.3306927e-05
      273.000   1.2740144e-05
      274.000   1.2149546e-05
      275.000   1.1557328e-05
      276.000   1.0976489e-05
      277.000   1.0423620e-05
      278.000   9.9274093e-06
      279.000   9.5178093e-06
      280.000   9.2147593e-06
      281.000   9.0210142e-06
      282.000   8.9247551e-06
      283.000   8.9060622e-06
      284.000   8.9399691e-06
      285.000   9.0049598e-06
      286.000   9.0816147e-06
      287.000   9.1521979e-06
      288.000   9.2164382e-06
      289.000   9.2848895e-06
      290.000   9.3550570e-06
      291.000   9.4063225e-06
      292.000   9.4138086e-06
      293.000   9.3713916e-06
      294.000   9.2958062e-06
      295.000   9.1999045e-06
      296.000   9.0760086e-06
      297.000   8.9052965e-06
      298.000   8.6787941e-06
      299.000   8.4110552e-06
      300.000   8.1290600e-06
      301.000   7.8561443e-06
      302.000   7.6078891e-06
      303.000   7.3884144e-06
      304.000   7.1885647e-06
      305.000   6.9966341e-06
      306.000   6.8091081e-06
      307.000   6.6298921e-06
      308.000   6.4657588e-06
      309.000   6.3220182e-06
      310.000   6.2023155e-06
      311.000   6.1096698e-06
      312.000   6.0399329e-06
      313.000   5.9820991e-06
      314.000   5.9333433e-06
      315.000   5.8988876e-06
      316.000   5.8813089e-06
      317.000   5.8812548e-06
      318.000   5.8922969e-06
      319.000   5.9004806e-06
      320.000   5.9010449e-06
      321.000   5.8879496e-06
