      1.00000   5.8560854e-06
      2.00000   5.9704280e-06
      3.00000   6.0986827e-06
      4.00000   6.2530644e-06
      5.00000   6.4270298e-06
      6.00000   6.6275134e-06
      7.00000   6.8451950e-06
      8.00000   7.0551005e-06
      9.00000   7.2399266e-06
      10.0000   7.4150898e-06
      11.0000   7.6165525e-06
      12.0000   7.8566491e-06
      13.0000   8.1107837e-06
      14.0000   8.3559171e-06
      15.0000   8.5942174e-06
      16.0000   8.8315264e-06
      17.0000   9.0569738e-06
      18.0000   9.2502178e-06
      19.0000   9.3984518e-06
      20.0000   9.4988263e-06
      21.0000   9.5529713e-06
      22.0000   9.5641572e-06
      23.0000   9.5407268e-06
      24.0000   9.5010846e-06
      25.0000   9.4684356e-06
      26.0000   9.4466641e-06
      27.0000   9.4205034e-06
      28.0000   9.3815825e-06
      29.0000   9.3419994e-06
      30.0000   9.3284643e-06
      31.0000   9.3626395e-06
      32.0000   9.4627176e-06
      33.0000   9.6507738e-06
      34.0000   9.9393228e-06
      35.0000   1.0321334e-05
      36.0000   1.0772319e-05
      37.0000   1.1270269e-05
      38.0000   1.1807457e-05
      39.0000   1.2369804e-05
      40.0000   1.2917415e-05
      41.0000   1.3397749e-05
      42.0000   1.3791630e-05
      43.0000   1.4120763e-05
      44.0000   1.4411585e-05
      45.0000   1.4677741e-05
      46.0000   1.4917179e-05
      47.0000   1.5111502e-05
      48.0000   1.5234026e-05
      49.0000   1.5270471e-05
      50.0000   1.5230316e-05
      51.0000   1.5137859e-05
      52.0000   1.5033413e-05
      53.0000   1.4989503e-05
      54.0000   1.5093799e-05
      55.0000   1.5391017e-05
      56.0000   1.5852829e-05
      57.0000   1.6401335e-05
      58.0000   1.6953067e-05
      59.0000   1.7466766e-05
      60.0000   1.7965624e-05
      61.0000   1.8511881e-05
      62.0000   1.9157462e-05
      63.0000   1.9925916e-05
      64.0000   2.0817273e-05
      65.0000   2.1807084e-05
      66.0000   2.2844679e-05
      67.0000   2.3848224e-05
      68.0000   2.4742842e-05
      69.0000   2.5492296e-05
      70.0000   2.6069272e-05
      71.0000   2.6463493e-05
      72.0000   2.6715848e-05
      73.0000   2.6910007e-05
      74.0000   2.7130716e-05
      75.0000   2.7413180e-05
      76.0000   2.7706343e-05
      77.0000   2.7897178e-05
      78.0000   2.7916636e-05
      79.0000   2.7822229e-05
      80.0000   2.7780994e-05
      81.0000   2.7994109e-05
      82.0000   2.8602617e-05
      83.0000   2.9621531e-05
      84.0000   3.0978637e-05
      85.0000   3.2604781e-05
      86.0000   3.4424673e-05
      87.0000   3.6337759e-05
      88.0000   3.8282044e-05
      89.0000   4.0277817e-05
      90.0000   4.2431959e-05
      91.0000   4.4857374e-05
      92.0000   4.7588066e-05
      93.0000   5.0584829e-05
      94.0000   5.3794985e-05
      95.0000   5.7190573e-05
      96.0000   6.0753391e-05
      97.0000   6.4468746e-05
      98.0000   6.8340240e-05
      99.0000   7.2383780e-05
      100.000   7.6617289e-05
      101.000   8.1090431e-05
      102.000   8.5859319e-05
      103.000   9.0992893e-05
      104.000   9.6678166e-05
      105.000   0.00010314612
      106.000   0.00011049124
      107.000   0.00011879750
      108.000   0.00012833462
      109.000   0.00013938345
      110.000   0.00015210429
      111.000   0.00016667547
      112.000   0.00018318261
      113.000   0.00020151670
      114.000   0.00022171049
      115.000   0.00024423000
      116.000   0.00026963803
      117.000   0.00029810751
      118.000   0.00032962800
      119.000   0.00036437582
      120.000   0.00040275551
      121.000   0.00044386555
      122.000   0.00048452461
      123.000   0.00052103220
      124.000   0.00055187498
      125.000   0.00057906628
      126.000   0.00060627697
      127.000   0.00063554622
      128.000   0.00066673098
      129.000   0.00069979171
      130.000   0.00073754601
      131.000   0.00078641612
      132.000   0.00085373706
      133.000   0.00094518042
      134.000    0.0010643959
      135.000    0.0012122547
      136.000    0.0013840281
      137.000    0.0015711092
      138.000    0.0017711761
      139.000    0.0019908845
      140.000    0.0022333541
      141.000    0.0024899582
      142.000    0.0027447070
      143.000    0.0029862996
      144.000    0.0032153910
      145.000    0.0034422139
      146.000    0.0036862593
      147.000    0.0039924369
      148.000    0.0044455468
      149.000    0.0051501947
      150.000    0.0061892746
      151.000    0.0076159714
      152.000    0.0095326798
      153.000     0.012193086
      154.000     0.016042106
      155.000     0.021734407
      156.000     0.030281929
      157.000     0.042977769
      158.000     0.060253851
      159.000     0.079719573
      160.000     0.095543183
      161.000      0.10142914
      162.000     0.095440134
      163.000     0.081062526
      164.000     0.063786618
      165.000     0.047738004
      166.000     0.034714241
      167.000     0.024886753
      168.000     0.017819081
      169.000     0.012969686
      170.000    0.0097659919
      171.000    0.0076750787
      172.000    0.0062956852
      173.000    0.0053504622
      174.000    0.0046588597
      175.000    0.0041380837
      176.000    0.0037683889
      177.000    0.0035303885
      178.000    0.0033647998
      179.000    0.0031927505
      180.000    0.0029656088
      181.000    0.0026815096
      182.000    0.0023635658
      183.000    0.0020393941
      184.000    0.0017376967
      185.000    0.0014848395
      186.000    0.0012919311
      187.000    0.0011486615
      188.000    0.0010349022
      189.000   0.00093666743
      190.000   0.00084980676
      191.000   0.00077484868
      192.000   0.00071252155
      193.000   0.00066010340
      194.000   0.00061043596
      195.000   0.00055667642
      196.000   0.00049762591
      197.000   0.00043765144
      198.000   0.00038269910
      199.000   0.00033615885
      200.000   0.00029800355
      201.000   0.00026712651
      202.000   0.00024283318
      203.000   0.00022404673
      204.000   0.00020859738
      205.000   0.00019398052
      206.000   0.00017867418
      207.000   0.00016266627
      208.000   0.00014678817
      209.000   0.00013192282
      210.000   0.00011871116
      211.000   0.00010766993
      212.000   9.9204219e-05
      213.000   9.3256494e-05
      214.000   8.9176036e-05
      215.000   8.6031432e-05
      216.000   8.3164043e-05
      217.000   8.0439808e-05
      218.000   7.7934405e-05
      219.000   7.5584052e-05
      220.000   7.3187606e-05
      221.000   7.0600065e-05
      222.000   6.7759283e-05
      223.000   6.4686436e-05
      224.000   6.1482977e-05
      225.000   5.8236172e-05
      226.000   5.5073237e-05
      227.000   5.2245574e-05
      228.000   4.9888426e-05
      229.000   4.7787220e-05
      230.000   4.5562603e-05
      231.000   4.3028173e-05
      232.000   4.0302642e-05
      233.000   3.7633396e-05
      234.000   3.5236182e-05
      235.000   3.3206910e-05
      236.000   3.1518790e-05
      237.000   3.0135585e-05
      238.000   2.9040379e-05
      239.000   2.8206074e-05
      240.000   2.7602491e-05
      241.000   2.7186534e-05
      242.000   2.6888096e-05
      243.000   2.6611466e-05
      244.000   2.6307911e-05
      245.000   2.6019952e-05
      246.000   2.5797553e-05
      247.000   2.5628389e-05
      248.000   2.5444846e-05
      249.000   2.5186770e-05
      250.000   2.4827830e-05
      251.000   2.4346416e-05
      252.000   2.3735349e-05
      253.000   2.3031789e-05
      254.000   2.2294877e-05
      255.000   2.1543132e-05
      256.000   2.0754398e-05
      257.000   1.9908028e-05
      258.000   1.9014715e-05
      259.000   1.8123545e-05
      260.000   1.7290666e-05
      261.000   1.6569493e-05
      262.000   1.5994880e-05
      263.000   1.5565785e-05
      264.000   1.5266372e-05
      265.000   1.5074918e-05
      266.000   1.4959883e-05
      267.000   1.4888451e-05
      268.000   1.4835577e-05
      269.000   1.4788868e-05
      270.000   1.4744845e-05
      271.000   1.4711351e-05
      272.000   1.4701782e-05
      273.000   1.4703483e-05
      274.000   1.4657747e-05
      275.000   1.4494546e-05
      276.000   1.4195531e-05
      277.000   1.3802203e-05
      278.000   1.3374086e-05
      279.000   1.2945895e-05
      280.000   1.2518940e-05
      281.000   1.2079188e-05
      282.000   1.1618598e-05
      283.000   1.1153516e-05
      284.000   1.0716771e-05
      285.000   1.0322208e-05
      286.000   9.9674262e-06
      287.000   9.6585827e-06
      288.000   9.4093948e-06
      289.000   9.2285418e-06
      290.000   9.1124648e-06
      291.000   9.0433241e-06
      292.000   8.9865243e-06
      293.000   8.9113437e-06
      294.000   8.8183406e-06
      295.000   8.7344388e-06
      296.000   8.6834916e-06
      297.000   8.6719056e-06
      298.000   8.6938680e-06
      299.000   8.7344315e-06
      300.000   8.7701619e-06
      301.000   8.7800581e-06
      302.000   8.7636690e-06
      303.000   8.7372200e-06
      304.000   8.7007438e-06
      305.000   8.6260816e-06
      306.000   8.4886024e-06
      307.000   8.2897004e-06
      308.000   8.0548598e-06
      309.000   7.8121184e-06
      310.000   7.5769531e-06
      311.000   7.3616802e-06
      312.000   7.1691961e-06
      313.000   6.9818670e-06
      314.000   6.7746182e-06
      315.000   6.5375307e-06
      316.000   6.2898976e-06
      317.000   6.0686889e-06
      318.000   5.9036715e-06
      319.000   5.8035703e-06
      320.000   5.7337147e-06
      321.000       0.0000000
