      1.00000       0.0000000
      2.00000   6.9128300e-06
      3.00000   6.9267794e-06
      4.00000   6.9363246e-06
      5.00000   6.9697512e-06
      6.00000   7.0337364e-06
      7.00000   7.1186114e-06
      8.00000   7.2031880e-06
      9.00000   7.2796488e-06
      10.0000   7.3621686e-06
      11.0000   7.4753293e-06
      12.0000   7.6327078e-06
      13.0000   7.8295352e-06
      14.0000   8.0495520e-06
      15.0000   8.2669858e-06
      16.0000   8.4530911e-06
      17.0000   8.6026566e-06
      18.0000   8.7397984e-06
      19.0000   8.8876723e-06
      20.0000   9.0469193e-06
      21.0000   9.1981547e-06
      22.0000   9.3267263e-06
      23.0000   9.4390944e-06
      24.0000   9.5591977e-06
      25.0000   9.7119291e-06
      26.0000   9.8979945e-06
      27.0000   1.0093370e-05
      28.0000   1.0285714e-05
      29.0000   1.0500711e-05
      30.0000   1.0780142e-05
      31.0000   1.1142455e-05
      32.0000   1.1560467e-05
      33.0000   1.1970006e-05
      34.0000   1.2311136e-05
      35.0000   1.2572775e-05
      36.0000   1.2786551e-05
      37.0000   1.2979458e-05
      38.0000   1.3169830e-05
      39.0000   1.3377954e-05
      40.0000   1.3606743e-05
      41.0000   1.3825448e-05
      42.0000   1.3998633e-05
      43.0000   1.4128447e-05
      44.0000   1.4240747e-05
      45.0000   1.4362540e-05
      46.0000   1.4514614e-05
      47.0000   1.4711615e-05
      48.0000   1.4968429e-05
      49.0000   1.5307945e-05
      50.0000   1.5741953e-05
      51.0000   1.6235686e-05
      52.0000   1.6726968e-05
      53.0000   1.7167920e-05
      54.0000   1.7533668e-05
      55.0000   1.7835064e-05
      56.0000   1.8149904e-05
      57.0000   1.8583527e-05
      58.0000   1.9185751e-05
      59.0000   1.9925432e-05
      60.0000   2.0726597e-05
      61.0000   2.1509439e-05
      62.0000   2.2217568e-05
      63.0000   2.2845417e-05
      64.0000   2.3403994e-05
      65.0000   2.3875249e-05
      66.0000   2.4244435e-05
      67.0000   2.4529811e-05
      68.0000   2.4763413e-05
      69.0000   2.4969790e-05
      70.0000   2.5183173e-05
      71.0000   2.5435120e-05
      72.0000   2.5733314e-05
      73.0000   2.6083990e-05
      74.0000   2.6489981e-05
      75.0000   2.6947375e-05
      76.0000   2.7471200e-05
      77.0000   2.8086968e-05
      78.0000   2.8778344e-05
      79.0000   2.9486837e-05
      80.0000   3.0192015e-05
      81.0000   3.0971056e-05
      82.0000   3.1944917e-05
      83.0000   3.3197426e-05
      84.0000   3.4752429e-05
      85.0000   3.6622245e-05
      86.0000   3.8834070e-05
      87.0000   4.1384839e-05
      88.0000   4.4223620e-05
      89.0000   4.7305108e-05
      90.0000   5.0632105e-05
      91.0000   5.4196877e-05
      92.0000   5.7917307e-05
      93.0000   6.1671795e-05
      94.0000   6.5373984e-05
      95.0000   6.9087873e-05
      96.0000   7.3052266e-05
      97.0000   7.7525343e-05
      98.0000   8.2563514e-05
      99.0000   8.7940403e-05
      100.000   9.3363349e-05
      101.000   9.8857003e-05
      102.000   0.00010486363
      103.000   0.00011200361
      104.000   0.00012079239
      105.000   0.00013154041
      106.000   0.00014434021
      107.000   0.00015916603
      108.000   0.00017614265
      109.000   0.00019552048
      110.000   0.00021731875
      111.000   0.00024131201
      112.000   0.00026721566
      113.000   0.00029426397
      114.000   0.00032077974
      115.000   0.00034487186
      116.000   0.00036533005
      117.000   0.00038231103
      118.000   0.00039760032
      119.000   0.00041364646
      120.000   0.00043167995
      121.000   0.00045125763
      122.000   0.00047228707
      123.000   0.00049688044
      124.000   0.00052880088
      125.000   0.00057126372
      126.000   0.00062509160
      127.000   0.00068935443
      128.000   0.00076433975
      129.000   0.00085150008
      130.000   0.00094973348
      131.000    0.0010543894
      132.000    0.0011614045
      133.000    0.0012729490
      134.000    0.0013963993
      135.000    0.0015333535
      136.000    0.0016711545
      137.000    0.0017912959
      138.000    0.0018868475
      139.000    0.0019683607
      140.000    0.0020567975
      141.000    0.0021760424
      142.000    0.0023493175
      143.000    0.0025856185
      144.000    0.0028669522
      145.000    0.0031731138
      146.000    0.0035283773
      147.000    0.0040106163
      148.000    0.0046908092
      149.000    0.0055694492
      150.000    0.0066091493
      151.000    0.0078467801
      152.000    0.0094859628
      153.000     0.011916514
      154.000     0.015695753
      155.000     0.021430327
      156.000     0.029554194
      157.000     0.040413424
      158.000     0.054513376
      159.000     0.071596086
      160.000     0.088664711
      161.000     0.099618755
      162.000     0.098911837
      163.000     0.086708926
      164.000     0.068655171
      165.000     0.050864358
      166.000     0.036602844
      167.000     0.026328070
      168.000     0.019198501
      169.000     0.014278850
      170.000     0.010894018
      171.000    0.0085554691
      172.000    0.0069003552
      173.000    0.0056972797
      174.000    0.0048143864
      175.000    0.0041601867
      176.000    0.0036571606
      177.000    0.0032477910
      178.000    0.0029051381
      179.000    0.0026265876
      180.000    0.0024086779
      181.000    0.0022345057
      182.000    0.0020826627
      183.000    0.0019362082
      184.000    0.0017822712
      185.000    0.0016131416
      186.000    0.0014299763
      187.000    0.0012471359
      188.000    0.0010877390
      189.000   0.00096437125
      190.000   0.00086947071
      191.000   0.00078687957
      192.000   0.00070578756
      193.000   0.00062428584
      194.000   0.00054606196
      195.000   0.00047664903
      196.000   0.00042002765
      197.000   0.00037615103
      198.000   0.00034168878
      199.000   0.00031267930
      200.000   0.00028686022
      201.000   0.00026360853
      202.000   0.00024255285
      203.000   0.00022304428
      204.000   0.00020456058
      205.000   0.00018690481
      206.000   0.00016998143
      207.000   0.00015380616
      208.000   0.00013880078
      209.000   0.00012554451
      210.000   0.00011431501
      211.000   0.00010497218
      212.000   9.7101438e-05
      213.000   9.0393260e-05
      214.000   8.4789768e-05
      215.000   8.0322090e-05
      216.000   7.6961674e-05
      217.000   7.4569769e-05
      218.000   7.2843330e-05
      219.000   7.1331604e-05
      220.000   6.9577705e-05
      221.000   6.7407469e-05
      222.000   6.4981163e-05
      223.000   6.2490675e-05
      224.000   6.0050384e-05
      225.000   5.7770110e-05
      226.000   5.5679186e-05
      227.000   5.3664553e-05
      228.000   5.1615469e-05
      229.000   4.9485956e-05
      230.000   4.7271235e-05
      231.000   4.5047625e-05
      232.000   4.2963693e-05
      233.000   4.1094791e-05
      234.000   3.9328286e-05
      235.000   3.7499300e-05
      236.000   3.5612131e-05
      237.000   3.3820761e-05
      238.000   3.2251173e-05
      239.000   3.0931667e-05
      240.000   2.9823575e-05
      241.000   2.8831117e-05
      242.000   2.7854727e-05
      243.000   2.6875214e-05
      244.000   2.5937818e-05
      245.000   2.5099631e-05
      246.000   2.4424005e-05
      247.000   2.3941484e-05
      248.000   2.3637869e-05
      249.000   2.3490989e-05
      250.000   2.3473884e-05
      251.000   2.3533732e-05
      252.000   2.3592589e-05
      253.000   2.3581400e-05
      254.000   2.3444951e-05
      255.000   2.3137607e-05
      256.000   2.2649721e-05
      257.000   2.2025175e-05
      258.000   2.1346101e-05
      259.000   2.0679498e-05
      260.000   2.0032090e-05
      261.000   1.9372499e-05
      262.000   1.8675766e-05
      263.000   1.7947072e-05
      264.000   1.7213810e-05
      265.000   1.6506703e-05
      266.000   1.5868622e-05
      267.000   1.5344694e-05
      268.000   1.4964246e-05
      269.000   1.4722439e-05
      270.000   1.4555151e-05
      271.000   1.4388162e-05
      272.000   1.4206001e-05
      273.000   1.4043222e-05
      274.000   1.3926245e-05
      275.000   1.3853761e-05
      276.000   1.3814571e-05
      277.000   1.3778636e-05
      278.000   1.3706700e-05
      279.000   1.3590446e-05
      280.000   1.3457190e-05
      281.000   1.3333274e-05
      282.000   1.3211894e-05
      283.000   1.3051972e-05
      284.000   1.2809316e-05
      285.000   1.2475809e-05
      286.000   1.2087998e-05
      287.000   1.1682283e-05
      288.000   1.1256791e-05
      289.000   1.0806017e-05
      290.000   1.0355949e-05
      291.000   9.9435483e-06
      292.000   9.5853648e-06
      293.000   9.2784494e-06
      294.000   9.0134781e-06
      295.000   8.7878580e-06
      296.000   8.6161726e-06
      297.000   8.5080192e-06
      298.000   8.4508683e-06
      299.000   8.4306912e-06
      300.000   8.4424319e-06
      301.000   8.4709636e-06
      302.000   8.4890826e-06
      303.000   8.4791191e-06
      304.000   8.4346766e-06
      305.000   8.3430177e-06
      306.000   8.1879507e-06
      307.000   7.9739402e-06
      308.000   7.7260320e-06
      309.000   7.4750037e-06
      310.000   7.2537046e-06
      311.000   7.0837136e-06
      312.000   6.9602484e-06
      313.000   6.8579657e-06
      314.000   6.7549327e-06
      315.000   6.6497369e-06
      316.000   6.5561226e-06
      317.000   6.4876913e-06
      318.000   6.4490787e-06
      319.000   6.4353007e-06
      320.000   6.4357137e-06
      321.000   6.4434603e-06
