      1.00000       0.0000000
      2.00000   7.5336206e-06
      3.00000   7.6664355e-06
      4.00000   7.7529849e-06
      5.00000   7.8186285e-06
      6.00000   7.8618214e-06
      7.00000   7.9062756e-06
      8.00000   7.9563479e-06
      9.00000   7.9913953e-06
      10.0000   7.9879701e-06
      11.0000   7.9440779e-06
      12.0000   7.8804642e-06
      13.0000   7.8251542e-06
      14.0000   7.8015764e-06
      15.0000   7.8255653e-06
      16.0000   7.8960538e-06
      17.0000   8.0010195e-06
      18.0000   8.1365515e-06
      19.0000   8.3132918e-06
      20.0000   8.5431038e-06
      21.0000   8.8269553e-06
      22.0000   9.1649954e-06
      23.0000   9.5642354e-06
      24.0000   1.0030234e-05
      25.0000   1.0554781e-05
      26.0000   1.1114050e-05
      27.0000   1.1675462e-05
      28.0000   1.2213254e-05
      29.0000   1.2709892e-05
      30.0000   1.3141603e-05
      31.0000   1.3476221e-05
      32.0000   1.3700534e-05
      33.0000   1.3847272e-05
      34.0000   1.3968486e-05
      35.0000   1.4089432e-05
      36.0000   1.4186909e-05
      37.0000   1.4215147e-05
      38.0000   1.4145863e-05
      39.0000   1.3985470e-05
      40.0000   1.3789748e-05
      41.0000   1.3634552e-05
      42.0000   1.3564341e-05
      43.0000   1.3592503e-05
      44.0000   1.3719293e-05
      45.0000   1.3954165e-05
      46.0000   1.4306032e-05
      47.0000   1.4751052e-05
      48.0000   1.5249410e-05
      49.0000   1.5768088e-05
      50.0000   1.6296242e-05
      51.0000   1.6853130e-05
      52.0000   1.7481581e-05
      53.0000   1.8224629e-05
      54.0000   1.9104484e-05
      55.0000   2.0091567e-05
      56.0000   2.1106591e-05
      57.0000   2.2070690e-05
      58.0000   2.2917338e-05
      59.0000   2.3621104e-05
      60.0000   2.4186897e-05
      61.0000   2.4606670e-05
      62.0000   2.4882367e-05
      63.0000   2.5031601e-05
      64.0000   2.5077459e-05
      65.0000   2.5054349e-05
      66.0000   2.4999943e-05
      67.0000   2.4953360e-05
      68.0000   2.4956031e-05
      69.0000   2.5041145e-05
      70.0000   2.5209945e-05
      71.0000   2.5445695e-05
      72.0000   2.5755337e-05
      73.0000   2.6171248e-05
      74.0000   2.6718779e-05
      75.0000   2.7352544e-05
      76.0000   2.7978374e-05
      77.0000   2.8555711e-05
      78.0000   2.9177098e-05
      79.0000   3.0030738e-05
      80.0000   3.1262793e-05
      81.0000   3.2886837e-05
      82.0000   3.4841265e-05
      83.0000   3.7055379e-05
      84.0000   3.9441387e-05
      85.0000   4.1923486e-05
      86.0000   4.4492630e-05
      87.0000   4.7202517e-05
      88.0000   5.0109931e-05
      89.0000   5.3207877e-05
      90.0000   5.6418328e-05
      91.0000   5.9625752e-05
      92.0000   6.2699735e-05
      93.0000   6.5629771e-05
      94.0000   6.8660869e-05
      95.0000   7.2122923e-05
      96.0000   7.6103439e-05
      97.0000   8.0392805e-05
      98.0000   8.4713683e-05
      99.0000   8.9026442e-05
      100.000   9.3713170e-05
      101.000   9.9469798e-05
      102.000   0.00010694587
      103.000   0.00011640068
      104.000   0.00012766742
      105.000   0.00014053710
      106.000   0.00015519120
      107.000   0.00017198606
      108.000   0.00019103692
      109.000   0.00021233159
      110.000   0.00023582528
      111.000   0.00026090292
      112.000   0.00028595937
      113.000   0.00030906498
      114.000   0.00032882227
      115.000   0.00034511078
      116.000   0.00035959471
      117.000   0.00037466892
      118.000   0.00039130679
      119.000   0.00040842351
      120.000   0.00042479933
      121.000   0.00044170293
      122.000   0.00046325097
      123.000   0.00049425062
      124.000   0.00053746067
      125.000   0.00059167406
      126.000   0.00065366464
      127.000   0.00072273531
      128.000   0.00080134004
      129.000   0.00089044479
      130.000   0.00098659645
      131.000    0.0010855090
      132.000    0.0011882425
      133.000    0.0013013160
      134.000    0.0014270765
      135.000    0.0015548117
      136.000    0.0016667233
      137.000    0.0017533642
      138.000    0.0018213184
      139.000    0.0018888209
      140.000    0.0019773985
      141.000    0.0021097960
      142.000    0.0023009710
      143.000    0.0025378542
      144.000    0.0027881658
      145.000    0.0030508284
      146.000    0.0033903599
      147.000    0.0038955195
      148.000    0.0045954874
      149.000    0.0054396978
      150.000    0.0063865418
      151.000    0.0075265947
      152.000    0.0091174673
      153.000     0.011546900
      154.000     0.015324691
      155.000     0.020990616
      156.000     0.028963566
      157.000     0.039726239
      158.000     0.054074727
      159.000     0.071995065
      160.000     0.090298399
      161.000      0.10214514
      162.000      0.10126042
      163.000     0.087965399
      164.000     0.068772972
      165.000     0.050404113
      166.000     0.036055256
      167.000     0.025825664
      168.000     0.018700561
      169.000     0.013772330
      170.000     0.010423278
      171.000    0.0081731873
      172.000    0.0066267336
      173.000    0.0055194823
      174.000    0.0047019278
      175.000    0.0040808008
      176.000    0.0035925847
      177.000    0.0031952600
      178.000    0.0028613529
      179.000    0.0025802832
      180.000    0.0023527513
      181.000    0.0021716121
      182.000    0.0020199884
      183.000    0.0018837071
      184.000    0.0017522689
      185.000    0.0016133100
      186.000    0.0014590997
      187.000    0.0012921876
      188.000    0.0011258784
      189.000   0.00098065101
      190.000   0.00086894177
      191.000   0.00078567740
      192.000   0.00071687635
      193.000   0.00065115991
      194.000   0.00058358139
      195.000   0.00051514304
      196.000   0.00045093780
      197.000   0.00039638401
      198.000   0.00035353738
      199.000   0.00032058771
      200.000   0.00029392508
      201.000   0.00027075427
      202.000   0.00024993528
      203.000   0.00023119900
      204.000   0.00021415704
      205.000   0.00019813038
      206.000   0.00018267104
      207.000   0.00016763400
      208.000   0.00015304242
      209.000   0.00013905110
      210.000   0.00012603763
      211.000   0.00011438809
      212.000   0.00010433899
      213.000   9.5905438e-05
      214.000   8.8818822e-05
      215.000   8.2728271e-05
      216.000   7.7401623e-05
      217.000   7.2851682e-05
      218.000   6.9326001e-05
      219.000   6.7001543e-05
      220.000   6.5665969e-05
      221.000   6.4775792e-05
      222.000   6.3775820e-05
      223.000   6.2395549e-05
      224.000   6.0694616e-05
      225.000   5.8847389e-05
      226.000   5.6973222e-05
      227.000   5.5140397e-05
      228.000   5.3387750e-05
      229.000   5.1659419e-05
      230.000   4.9836646e-05
      231.000   4.7914396e-05
      232.000   4.5961762e-05
      233.000   4.4040582e-05
      234.000   4.2221887e-05
      235.000   4.0553063e-05
      236.000   3.8988735e-05
      237.000   3.7374335e-05
      238.000   3.5582874e-05
      239.000   3.3670476e-05
      240.000   3.1823045e-05
      241.000   3.0175001e-05
      242.000   2.8744724e-05
      243.000   2.7484697e-05
      244.000   2.6328400e-05
      245.000   2.5233094e-05
      246.000   2.4218918e-05
      247.000   2.3332221e-05
      248.000   2.2617542e-05
      249.000   2.2117049e-05
      250.000   2.1846823e-05
      251.000   2.1787124e-05
      252.000   2.1900061e-05
      253.000   2.2129298e-05
      254.000   2.2392280e-05
      255.000   2.2609171e-05
      256.000   2.2726739e-05
      257.000   2.2720491e-05
      258.000   2.2583914e-05
      259.000   2.2332468e-05
      260.000   2.1991302e-05
      261.000   2.1566972e-05
      262.000   2.1072081e-05
      263.000   2.0535661e-05
      264.000   1.9972766e-05
      265.000   1.9364050e-05
      266.000   1.8664410e-05
      267.000   1.7856628e-05
      268.000   1.6973992e-05
      269.000   1.6086813e-05
      270.000   1.5280142e-05
      271.000   1.4609520e-05
      272.000   1.4086931e-05
      273.000   1.3699991e-05
      274.000   1.3415349e-05
      275.000   1.3187942e-05
      276.000   1.3000434e-05
      277.000   1.2862844e-05
      278.000   1.2784981e-05
      279.000   1.2774729e-05
      280.000   1.2836887e-05
      281.000   1.2964180e-05
      282.000   1.3128634e-05
      283.000   1.3290616e-05
      284.000   1.3421871e-05
      285.000   1.3514195e-05
      286.000   1.3561726e-05
      287.000   1.3542504e-05
      288.000   1.3437107e-05
      289.000   1.3236919e-05
      290.000   1.2937818e-05
      291.000   1.2551946e-05
      292.000   1.2099550e-05
      293.000   1.1596826e-05
      294.000   1.1062773e-05
      295.000   1.0516054e-05
      296.000   9.9720701e-06
      297.000   9.4465286e-06
      298.000   8.9519372e-06
      299.000   8.4997100e-06
      300.000   8.1017606e-06
      301.000   7.7702789e-06
      302.000   7.5203948e-06
      303.000   7.3665742e-06
      304.000   7.3083506e-06
      305.000   7.3282426e-06
      306.000   7.4045561e-06
      307.000   7.5161406e-06
      308.000   7.6387805e-06
      309.000   7.7505383e-06
      310.000   7.8383446e-06
      311.000   7.8945031e-06
      312.000   7.9162019e-06
      313.000   7.9016127e-06
      314.000   7.8522999e-06
      315.000   7.7756122e-06
      316.000   7.6791102e-06
      317.000   7.5642133e-06
      318.000   7.4329482e-06
      319.000   7.2922585e-06
      320.000   7.1649288e-06
      321.000   7.0230981e-06
