      1.00000       0.0000000
      2.00000   6.7604515e-06
      3.00000   6.7819124e-06
      4.00000   6.7677788e-06
      5.00000   6.7537426e-06
      6.00000   6.7696396e-06
      7.00000   6.8422378e-06
      8.00000   6.9749053e-06
      9.00000   7.1489862e-06
      10.0000   7.3360361e-06
      11.0000   7.5155986e-06
      12.0000   7.6858541e-06
      13.0000   7.8626836e-06
      14.0000   8.0666159e-06
      15.0000   8.3025179e-06
      16.0000   8.5552711e-06
      17.0000   8.8048610e-06
      18.0000   9.0301182e-06
      19.0000   9.2079890e-06
      20.0000   9.3164299e-06
      21.0000   9.3516956e-06
      22.0000   9.3405806e-06
      23.0000   9.3190229e-06
      24.0000   9.3030812e-06
      25.0000   9.2831515e-06
      26.0000   9.2603414e-06
      27.0000   9.2668133e-06
      28.0000   9.3349345e-06
      29.0000   9.4736306e-06
      30.0000   9.6747326e-06
      31.0000   9.9382378e-06
      32.0000   1.0280456e-05
      33.0000   1.0715711e-05
      34.0000   1.1236302e-05
      35.0000   1.1800561e-05
      36.0000   1.2344631e-05
      37.0000   1.2812960e-05
      38.0000   1.3190050e-05
      39.0000   1.3504867e-05
      40.0000   1.3797263e-05
      41.0000   1.4081808e-05
      42.0000   1.4341935e-05
      43.0000   1.4555669e-05
      44.0000   1.4710833e-05
      45.0000   1.4800078e-05
      46.0000   1.4826571e-05
      47.0000   1.4816726e-05
      48.0000   1.4806311e-05
      49.0000   1.4824832e-05
      50.0000   1.4923135e-05
      51.0000   1.5160584e-05
      52.0000   1.5546970e-05
      53.0000   1.6026850e-05
      54.0000   1.6528402e-05
      55.0000   1.7015424e-05
      56.0000   1.7474500e-05
      57.0000   1.7895756e-05
      58.0000   1.8295286e-05
      59.0000   1.8748693e-05
      60.0000   1.9349849e-05
      61.0000   2.0132766e-05
      62.0000   2.1048776e-05
      63.0000   2.2008493e-05
      64.0000   2.2932103e-05
      65.0000   2.3755392e-05
      66.0000   2.4437921e-05
      67.0000   2.4988314e-05
      68.0000   2.5449006e-05
      69.0000   2.5824169e-05
      70.0000   2.6079295e-05
      71.0000   2.6223657e-05
      72.0000   2.6320336e-05
      73.0000   2.6423182e-05
      74.0000   2.6545660e-05
      75.0000   2.6698794e-05
      76.0000   2.6906484e-05
      77.0000   2.7195758e-05
      78.0000   2.7625032e-05
      79.0000   2.8252914e-05
      80.0000   2.9069086e-05
      81.0000   2.9984081e-05
      82.0000   3.0928895e-05
      83.0000   3.1975578e-05
      84.0000   3.3276250e-05
      85.0000   3.4918110e-05
      86.0000   3.6903071e-05
      87.0000   3.9238643e-05
      88.0000   4.1948493e-05
      89.0000   4.4996159e-05
      90.0000   4.8288439e-05
      91.0000   5.1785191e-05
      92.0000   5.5539782e-05
      93.0000   5.9558264e-05
      94.0000   6.3749379e-05
      95.0000   6.7999375e-05
      96.0000   7.2198614e-05
      97.0000   7.6370809e-05
      98.0000   8.0739905e-05
      99.0000   8.5594147e-05
      100.000   9.1037597e-05
      101.000   9.6925134e-05
      102.000   0.00010309819
      103.000   0.00010968235
      104.000   0.00011722209
      105.000   0.00012640879
      106.000   0.00013765923
      107.000   0.00015099472
      108.000   0.00016630406
      109.000   0.00018377858
      110.000   0.00020387761
      111.000   0.00022673041
      112.000   0.00025201158
      113.000   0.00027943964
      114.000   0.00030836655
      115.000   0.00033704514
      116.000   0.00036329977
      117.000   0.00038559022
      118.000   0.00040384260
      119.000   0.00041989906
      120.000   0.00043654599
      121.000   0.00045544378
      122.000   0.00047648328
      123.000   0.00049957132
      124.000   0.00052658183
      125.000   0.00056131888
      126.000   0.00060743478
      127.000   0.00066598121
      128.000   0.00073571247
      129.000   0.00081626576
      130.000   0.00090884633
      131.000    0.0010129731
      132.000    0.0011246097
      133.000    0.0012401064
      134.000    0.0013625788
      135.000    0.0014991305
      136.000    0.0016487624
      137.000    0.0017971989
      138.000    0.0019272027
      139.000    0.0020346383
      140.000    0.0021329999
      141.000    0.0022460583
      142.000    0.0024020334
      143.000    0.0026237548
      144.000    0.0029075856
      145.000    0.0032272511
      146.000    0.0035843612
      147.000    0.0040479153
      148.000    0.0047070761
      149.000    0.0055822395
      150.000    0.0066306903
      151.000    0.0078697400
      152.000    0.0094978893
      153.000     0.011914218
      154.000     0.015671758
      155.000     0.021370597
      156.000     0.029470123
      157.000     0.040349264
      158.000     0.054533001
      159.000     0.071775682
      160.000     0.089018576
      161.000      0.10002008
      162.000     0.099158458
      163.000     0.086709917
      164.000     0.068471327
      165.000     0.050588772
      166.000     0.036309555
      167.000     0.026086723
      168.000     0.019055145
      169.000     0.014228651
      170.000     0.010896232
      171.000    0.0085683409
      172.000    0.0069088526
      173.000    0.0057056514
      174.000    0.0048255618
      175.000    0.0041726781
      176.000    0.0036732065
      177.000    0.0032755435
      178.000    0.0029523396
      179.000    0.0026933171
      180.000    0.0024854431
      181.000    0.0023068667
      182.000    0.0021381036
      183.000    0.0019672534
      184.000    0.0017871144
      185.000    0.0015952719
      186.000    0.0013984629
      187.000    0.0012158494
      188.000    0.0010665611
      189.000   0.00095246057
      190.000   0.00086024991
      191.000   0.00077522494
      192.000   0.00069015240
      193.000   0.00060575380
      194.000   0.00052767317
      195.000   0.00046175561
      196.000   0.00040986339
      197.000   0.00036950246
      198.000   0.00033637229
      199.000   0.00030746331
      200.000   0.00028169915
      201.000   0.00025859923
      202.000   0.00023747084
      203.000   0.00021761788
      204.000   0.00019863926
      205.000   0.00018040376
      206.000   0.00016301511
      207.000   0.00014687648
      208.000   0.00013243830
      209.000   0.00012001065
      210.000   0.00010970122
      211.000   0.00010129161
      212.000   9.4380215e-05
      213.000   8.8640241e-05
      214.000   8.4012448e-05
      215.000   8.0568650e-05
      216.000   7.8180245e-05
      217.000   7.6381744e-05
      218.000   7.4544696e-05
      219.000   7.2251489e-05
      220.000   6.9542177e-05
      221.000   6.6731453e-05
      222.000   6.4067724e-05
      223.000   6.1627914e-05
      224.000   5.9362537e-05
      225.000   5.7143778e-05
      226.000   5.4837878e-05
      227.000   5.2403979e-05
      228.000   4.9923678e-05
      229.000   4.7565009e-05
      230.000   4.5491419e-05
      231.000   4.3722339e-05
      232.000   4.2074604e-05
      233.000   4.0282917e-05
      234.000   3.8254417e-05
      235.000   3.6158923e-05
      236.000   3.4227123e-05
      237.000   3.2581833e-05
      238.000   3.1244319e-05
      239.000   3.0140522e-05
      240.000   2.9132989e-05
      241.000   2.8124197e-05
      242.000   2.7104910e-05
      243.000   2.6142201e-05
      244.000   2.5342504e-05
      245.000   2.4759018e-05
      246.000   2.4385363e-05
      247.000   2.4212050e-05
      248.000   2.4220037e-05
      249.000   2.4356765e-05
      250.000   2.4516925e-05
      251.000   2.4569204e-05
      252.000   2.4414823e-05
      253.000   2.4030320e-05
      254.000   2.3466100e-05
      255.000   2.2798438e-05
      256.000   2.2082080e-05
      257.000   2.1343074e-05
      258.000   2.0586393e-05
      259.000   1.9795571e-05
      260.000   1.8956503e-05
      261.000   1.8082510e-05
      262.000   1.7217393e-05
      263.000   1.6427501e-05
      264.000   1.5775597e-05
      265.000   1.5303105e-05
      266.000   1.5026132e-05
      267.000   1.4903633e-05
      268.000   1.4822868e-05
      269.000   1.4677079e-05
      270.000   1.4463149e-05
      271.000   1.4258731e-05
      272.000   1.4128716e-05
      273.000   1.4081271e-05
      274.000   1.4074376e-05
      275.000   1.4047219e-05
      276.000   1.3966702e-05
      277.000   1.3849849e-05
      278.000   1.3734151e-05
      279.000   1.3627027e-05
      280.000   1.3483700e-05
      281.000   1.3243278e-05
      282.000   1.2891046e-05
      283.000   1.2463037e-05
      284.000   1.1990796e-05
      285.000   1.1476938e-05
      286.000   1.0932689e-05
      287.000   1.0398579e-05
      288.000   9.9139543e-06
      289.000   9.4932402e-06
      290.000   9.1431211e-06
      291.000   8.8707357e-06
      292.000   8.6715354e-06
      293.000   8.5360280e-06
      294.000   8.4659214e-06
      295.000   8.4685889e-06
      296.000   8.5322872e-06
      297.000   8.6236469e-06
      298.000   8.7122116e-06
      299.000   8.7867129e-06
      300.000   8.8487532e-06
      301.000   8.8935194e-06
      302.000   8.9078176e-06
      303.000   8.8824982e-06
      304.000   8.8064662e-06
      305.000   8.6667324e-06
      306.000   8.4681233e-06
      307.000   8.2428469e-06
      308.000   8.0245973e-06
      309.000   7.8146722e-06
      310.000   7.5900543e-06
      311.000   7.3376737e-06
      312.000   7.0679894e-06
      313.000   6.8034310e-06
      314.000   6.5711406e-06
      315.000   6.4001078e-06
      316.000   6.3037710e-06
      317.000   6.2673535e-06
      318.000   6.2648892e-06
      319.000   6.2867221e-06
      320.000   6.3272969e-06
      321.000   6.4008746e-06
