      1.00000       0.0000000
      2.00000   6.3513526e-06
      3.00000   6.4498936e-06
      4.00000   6.5363952e-06
      5.00000   6.6168418e-06
      6.00000   6.7044739e-06
      7.00000   6.8313366e-06
      8.00000   7.0123110e-06
      9.00000   7.2399880e-06
      10.0000   7.4977947e-06
      11.0000   7.7679915e-06
      12.0000   8.0272139e-06
      13.0000   8.2572860e-06
      14.0000   8.4588210e-06
      15.0000   8.6481032e-06
      16.0000   8.8360994e-06
      17.0000   9.0151243e-06
      18.0000   9.1682559e-06
      19.0000   9.2773771e-06
      20.0000   9.3229883e-06
      21.0000   9.2899627e-06
      22.0000   9.1905276e-06
      23.0000   9.0665808e-06
      24.0000   8.9562336e-06
      25.0000   8.8736542e-06
      26.0000   8.8192628e-06
      27.0000   8.8042380e-06
      28.0000   8.8499337e-06
      29.0000   8.9693776e-06
      30.0000   9.1628172e-06
      31.0000   9.4244015e-06
      32.0000   9.7608599e-06
      33.0000   1.0192462e-05
      34.0000   1.0725924e-05
      35.0000   1.1331717e-05
      36.0000   1.1955987e-05
      37.0000   1.2556759e-05
      38.0000   1.3111935e-05
      39.0000   1.3597927e-05
      40.0000   1.3986397e-05
      41.0000   1.4279821e-05
      42.0000   1.4523361e-05
      43.0000   1.4752824e-05
      44.0000   1.4959421e-05
      45.0000   1.5101260e-05
      46.0000   1.5142172e-05
      47.0000   1.5087113e-05
      48.0000   1.4974619e-05
      49.0000   1.4858286e-05
      50.0000   1.4786700e-05
      51.0000   1.4802693e-05
      52.0000   1.4945611e-05
      53.0000   1.5232572e-05
      54.0000   1.5648926e-05
      55.0000   1.6156460e-05
      56.0000   1.6710532e-05
      57.0000   1.7267548e-05
      58.0000   1.7811511e-05
      59.0000   1.8386478e-05
      60.0000   1.9075136e-05
      61.0000   1.9931018e-05
      62.0000   2.0944366e-05
      63.0000   2.2050757e-05
      64.0000   2.3149174e-05
      65.0000   2.4136696e-05
      66.0000   2.4939740e-05
      67.0000   2.5546749e-05
      68.0000   2.6023548e-05
      69.0000   2.6450261e-05
      70.0000   2.6827816e-05
      71.0000   2.7092476e-05
      72.0000   2.7223539e-05
      73.0000   2.7286807e-05
      74.0000   2.7375630e-05
      75.0000   2.7544054e-05
      76.0000   2.7806098e-05
      77.0000   2.8173414e-05
      78.0000   2.8681017e-05
      79.0000   2.9361732e-05
      80.0000   3.0195417e-05
      81.0000   3.1105606e-05
      82.0000   3.2006039e-05
      83.0000   3.2873242e-05
      84.0000   3.3831268e-05
      85.0000   3.5094712e-05
      86.0000   3.6815418e-05
      87.0000   3.9035793e-05
      88.0000   4.1734183e-05
      89.0000   4.4857825e-05
      90.0000   4.8309739e-05
      91.0000   5.1976302e-05
      92.0000   5.5817127e-05
      93.0000   5.9869155e-05
      94.0000   6.4129723e-05
      95.0000   6.8525667e-05
      96.0000   7.2989838e-05
      97.0000   7.7470446e-05
      98.0000   8.2036211e-05
      99.0000   8.6978129e-05
      100.000   9.2569186e-05
      101.000   9.8714496e-05
      102.000   0.00010505115
      103.000   0.00011152763
      104.000   0.00011859556
      105.000   0.00012691526
      106.000   0.00013707078
      107.000   0.00014939746
      108.000   0.00016396756
      109.000   0.00018077956
      110.000   0.00020007371
      111.000   0.00022222933
      112.000   0.00024737837
      113.000   0.00027540149
      114.000   0.00030559086
      115.000   0.00033620311
      116.000   0.00036494015
      117.000   0.00039008760
      118.000   0.00041125255
      119.000   0.00042965187
      120.000   0.00044765812
      121.000   0.00046713665
      122.000   0.00048804574
      123.000   0.00050959701
      124.000   0.00053313002
      125.000   0.00056287117
      126.000   0.00060354918
      127.000   0.00065746636
      128.000   0.00072380045
      129.000   0.00080205291
      130.000   0.00089392561
      131.000   0.00099974719
      132.000    0.0011157488
      133.000    0.0012368130
      134.000    0.0013624544
      135.000    0.0014987520
      136.000    0.0016493074
      137.000    0.0018041286
      138.000    0.0019446933
      139.000    0.0020621982
      140.000    0.0021654197
      141.000    0.0022756960
      142.000    0.0024215518
      143.000    0.0026320494
      144.000    0.0029148303
      145.000    0.0032454799
      146.000    0.0036122301
      147.000    0.0040707388
      148.000    0.0047130319
      149.000    0.0055738562
      150.000    0.0066157314
      151.000    0.0078473585
      152.000    0.0094623500
      153.000     0.011862291
      154.000     0.015591892
      155.000     0.021239456
      156.000     0.029277757
      157.000     0.040114161
      158.000     0.054299179
      159.000     0.071620457
      160.000     0.089021981
      161.000      0.10019571
      162.000     0.099419460
      163.000     0.086935535
      164.000     0.068605043
      165.000     0.050637010
      166.000     0.036302648
      167.000     0.026059449
      168.000     0.019033086
      169.000     0.014218454
      170.000     0.010893336
      171.000    0.0085682077
      172.000    0.0069131344
      173.000    0.0057180994
      174.000    0.0048462050
      175.000    0.0042009777
      176.000    0.0037104653
      177.000    0.0033219061
      178.000    0.0030049817
      179.000    0.0027449487
      180.000    0.0025273536
      181.000    0.0023357575
      182.000    0.0021561303
      183.000    0.0019757338
      184.000    0.0017849598
      185.000    0.0015825173
      186.000    0.0013798007
      187.000    0.0011992900
      188.000    0.0010564483
      189.000   0.00094640639
      190.000   0.00085355551
      191.000   0.00076573447
      192.000   0.00067863282
      193.000   0.00059430790
      194.000   0.00051822048
      195.000   0.00045496901
      196.000   0.00040511423
      197.000   0.00036577877
      198.000   0.00033336974
      199.000   0.00030543032
      200.000   0.00028056631
      201.000   0.00025772030
      202.000   0.00023618362
      203.000   0.00021579654
      204.000   0.00019649972
      205.000   0.00017815699
      206.000   0.00016091707
      207.000   0.00014522858
      208.000   0.00013141194
      209.000   0.00011955163
      210.000   0.00010956228
      211.000   0.00010126666
      212.000   9.4500167e-05
      213.000   8.9078516e-05
      214.000   8.4883162e-05
      215.000   8.1791441e-05
      216.000   7.9456651e-05
      217.000   7.7371238e-05
      218.000   7.5072006e-05
      219.000   7.2388633e-05
      220.000   6.9489448e-05
      221.000   6.6635410e-05
      222.000   6.4016560e-05
      223.000   6.1681065e-05
      224.000   5.9466478e-05
      225.000   5.7134916e-05
      226.000   5.4608150e-05
      227.000   5.1947405e-05
      228.000   4.9276325e-05
      229.000   4.6776924e-05
      230.000   4.4592871e-05
      231.000   4.2672433e-05
      232.000   4.0771152e-05
      233.000   3.8719689e-05
      234.000   3.6598125e-05
      235.000   3.4586072e-05
      236.000   3.2776217e-05
      237.000   3.1158677e-05
      238.000   2.9695555e-05
      239.000   2.8388862e-05
      240.000   2.7274940e-05
      241.000   2.6342317e-05
      242.000   2.5549089e-05
      243.000   2.4904995e-05
      244.000   2.4437513e-05
      245.000   2.4151926e-05
      246.000   2.4037876e-05
      247.000   2.4056846e-05
      248.000   2.4146681e-05
      249.000   2.4246350e-05
      250.000   2.4303514e-05
      251.000   2.4264144e-05
      252.000   2.4073361e-05
      253.000   2.3701121e-05
      254.000   2.3158489e-05
      255.000   2.2480661e-05
      256.000   2.1708671e-05
      257.000   2.0897322e-05
      258.000   2.0097299e-05
      259.000   1.9319023e-05
      260.000   1.8523453e-05
      261.000   1.7671058e-05
      262.000   1.6794527e-05
      263.000   1.5980520e-05
      264.000   1.5305659e-05
      265.000   1.4801413e-05
      266.000   1.4454621e-05
      267.000   1.4229417e-05
      268.000   1.4078926e-05
      269.000   1.3969707e-05
      270.000   1.3897521e-05
      271.000   1.3878609e-05
      272.000   1.3925945e-05
      273.000   1.4016984e-05
      274.000   1.4103405e-05
      275.000   1.4157661e-05
      276.000   1.4180592e-05
      277.000   1.4167388e-05
      278.000   1.4089064e-05
      279.000   1.3916180e-05
      280.000   1.3643243e-05
      281.000   1.3280481e-05
      282.000   1.2841660e-05
      283.000   1.2335961e-05
      284.000   1.1774848e-05
      285.000   1.1185723e-05
      286.000   1.0607406e-05
      287.000   1.0063974e-05
      288.000   9.5555561e-06
      289.000   9.0814347e-06
      290.000   8.6623440e-06
      291.000   8.3362838e-06
      292.000   8.1327344e-06
      293.000   8.0569662e-06
      294.000   8.0854252e-06
      295.000   8.1745684e-06
      296.000   8.2805263e-06
      297.000   8.3810546e-06
      298.000   8.4816329e-06
      299.000   8.5979718e-06
      300.000   8.7347807e-06
      301.000   8.8740499e-06
      302.000   8.9833584e-06
      303.000   9.0347248e-06
      304.000   9.0132307e-06
      305.000   8.9119158e-06
      306.000   8.7351882e-06
      307.000   8.5043866e-06
      308.000   8.2468050e-06
      309.000   7.9736983e-06
      310.000   7.6755423e-06
      311.000   7.3507499e-06
      312.000   7.0265473e-06
      313.000   6.7430219e-06
      314.000   6.5256449e-06
      315.000   6.3749226e-06
      316.000   6.2772274e-06
      317.000   6.2163354e-06
      318.000   6.1734941e-06
      319.000   6.1371129e-06
      320.000   6.1086384e-06
      321.000   6.0910452e-06
