! -------------------------
   1371.0213623046875       0.96599662303924561        3.6262132227420807E-002   1.0000000000000000     
   1371.0512695312500       0.96450012922286987        3.6218870431184769E-002   1.0000000000000000     
   1371.0811767578125       0.98656237125396729        3.6829281598329544E-002   1.0000000000000000     
   1371.1110839843750       0.93627971410751343        3.5727463662624359E-002   1.0000000000000000     
   1371.1409912109375        1.0265284776687622        3.7371683865785599E-002   1.0000000000000000     
   1371.1708984375000       0.98162084817886353        3.6671590059995651E-002   1.0000000000000000     
   1371.2008056640625       0.94952493906021118        3.5917539149522781E-002   1.0000000000000000     
   1371.2307128906250       0.99192345142364502        3.6716230213642120E-002   1.0000000000000000     
   1371.2606201171875        1.0350685119628906        3.7536609917879105E-002   1.0000000000000000     
   1371.2905273437500        1.0064754486083984        3.7128239870071411E-002   1.0000000000000000     
   1371.3205566406250       0.91079026460647583        3.5476278513669968E-002   1.0000000000000000     
   1371.3504638671875       0.95024216175079346        3.6008458584547043E-002   1.0000000000000000     
   1371.3803710937500       0.97234147787094116        3.6322500556707382E-002   1.0000000000000000     
   1371.4102783203125        1.0527523756027222        3.7798490375280380E-002   1.0000000000000000     
   1371.4401855468750       0.99708628654479980        3.6813914775848389E-002   1.0000000000000000     
   1371.4700927734375        1.0077054500579834        3.6978974938392639E-002   1.0000000000000000     
   1371.5000000000000        1.0105161666870117        3.6994330585002899E-002   1.0000000000000000     
   1371.5299072265625       0.96362733840942383        3.6147572100162506E-002   1.0000000000000000     
   1371.5598144531250        1.0062276124954224        3.6913394927978516E-002   1.0000000000000000     
   1371.5897216796875        1.0006513595581055        3.6996778100728989E-002   1.0000000000000000     
   1371.6196289062500       0.98707300424575806        3.6639858037233353E-002   1.0000000000000000     
   1371.6495361328125        1.0061191320419312        3.6878243088722229E-002   1.0000000000000000     
   1371.6794433593750       0.99645417928695679        3.6720100790262222E-002   1.0000000000000000     
   1371.7093505859375        1.0082349777221680        3.6956734955310822E-002   1.0000000000000000     
   1371.7392578125000       0.99567401409149170        3.6705143749713898E-002   1.0000000000000000     
   1371.7691650390625       0.98424279689788818        3.6526024341583252E-002   1.0000000000000000     
   1371.7990722656250       0.97735154628753662        3.6373384296894073E-002   1.0000000000000000     
   1371.8289794921875       0.94352763891220093        3.5701867192983627E-002   1.0000000000000000     
   1371.8588867187500       0.99091660976409912        3.6673299968242645E-002   1.0000000000000000     
   1371.8887939453125       0.94336318969726562        3.5729110240936279E-002   1.0000000000000000     
   1371.9187011718750       0.98583966493606567        3.6483608186244965E-002   1.0000000000000000     
   1371.9486083984375        1.0417302846908569        3.7470567971467972E-002   1.0000000000000000     
   1371.9785156250000       0.94926935434341431        3.5864405333995819E-002   1.0000000000000000     
   1372.0084228515625       0.95411252975463867        3.5901214927434921E-002   1.0000000000000000     
   1372.0383300781250       0.96990805864334106        3.6179728806018829E-002   1.0000000000000000     
   1372.0682373046875       0.97657155990600586        3.6309719085693359E-002   1.0000000000000000     
   1372.0981445312500        1.0213733911514282        3.7094268947839737E-002   1.0000000000000000     
   1372.1280517578125        1.0520156621932983        3.7707425653934479E-002   1.0000000000000000     
   1372.1579589843750       0.99687391519546509        3.6812916398048401E-002   1.0000000000000000     
   1372.1878662109375        1.0255982875823975        3.7140361964702606E-002   1.0000000000000000     
   1372.2177734375000        1.0504024028778076        3.7597205489873886E-002   1.0000000000000000     
   1372.2476806640625        1.0064383745193481        3.6791890859603882E-002   1.0000000000000000     
   1372.2775878906250        1.0203161239624023        3.7083931267261505E-002   1.0000000000000000     
   1372.3074951171875        1.0576702356338501        3.7680435925722122E-002   1.0000000000000000     
   1372.3374023437500       0.99102848768234253        3.6541864275932312E-002   1.0000000000000000     
   1372.3673095703125       0.97025310993194580        3.6087900400161743E-002   1.0000000000000000     
   1372.3972167968750       0.92900985479354858        3.5311914980411530E-002   1.0000000000000000     
   1372.4271240234375       0.97056478261947632        3.6100301891565323E-002   1.0000000000000000     
   1372.4570312500000       0.99722146987915039        3.6620780825614929E-002   1.0000000000000000     
   1372.4869384765625       0.97725504636764526        3.6227189004421234E-002   1.0000000000000000     
   1372.5168457031250       0.96013557910919189        3.5931006073951721E-002  0.99985279696693763     
   1372.5467529296875       0.97124719619750977        3.6100704222917557E-002  0.99984446792015813     
   1372.5766601562500       0.98372542858123779        3.6413993686437607E-002  0.99983748900392000     
   1372.6065673828125       0.96048134565353394        3.5925973206758499E-002  0.99982940778549623     
   1372.6365966796875       0.97749722003936768        3.6188330501317978E-002  0.99981770656649915     
   1372.6665039062500       0.98797994852066040        3.6361303180456161E-002  0.99980085119243256     
   1372.6964111328125       0.94023299217224121        3.5555705428123474E-002  0.99977966706716792     
   1372.7263183593750       0.94811654090881348        3.5625796765089035E-002  0.99975722792899646     
   1372.7562255859375       0.98845583200454712        3.6381274461746216E-002  0.99973707528054945     
   1372.7861328125000       0.97784787416458130        3.6172103136777878E-002  0.99971949947463246     
   1372.8160400390625        1.0184575319290161        3.6944665014743805E-002  0.99970122227243607     
   1372.8459472656250       0.95644694566726685        3.5820905119180679E-002  0.99967667349392519     
   1372.8758544921875       0.99587440490722656        3.6530870944261551E-002  0.99963937893404775     
   1372.9057617187500       0.98684853315353394        3.6364700645208359E-002  0.99958516459159574     
   1372.9356689453125       0.97075897455215454        3.6089409142732620E-002  0.99951303861061580     
   1372.9655761718750       0.97376811504364014        3.6086451262235641E-002  0.99942387975340186     
   1372.9954833984375        1.0048267841339111        3.6676641553640366E-002  0.99932117093387440     
   1373.0253906250000       0.95056730508804321        3.5735707730054855E-002  0.99920813701565103     
   1373.0552978515625       0.99052840471267700        3.6434389650821686E-002  0.99908340557904418     
   1373.0852050781250        1.0160065889358521        3.6802347749471664E-002  0.99892486275582171     
   1373.1151123046875        1.0455300807952881        3.7309639155864716E-002  0.99868184448966646     
   1373.1450195312500       0.97858732938766479        3.6145329475402832E-002  0.99830438940114785     
   1373.1749267578125       0.98049283027648926        3.6141648888587952E-002  0.99775281988742082     
   1373.2048339843750        1.0169023275375366        3.6779679358005524E-002  0.99694222871851534     
   1373.2347412109375       0.99584794044494629        3.6410268396139145E-002  0.99572130608537524     
   1373.2646484375000        1.0179916620254517        3.6829959601163864E-002  0.99394824911768909     
   1373.2945556640625       0.97464644908905029        3.6037091165781021E-002  0.99144108853398494     
   1373.3244628906250       0.93881815671920776        3.5380966961383820E-002  0.98782914437751279     
   1373.3543701171875       0.91793274879455566        3.4975070506334305E-002  0.98267581135216364     
   1373.3842773437500       0.97603464126586914        3.6020543426275253E-002  0.97573967113855320     
   1373.4141845703125        1.0050522089004517        3.6652982234954834E-002  0.96600415196178258     
   1373.4440917968750       0.89485800266265869        3.4632928669452667E-002  0.94794737913254845     
   1373.4739990234375       0.89582943916320801        3.4643422812223434E-002  0.90428658666776895     
   1373.5039062500000       0.81849712133407593        3.3014342188835144E-002  0.80090546680923402     
   1373.5338134765625       0.63497722148895264        2.9288645833730698E-002  0.62371459613995173     
   1373.5637207031250       0.43856027722358704        2.4575492367148399E-002  0.45012106805387947     
   1373.5936279296875       0.39080443978309631        2.2997403517365456E-002  0.39406840282813266     
   1373.6235351562500       0.51347225904464722        2.6663808152079582E-002  0.49120066242810578     
   1373.6534423828125       0.65931397676467896        3.0495801940560341E-002  0.67844916383040765     
   1373.6833496093750       0.83090281486511230        3.3556949347257614E-002  0.83820144289265652     
   1373.7132568359375       0.92677378654479980        3.5101294517517090E-002  0.92070879285433316     
   1373.7431640625000       0.99243319034576416        3.6280196160078049E-002  0.95391723157481911     
   1373.7730712890625       0.95260435342788696        3.5521436482667923E-002  0.96849327788203554     
   1373.8029785156250       0.91724950075149536        3.4912295639514923E-002  0.97704530950295476     
   1373.8328857421875        1.0003510713577271        3.6390580236911774E-002  0.98338609903964913     
   1373.8627929687500       0.93764853477478027        3.5248555243015289E-002  0.98808032345070107     
   1373.8927001953125       0.99788510799407959        3.6449555307626724E-002  0.99113494471542696     
   1373.9226074218750        1.0638386011123657        3.7586133927106857E-002  0.99297842877014941     
   1373.9526367187500        1.0438854694366455        3.7192929536104202E-002  0.99420815694033104     
   1373.9825439453125        1.0628851652145386        3.7475969642400742E-002  0.99526316581442298     
   1374.0124511718750       0.97708821296691895        3.6137383431196213E-002  0.99627312160826464     
   1374.0423583984375        1.0101449489593506        3.6540482193231583E-002  0.99717052497956749     
   1374.0722656250000       0.97624099254608154        3.5908035933971405E-002  0.99786978443674779     
   1374.1021728515625        1.0438032150268555        3.7112917751073837E-002  0.99836829734438259     
   1374.1320800781250        1.0823614597320557        3.7822030484676361E-002  0.99871855186950709     
   1374.1619873046875       0.99977487325668335        3.6340907216072083E-002  0.99897518010898578     
   1374.1918945312500       0.98604017496109009        3.6074858158826828E-002  0.99917473558166758     
   1374.2218017578125        1.0814160108566284        3.7776242941617966E-002  0.99933355768362142     
   1374.2517089843750       0.96912765502929688        3.5835199058055878E-002  0.99945720435464136     
   1374.2816162109375        1.0109504461288452        3.6508981138467789E-002  0.99954917013029687     
   1374.3115234375000       0.97084027528762817        3.5895369946956635E-002  0.99961413611855521     
   1374.3414306640625        1.0241087675094604        3.6769948899745941E-002  0.99965703677383722     
   1374.3713378906250       0.96765065193176270        3.5689044743776321E-002  0.99968278340787597     
   1374.4012451171875       0.97454249858856201        3.5847511142492294E-002  0.99969780503316175     
   1374.4311523437500       0.94661015272140503        3.5422008484601974E-002  0.99971153759019404     
   1374.4610595703125        1.0045212507247925        3.6406788975000381E-002  0.99973084106942312     
   1374.4909667968750       0.95538514852523804        3.5453088581562042E-002  0.99975563630723341     
   1374.5208740234375       0.99455845355987549        3.6235410720109940E-002  0.99978160946013006     
   1374.5507812500000       0.98095703125000000        3.5915531218051910E-002  0.99980359814724462     
   1374.5806884765625        1.0123697519302368        3.6466173827648163E-002  0.99981905452428765     
   1374.6105957031250       0.96565061807632446        3.5608965903520584E-002   1.0000000000000000     
   1374.6405029296875       0.99842590093612671        3.6207076162099838E-002   1.0000000000000000     
   1374.6704101562500        1.0665179491043091        3.7412323057651520E-002   1.0000000000000000     
   1374.7003173828125       0.95642012357711792        3.5472337156534195E-002   1.0000000000000000     
   1374.7302246093750       0.99981403350830078        3.6225963383913040E-002   1.0000000000000000     
   1374.7601318359375       0.97747236490249634        3.5825319588184357E-002   1.0000000000000000     
   1374.7900390625000       0.97693437337875366        3.5984758287668228E-002   1.0000000000000000     
   1374.8199462890625       0.96511822938919067        3.5613197833299637E-002   1.0000000000000000     
   1374.8498535156250       0.98776352405548096        3.6049488931894302E-002   1.0000000000000000     
   1374.8797607421875        1.0463247299194336        3.7045288830995560E-002   1.0000000000000000     
   1374.9096679687500       0.98574894666671753        3.5994879901409149E-002   1.0000000000000000     
   1374.9395751953125       0.97267276048660278        3.5696879029273987E-002   1.0000000000000000     
   1374.9694824218750        1.1229918003082275        3.8354679942131042E-002   1.0000000000000000     
   1374.9993896484375        1.0075327157974243        3.6531668156385422E-002   1.0000000000000000     
   1375.0292968750000       0.99270683526992798        3.6102671176195145E-002   1.0000000000000000     
   1375.0592041015625       0.98795968294143677        3.6068737506866455E-002   1.0000000000000000     
   1375.0891113281250        1.0240061283111572        3.6638781428337097E-002   1.0000000000000000     
   1375.1190185546875        1.0049253702163696        3.6304261535406113E-002   1.0000000000000000     
   1375.1489257812500       0.98053014278411865        3.5889539867639542E-002   1.0000000000000000     
   1375.1788330078125       0.98858660459518433        3.6170311272144318E-002   1.0000000000000000     
   1375.2087402343750       0.96691036224365234        3.5596285015344620E-002   1.0000000000000000     
   1375.2386474609375        1.0216137170791626        3.6576837301254272E-002   1.0000000000000000     
   1375.2686767578125       0.98182892799377441        3.5819336771965027E-002   1.0000000000000000     
   1375.2985839843750       0.91405433416366577        3.4669466316699982E-002   1.0000000000000000     
   1375.3284912109375       0.91766214370727539        3.4660343080759048E-002   1.0000000000000000     
   1375.3583984375000       0.95631664991378784        3.5400852560997009E-002   1.0000000000000000     
   1375.3883056640625       0.90780067443847656        3.4512933343648911E-002   1.0000000000000000     
   1375.4182128906250       0.87935364246368408        3.3919643610715866E-002   1.0000000000000000     
   1375.4481201171875       0.82497060298919678        3.2862067222595215E-002   1.0000000000000000     
   1375.4780273437500       0.72361052036285400        3.0831424519419670E-002   1.0000000000000000     
   1375.5079345703125       0.64209425449371338        2.9002763330936432E-002   1.0000000000000000     
   1375.5378417968750       0.66317766904830933        2.9441067948937416E-002   1.0000000000000000     
   1375.5677490234375       0.60781890153884888        2.8198294341564178E-002   1.0000000000000000     
   1375.5976562500000       0.59162855148315430        2.7995184063911438E-002   1.0000000000000000     
   1375.6275634765625       0.64560061693191528        2.9162816703319550E-002   1.0000000000000000     
   1375.6574707031250       0.71229147911071777        3.0550872907042503E-002   1.0000000000000000     
   1375.6873779296875       0.77772110700607300        3.1886771321296692E-002   1.0000000000000000     
   1375.7172851562500       0.84614592790603638        3.3240191638469696E-002   1.0000000000000000     
   1375.7471923828125       0.93987637758255005        3.5011500120162964E-002   1.0000000000000000     
   1375.7770996093750        1.0027253627777100        3.6124169826507568E-002   1.0000000000000000     
   1375.8070068359375       0.95287626981735229        3.5254571586847305E-002   1.0000000000000000     
   1375.8369140625000       0.96187478303909302        3.5398401319980621E-002   1.0000000000000000     
   1375.8668212890625        1.0092800855636597        3.6442581564188004E-002   1.0000000000000000     
   1375.8967285156250        1.0281889438629150        3.6561340093612671E-002   1.0000000000000000     
   1375.9266357421875       0.99336481094360352        3.5921335220336914E-002   1.0000000000000000     
   1375.9565429687500       0.98588180541992188        3.5962380468845367E-002   1.0000000000000000     
   1375.9864501953125       0.97569197416305542        3.5737663507461548E-002   1.0000000000000000     
   1376.0163574218750        1.0202921628952026        3.6440618336200714E-002   1.0000000000000000     
   1376.0462646484375        1.0039894580841064        3.6158867180347443E-002   1.0000000000000000     
   1376.0761718750000        1.0192564725875854        3.6378726363182068E-002   1.0000000000000000     
!  ---- tick mark positions for above ----
!      1373.59134     1     1
