             1.00000    6.5046901000e-05
             2.00000    6.6534601501e-05
             3.00000    6.8071902206e-05
             4.00000    6.9661102316e-05
             5.00000    7.1304399171e-05
             6.00000    7.3004302976e-05
             7.00000    7.4763396697e-05
             8.00000    7.6584401540e-05
             9.00000    7.8470096923e-05
            10.00000    8.0423596955e-05
            11.00000    8.2448197645e-05
            12.00000    8.4547202277e-05
            13.00000    8.6724299763e-05
            14.00000    8.8983302703e-05
            15.00000    9.1328300186e-05
            16.00000    9.3763599580e-05
            17.00000    9.6293799288e-05
            18.00000    9.8923897895e-05
            19.00000    1.0165900312e-04
            20.00000    1.0450500122e-04
            21.00000    1.0746699991e-04
            22.00000    1.1055199866e-04
            23.00000    1.1376600014e-04
            24.00000    1.1711799743e-04
            25.00000    1.2061400048e-04
            26.00000    1.2426200556e-04
            27.00000    1.2807200255e-04
            28.00000    1.3205400319e-04
            29.00000    1.3621599646e-04
            30.00000    1.4057100634e-04
            31.00000    1.4513000497e-04
            32.00000    1.4990499767e-04
            33.00000    1.5491100203e-04
            34.00000    1.6016200243e-04
            35.00000    1.6567300190e-04
            36.00000    1.7146399477e-04
            37.00000    1.7754999863e-04
            38.00000    1.8395499501e-04
            39.00000    1.9069800328e-04
            40.00000    1.9780399452e-04
            41.00000    2.0529900212e-04
            42.00000    2.1321099484e-04
            43.00000    2.2157099738e-04
            44.00000    2.3041400709e-04
            45.00000    2.3977500678e-04
            46.00000    2.4969599326e-04
            47.00000    2.6021999656e-04
            48.00000    2.7139799204e-04
            49.00000    2.8328198823e-04
            50.00000    2.9593298677e-04
            51.00000    3.0941699515e-04
            52.00000    3.2380700577e-04
            53.00000    3.3918299596e-04
            54.00000    3.5563699203e-04
            55.00000    3.7326899474e-04
            56.00000    3.9219201426e-04
            57.00000    4.1253300151e-04
            58.00000    4.3443299364e-04
            59.00000    4.5805299305e-04
            60.00000    4.8357399646e-04
            61.00000    5.1120098215e-04
            62.00000    5.4116698448e-04
            63.00000    5.7373801246e-04
            64.00000    6.0921802651e-04
            65.00000    6.4795697108e-04
            66.00000    6.9035700290e-04
            67.00000    7.3688401608e-04
            68.00000    7.8807998216e-04
            69.00000    8.4457697812e-04
            70.00000    9.0711598750e-04
            71.00000    9.7657099832e-04
            72.00000    1.0539799696e-03
            73.00000    1.1405700352e-03
            74.00000    1.2378200190e-03
            75.00000    1.3475200394e-03
            76.00000    1.4718399616e-03
            77.00000    1.6134399921e-03
            78.00000    1.7755799927e-03
            79.00000    1.9623499829e-03
            80.00000    2.1228599362e-03
            81.00000    2.2833698895e-03
            82.00000    2.4742200039e-03
            83.00000    2.7316301130e-03
            84.00000    3.0643900391e-03
            85.00000    3.4363099840e-03
            86.00000    3.7964798976e-03
            87.00000    4.1380599141e-03
            88.00000    4.5275897719e-03
            89.00000    5.0776298158e-03
            90.00000    5.8968300000e-03
            91.00000    7.0624900982e-03
            92.00000    8.6206197739e-03
            93.00000    1.0668099858e-02
            94.00000    1.3545599766e-02
            95.00000    1.8165199086e-02
            96.00000    2.6102600619e-02
            97.00000    3.9080601186e-02
            98.00000    5.7549100369e-02
            99.00000    7.8944101930e-02
           100.00000    9.7383297980e-02
           101.00000    1.0628999770e-01
           102.00000    1.0247299820e-01
           103.00000    8.8065803051e-02
           104.00000    6.8315103650e-02
           105.00000    4.8652499914e-02
           106.00000    3.2572001219e-02
           107.00000    2.1297099069e-02
           108.00000    1.4318799600e-02
           109.00000    1.0345100425e-02
           110.00000    8.0695999786e-03
           111.00000    6.6269598901e-03
           112.00000    5.5758100934e-03
           113.00000    4.7732498497e-03
           114.00000    4.2026499286e-03
           115.00000    3.8395400625e-03
           116.00000    3.6095399410e-03
           117.00000    3.4079300240e-03
           118.00000    3.1583500095e-03
           119.00000    2.8510300908e-03
           120.00000    2.5270699989e-03
           121.00000    2.2324800957e-03
           122.00000    1.9877899904e-03
           123.00000    1.7949800240e-03
           124.00000    1.6241399571e-03
           125.00000    1.4758299803e-03
           126.00000    1.3463200303e-03
           127.00000    1.2325999560e-03
           128.00000    1.1322499486e-03
           129.00000    1.0432900162e-03
           130.00000    9.6408702666e-04
           131.00000    8.9328299509e-04
           132.00000    8.2975102123e-04
           133.00000    7.7254598727e-04
           134.00000    7.2086701402e-04
           135.00000    6.7403801950e-04
           136.00000    6.3147902256e-04
           137.00000    5.9269502526e-04
           138.00000    5.5726000573e-04
           139.00000    5.2480597515e-04
           140.00000    4.9501302419e-04
           141.00000    4.6760198893e-04
           142.00000    4.4233200606e-04
           143.00000    4.1898700874e-04
           144.00000    3.9738201303e-04
           145.00000    3.7734900252e-04
           146.00000    3.5874301102e-04
           147.00000    3.4143400262e-04
           148.00000    3.2530599856e-04
           149.00000    3.1025501085e-04
           150.00000    2.9619000270e-04
           151.00000    2.8302799910e-04
           152.00000    2.7069399948e-04
           153.00000    2.5912199635e-04
           154.00000    2.4825098808e-04
           155.00000    2.3802700161e-04
           156.00000    2.2839999292e-04
           157.00000    2.1932499658e-04
           158.00000    2.1076299890e-04
           159.00000    2.0267399668e-04
           160.00000    1.9502699433e-04
           161.00000    1.8779000675e-04
           162.00000    1.8093400286e-04
           163.00000    1.7443399702e-04
           164.00000    1.6826599312e-04
           165.00000    1.6240800323e-04
           166.00000    1.5684000391e-04
           167.00000    1.5154399443e-04
           168.00000    1.4650200319e-04
           169.00000    1.4169899805e-04
           170.00000    1.3712000509e-04
           171.00000    1.3275200035e-04
           172.00000    1.2858200353e-04
           173.00000    1.2459899881e-04
           174.00000    1.2079100270e-04
           175.00000    1.1714900029e-04
           176.00000    1.1366399849e-04
           177.00000    1.1032699695e-04
           178.00000    1.0712900257e-04
           179.00000    1.0406399815e-04
           180.00000    1.0112299788e-04
           181.00000    9.8301301477e-05
           182.00000    9.5591800346e-05
           183.00000    9.2988797405e-05
           184.00000    9.0487003035e-05
           185.00000    8.8081200374e-05
           186.00000    8.5766798293e-05
           187.00000    8.3539198386e-05
           188.00000    8.1394202425e-05
           189.00000    7.9327903222e-05
           190.00000    7.7336502727e-05
           191.00000    7.5416501204e-05
           192.00000    7.3564602644e-05
           193.00000    7.1777598350e-05
           194.00000    7.0052701631e-05
           195.00000    6.8387096690e-05
           196.00000    6.6777996835e-05
           197.00000    6.5223102865e-05
           198.00000    6.3719897298e-05
           199.00000    6.2266299210e-05
           200.00000    6.0860100348e-05
           201.00000    5.9499299823e-05
