! -------------------------
   1309.9060775684297       0.95397157780436725       0.12006489431382239        1.0000000000000000     
   1309.9160371579883       0.99840146988091516       0.12283078382084889        1.0000000000000000     
   1309.9259967475464       0.95385818054886462       0.12006123213862878        1.0000000000000000     
   1309.9359563371049       0.84173127247820823       0.11278566541047329        1.0000000000000000     
   1309.9459159266630        1.0923420657309975       0.12848510759552093        1.0000000000000000     
   1309.9558755162216        1.0450531425262410       0.12567500757365757        1.0000000000000000     
   1309.9658351057797        1.1730901634338269       0.13315323194858641        1.0000000000000000     
   1309.9757946953382        1.0890555653052967       0.12829724139714438        1.0000000000000000     
   1309.9857542848965        1.0789935609173542       0.12770502936669623        1.0000000000000000     
   1309.9957138744549       0.95303849457128620       0.12002179220370246        1.0000000000000000     
   1310.0056734640132       0.82689508977948911       0.11179860394855839        1.0000000000000000     
   1310.0156330535715        1.0581482528494035       0.12647094240207943        1.0000000000000000     
   1310.0255926431298       0.79746285384911586       0.10979410881435958        1.0000000000000000     
   1310.0355522326881       0.76650736535315900       0.10764361546783414        1.0000000000000000     
   1310.0455118222465        1.2524820376685966       0.13760118562951915        1.0000000000000000     
   1310.0554714118048       0.98289434479239268       0.12189787715907190        1.0000000000000000     
   1310.0654310013631       0.88949791005488044       0.11596354889599918        1.0000000000000000     
   1310.0753905909214       0.76233926996571955       0.10735677934687395        1.0000000000000000     
   1310.0853501804797        1.0941044099251687       0.12861482334490346        1.0000000000000000     
   1310.0953097700381       0.81151978331150476       0.11076881535496595        1.0000000000000000     
   1310.1052693595964       0.70541576152016494       0.10327539052326057        1.0000000000000000     
   1310.1152289491547       0.88895629216234728       0.11593665808770989        1.0000000000000000     
   1310.1251885387130       0.96856944230688435       0.12101864025531223        1.0000000000000000     
   1310.1351481282713       0.84334630465132510       0.11292657688833535        1.0000000000000000     
   1310.1451077178297       0.93521726404100092       0.11892023260215172        1.0000000000000000     
   1310.1550673073880        1.0753596143357471       0.12752128464594209        1.0000000000000000     
   1310.1650268969463       0.93917860857494939       0.11917528824335509        1.0000000000000000     
   1310.1749864865046       0.88905138896690072       0.11595296679466421        1.0000000000000000     
   1310.1849460760629       0.87487380597189757       0.11502637769848528        1.0000000000000000     
   1310.1949056656213        1.0137101221620002       0.12381918508335819        1.0000000000000000     
   1310.2048652551796       0.86129500477219034       0.11413355199143166        1.0000000000000000     
   1310.2148248447379       0.87412428073625303       0.11498211007883266        1.0000000000000000     
   1310.2247844342962       0.84698838100854601       0.11318495702332683        1.0000000000000000     
   1310.2347440238545        1.0615864403597091       0.12671673538861239        1.0000000000000000     
   1310.2447036134129        1.0503503611433376       0.12604618333521764        1.0000000000000000     
   1310.2546632029712        1.0484004600024368       0.12593096192746003        1.0000000000000000     
   1310.2646227925295        1.1869865926711729       0.13399794749998234        1.0000000000000000     
   1310.2745823820878       0.96851488609003467       0.12104160804067862        1.0000000000000000     
   1310.2845419716461       0.98236112041240509       0.12190553925450352        1.0000000000000000     
   1310.2945015612045       0.88881225685024434       0.11595758931993949        1.0000000000000000     
   1310.3044611507628        1.0358238906857775       0.12518244868582140        1.0000000000000000     
   1310.3144207403211       0.75029510613450445       0.10654249338827963        1.0000000000000000     
   1310.3243803298794        1.1861468006583338       0.13396221421974072        1.0000000000000000     
   1310.3343399194378       0.82673825219210928       0.11184161472138614        1.0000000000000000     
   1310.3442995089961       0.87574087542851675       0.11511012884701635        1.0000000000000000     
   1310.3542590985544       0.90785299918101503       0.11720329180198157        1.0000000000000000     
   1310.3642186881127       0.96964368431208137       0.12112797288992322        1.0000000000000000     
   1310.3741782776710       0.82791414513612849       0.11192763527756318        1.0000000000000000     
   1310.3841378672294       0.82732607357046317       0.11188950182307597        1.0000000000000000     
   1310.3940974567877        1.0291116772477182       0.12479252136405007        1.0000000000000000     
   1310.4040570463460       0.90703286717800613       0.11715886026162646       0.93965035536999741     
   1310.4140166359043       0.78169159932357313       0.10876462169240372       0.93548889644675770     
   1310.4239762254626       0.84508121203400355       0.11309033236492337       0.93136066240313031     
   1310.4339358150210       0.93984826371091268       0.11926456906853741       0.92730594111215492     
   1310.4438954045793       0.90391393287706090       0.11696405712491735       0.92336507344880736     
   1310.4538549941376       0.82669135476140876       0.11185795944268880       0.91958014209405137     
   1310.4638145836959       0.93932009908645120       0.11923625400096494       0.91599203697744092     
   1310.4737741732542       0.87654510603430691       0.11518474344475016       0.91264028154654497     
   1310.4837337628126       0.79603550014125601       0.10976916654436351       0.90956243224007682     
   1310.4936933523709       0.94361046744685317       0.12414699893869340       0.90679316878098415     
   1310.5036529419292       0.89594114654785773       0.12097229214344943       0.90436318161399010     
   1310.5136125314875       0.94388384186735286       0.12416859238351370       0.90229796079184599     
   1310.5235721210458       0.98030156969320692       0.12654315390069856       0.90061665642541577     
   1310.5335317106042       0.89304698047038444       0.12078201651723275       0.89933106560324128     
   1310.5434913001625        1.0319071414764669       0.12983498738583710       0.89844456427334307     
   1310.5534508897208       0.91197153960850574       0.12205860235535630       0.89795059558140711     
   1310.5634104792791        1.0304999915007946       0.12975021195798947       0.89783020417250725     
   1310.5733700688374       0.96491740453384489       0.12555542030091929       0.89804800980532906     
   1310.5833296583958       0.84499767168745843       0.11749637227861723       0.89854587929202123     
   1310.5932892479541       0.86247659766354490       0.11870709645855360       0.89923335047033903     
   1310.6032488375124       0.91255041176343821       0.12210621715918027       0.89997351045027008     
   1310.6132084270707       0.87877192560041062       0.11982674015232818       0.90056238791262044     
   1310.6231680166291       0.87760310081174953       0.11974877104197242       0.90069893950131352     
   1310.6331276061874       0.72726397077397431       0.10901200696191911       0.89994172021430263     
   1310.6430871957457        1.0323664371369838       0.12503516513510299       0.89764809842145077     
   1310.6530467853040       0.82838822543582247       0.11200528349637019       0.89289353137595429     
   1310.6630063748623       0.92127041295064616       0.11811945333839827       0.88437385425755910     
   1310.6729659644207       0.89078765303558149       0.11615055535253452       0.87030637994996685     
   1310.6829255539790       0.81321640166554998       0.11097970671204396       0.84837076419871682     
   1310.6928851435373       0.92905046229753041       0.11862233490128081       0.81577008530001061     
   1310.7028447330956       0.66597694589212864       0.10043445922012027       0.76953640406034907     
   1310.7128043226539       0.58233828180286007        9.3917633572647527E-002  0.70721623984608328     
   1310.7227639122123       0.75743562294303568       0.10711213390177449       0.62797587173374192     
   1310.7327235017706       0.78972094048068042       0.10937270239995518       0.53388927761299565     
   1310.7426830913291       0.59695814590288088        9.5093400257997007E-002  0.43076287551505948     
   1310.7526426808872       0.54217008907626052        9.0625940448179121E-002  0.32762806237259412     
   1310.7626022704458       0.53348300603225574        8.9898278555703925E-002  0.23447284585586300     
   1310.7725618600039       0.57080572473050306        9.2991136184725487E-002  0.15897059816441839     
   1310.7825214495624       0.19013160143462327        7.1204149091917385E-002  0.10403652918351897     
   1310.7924810391205       0.27648309298136547        8.0599385069429610E-002   6.7736710786649709E-002
   1310.8024406286791       0.21125485614004505        7.3177887670053149E-002   4.5347927741930118E-002
   1310.8124002182371       0.21160606273817120        7.3180021795079389E-002   3.1888182598786306E-002
   1310.8223598077957       0.10363327688406805        5.7121471605409903E-002   2.3618089761075961E-002
   1310.8323193973538       0.13577165786383888        6.2274821990146341E-002   1.8271329876529966E-002
   1310.8422789869123       0.19355095662692717        7.1216592105620202E-002   1.4632907854766316E-002
   1310.8522385764704       0.16736270233870881        6.6975848003821753E-002   1.2067904992919766E-002
   1310.8621981660290        9.4324769693621469E-002   5.4309603509876077E-002   1.0228572222231851E-002
   1310.8721577555871        7.4031766254507733E-002   5.1250120829617503E-002   8.9170382738934812E-003
   1310.8821173451456        8.0265647952917726E-002   5.1251613682384949E-002   8.0250956762261856E-003
   1310.8920769347037       0.15868265701399045        6.4710452267001090E-002   7.5025226633431445E-003
   1310.9020365242623       0.11168431711317116        5.7134777568823611E-002   7.3389277127751638E-003
   1310.9119961138204       0.27575882204311963        8.0627552772111158E-002   7.5577794768693198E-003
   1310.9219557033789       0.11034159492309342        5.7138106472680424E-002   8.2215132709212678E-003
   1310.9319152929370       0.18741025470884112        6.9113351715474447E-002   9.4452568102036949E-003
   1310.9418748824955       0.16204574640803324        6.6993401752576481E-002   1.1420572762098602E-002
   1310.9518344720536       0.25156689532713233        7.8818064211483255E-002   1.4463298169728236E-002
   1310.9617940616122       0.22406209049689657        7.5182495851690373E-002   1.9126862091098578E-002
   1310.9717536511703       0.31132687525833030        8.5795424053690714E-002   2.6457047382337825E-002
   1310.9817132407288       0.21430686437063334        7.3216250154928497E-002   3.8443704664509262E-002
   1310.9916728302871       0.44537872191331279        9.7776095499763113E-002   5.8530058205165568E-002
   1311.0016324198455       0.38118494547775661        9.2018318083040881E-002   9.1658209869247179E-002
   1311.0115920094038       0.43401896075874102        9.7781785465430315E-002  0.14313490621721534     
   1311.0215515989621       0.60600837869421820        9.5850581319214784E-002  0.21621137741591898     
   1311.0315111885204       0.71551926099681251       0.10415315100286256       0.30958265211844921     
   1311.0414707780787       0.79553807127217213       0.10982432823082658       0.41667924889196756     
   1311.0514303676371       0.68311048336304325       0.10177002023537958       0.52754524373058931     
   1311.0613899571954       0.90061725263481918       0.11685594947363653       0.63217157135579216     
   1311.0713495467537       0.92748223208215974       0.11858774839240045       0.72330495285914254     
   1311.0813091363120       0.73552772036408831       0.10560739224515349       0.79753952228953118     
   1311.0912687258703       0.92492522946733025       0.11842924957866023       0.85481726291931359     
   1311.1012283154287       0.92015307982182293       0.11812712276896424       0.89717670980701403     
   1311.1111879049870        1.0474277020501419       0.12603713119614560       0.92752249380915830     
   1311.1211474945453        1.0013375647264116       0.12323854501925587       0.94878263045305522     
   1311.1311070841036       0.95773778538502252       0.12053197080608527       0.96347956262704904     
   1311.1410666736620       0.94652614232629484       0.11983141221860737       0.97359216209807398     
   1311.1510262632203        1.1226334107155731       0.13051230881434595       0.98057610312434862     
   1311.1609858527786       0.97487099238308095       0.12162891154030143       0.98545160364948892     
   1311.1709454423369       0.96485366396419758       0.12101169295715190       0.98890803179684295     
   1311.1809050318952        1.1790620369583484       0.13378295594700948       0.99140027776624740     
   1311.1908646214536       0.80580115226460447       0.11060753226852102       0.99322600920179616     
   1311.2008242110119       0.79817116768691365       0.11009292935578759       0.99458147998992585     
   1311.2107838005702       0.72412169084665656       0.10487215192875175       0.99559866521533635     
   1311.2207433901285       0.68813475926275580       0.10224365415763488       0.99636862730718878     
   1311.2307029796868        1.0696823344323305       0.12748950548243093       0.99695589403891871     
   1311.2406625692452        1.1037905408579740       0.13454242962877441       0.99740732327367221     
   1311.2506221588035        1.0407799958936068       0.12578449164080152       0.99775756650053038     
   1311.2605817483618       0.86211715399249866       0.11449441262770525       0.99803275403623204     
   1311.2705413379201        1.0205670564973062       0.12458833209743232       0.99825288518388433     
   1311.2805009274784       0.88039697408835571       0.11573192170636371       0.99843312613748569     
   1311.2904605170368        1.1316138588926608       0.13122667240181246       0.99858462129004766     
   1311.3004201065951        1.0089964707479784       0.12393061571657743        1.0000000000000000     
   1311.3103796961534       0.82100674415635222       0.11180714830810971        1.0000000000000000     
   1311.3203392857117       0.87959382335329683       0.11574475823747357        1.0000000000000000     
   1311.3302988752700       0.99170347650606450       0.12291834558177078        1.0000000000000000     
   1311.3402584648284        1.0371910076783595       0.12572515470836218        1.0000000000000000     
   1311.3502180543867       0.91364564285015992       0.11801849285457645        1.0000000000000000     
   1311.3601776439450       0.69561789409874686       0.10299502084864291        1.0000000000000000     
   1311.3701372335033       0.94583695853007976       0.12011851344526442        1.0000000000000000     
   1311.3800968230616        1.0908459660204131       0.12901958765276292        1.0000000000000000     
   1311.3900564126200        1.1340362642879454       0.13157113396566522        1.0000000000000000     
   1311.4000160021783        1.0582766083897182       0.12712210807698615        1.0000000000000000     
   1311.4099755917366       0.77574952879608650       0.10885728793713177        1.0000000000000000     
   1311.4199351812949        1.0273911973413716       0.12529705702306307        1.0000000000000000     
   1311.4298947708533       0.91501714350504348       0.11826728240693321        1.0000000000000000     
   1311.4398543604116        1.0287730715493597       0.12542602072500153        1.0000000000000000     
   1311.4498139499699        1.1855721441381553       0.13466986117842772        1.0000000000000000     
   1311.4597735395282       0.86702841792135787       0.11518668663021803        1.0000000000000000     
   1311.4697331290865       0.84091379505934283       0.11345957489902002        1.0000000000000000     
   1311.4796927186449       0.85595269788787187       0.11449080999131626        1.0000000000000000     
   1311.4896523082032       0.77434293940112775       0.10891637148629892        1.0000000000000000     
   1311.4996118977615       0.99884229684180292       0.12372461596004257        1.0000000000000000     
   1311.5095714873198       0.86969251005301262       0.11547074468355722        1.0000000000000000     
   1311.5195310768781       0.93419231177090278       0.11969856634487838        1.0000000000000000     
   1311.5294906664365       0.93482203752291360       0.11976148302258155        1.0000000000000000     
   1311.5394502559948       0.91625282857665369       0.11858844044973248        1.0000000000000000     
   1311.5494098455531        1.0167419520431147       0.12494592978813068        1.0000000000000000     
   1311.5593694351114       0.63615432892654877        9.8850761189691244E-002   1.0000000000000000     
   1311.5693290246697       0.96523222266485054       0.12178578559733201        1.0000000000000000     
   1311.5792886142281       0.76223393733173928       0.10824469001087182        1.0000000000000000     
   1311.5892482037864       0.82496469737471212       0.11263197130282639        1.0000000000000000     
   1311.5992077933447       0.65309505727949935       0.14888820388301963        1.0000000000000000     
   1311.6091673829030       0.99949003576515683       0.12402040617762609        1.0000000000000000     
   1311.6191269724613       0.90708457341878501       0.11817027841230962        1.0000000000000000     
   1311.6290865620197       0.66927172643872379       0.10152325936593565        1.0000000000000000     
   1311.6390461515780       0.95522915369301664       0.12131024462552385        1.0000000000000000     
   1311.6490057411363       0.81148451968134772       0.11183109104010965        1.0000000000000000     
   1311.6589653306946        1.0517318627944543       0.12733652748268356        1.0000000000000000     
   1311.6689249202529        1.0627008153543651       0.12802159555740250        1.0000000000000000     
   1311.6788845098113       0.84438965114265330       0.11413677202875000        1.0000000000000000     
   1311.6888440993696       0.76321891839070655       0.10853109659004445        1.0000000000000000     
   1311.6988036889279        1.0485701109890082       0.12723391334527973        1.0000000000000000     
   1311.7087632784862        1.0326253013552071       0.12628419202645452        1.0000000000000000     
   1311.7187228680446        1.0654314250576320       0.12829587737314674        1.0000000000000000     
   1311.7286824576029       0.90895913133876927       0.11852045077996373        1.0000000000000000     
   1311.7386420471612       0.82883558893075338       0.11319446135248186        1.0000000000000000     
   1311.7486016367197        1.3711276589761656       0.14561243810862751        1.0000000000000000     
   1311.7585612262778        1.0978112719182842       0.13031384119841116        1.0000000000000000     
   1311.7685208158364       0.62207992082194385        9.8110499998224063E-002   1.0000000000000000     
   1311.7784804053945       0.90901074139285931       0.11861539080309888        1.0000000000000000     
   1311.7884399949530        1.0055482287197330       0.12477297393954623        1.0000000000000000     
!  ---- tick mark positions for above ----
!      1310.55365     3     2
!      1310.89411     3     3
