! -------------------------
   1508.4744873046875        1.0108860731124878        7.9448588192462921E-002   1.0000000000000000     
   1508.5112304687500        1.0503715276718140        8.1251479685306549E-002   1.0000000000000000     
   1508.5478515625000       0.99673384428024292        7.9067572951316833E-002   1.0000000000000000     
   1508.5845947265625        1.1142995357513428        8.3346031606197357E-002   1.0000000000000000     
   1508.6212158203125       0.96562999486923218        7.7576853334903717E-002   1.0000000000000000     
   1508.6579589843750        1.0541895627975464        8.0948919057846069E-002   1.0000000000000000     
   1508.6945800781250        1.0480462312698364        8.1741273403167725E-002   1.0000000000000000     
   1508.7313232421875       0.97077274322509766        7.7892325818538666E-002   1.0000000000000000     
   1508.7680664062500        1.0253700017929077        8.0124005675315857E-002   1.0000000000000000     
   1508.8046875000000       0.98235571384429932        7.8266650438308716E-002   1.0000000000000000     
   1508.8414306640625       0.93717175722122192        7.6540343463420868E-002   1.0000000000000000     
   1508.8780517578125        1.0256900787353516        7.9920083284378052E-002   1.0000000000000000     
   1508.9147949218750        1.0616768598556519        8.1731066107749939E-002   1.0000000000000000     
   1508.9514160156250        1.0067789554595947        8.0243788659572601E-002   1.0000000000000000     
   1508.9881591796875       0.95357149839401245        7.7375873923301697E-002   1.0000000000000000     
   1509.0249023437500       0.98182004690170288        7.8247040510177612E-002   1.0000000000000000     
   1509.0615234375000       0.97016263008117676        7.8228659927845001E-002   1.0000000000000000     
   1509.0982666015625        1.0159347057342529        7.9688780009746552E-002   1.0000000000000000     
   1509.1348876953125       0.93102210760116577        7.6543465256690979E-002   1.0000000000000000     
   1509.1716308593750       0.96896725893020630        7.8166231513023376E-002   1.0000000000000000     
   1509.2082519531250       0.96020025014877319        7.7906727790832520E-002   1.0000000000000000     
   1509.2449951171875       0.86759889125823975        7.4767611920833588E-002   1.0000000000000000     
   1509.2816162109375       0.81471663713455200        7.1600191295146942E-002   1.0000000000000000     
   1509.3183593750000       0.92750519514083862        7.6734088361263275E-002   1.0000000000000000     
   1509.3551025390625       0.99889147281646729        7.9777523875236511E-002   1.0000000000000000     
   1509.3917236328125       0.95465296506881714        7.7794872224330902E-002   1.0000000000000000     
   1509.4284667968750       0.94067692756652832        7.6895356178283691E-002   1.0000000000000000     
   1509.4650878906250       0.89333361387252808        7.5831077992916107E-002   1.0000000000000000     
   1509.5018310546875       0.95220661163330078        7.7280640602111816E-002   1.0000000000000000     
   1509.5384521484375        1.0007044076919556        7.9489134252071381E-002   1.0000000000000000     
   1509.5751953125000       0.98420864343643188        7.9764187335968018E-002   1.0000000000000000     
   1509.6119384765625        1.0729203224182129        8.2319878041744232E-002   1.0000000000000000     
   1509.6485595703125       0.93006527423858643        7.6515808701515198E-002   1.0000000000000000     
   1509.6853027343750       0.98947978019714355        7.9183056950569153E-002   1.0000000000000000     
   1509.7219238281250       0.93831330537796021        7.7314116060733795E-002   1.0000000000000000     
   1509.7586669921875       0.87522041797637939        7.5400553643703461E-002   1.0000000000000000     
   1509.7952880859375       0.98931407928466797        7.8753642737865448E-002   1.0000000000000000     
   1509.8320312500000       0.94870662689208984        7.7675849199295044E-002   1.0000000000000000     
   1509.8686523437500       0.91458851099014282        7.6691232621669769E-002   1.0000000000000000     
   1509.9053955078125       0.87661451101303101        7.5183294713497162E-002   1.0000000000000000     
   1509.9421386718750       0.91959315538406372        7.7347226440906525E-002   1.0000000000000000     
   1509.9787597656250        1.0383011102676392        8.0632947385311127E-002   1.0000000000000000     
   1510.0155029296875        1.0678664445877075        8.1903450191020966E-002   1.0000000000000000     
   1510.0521240234375        1.0937738418579102        8.2950517535209656E-002   1.0000000000000000     
   1510.0888671875000       0.93371742963790894        7.7051952481269836E-002   1.0000000000000000     
   1510.1254882812500        1.0817787647247314        8.3041213452816010E-002   1.0000000000000000     
   1510.1622314453125        1.1068451404571533        8.3529025316238403E-002   1.0000000000000000     
   1510.1989746093750        1.0380083322525024        8.1384390592575073E-002   1.0000000000000000     
   1510.2355957031250       0.98895698785781860        7.9706713557243347E-002   1.0000000000000000     
   1510.2723388671875       0.89349049329757690        7.5376220047473907E-002   1.0000000000000000     
   1510.3089599609375       0.92266702651977539        7.6723054051399231E-002  0.99984761328912208     
   1510.3457031250000       0.95907807350158691        7.7849015593528748E-002  0.99984165146368442     
   1510.3823242187500       0.95280635356903076        7.7661991119384766E-002  0.99983470340021396     
   1510.4190673828125        1.0045571327209473        7.9553760588169098E-002  0.99982560024216438     
   1510.4558105468750       0.95375585556030273        7.7945873141288757E-002  0.99981303346362538     
   1510.4924316406250       0.96106576919555664        7.8202858567237854E-002  0.99979595920886977     
   1510.5291748046875        1.0143611431121826        8.0145530402660370E-002  0.99977384629152333     
   1510.5657958984375       0.99454843997955322        7.9609297215938568E-002  0.99974663526766372     
   1510.6025390625000        1.0574721097946167        8.2573130726814270E-002  0.99971432994209852     
   1510.6391601562500       0.98754101991653442        7.8810594975948334E-002  0.99967625556407935     
   1510.6759033203125        1.0128276348114014        8.0135717988014221E-002  0.99963012090927705     
   1510.7125244140625        1.0725959539413452        8.2255236804485321E-002  0.99957112261598624     
   1510.7492675781250       0.94511163234710693        7.7893055975437164E-002  0.99949129233812017     
   1510.7860107421875        1.0672912597656250        8.2146912813186646E-002  0.99937906194534920     
   1510.8226318359375       0.91519600152969360        7.6192013919353485E-002  0.99921872558372282     
   1510.8593750000000       0.91148883104324341        7.6505519449710846E-002  0.99898856123743063     
   1510.8959960937500        1.0590361356735229        8.2118384540081024E-002  0.99865765433176712     
   1510.9327392578125        1.0292507410049438        8.0653101205825806E-002  0.99818192524472693     
   1510.9693603515625        1.0065450668334961        7.9565145075321198E-002  0.99749772338697917     
   1511.0061035156250        1.0073710680007935        7.9662807285785675E-002  0.99650835186812736     
   1511.0428466796875       0.95134532451629639        7.7752560377120972E-002  0.99504893978628939     
   1511.0794677734375       0.96280080080032349        7.8105710446834564E-002  0.99279764385154345     
   1511.1162109375000       0.94639605283737183        7.8020513057708740E-002  0.98909200872842495     
   1511.1528320312500        1.0769449472427368        8.2279831171035767E-002  0.98265504797822933     
   1511.1895751953125       0.90118145942687988        7.6530069112777710E-002  0.97139534297739327     
   1511.2261962890625       0.92850208282470703        7.6896682381629944E-002  0.95268761502918642     
   1511.2629394531250       0.92969018220901489        7.7029682695865631E-002  0.92459142982261977     
   1511.2996826171875       0.82755714654922485        7.2792857885360718E-002  0.88786825350763710     
   1511.3363037109375       0.81127667427062988        7.1780495345592499E-002  0.84747934024801275     
   1511.3730468750000       0.68125516176223755        6.6233932971954346E-002  0.81193313964441538     
   1511.4096679687500       0.69070392847061157        6.6587656736373901E-002  0.79029132031626481     
   1511.4464111328125       0.78317248821258545        7.1548171341419220E-002  0.78850804499014338     
   1511.4830322265625       0.72931075096130371        6.8538829684257507E-002  0.80705974606576258     
   1511.5197753906250       0.66801160573959351        6.5890006721019745E-002  0.84075679595533659     
   1511.5563964843750       0.75650829076766968        6.9287441670894623E-002  0.88080274243531298     
   1511.5931396484375       0.82537221908569336        7.2930723428726196E-002  0.91837187193087300     
   1511.6298828125000       0.82453566789627075        7.2281710803508759E-002  0.94784584309904185     
   1511.6665039062500       0.87763327360153198        7.5157508254051208E-002  0.96786634187217535     
   1511.7032470703125       0.96021962165832520        7.8752718865871429E-002  0.98007120652754065     
   1511.7398681640625       0.97608095407485962        7.8646719455718994E-002  0.98706701969020516     
   1511.7766113281250        1.1297613382339478        8.4814533591270447E-002  0.99106919252060954     
   1511.8132324218750       0.98503345251083374        8.0232203006744385E-002  0.99349040256137011     
   1511.8499755859375        1.0004292726516724        7.9248562455177307E-002  0.99508020884205084     
   1511.8867187500000       0.92266982793807983        7.6838508248329163E-002  0.99619733347406403     
   1511.9233398437500       0.95780712366104126        7.8273899853229523E-002  0.99701586150446830     
   1511.9600830078125        1.0676800012588501        8.3008334040641785E-002  0.99763347011231007     
   1511.9967041015625        1.0155897140502930        8.0216355621814728E-002  0.99811335452454841     
   1512.0334472656250        1.0389329195022583        8.1082366406917572E-002  0.99849656481782800     
   1512.0700683593750        1.1159895658493042        8.4925726056098938E-002  0.99880706152958465     
   1512.1068115234375        1.0380373001098633        8.0957546830177307E-002  0.99905742500763761     
   1512.1434326171875        1.0375447273254395        8.1417389214038849E-002  0.99925530107427518     
   1512.1801757812500        1.0216563940048218        8.0922320485115051E-002  0.99940821807597191     
   1512.2169189453125        1.0391898155212402        8.1304565072059631E-002  0.99952470234020618     
   1512.2535400390625        1.0524139404296875        8.2113213837146759E-002  0.99961323592956208     
   1512.2902832031250       0.99686300754547119        8.0028675496578217E-002  0.99968089747581823     
   1512.3269042968750        1.1843709945678711        8.7310835719108582E-002  0.99973277075085731     
   1512.3636474609375        1.1006300449371338        8.3613805472850800E-002  0.99977222638437802     
   1512.4002685546875        1.1276803016662598        8.4346704185009003E-002   1.0000000000000000     
   1512.4370117187500        1.0790795087814331        8.2674026489257812E-002   1.0000000000000000     
   1512.4737548828125        1.1052892208099365        8.3893150091171265E-002   1.0000000000000000     
   1512.5103759765625        1.0409319400787354        8.1296123564243317E-002   1.0000000000000000     
   1512.5471191406250        1.0564280748367310        8.1769004464149475E-002   1.0000000000000000     
   1512.5837402343750        1.0594656467437744        8.2224830985069275E-002   1.0000000000000000     
   1512.6204833984375        1.0011484622955322        8.0024883151054382E-002   1.0000000000000000     
   1512.6571044921875       0.92234092950820923        7.7340029180049896E-002   1.0000000000000000     
   1512.6938476562500        1.0290526151657104        8.0928839743137360E-002   1.0000000000000000     
   1512.7305908203125        1.0689194202423096        8.3003081381320953E-002   1.0000000000000000     
   1512.7672119140625        1.0337723493576050        8.1021405756473541E-002   1.0000000000000000     
   1512.8039550781250       0.94873440265655518        7.8315675258636475E-002   1.0000000000000000     
   1512.8405761718750        1.0448505878448486        8.1726968288421631E-002   1.0000000000000000     
   1512.8773193359375        1.0464925765991211        8.1513524055480957E-002   1.0000000000000000     
   1512.9139404296875       0.87938690185546875        7.5368680059909821E-002   1.0000000000000000     
   1512.9506835937500       0.94845163822174072        7.7741317451000214E-002   1.0000000000000000     
   1512.9873046875000       0.81624031066894531        7.2713054716587067E-002   1.0000000000000000     
   1513.0240478515625       0.91990035772323608        7.7494055032730103E-002   1.0000000000000000     
   1513.0607910156250       0.92581808567047119        7.7105000615119934E-002   1.0000000000000000     
   1513.0974121093750        1.0655426979064941        8.2688026130199432E-002   1.0000000000000000     
   1513.1341552734375        1.0944651365280151        8.3785504102706909E-002   1.0000000000000000     
   1513.1707763671875        1.0318547487258911        8.1174470484256744E-002   1.0000000000000000     
   1513.2075195312500        1.0891237258911133        8.3203315734863281E-002   1.0000000000000000     
   1513.2441406250000       0.97316879034042358        7.9672634601593018E-002   1.0000000000000000     
   1513.2808837890625        1.0485011339187622        8.1702277064323425E-002   1.0000000000000000     
   1513.3176269531250        1.0063091516494751        8.0334261059761047E-002   1.0000000000000000     
   1513.3542480468750       0.88853329420089722        7.5695432722568512E-002   1.0000000000000000     
   1513.3909912109375        1.0656663179397583        8.1868872046470642E-002   1.0000000000000000     
   1513.4276123046875        1.1390082836151123        8.5154540836811066E-002   1.0000000000000000     
   1513.4643554687500       0.92734438180923462        7.7412031590938568E-002   1.0000000000000000     
   1513.5009765625000       0.93928647041320801        7.8627333045005798E-002   1.0000000000000000     
   1513.5377197265625       0.92687195539474487        7.7025905251502991E-002   1.0000000000000000     
   1513.5744628906250       0.93260920047760010        7.7756077051162720E-002   1.0000000000000000     
   1513.6110839843750       0.83085453510284424        7.2461612522602081E-002   1.0000000000000000     
   1513.6478271484375       0.86216419935226440        7.4319034814834595E-002   1.0000000000000000     
   1513.6844482421875        1.0055105686187744        8.0049730837345123E-002   1.0000000000000000     
   1513.7211914062500       0.94498735666275024        7.8220702707767487E-002   1.0000000000000000     
   1513.7578125000000        1.0111197233200073        8.1271201372146606E-002   1.0000000000000000     
   1513.7945556640625        1.0073158740997314        8.0193713307380676E-002   1.0000000000000000     
   1513.8311767578125       0.92688882350921631        7.9206548631191254E-002   1.0000000000000000     
   1513.8679199218750       0.96242690086364746        7.9040899872779846E-002   1.0000000000000000     
   1513.9046630859375       0.95907133817672729        7.8553341329097748E-002   1.0000000000000000     
   1513.9412841796875       0.88985198736190796        7.5654782354831696E-002   1.0000000000000000     
   1513.9780273437500       0.81192737817764282        7.2433821856975555E-002   1.0000000000000000     
   1514.0146484375000       0.97885096073150635        7.9076543450355530E-002   1.0000000000000000     
   1514.0513916015625       0.95411908626556396        7.8328885138034821E-002   1.0000000000000000     
   1514.0880126953125       0.90219193696975708        7.6038584113121033E-002   1.0000000000000000     
   1514.1247558593750        1.0154074430465698        8.0743320286273956E-002   1.0000000000000000     
   1514.1614990234375        1.0137550830841064        8.1132128834724426E-002   1.0000000000000000     
   1514.1981201171875       0.96863275766372681        7.8780181705951691E-002   1.0000000000000000     
!  ---- tick mark positions for above ----
!      1511.43493    15     1
!      1509.17505    16     1
