      1.00000       0.0000000
      2.00000   7.4354098e-06
      3.00000   7.5647713e-06
      4.00000   7.6761808e-06
      5.00000   7.7823561e-06
      6.00000   7.8633639e-06
      7.00000   7.9161982e-06
      8.00000   7.9438978e-06
      9.00000   7.9451484e-06
      10.0000   7.9097972e-06
      11.0000   7.8424364e-06
      12.0000   7.7721979e-06
      13.0000   7.7341292e-06
      14.0000   7.7462155e-06
      15.0000   7.8121666e-06
      16.0000   7.9278689e-06
      17.0000   8.0787768e-06
      18.0000   8.2453062e-06
      19.0000   8.4241556e-06
      20.0000   8.6308546e-06
      21.0000   8.8754905e-06
      22.0000   9.1590146e-06
      23.0000   9.4849484e-06
      24.0000   9.8602613e-06
      25.0000   1.0285324e-05
      26.0000   1.0747025e-05
      27.0000   1.1210641e-05
      28.0000   1.1637973e-05
      29.0000   1.2024273e-05
      30.0000   1.2391327e-05
      31.0000   1.2745743e-05
      32.0000   1.3059238e-05
      33.0000   1.3291517e-05
      34.0000   1.3424493e-05
      35.0000   1.3488453e-05
      36.0000   1.3530206e-05
      37.0000   1.3565913e-05
      38.0000   1.3582790e-05
      39.0000   1.3563194e-05
      40.0000   1.3507058e-05
      41.0000   1.3442949e-05
      42.0000   1.3414200e-05
      43.0000   1.3453177e-05
      44.0000   1.3588344e-05
      45.0000   1.3840008e-05
      46.0000   1.4210874e-05
      47.0000   1.4694085e-05
      48.0000   1.5262378e-05
      49.0000   1.5861142e-05
      50.0000   1.6440128e-05
      51.0000   1.6971717e-05
      52.0000   1.7453405e-05
      53.0000   1.7917035e-05
      54.0000   1.8415867e-05
      55.0000   1.9010533e-05
      56.0000   1.9739386e-05
      57.0000   2.0569983e-05
      58.0000   2.1403950e-05
      59.0000   2.2151344e-05
      60.0000   2.2789007e-05
      61.0000   2.3329960e-05
      62.0000   2.3774557e-05
      63.0000   2.4108340e-05
      64.0000   2.4305900e-05
      65.0000   2.4375826e-05
      66.0000   2.4388262e-05
      67.0000   2.4405494e-05
      68.0000   2.4447385e-05
      69.0000   2.4518751e-05
      70.0000   2.4649293e-05
      71.0000   2.4876732e-05
      72.0000   2.5191739e-05
      73.0000   2.5553885e-05
      74.0000   2.5970136e-05
      75.0000   2.6486539e-05
      76.0000   2.7112972e-05
      77.0000   2.7821568e-05
      78.0000   2.8586926e-05
      79.0000   2.9455896e-05
      80.0000   3.0539064e-05
      81.0000   3.1910986e-05
      82.0000   3.3559747e-05
      83.0000   3.5449379e-05
      84.0000   3.7562724e-05
      85.0000   3.9871393e-05
      86.0000   4.2339041e-05
      87.0000   4.4953726e-05
      88.0000   4.7737423e-05
      89.0000   5.0710190e-05
      90.0000   5.3831551e-05
      91.0000   5.7018151e-05
      92.0000   6.0174520e-05
      93.0000   6.3213964e-05
      94.0000   6.6213950e-05
      95.0000   6.9506896e-05
      96.0000   7.3421194e-05
      97.0000   7.7925477e-05
      98.0000   8.2675040e-05
      99.0000   8.7431617e-05
      100.000   9.2339564e-05
      101.000   9.7916236e-05
      102.000   0.00010481027
      103.000   0.00011347939
      104.000   0.00012402791
      105.000   0.00013630062
      106.000   0.00015023793
      107.000   0.00016613482
      108.000   0.00018430615
      109.000   0.00020479238
      110.000   0.00022761889
      111.000   0.00025245454
      112.000   0.00027803305
      113.000   0.00030253342
      114.000   0.00032451798
      115.000   0.00034328821
      116.000   0.00035917567
      117.000   0.00037371818
      118.000   0.00038893690
      119.000   0.00040583708
      120.000   0.00042393751
      121.000   0.00044304121
      122.000   0.00046506518
      123.000   0.00049360987
      124.000   0.00053193601
      125.000   0.00058100850
      126.000   0.00063953089
      127.000   0.00070725620
      128.000   0.00078605465
      129.000   0.00087611267
      130.000   0.00097312685
      131.000    0.0010715321
      132.000    0.0011713560
      133.000    0.0012806308
      134.000    0.0014064442
      135.000    0.0015424003
      136.000    0.0016700650
      137.000    0.0017734298
      138.000    0.0018521763
      139.000    0.0019221278
      140.000    0.0020051573
      141.000    0.0021255021
      142.000    0.0023055046
      143.000    0.0025446739
      144.000    0.0028135916
      145.000    0.0030953509
      146.000    0.0034345537
      147.000    0.0039198496
      148.000    0.0046030907
      149.000    0.0054547936
      150.000    0.0064303372
      151.000    0.0075954753
      152.000    0.0091883168
      153.000     0.011598827
      154.000     0.015351828
      155.000     0.021014091
      156.000     0.029028792
      157.000     0.039865989
      158.000     0.054270376
      159.000     0.072167523
      160.000     0.090344489
      161.000      0.10201389
      162.000      0.10101084
      163.000     0.087719209
      164.000     0.068603061
      165.000     0.050302740
      166.000     0.035990741
      167.000     0.025785519
      168.000     0.018684270
      169.000     0.013780507
      170.000     0.010452943
      171.000    0.0082140919
      172.000    0.0066674398
      173.000    0.0055536446
      174.000    0.0047287247
      175.000    0.0041017402
      176.000    0.0036086715
      177.000    0.0032062894
      178.000    0.0028692211
      179.000    0.0025912821
      180.000    0.0023716716
      181.000    0.0021972216
      182.000    0.0020474016
      183.000    0.0019071705
      184.000    0.0017655651
      185.000    0.0016116934
      186.000    0.0014428654
      187.000    0.0012680179
      188.000    0.0011042510
      189.000   0.00096874114
      190.000   0.00086606271
      191.000   0.00078589603
      192.000   0.00071390503
      193.000   0.00064199761
      194.000   0.00056937063
      195.000   0.00049954449
      196.000   0.00043772536
      197.000   0.00038754684
      198.000   0.00034894660
      199.000   0.00031880976
      200.000   0.00029339409
      201.000   0.00027045375
      202.000   0.00024928918
      203.000   0.00022973040
      204.000   0.00021151482
      205.000   0.00019432679
      206.000   0.00017800476
      207.000   0.00016247475
      208.000   0.00014774808
      209.000   0.00013408500
      210.000   0.00012178943
      211.000   0.00011093992
      212.000   0.00010148766
      213.000   9.3334696e-05
      214.000   8.6391759e-05
      215.000   8.0563659e-05
      216.000   7.5761811e-05
      217.000   7.2083705e-05
      218.000   6.9643138e-05
      219.000   6.8229550e-05
      220.000   6.7307403e-05
      221.000   6.6254761e-05
      222.000   6.4680738e-05
      223.000   6.2640815e-05
      224.000   6.0449769e-05
      225.000   5.8344602e-05
      226.000   5.6431734e-05
      227.000   5.4748958e-05
      228.000   5.3201675e-05
      229.000   5.1581224e-05
      230.000   4.9744343e-05
      231.000   4.7661077e-05
      232.000   4.5429570e-05
      233.000   4.3256005e-05
      234.000   4.1327963e-05
      235.000   3.9676135e-05
      236.000   3.8133061e-05
      237.000   3.6493511e-05
      238.000   3.4721605e-05
      239.000   3.2944667e-05
      240.000   3.1294421e-05
      241.000   2.9828292e-05
      242.000   2.8542481e-05
      243.000   2.7381591e-05
      244.000   2.6292144e-05
      245.000   2.5278618e-05
      246.000   2.4362260e-05
      247.000   2.3582217e-05
      248.000   2.2988546e-05
      249.000   2.2597591e-05
      250.000   2.2394277e-05
      251.000   2.2350370e-05
      252.000   2.2451059e-05
      253.000   2.2678982e-05
      254.000   2.2966316e-05
      255.000   2.3197819e-05
      256.000   2.3277082e-05
      257.000   2.3163086e-05
      258.000   2.2867240e-05
      259.000   2.2433207e-05
      260.000   2.1911204e-05
      261.000   2.1338506e-05
      262.000   2.0732337e-05
      263.000   2.0097512e-05
      264.000   1.9413117e-05
      265.000   1.8655102e-05
      266.000   1.7834353e-05
      267.000   1.6985770e-05
      268.000   1.6160002e-05
      269.000   1.5416361e-05
      270.000   1.4791419e-05
      271.000   1.4300599e-05
      272.000   1.3948485e-05
      273.000   1.3704796e-05
      274.000   1.3524064e-05
      275.000   1.3379538e-05
      276.000   1.3263026e-05
      277.000   1.3171121e-05
      278.000   1.3102785e-05
      279.000   1.3071419e-05
      280.000   1.3094424e-05
      281.000   1.3160636e-05
      282.000   1.3236007e-05
      283.000   1.3295504e-05
      284.000   1.3329037e-05
      285.000   1.3324882e-05
      286.000   1.3259941e-05
      287.000   1.3106624e-05
      288.000   1.2849042e-05
      289.000   1.2503093e-05
      290.000   1.2097864e-05
      291.000   1.1645543e-05
      292.000   1.1155596e-05
      293.000   1.0654261e-05
      294.000   1.0170475e-05
      295.000   9.7180346e-06
      296.000   9.2934679e-06
      297.000   8.8889492e-06
      298.000   8.5130196e-06
      299.000   8.1896969e-06
      300.000   7.9387801e-06
      301.000   7.7700815e-06
      302.000   7.6828892e-06
      303.000   7.6536280e-06
      304.000   7.6419792e-06
      305.000   7.6109804e-06
      306.000   7.5407193e-06
      307.000   7.4411087e-06
      308.000   7.3499973e-06
      309.000   7.3088941e-06
      310.000   7.3351534e-06
      311.000   7.4106651e-06
      312.000   7.4894369e-06
      313.000   7.5232178e-06
      314.000   7.4869117e-06
      315.000   7.3885503e-06
      316.000   7.2605626e-06
      317.000   7.1389477e-06
      318.000   7.0401484e-06
      319.000   6.9584348e-06
      320.000   6.8938975e-06
      321.000   6.8137729e-06
