      1.00000       0.0000000
      2.00000   7.0410765e-06
      3.00000   7.0853694e-06
      4.00000   7.0851502e-06
      5.00000   7.0798587e-06
      6.00000   7.0842839e-06
      7.00000   7.1136669e-06
      8.00000   7.1652235e-06
      9.00000   7.2276616e-06
      10.0000   7.2993935e-06
      11.0000   7.3929668e-06
      12.0000   7.5219828e-06
      13.0000   7.6862570e-06
      14.0000   7.8695621e-06
      15.0000   8.0474829e-06
      16.0000   8.2009710e-06
      17.0000   8.3324067e-06
      18.0000   8.4638914e-06
      19.0000   8.6218679e-06
      20.0000   8.8181732e-06
      21.0000   9.0365693e-06
      22.0000   9.2398823e-06
      23.0000   9.4077841e-06
      24.0000   9.5655669e-06
      25.0000   9.7531574e-06
      26.0000   9.9845784e-06
      27.0000   1.0248368e-05
      28.0000   1.0538249e-05
      29.0000   1.0861203e-05
      30.0000   1.1218373e-05
      31.0000   1.1598170e-05
      32.0000   1.1974898e-05
      33.0000   1.2320413e-05
      34.0000   1.2609268e-05
      35.0000   1.2822992e-05
      36.0000   1.2967480e-05
      37.0000   1.3076335e-05
      38.0000   1.3198857e-05
      39.0000   1.3367038e-05
      40.0000   1.3571920e-05
      41.0000   1.3783577e-05
      42.0000   1.3982082e-05
      43.0000   1.4157414e-05
      44.0000   1.4311864e-05
      45.0000   1.4471967e-05
      46.0000   1.4673681e-05
      47.0000   1.4940795e-05
      48.0000   1.5283151e-05
      49.0000   1.5694308e-05
      50.0000   1.6152107e-05
      51.0000   1.6634289e-05
      52.0000   1.7114187e-05
      53.0000   1.7543229e-05
      54.0000   1.7872875e-05
      55.0000   1.8124279e-05
      56.0000   1.8398057e-05
      57.0000   1.8808183e-05
      58.0000   1.9429272e-05
      59.0000   2.0249998e-05
      60.0000   2.1160775e-05
      61.0000   2.2019247e-05
      62.0000   2.2736407e-05
      63.0000   2.3313491e-05
      64.0000   2.3806628e-05
      65.0000   2.4251352e-05
      66.0000   2.4626328e-05
      67.0000   2.4887438e-05
      68.0000   2.5037942e-05
      69.0000   2.5143861e-05
      70.0000   2.5286430e-05
      71.0000   2.5540157e-05
      72.0000   2.5962203e-05
      73.0000   2.6537724e-05
      74.0000   2.7148912e-05
      75.0000   2.7692833e-05
      76.0000   2.8176702e-05
      77.0000   2.8654322e-05
      78.0000   2.9166235e-05
      79.0000   2.9745393e-05
      80.0000   3.0442952e-05
      81.0000   3.1327640e-05
      82.0000   3.2468324e-05
      83.0000   3.3922966e-05
      84.0000   3.5735040e-05
      85.0000   3.7904538e-05
      86.0000   4.0367395e-05
      87.0000   4.3046941e-05
      88.0000   4.5910961e-05
      89.0000   4.9019189e-05
      90.0000   5.2461724e-05
      91.0000   5.6180703e-05
      92.0000   5.9979298e-05
      93.0000   6.3735097e-05
      94.0000   6.7508845e-05
      95.0000   7.1503375e-05
      96.0000   7.5924552e-05
      97.0000   8.0808626e-05
      98.0000   8.5997599e-05
      99.0000   9.1297792e-05
      100.000   9.6707896e-05
      101.000   0.00010250982
      102.000   0.00010926620
      103.000   0.00011760225
      104.000   0.00012774851
      105.000   0.00013955840
      106.000   0.00015302113
      107.000   0.00016855088
      108.000   0.00018665462
      109.000   0.00020741756
      110.000   0.00023055519
      111.000   0.00025567701
      112.000   0.00028179638
      113.000   0.00030703636
      114.000   0.00032974017
      115.000   0.00034921677
      116.000   0.00036574708
      117.000   0.00038078739
      118.000   0.00039632231
      119.000   0.00041341936
      120.000   0.00043192253
      121.000   0.00045185781
      122.000   0.00047496156
      123.000   0.00050446804
      124.000   0.00054348580
      125.000   0.00059327681
      126.000   0.00065299636
      127.000   0.00072248717
      128.000   0.00080323464
      129.000   0.00089526683
      130.000   0.00099452259
      131.000    0.0010954086
      132.000    0.0011978419
      133.000    0.0013094416
      134.000    0.0014350732
      135.000    0.0015651232
      136.000    0.0016808098
      137.000    0.0017720739
      138.000    0.0018480786
      139.000    0.0019302302
      140.000    0.0020385392
      141.000    0.0021892625
      142.000    0.0023931954
      143.000    0.0026428294
      144.000    0.0029192776
      145.000    0.0032290712
      146.000    0.0036241433
      147.000    0.0041725785
      148.000    0.0049059740
      149.000    0.0058076275
      150.000    0.0068700127
      151.000    0.0081737433
      152.000    0.0099419858
      153.000     0.012581882
      154.000     0.016675949
      155.000     0.022780215
      156.000     0.031176828
      157.000     0.041986577
      158.000     0.055247281
      159.000     0.070165545
      160.000     0.084158562
      161.000     0.093022987
      162.000     0.093074389
      163.000     0.083884954
      164.000     0.068813197
      165.000     0.052600875
      166.000     0.038670436
      167.000     0.028217616
      168.000     0.020841964
      169.000     0.015656507
      170.000     0.011944123
      171.000    0.0092734629
      172.000    0.0073627816
      173.000    0.0059895301
      174.000    0.0049890606
      175.000    0.0042521330
      176.000    0.0036915040
      177.000    0.0032362540
      178.000    0.0028554786
      179.000    0.0025556523
      180.000    0.0023449769
      181.000    0.0021997960
      182.000    0.0020752801
      183.000    0.0019426816
      184.000    0.0017987170
      185.000    0.0016439386
      186.000    0.0014743806
      187.000    0.0012966752
      188.000    0.0011321089
      189.000   0.00099836057
      190.000   0.00089391932
      191.000   0.00080416416
      192.000   0.00071704021
      193.000   0.00063066825
      194.000   0.00054959964
      195.000   0.00047896500
      196.000   0.00042196919
      197.000   0.00037833356
      198.000   0.00034456939
      199.000   0.00031639461
      200.000   0.00029118347
      201.000   0.00026790955
      202.000   0.00024592850
      203.000   0.00022489190
      204.000   0.00020492516
      205.000   0.00018636494
      206.000   0.00016920030
      207.000   0.00015318373
      208.000   0.00013853420
      209.000   0.00012581232
      210.000   0.00011513646
      211.000   0.00010612055
      212.000   9.8277844e-05
      213.000   9.1332011e-05
      214.000   8.5280510e-05
      215.000   8.0229991e-05
      216.000   7.6352684e-05
      217.000   7.3774107e-05
      218.000   7.2233830e-05
      219.000   7.1020717e-05
      220.000   6.9433394e-05
      221.000   6.7275701e-05
      222.000   6.4775712e-05
      223.000   6.2179657e-05
      224.000   5.9657887e-05
      225.000   5.7385540e-05
      226.000   5.5430963e-05
      227.000   5.3636919e-05
      228.000   5.1765885e-05
      229.000   4.9702216e-05
      230.000   4.7476919e-05
      231.000   4.5203324e-05
      232.000   4.3026452e-05
      233.000   4.1069034e-05
      234.000   3.9360777e-05
      235.000   3.7804963e-05
      236.000   3.6280402e-05
      237.000   3.4759731e-05
      238.000   3.3285130e-05
      239.000   3.1890948e-05
      240.000   3.0584877e-05
      241.000   2.9348043e-05
      242.000   2.8166754e-05
      243.000   2.7076223e-05
      244.000   2.6118929e-05
      245.000   2.5309961e-05
      246.000   2.4661169e-05
      247.000   2.4173985e-05
      248.000   2.3830204e-05
      249.000   2.3615257e-05
      250.000   2.3516181e-05
      251.000   2.3495470e-05
      252.000   2.3475501e-05
      253.000   2.3375411e-05
      254.000   2.3165076e-05
      255.000   2.2849719e-05
      256.000   2.2439403e-05
      257.000   2.1940126e-05
      258.000   2.1351994e-05
      259.000   2.0689813e-05
      260.000   1.9994830e-05
      261.000   1.9321425e-05
      262.000   1.8691591e-05
      263.000   1.8080489e-05
      264.000   1.7455310e-05
      265.000   1.6815235e-05
      266.000   1.6207696e-05
      267.000   1.5699175e-05
      268.000   1.5335896e-05
      269.000   1.5119721e-05
      270.000   1.4998086e-05
      271.000   1.4886086e-05
      272.000   1.4716821e-05
      273.000   1.4489950e-05
      274.000   1.4252983e-05
      275.000   1.4042041e-05
      276.000   1.3872375e-05
      277.000   1.3750624e-05
      278.000   1.3662931e-05
      279.000   1.3576506e-05
      280.000   1.3468069e-05
      281.000   1.3337069e-05
      282.000   1.3190406e-05
      283.000   1.3021534e-05
      284.000   1.2804847e-05
      285.000   1.2512772e-05
      286.000   1.2145982e-05
      287.000   1.1739366e-05
      288.000   1.1333657e-05
      289.000   1.0956214e-05
      290.000   1.0624118e-05
      291.000   1.0335420e-05
      292.000   1.0062430e-05
      293.000   9.7759212e-06
      294.000   9.4699326e-06
      295.000   9.1645989e-06
      296.000   8.8949582e-06
      297.000   8.6906193e-06
      298.000   8.5613419e-06
      299.000   8.4953390e-06
      300.000   8.4677513e-06
      301.000   8.4503763e-06
      302.000   8.4138364e-06
      303.000   8.3387104e-06
      304.000   8.2280912e-06
      305.000   8.0949958e-06
      306.000   7.9411493e-06
      307.000   7.7627274e-06
      308.000   7.5731509e-06
      309.000   7.3948859e-06
      310.000   7.2392295e-06
      311.000   7.1020618e-06
      312.000   6.9640396e-06
      313.000   6.8099721e-06
      314.000   6.6535481e-06
      315.000   6.5271279e-06
      316.000   6.4511833e-06
      317.000   6.4250080e-06
      318.000   6.4361452e-06
      319.000   6.4639385e-06
      320.000   6.4868555e-06
      321.000   6.4841165e-06
