      1.00000   6.0060565e-06
      2.00000   5.9539175e-06
      3.00000   5.9401009e-06
      4.00000   5.9648005e-06
      5.00000   6.0408956e-06
      6.00000   6.1540004e-06
      7.00000   6.2885638e-06
      8.00000   6.4362825e-06
      9.00000   6.5885674e-06
      10.0000   6.7280425e-06
      11.0000   6.8328500e-06
      12.0000   6.8854406e-06
      13.0000   6.8785312e-06
      14.0000   6.8153477e-06
      15.0000   6.7077640e-06
      16.0000   6.5758136e-06
      17.0000   6.4441406e-06
      18.0000   6.3283906e-06
      19.0000   6.2331546e-06
      20.0000   6.1680207e-06
      21.0000   6.1506034e-06
      22.0000   6.1906858e-06
      23.0000   6.2874083e-06
      24.0000   6.4348301e-06
      25.0000   6.6216144e-06
      26.0000   6.8351801e-06
      27.0000   7.0705464e-06
      28.0000   7.3239235e-06
      29.0000   7.5804282e-06
      30.0000   7.8119565e-06
      31.0000   7.9891934e-06
      32.0000   8.1021544e-06
      33.0000   8.1649778e-06
      34.0000   8.1895632e-06
      35.0000   8.1764101e-06
      36.0000   8.1335011e-06
      37.0000   8.0807358e-06
      38.0000   8.0436375e-06
      39.0000   8.0502341e-06
      40.0000   8.1263797e-06
      41.0000   8.2886563e-06
      42.0000   8.5389593e-06
      43.0000   8.8663619e-06
      44.0000   9.2553673e-06
      45.0000   9.6930125e-06
      46.0000   1.0160420e-05
      47.0000   1.0630132e-05
      48.0000   1.1086214e-05
      49.0000   1.1527743e-05
      50.0000   1.1940439e-05
      51.0000   1.2287826e-05
      52.0000   1.2541917e-05
      53.0000   1.2696750e-05
      54.0000   1.2758113e-05
      55.0000   1.2743881e-05
      56.0000   1.2686992e-05
      57.0000   1.2629452e-05
      58.0000   1.2623666e-05
      59.0000   1.2724909e-05
      60.0000   1.2953132e-05
      61.0000   1.3297387e-05
      62.0000   1.3750618e-05
      63.0000   1.4327167e-05
      64.0000   1.5046654e-05
      65.0000   1.5895932e-05
      66.0000   1.6813796e-05
      67.0000   1.7722352e-05
      68.0000   1.8571358e-05
      69.0000   1.9345513e-05
      70.0000   2.0056274e-05
      71.0000   2.0736547e-05
      72.0000   2.1416536e-05
      73.0000   2.2102140e-05
      74.0000   2.2767153e-05
      75.0000   2.3384086e-05
      76.0000   2.3973920e-05
      77.0000   2.4621033e-05
      78.0000   2.5385640e-05
      79.0000   2.6224059e-05
      80.0000   2.7056269e-05
      81.0000   2.7884727e-05
      82.0000   2.8785302e-05
      83.0000   2.9830939e-05
      84.0000   3.1066458e-05
      85.0000   3.2489424e-05
      86.0000   3.4006789e-05
      87.0000   3.5447891e-05
      88.0000   3.6674912e-05
      89.0000   3.7694237e-05
      90.0000   3.8626575e-05
      91.0000   3.9581257e-05
      92.0000   4.0610244e-05
      93.0000   4.1773728e-05
      94.0000   4.3136566e-05
      95.0000   4.4745182e-05
      96.0000   4.6685633e-05
      97.0000   4.9130227e-05
      98.0000   5.2226362e-05
      99.0000   5.6031211e-05
      100.000   6.0540100e-05
      101.000   6.5661749e-05
      102.000   7.1214992e-05
      103.000   7.7106233e-05
      104.000   8.3546700e-05
      105.000   9.0958274e-05
      106.000   9.9666708e-05
      107.000   0.00010977051
      108.000   0.00012125648
      109.000   0.00013405472
      110.000   0.00014799634
      111.000   0.00016281732
      112.000   0.00017816233
      113.000   0.00019397098
      114.000   0.00021083112
      115.000   0.00022957352
      116.000   0.00025059233
      117.000   0.00027375316
      118.000   0.00029895070
      119.000   0.00032660359
      120.000   0.00035752126
      121.000   0.00039225133
      122.000   0.00043098725
      123.000   0.00047442276
      124.000   0.00052397972
      125.000   0.00058029138
      126.000   0.00064192986
      127.000   0.00070540491
      128.000   0.00076609181
      129.000   0.00082053756
      130.000   0.00086836336
      131.000   0.00091215526
      132.000   0.00095643377
      133.000    0.0010057623
      134.000    0.0010631835
      135.000    0.0011342047
      136.000    0.0012303510
      137.000    0.0013644039
      138.000    0.0015440180
      139.000    0.0017704035
      140.000    0.0020387962
      141.000    0.0023457357
      142.000    0.0027014564
      143.000    0.0031221756
      144.000    0.0036030367
      145.000    0.0041080681
      146.000    0.0046038795
      147.000    0.0051129293
      148.000    0.0057101552
      149.000    0.0064849788
      150.000    0.0075554806
      151.000    0.0090697445
      152.000     0.011153226
      153.000     0.013962484
      154.000     0.017911399
      155.000     0.023764757
      156.000     0.032329306
      157.000     0.043915182
      158.000     0.058000397
      159.000     0.073004737
      160.000     0.085760318
      161.000     0.091862321
      162.000     0.088653170
      163.000     0.077838875
      164.000     0.063553095
      165.000     0.049306720
      166.000     0.037106913
      167.000     0.027641546
      168.000     0.020695563
      169.000     0.015688466
      170.000     0.012074271
      171.000    0.0094838394
      172.000    0.0077014421
      173.000    0.0065475190
      174.000    0.0058179107
      175.000    0.0052993596
      176.000    0.0048255553
      177.000    0.0043259854
      178.000    0.0038144395
      179.000    0.0033278111
      180.000    0.0028878192
      181.000    0.0025021997
      182.000    0.0021755174
      183.000    0.0019084340
      184.000    0.0016939057
      185.000    0.0015177238
      186.000    0.0013591698
      187.000    0.0011987087
      188.000    0.0010329804
      189.000   0.00087531056
      190.000   0.00074104790
      191.000   0.00063619309
      192.000   0.00055837119
      193.000   0.00050094025
      194.000   0.00045535737
      195.000   0.00041397003
      196.000   0.00037292746
      197.000   0.00033168489
      198.000   0.00029177513
      199.000   0.00025624136
      200.000   0.00022760336
      201.000   0.00020602551
      202.000   0.00018978342
      203.000   0.00017697134
      204.000   0.00016628535
      205.000   0.00015671008
      206.000   0.00014739076
      207.000   0.00013791866
      208.000   0.00012839277
      209.000   0.00011907481
      210.000   0.00011008319
      211.000   0.00010147714
      212.000   9.3415038e-05
      213.000   8.6161010e-05
      214.000   7.9957128e-05
      215.000   7.4752839e-05
      216.000   7.0171780e-05
      217.000   6.5906577e-05
      218.000   6.1884493e-05
      219.000   5.8110712e-05
      220.000   5.4596672e-05
      221.000   5.1370414e-05
      222.000   4.8480579e-05
      223.000   4.5986795e-05
      224.000   4.3907174e-05
      225.000   4.2164058e-05
      226.000   4.0675608e-05
      227.000   3.9440689e-05
      228.000   3.8482747e-05
      229.000   3.7753383e-05
      230.000   3.7079568e-05
      231.000   3.6235531e-05
      232.000   3.5094330e-05
      233.000   3.3685646e-05
      234.000   3.2158045e-05
      235.000   3.0665597e-05
      236.000   2.9275967e-05
      237.000   2.7982112e-05
      238.000   2.6806161e-05
      239.000   2.5828311e-05
      240.000   2.5071706e-05
      241.000   2.4451321e-05
      242.000   2.3846869e-05
      243.000   2.3201843e-05
      244.000   2.2541766e-05
      245.000   2.1915946e-05
      246.000   2.1358870e-05
      247.000   2.0863778e-05
      248.000   2.0374402e-05
      249.000   1.9857716e-05
      250.000   1.9335434e-05
      251.000   1.8828190e-05
      252.000   1.8312552e-05
      253.000   1.7740411e-05
      254.000   1.7075396e-05
      255.000   1.6300404e-05
      256.000   1.5427127e-05
      257.000   1.4498893e-05
      258.000   1.3574946e-05
      259.000   1.2722159e-05
      260.000   1.1995996e-05
      261.000   1.1440527e-05
      262.000   1.1082754e-05
      263.000   1.0908344e-05
      264.000   1.0861079e-05
      265.000   1.0877088e-05
      266.000   1.0919389e-05
      267.000   1.0975898e-05
      268.000   1.1033430e-05
      269.000   1.1051137e-05
      270.000   1.0979574e-05
      271.000   1.0811087e-05
      272.000   1.0575196e-05
      273.000   1.0289966e-05
      274.000   9.9513109e-06
      275.000   9.5652749e-06
      276.000   9.1499487e-06
      277.000   8.7247208e-06
      278.000   8.3178174e-06
      279.000   7.9645843e-06
      280.000   7.6943206e-06
      281.000   7.5185167e-06
      282.000   7.4265254e-06
      283.000   7.4000513e-06
      284.000   7.4284176e-06
      285.000   7.4937352e-06
      286.000   7.5647204e-06
      287.000   7.6197543e-06
      288.000   7.6552324e-06
      289.000   7.6594961e-06
      290.000   7.6058909e-06
      291.000   7.4840455e-06
      292.000   7.3160477e-06
      293.000   7.1346217e-06
      294.000   6.9523262e-06
      295.000   6.7596188e-06
      296.000   6.5504310e-06
      297.000   6.3417560e-06
      298.000   6.1607057e-06
      299.000   6.0259181e-06
      300.000   5.9478712e-06
      301.000   5.9262047e-06
      302.000   5.9503868e-06
      303.000   6.0098860e-06
      304.000   6.1042247e-06
      305.000   6.2357999e-06
      306.000   6.3926423e-06
      307.000   6.5434224e-06
      308.000   6.6573220e-06
      309.000   6.7249443e-06
      310.000   6.7538704e-06
      311.000   6.7524807e-06
      312.000   6.7241449e-06
      313.000   6.6672474e-06
      314.000   6.5782133e-06
      315.000   6.4585433e-06
      316.000   6.3182438e-06
      317.000   6.1719934e-06
      318.000   6.0470329e-06
      319.000   5.9762519e-06
      320.000   5.9901677e-06
      321.000       0.0000000
