H	H+	C+	C+2	C+3	N+	N+2	N+4	O	O+2	O+5	O+6	P+	Si+	Si+2	Si+3	Si+4
1.09647e+16	4.79289e+20	6.12068e+11	1.09996e+14	4.73235e+14	4.01010e+10	1.62649e+13	4.43967e+14	2.66358e+06	4.90125e+13	5.65120e+15	9.12965e+15	2.12873e+07	3.78908e+08	2.06390e+10	1.13913e+11	1.32980e+13
1.09647e+16	4.53718e+20	6.65018e+11	1.16335e+14	4.81470e+14	4.39055e+10	1.73614e+13	4.39179e+14	2.98684e+06	5.24911e+13	5.38319e+15	8.28695e+15	2.51549e+07	4.51165e+08	2.40235e+10	1.28242e+11	1.41799e+13
1.09648e+16	4.29598e+20	7.21810e+11	1.22886e+14	4.89251e+14	4.80377e+10	1.85129e+13	4.33768e+14	3.34969e+06	5.61506e+13	5.11722e+15	7.50889e+15	2.96780e+07	5.36160e+08	2.79170e+10	1.44137e+11	1.50977e+13
1.09648e+16	4.06828e+20	7.82616e+11	1.29644e+14	4.96553e+14	5.25163e+10	1.97192e+13	4.27746e+14	3.75629e+06	5.99878e+13	4.85413e+15	6.79201e+15	3.49571e+07	6.35937e+08	3.23887e+10	1.61745e+11	1.60512e+13
1.09648e+16	3.85322e+20	8.47630e+11	1.36606e+14	5.03362e+14	5.73614e+10	2.09800e+13	4.21133e+14	4.21149e+06	6.40019e+13	4.59485e+15	6.13257e+15	4.11067e+07	7.52830e+08	3.75162e+10	1.81219e+11	1.70398e+13
1.09648e+16	3.65007e+20	9.17081e+11	1.43766e+14	5.09659e+14	6.25967e+10	2.22954e+13	4.13951e+14	4.72099e+06	6.81927e+13	4.34022e+15	5.52734e+15	4.82591e+07	8.89500e+08	4.33855e+10	2.02719e+11	1.80626e+13
1.09647e+16	3.45804e+20	9.91127e+11	1.51116e+14	5.15422e+14	6.82396e+10	2.36635e+13	4.06215e+14	5.29057e+06	7.25548e+13	4.09105e+15	4.97282e+15	5.65599e+07	1.04897e+09	5.00934e+10	2.26425e+11	1.91188e+13
1.09647e+16	3.27649e+20	1.07001e+12	1.58648e+14	5.20630e+14	7.43136e+10	2.50836e+13	3.97948e+14	5.92734e+06	7.70872e+13	3.84803e+15	4.46583e+15	6.61804e+07	1.23467e+09	5.77452e+10	2.52508e+11	2.02064e+13
1.09648e+16	3.10481e+20	1.15389e+12	1.66354e+14	5.25284e+14	8.08355e+10	2.65536e+13	3.89185e+14	6.63808e+06	8.17826e+13	3.61181e+15	4.00335e+15	7.73008e+07	1.45046e+09	6.64620e+10	2.81181e+11	2.13249e+13
1.09648e+16	2.94241e+20	1.24297e+12	1.74223e+14	5.29360e+14	8.78267e+10	2.80715e+13	3.79953e+14	7.43131e+06	8.66374e+13	3.38297e+15	3.58231e+15	9.01360e+07	1.70071e+09	7.63736e+10	3.12638e+11	2.24722e+13
1.09648e+16	2.78873e+20	1.33744e+12	1.82244e+14	5.32848e+14	9.53057e+10	2.96343e+13	3.70286e+14	8.31620e+06	9.16437e+13	3.16197e+15	3.19974e+15	1.04921e+08	1.99035e+09	8.76262e+10	3.47102e+11	2.36463e+13
1.09648e+16	2.64330e+20	1.43752e+12	1.90404e+14	5.35735e+14	1.03294e+11	3.12398e+13	3.60222e+14	9.30329e+06	9.67972e+13	2.94924e+15	2.85285e+15	1.21923e+08	2.32489e+09	1.00379e+11	3.84792e+11	2.48450e+13
1.09648e+16	2.50562e+20	1.54331e+12	1.98687e+14	5.38010e+14	1.11803e+11	3.28834e+13	3.49794e+14	1.04034e+07	1.02086e+14	2.74508e+15	2.53901e+15	1.41432e+08	2.71047e+09	1.14809e+11	4.25952e+11	2.60657e+13
1.09648e+16	2.37526e+20	1.65504e+12	2.07080e+14	5.39665e+14	1.20852e+11	3.45616e+13	3.39042e+14	1.16298e+07	1.07506e+14	2.54975e+15	2.25560e+15	1.63780e+08	3.15400e+09	1.31108e+11	4.70824e+11	2.73057e+13
1.09648e+16	2.25181e+20	1.77277e+12	2.15560e+14	5.40689e+14	1.30448e+11	3.62690e+13	3.28007e+14	1.29957e+07	1.13044e+14	2.36344e+15	2.00016e+15	1.89319e+08	3.66301e+09	1.49485e+11	5.19670e+11	2.85619e+13
1.09648e+16	2.13489e+20	1.89672e+12	2.24113e+14	5.41078e+14	1.40611e+11	3.80018e+13	3.16735e+14	1.45183e+07	1.18693e+14	2.18624e+15	1.77044e+15	2.18461e+08	4.24605e+09	1.70172e+11	5.72743e+11	2.98308e+13
1.09648e+16	2.02413e+20	2.02693e+12	2.32714e+14	5.40823e+14	1.51345e+11	3.97541e+13	3.05269e+14	1.62141e+07	1.24440e+14	2.01820e+15	1.56430e+15	2.51639e+08	4.91240e+09	1.93417e+11	6.30323e+11	3.11090e+13
1.09648e+16	1.91921e+20	2.16356e+12	2.41346e+14	5.39923e+14	1.62663e+11	4.15206e+13	2.93653e+14	1.81037e+07	1.30273e+14	1.85939e+15	1.37971e+15	2.89348e+08	5.67239e+09	2.19491e+11	6.92679e+11	3.23923e+13
1.09648e+16	1.81982e+20	2.30674e+12	2.49984e+14	5.38374e+14	1.74577e+11	4.32958e+13	2.81933e+14	2.02101e+07	1.36179e+14	1.70973e+15	1.21480e+15	3.32127e+08	6.53742e+09	2.48688e+11	7.60086e+11	3.36768e+13
1.09647e+16	1.72564e+20	2.45642e+12	2.58601e+14	5.36173e+14	1.87084e+11	4.50730e+13	2.70154e+14	2.25569e+07	1.42146e+14	1.56908e+15	1.06774e+15	3.80547e+08	7.51973e+09	2.81322e+11	8.32837e+11	3.49578e+13
1.09647e+16	1.63641e+20	2.61273e+12	2.67174e+14	5.33324e+14	2.00194e+11	4.68462e+13	2.58361e+14	2.51738e+07	1.48161e+14	1.43726e+15	9.36887e+14	4.35261e+08	8.63300e+09	3.17734e+11	9.11210e+11	3.62309e+13
1.09648e+16	1.55186e+20	2.77568e+12	2.75676e+14	5.29828e+14	2.13908e+11	4.86092e+13	2.46598e+14	2.80926e+07	1.54213e+14	1.31404e+15	8.20665e+14	4.96965e+08	9.89195e+09	3.58288e+11	9.95488e+11	3.74912e+13
1.09648e+16	1.47173e+20	2.94524e+12	2.84077e+14	5.25688e+14	2.28226e+11	5.03547e+13	2.34905e+14	3.13500e+07	1.60287e+14	1.19916e+15	7.17622e+14	5.66425e+08	1.13126e+10	4.03375e+11	1.08595e+12	3.87337e+13
1.09648e+16	1.39580e+20	3.12138e+12	2.92348e+14	5.20911e+14	2.43144e+11	5.20762e+13	2.23323e+14	3.49862e+07	1.66371e+14	1.09232e+15	6.26458e+14	6.44460e+08	1.29124e+10	4.53407e+11	1.18287e+12	3.99531e+13
1.09647e+16	1.32383e+20	3.30403e+12	3.00459e+14	5.15505e+14	2.58662e+11	5.37672e+13	2.11893e+14	3.90479e+07	1.72451e+14	9.93203e+14	5.45964e+14	7.31964e+08	1.47097e+10	5.08820e+11	1.28649e+12	4.11437e+13
1.09647e+16	1.25563e+20	3.49310e+12	3.08379e+14	5.09481e+14	2.74776e+11	5.54213e+13	2.00650e+14	4.35877e+07	1.78515e+14	9.01487e+14	4.74982e+14	8.29902e+08	1.67248e+10	5.70080e+11	1.39707e+12	4.23003e+13
1.09648e+16	1.19100e+20	3.68857e+12	3.16081e+14	5.02858e+14	2.91486e+11	5.70323e+13	1.89630e+14	4.86653e+07	1.84550e+14	8.16811e+14	4.12539e+14	9.39319e+08	1.89791e+10	6.37672e+11	1.51482e+12	4.34169e+13
1.09648e+16	1.12974e+20	3.89017e+12	3.23531e+14	4.95647e+14	3.08778e+11	5.85937e+13	1.78863e+14	5.43457e+07	1.90540e+14	7.38814e+14	3.57708e+14	1.06130e+09	2.14953e+10	7.12100e+11	1.63995e+12	4.44877e+13
1.09648e+16	1.07169e+20	4.09777e+12	3.30696e+14	4.87863e+14	3.26653e+11	6.01002e+13	1.68378e+14	6.07058e+07	1.96474e+14	6.67132e+14	3.09659e+14	1.19705e+09	2.42979e+10	7.93903e+11	1.77263e+12	4.55074e+13
1.09648e+16	1.01666e+20	4.31110e+12	3.37545e+14	4.79526e+14	3.45101e+11	6.15458e+13	1.58199e+14	6.78304e+07	2.02338e+14	6.01399e+14	2.67623e+14	1.34782e+09	2.74127e+10	8.83631e+11	1.91302e+12	4.64701e+13
1.09648e+16	9.64510e+19	4.52996e+12	3.44046e+14	4.70658e+14	3.64119e+11	6.29256e+13	1.48349e+14	7.58164e+07	2.08118e+14	5.41254e+14	2.30917e+14	1.51496e+09	3.08670e+10	9.81853e+11	2.06121e+12	4.73703e+13
1.09648e+16	9.15082e+19	4.75402e+12	3.50170e+14	4.61285e+14	3.83698e+11	6.42344e+13	1.38846e+14	8.47724e+07	2.13802e+14	4.86335e+14	1.98932e+14	1.69987e+09	3.46891e+10	1.08915e+12	2.21729e+12	4.82024e+13
1.09648e+16	8.68236e+19	4.98305e+12	3.55889e+14	4.51435e+14	4.03832e+11	6.54674e+13	1.29703e+14	9.48222e+07	2.19378e+14	4.36294e+14	1.71103e+14	1.90405e+09	3.89091e+10	1.20612e+12	2.38124e+12	4.89610e+13
1.09648e+16	8.23830e+19	5.21650e+12	3.61172e+14	4.41137e+14	4.24498e+11	6.66198e+13	1.20934e+14	1.06101e+08	2.24831e+14	3.90789e+14	1.46941e+14	2.12895e+09	4.35571e+10	1.33335e+12	2.55308e+12	4.96410e+13
1.09648e+16	7.81743e+19	5.45415e+12	3.65994e+14	4.30421e+14	4.45704e+11	6.76885e+13	1.12546e+14	1.18767e+08	2.30152e+14	3.49491e+14	1.25995e+14	2.37625e+09	4.86658e+10	1.47146e+12	2.73268e+12	5.02375e+13
1.09648e+16	7.41832e+19	5.69501e+12	3.70320e+14	4.19323e+14	4.67397e+11	6.86684e+13	1.04546e+14	1.32988e+08	2.35323e+14	3.12081e+14	1.07868e+14	2.64724e+09	5.42653e+10	1.62098e+12	2.91997e+12	5.07456e+13
1.09648e+16	7.04001e+19	5.93940e+12	3.74145e+14	4.07880e+14	4.89629e+11	6.95588e+13	9.69362e+13	1.48975e+08	2.40335e+14	2.78258e+14	9.22156e+13	2.94408e+09	6.03916e+10	1.78254e+12	3.11457e+12	5.11604e+13
1.09648e+16	6.68142e+19	6.18659e+12	3.77442e+14	3.96127e+14	5.12377e+11	7.03570e+13	8.97178e+13	1.66946e+08	2.45179e+14	2.47736e+14	7.87230e+13	3.26829e+09	6.70780e+10	1.95667e+12	3.31622e+12	5.14785e+13
1.09648e+16	6.34147e+19	6.43589e+12	3.80191e+14	3.84104e+14	5.35627e+11	7.10612e+13	8.28891e+13	1.87148e+08	2.49843e+14	2.20243e+14	6.71103e+13	3.62134e+09	7.43568e+10	2.14390e+12	3.52457e+12	5.16965e+13
1.09648e+16	6.01921e+19	6.68676e+12	3.82377e+14	3.71853e+14	5.59366e+11	7.16697e+13	7.64457e+13	2.09859e+08	2.54319e+14	1.95524e+14	5.71321e+13	4.00480e+09	8.22604e+10	2.34469e+12	3.73914e+12	5.18114e+13
1.09648e+16	5.71365e+19	6.93856e+12	3.83988e+14	3.59415e+14	5.83590e+11	7.21815e+13	7.03806e+13	2.35397e+08	2.58594e+14	1.73336e+14	4.85707e+13	4.42013e+09	9.08207e+10	2.55945e+12	3.95937e+12	5.18203e+13
1.09648e+16	5.42396e+19	7.19083e+12	3.85022e+14	3.46835e+14	6.08293e+11	7.25961e+13	6.46858e+13	2.64111e+08	2.62662e+14	1.53454e+14	4.12367e+13	4.86878e+09	1.00069e+11	2.78855e+12	4.18459e+12	5.17213e+13
1.09648e+16	5.14927e+19	7.44286e+12	3.85467e+14	3.34150e+14	6.33472e+11	7.29134e+13	5.93512e+13	2.96402e+08	2.66512e+14	1.35668e+14	3.49646e+13	5.35200e+09	1.10033e+11	3.03224e+12	4.41402e+12	5.15130e+13
1.09648e+16	4.88878e+19	7.69390e+12	3.85318e+14	3.21403e+14	6.59112e+11	7.31331e+13	5.43656e+13	3.32709e+08	2.70135e+14	1.19782e+14	2.96104e+13	5.87075e+09	1.20738e+11	3.29068e+12	4.64681e+12	5.11943e+13
1.09648e+16	4.64175e+19	7.94349e+12	3.84584e+14	3.08640e+14	6.85212e+11	7.32560e+13	4.97167e+13	3.73527e+08	2.73525e+14	1.05616e+14	2.50460e+13	6.42594e+09	1.32208e+11	3.56391e+12	4.88197e+12	5.07649e+13
1.09648e+16	4.40743e+19	8.19069e+12	3.83261e+14	2.95895e+14	7.11755e+11	7.32825e+13	4.53911e+13	4.19410e+08	2.76672e+14	9.30022e+13	2.11596e+13	7.01796e+09	1.44458e+11	3.85183e+12	5.11844e+12	5.02253e+13
1.09648e+16	4.18515e+19	8.43487e+12	3.81360e+14	2.83213e+14	7.38728e+11	7.32138e+13	4.13751e+13	4.70972e+08	2.79569e+14	8.17884e+13	1.78546e+13	7.64697e+09	1.57501e+11	4.15417e+12	5.35506e+12	4.95765e+13
1.09648e+16	3.97429e+19	8.67540e+12	3.78892e+14	2.70630e+14	7.66133e+11	7.30516e+13	3.76545e+13	5.28907e+08	2.82210e+14	7.18340e+13	1.50478e+13	8.31287e+09	1.71346e+11	4.47054e+12	5.59051e+12	4.88203e+13
1.09648e+16	3.77429e+19	8.91206e+12	3.75881e+14	2.58186e+14	7.93983e+11	7.27986e+13	3.42146e+13	5.93981e+08	2.84592e+14	6.30108e+13	1.26674e+13	9.01556e+09	1.85999e+11	4.80041e+12	5.82333e+12	4.79597e+13
1.09648e+16	3.58445e+19	9.14321e+12	3.72324e+14	2.45912e+14	8.22210e+11	7.24544e+13	3.10403e+13	6.67053e+08	2.86702e+14	5.52000e+13	1.06501e+13	9.75287e+09	2.01438e+11	5.14277e+12	6.05226e+12	4.69971e+13
1.09648e+16	3.40428e+19	9.36870e+12	3.68251e+14	2.33842e+14	8.50835e+11	7.20225e+13	2.81171e+13	7.49073e+08	2.88538e+14	4.82957e+13	8.94319e+12	1.05238e+10	2.17654e+11	5.49668e+12	6.27565e+12	4.59370e+13
1.09648e+16	3.23330e+19	9.58802e+12	3.63686e+14	2.22006e+14	8.79860e+11	7.15058e+13	2.54302e+13	8.41113e+08	2.90097e+14	4.22013e+13	7.50059e+12	1.13265e+10	2.34625e+11	5.86092e+12	6.49188e+12	4.47843e+13
1.09648e+16	3.07100e+19	9.80045e+12	3.58651e+14	2.10431e+14	9.09269e+11	7.09067e+13	2.29653e+13	9.44340e+08	2.91372e+14	3.68290e+13	6.28283e+12	1.21583e+10	2.52315e+11	6.23395e+12	6.69930e+12	4.35445e+13
1.09648e+16	2.91693e+19	1.00055e+13	3.53175e+14	1.99143e+14	9.39058e+11	7.02284e+13	2.07082e+13	1.06008e+09	2.92359e+14	3.20996e+13	5.25612e+12	1.30162e+10	2.70678e+11	6.61405e+12	6.89622e+12	4.22238e+13
1.09648e+16	2.77067e+19	1.02027e+13	3.47287e+14	1.88163e+14	9.69221e+11	6.94740e+13	1.86450e+13	1.18976e+09	2.93056e+14	2.79416e+13	4.39154e+12	1.38968e+10	2.89660e+11	6.99926e+12	7.08095e+12	4.08293e+13
1.09648e+16	2.63178e+19	1.03916e+13	3.41018e+14	1.77512e+14	9.99769e+11	6.86468e+13	1.67626e+13	1.33507e+09	2.93458e+14	2.42909e+13	3.66435e+12	1.47960e+10	3.09195e+11	7.38739e+12	7.25181e+12	3.93687e+13
1.09648e+16	2.49990e+19	1.05718e+13	3.34402e+14	1.67206e+14	1.03066e+12	6.77503e+13	1.50482e+13	1.49768e+09	2.93564e+14	2.10896e+13	3.05350e+12	1.57094e+10	3.29205e+11	7.77596e+12	7.40721e+12	3.78501e+13
1.09648e+16	2.37466e+19	1.07431e+13	3.27472e+14	1.57259e+14	1.06193e+12	6.67884e+13	1.34894e+13	1.67961e+09	2.93371e+14	1.82863e+13	2.54103e+12	1.66325e+10	3.49607e+11	8.16244e+12	7.54555e+12	3.62824e+13
1.09648e+16	2.25573e+19	1.09051e+13	3.20259e+14	1.47680e+14	1.09357e+12	6.57650e+13	1.20746e+13	1.88303e+09	2.92877e+14	1.58346e+13	2.11165e+12	1.75604e+10	3.70307e+11	8.54408e+12	7.66534e+12	3.46749e+13
1.09648e+16	2.14285e+19	1.10587e+13	3.12813e+14	1.38480e+14	1.12565e+12	6.46859e+13	1.07929e+13	2.11025e+09	2.92090e+14	1.36939e+13	1.75252e+12	1.84900e+10	3.91228e+11	8.91846e+12	7.76501e+12	3.30383e+13
1.09648e+16	2.03556e+19	1.12017e+13	3.05137e+14	1.29660e+14	1.15805e+12	6.35510e+13	9.63331e+12	2.36411e+09	2.90995e+14	1.18260e+13	1.45224e+12	1.94121e+10	4.12211e+11	9.28175e+12	7.84394e+12	3.13800e+13
1.09648e+16	1.93363e+19	1.13350e+13	2.97280e+14	1.21228e+14	1.19085e+12	6.23663e+13	8.58607e+12	2.64743e+09	2.89599e+14	1.01988e+13	1.20163e+12	2.03231e+10	4.33163e+11	9.63134e+12	7.90090e+12	2.97110e+13
1.09648e+16	1.83682e+19	1.14587e+13	2.89278e+14	1.13182e+14	1.22405e+12	6.11361e+13	7.64191e+12	2.96339e+09	2.87904e+14	8.78323e+12	9.92781e+11	2.12183e+10	4.53973e+11	9.96436e+12	7.93511e+12	2.80413e+13
1.09648e+16	1.74485e+19	1.15729e+13	2.81163e+14	1.05523e+14	1.25767e+12	5.98647e+13	6.79207e+12	3.31549e+09	2.85911e+14	7.55341e+12	8.18976e+11	2.20925e+10	4.74522e+11	1.02779e+13	7.94606e+12	2.63806e+13
1.09648e+16	1.65749e+19	1.16778e+13	2.72968e+14	9.82458e+13	1.29175e+12	5.85563e+13	6.02836e+12	3.70757e+09	2.83624e+14	6.48645e+12	6.74548e+11	2.29411e+10	4.94697e+11	1.05693e+13	7.93348e+12	2.47382e+13
1.09648e+16	1.57450e+19	1.17735e+13	2.64722e+14	9.13468e+13	1.32629e+12	5.72152e+13	5.34317e+12	4.14381e+09	2.81046e+14	5.56208e+12	5.54709e+11	2.37595e+10	5.14388e+11	1.08361e+13	7.89738e+12	2.31231e+13
1.09648e+16	1.49567e+19	1.18602e+13	2.56454e+14	8.48185e+13	1.36132e+12	5.58454e+13	4.72940e+12	4.62876e+09	2.78182e+14	4.76234e+12	4.55422e+11	2.45438e+10	5.33488e+11	1.10760e+13	7.83803e+12	2.15436e+13
1.09648e+16	1.42078e+19	1.19380e+13	2.48190e+14	7.86541e+13	1.39685e+12	5.44509e+13	4.18054e+12	5.16735e+09	2.75036e+14	4.07151e+12	3.73297e+11	2.52895e+10	5.51886e+11	1.12868e+13	7.75612e+12	2.00074e+13
1.09648e+16	1.34964e+19	1.20075e+13	2.39955e+14	7.28416e+13	1.43295e+12	5.30361e+13	3.69037e+12	5.76512e+09	2.71616e+14	3.47549e+12	3.05463e+11	2.59946e+10	5.69523e+11	1.14674e+13	7.65221e+12	1.85211e+13
1.09648e+16	1.28206e+19	1.20691e+13	2.31773e+14	6.73708e+13	1.46965e+12	5.16049e+13	3.25327e+12	6.42800e+09	2.67929e+14	2.96201e+12	2.49525e+11	2.66567e+10	5.86326e+11	1.16163e+13	7.52733e+12	1.70908e+13
1.09648e+16	1.21786e+19	1.21225e+13	2.23664e+14	6.22325e+13	1.50688e+12	5.01610e+13	2.86424e+12	7.16214e+09	2.63983e+14	2.52044e+12	2.03482e+11	2.72719e+10	6.02205e+11	1.17325e+13	7.38302e+12	1.57216e+13
1.09648e+16	1.15689e+19	1.21681e+13	2.15646e+14	5.74147e+13	1.54466e+12	4.87085e+13	2.51852e+12	7.97439e+09	2.59786e+14	2.14128e+12	1.65647e+11	2.78382e+10	6.17109e+11	1.18156e+13	7.22076e+12	1.44175e+13
1.09648e+16	1.09898e+19	1.22073e+13	2.07741e+14	5.29021e+13	1.58314e+12	4.72512e+13	2.21162e+12	8.87231e+09	2.55351e+14	1.81614e+12	1.34606e+11	2.83573e+10	6.31060e+11	1.18661e+13	7.04170e+12	1.31816e+13
1.09648e+16	1.04396e+19	1.22391e+13	1.99958e+14	4.86844e+13	1.62231e+12	4.57918e+13	1.93968e+12	9.86424e+09	2.50685e+14	1.53780e+12	1.09184e+11	2.88248e+10	6.43976e+11	1.18836e+13	6.84808e+12	1.20158e+13
1.09648e+16	9.91692e+18	1.22636e+13	1.92310e+14	4.47480e+13	1.66211e+12	4.43336e+13	1.69905e+12	1.09578e+10	2.45800e+14	1.29990e+12	8.83993e+10	2.92401e+10	6.55856e+11	1.18687e+13	6.64181e+12	1.09214e+13
1.09648e+16	9.42039e+18	1.22820e+13	1.84811e+14	4.10790e+13	1.70272e+12	4.28801e+13	1.48642e+12	1.21634e+10	2.40708e+14	1.09689e+12	7.14373e+10	2.96044e+10	6.66728e+11	1.18228e+13	6.42448e+12	9.89856e+12
1.09648e+16	8.94879e+18	1.22942e+13	1.77471e+14	3.76647e+13	1.74413e+12	4.14344e+13	1.29881e+12	1.34904e+10	2.35425e+14	9.23976e+11	5.76225e+10	2.99177e+10	6.76609e+11	1.17472e+13	6.19811e+12	8.94706e+12
1.09648e+16	8.50080e+18	1.23006e+13	1.70299e+14	3.44919e+13	1.78637e+12	3.99990e+13	1.13352e+12	1.49496e+10	2.29962e+14	7.76923e+11	4.63906e+10	3.01802e+10	6.85527e+11	1.16434e+13	5.96459e+12	8.06557e+12
1.09648e+16	8.07530e+18	1.23014e+13	1.63302e+14	3.15479e+13	1.82948e+12	3.85767e+13	9.88092e+11	1.65521e+10	2.24336e+14	6.52094e+11	3.72768e+10	3.03929e+10	6.93525e+11	1.15133e+13	5.72577e+12	7.25238e+12
1.09648e+16	7.67036e+18	1.22951e+13	1.56468e+14	2.88186e+13	1.87335e+12	3.71666e+13	8.60216e+11	1.83122e+10	2.18545e+14	5.46208e+11	2.98868e+10	3.05514e+10	7.00601e+11	1.13571e+13	5.48374e+12	6.50425e+12
1.09647e+16	7.28674e+18	1.22859e+13	1.49842e+14	2.62950e+13	1.91828e+12	3.57785e+13	7.48155e+11	2.02372e+10	2.12641e+14	4.56785e+11	2.39248e+10	3.06688e+10	7.06925e+11	1.11807e+13	5.23944e+12	5.82055e+12
1.09647e+16	6.92217e+18	1.22712e+13	1.43399e+14	2.39627e+13	1.96413e+12	3.44093e+13	6.49938e+11	2.23447e+10	2.06616e+14	3.81258e+11	1.91131e+10	3.07386e+10	7.12484e+11	1.09836e+13	4.99496e+12	5.19672e+12
1.09647e+16	6.57590e+18	1.22518e+13	1.37146e+14	2.18106e+13	2.01094e+12	3.30615e+13	5.63989e+11	2.46479e+10	2.00490e+14	3.17610e+11	1.52391e+10	3.07635e+10	7.17351e+11	1.07686e+13	4.75162e+12	4.62969e+12
1.09647e+16	6.24725e+18	1.22279e+13	1.31090e+14	1.98284e+13	2.05870e+12	3.17380e+13	4.88916e+11	2.71598e+10	1.94284e+14	2.64104e+11	1.21280e+10	3.07456e+10	7.21588e+11	1.05381e+13	4.51087e+12	4.11626e+12
1.09647e+16	5.93461e+18	1.21992e+13	1.25216e+14	1.80022e+13	2.10746e+12	3.04370e+13	4.23315e+11	2.99019e+10	1.87999e+14	2.19132e+11	9.63031e+09	3.06849e+10	7.25274e+11	1.02932e+13	4.27352e+12	3.65206e+12
1.09647e+16	5.63797e+18	1.21661e+13	1.19540e+14	1.63255e+13	2.15713e+12	2.91633e+13	3.66180e+11	3.28834e+10	1.81669e+14	1.81487e+11	7.63336e+09	3.05841e+10	7.28452e+11	1.00369e+13	4.04112e+12	3.23442e+12
1.09647e+16	5.35618e+18	1.21291e+13	1.14055e+14	1.47860e+13	2.20782e+12	2.79166e+13	3.16417e+11	3.61256e+10	1.75303e+14	1.50001e+11	6.03830e+09	3.04467e+10	7.31217e+11	9.77125e+12	3.81401e+12	2.85936e+12
1.09647e+16	5.08851e+18	1.20879e+13	1.08759e+14	1.33749e+13	2.25942e+12	2.66978e+13	2.73138e+11	3.96443e+10	1.68917e+14	1.23723e+11	4.76700e+09	3.02728e+10	7.33615e+11	9.49778e+12	3.59319e+12	2.52348e+12
1.09647e+16	4.83433e+18	1.20428e+13	1.03651e+14	1.20832e+13	2.31197e+12	2.55081e+13	2.35546e+11	4.34584e+10	1.62528e+14	1.01841e+11	3.75601e+09	3.00654e+10	7.35708e+11	9.21853e+12	3.37920e+12	2.22348e+12
1.09647e+16	4.59270e+18	1.19931e+13	9.87246e+13	1.09023e+13	2.36532e+12	2.43468e+13	2.02919e+11	4.75875e+10	1.56144e+14	8.36467e+10	2.95322e+09	2.98233e+10	7.37549e+11	8.93434e+12	3.17273e+12	1.95602e+12
1.09647e+16	4.36336e+18	1.19400e+13	9.39837e+13	9.82439e+12	2.41953e+12	2.32165e+13	1.74647e+11	5.20474e+10	1.49793e+14	6.85624e+10	2.31766e+09	2.95528e+10	7.39193e+11	8.64792e+12	2.97388e+12	1.71830e+12
1.09647e+16	4.14565e+18	1.18835e+13	8.94244e+13	8.84193e+12	2.47451e+12	2.21172e+13	1.50177e+11	5.68578e+10	1.43486e+14	5.60820e+10	1.81546e+09	2.92551e+10	7.40682e+11	8.36051e+12	2.78299e+12	1.50746e+12
1.09647e+16	3.93885e+18	1.18232e+13	8.50404e+13	7.94755e+12	2.53014e+12	2.10485e+13	1.29013e+11	6.20378e+10	1.37233e+14	4.57743e+10	1.41931e+09	2.89307e+10	7.42056e+11	8.07294e+12	2.60033e+12	1.32074e+12
1.09647e+16	3.74245e+18	1.17591e+13	8.08288e+13	7.13451e+12	2.58634e+12	2.00109e+13	1.10729e+11	6.76065e+10	1.31049e+14	3.72802e+10	1.10746e+09	2.85818e+10	7.43352e+11	7.78643e+12	2.42598e+12	1.15572e+12
1.09647e+16	3.55601e+18	1.16915e+13	7.67871e+13	6.39677e+12	2.64292e+12	1.90049e+13	9.49533e+10	7.35760e+10	1.24951e+14	3.02975e+10	8.62541e+08	2.82105e+10	7.44605e+11	7.50212e+12	2.26005e+12	1.01017e+12
1.09647e+16	3.37882e+18	1.16203e+13	7.29071e+13	5.72751e+12	2.69980e+12	1.80293e+13	8.13428e+10	7.99720e+10	1.18941e+14	2.45653e+10	6.70423e+08	2.78184e+10	7.45840e+11	7.22059e+12	2.10226e+12	8.81909e+11
1.09647e+16	3.21078e+18	1.15454e+13	6.91929e+13	5.12256e+12	2.75680e+12	1.70862e+13	6.96348e+10	8.67994e+10	1.13045e+14	1.98782e+10	5.20282e+08	2.74069e+10	7.47065e+11	6.94310e+12	1.95302e+12	7.69233e+11
1.09647e+16	3.05109e+18	1.14670e+13	6.56318e+13	4.57526e+12	2.81374e+12	1.61733e+13	5.95515e+10	9.40842e+10	1.07259e+14	1.60472e+10	4.02963e+08	2.69782e+10	7.48306e+11	6.66983e+12	1.81170e+12	6.70229e+11
1.09647e+16	2.89944e+18	1.13852e+13	6.22226e+13	4.08123e+12	2.87044e+12	1.52914e+13	5.08820e+10	1.01836e+11	1.01598e+14	1.29252e+10	3.11537e+08	2.65339e+10	7.49569e+11	6.40154e+12	1.67829e+12	5.83412e+11
1.09647e+16	2.75542e+18	1.12998e+13	5.89605e+13	3.63585e+12	2.92664e+12	1.44400e+13	4.34344e+10	1.10067e+11	9.60709e+13	1.03866e+10	2.40423e+08	2.60755e+10	7.50862e+11	6.13864e+12	1.55259e+12	5.07375e+11
1.09647e+16	2.61864e+18	1.12109e+13	5.58411e+13	3.23495e+12	2.98211e+12	1.36189e+13	3.70422e+10	1.18785e+11	9.06852e+13	8.32712e+09	1.85213e+08	2.56043e+10	7.52188e+11	5.88153e+12	1.43437e+12	4.40861e+11
1.09647e+16	2.48876e+18	1.11186e+13	5.28605e+13	2.87463e+12	3.03657e+12	1.28279e+13	3.15615e+10	1.27996e+11	8.54496e+13	6.66054e+09	1.42440e+08	2.51224e+10	7.53535e+11	5.63060e+12	1.32339e+12	3.82752e+11
1.09648e+16	2.36540e+18	1.10228e+13	5.00136e+13	2.55121e+12	3.08971e+12	1.20665e+13	2.68655e+10	1.37703e+11	8.03693e+13	5.31478e+09	1.09357e+08	2.46306e+10	7.54909e+11	5.38599e+12	1.21939e+12	3.32032e+11
1.09648e+16	2.24819e+18	1.09233e+13	4.72948e+13	2.26127e+12	3.14118e+12	1.13342e+13	2.28450e+10	1.47906e+11	7.54488e+13	4.23051e+09	8.38104e+07	2.41297e+10	7.56319e+11	5.14772e+12	1.12208e+12	2.87796e+11
1.09648e+16	2.13694e+18	1.08207e+13	4.47028e+13	2.00185e+12	3.19073e+12	1.06314e+13	1.94074e+10	1.58599e+11	7.06979e+13	3.35957e+09	6.41339e+07	2.36227e+10	7.57705e+11	4.91639e+12	1.03119e+12	2.49281e+11
1.09648e+16	2.03132e+18	1.07149e+13	4.22325e+13	1.77005e+12	3.23799e+12	9.95741e+12	1.64705e+10	1.69770e+11	6.61202e+13	2.66160e+09	4.90027e+07	2.31106e+10	7.59055e+11	4.69201e+12	9.46427e+11	2.15772e+11
1.09648e+16	1.93097e+18	1.06057e+13	3.98778e+13	1.56313e+12	3.28255e+12	9.31150e+12	1.39627e+10	1.81411e+11	6.17162e+13	2.10334e+09	3.73809e+07	2.25934e+10	7.60391e+11	4.47430e+12	8.67507e+11	1.86629e+11
1.09648e+16	1.83566e+18	1.04931e+13	3.76354e+13	1.37873e+12	3.32405e+12	8.69355e+12	1.18236e+10	1.93500e+11	5.74907e+13	1.65807e+09	2.84728e+07	2.20728e+10	7.61672e+11	4.26347e+12	7.94140e+11	1.61312e+11
1.09648e+16	1.74516e+18	1.03774e+13	3.55017e+13	1.21464e+12	3.36215e+12	8.10329e+12	1.00011e+10	2.06014e+11	5.34469e+13	1.30387e+09	2.16571e+07	2.15502e+10	7.62864e+11	4.05958e+12	7.26043e+11	1.39340e+11
1.09648e+16	1.65920e+18	1.02586e+13	3.34720e+13	1.06879e+12	3.39645e+12	7.54018e+12	8.44947e+09	2.18926e+11	4.95853e+13	1.02277e+09	1.64498e+07	2.10264e+10	7.63955e+11	3.86250e+12	6.62931e+11	1.20282e+11
1.09648e+16	1.57756e+18	1.01367e+13	3.15426e+13	9.39356e+11	3.42661e+12	7.00389e+12	7.12988e+09	2.32204e+11	4.59070e+13	8.00282e+08	0	2.05024e+10	7.64914e+11	3.67223e+12	6.04530e+11	1.03764e+11
1.09648e+16	1.50002e+18	1.00118e+13	2.97096e+13	8.24645e+11	3.45228e+12	6.49403e+12	6.00887e+09	2.45807e+11	4.24127e+13	6.24641e+08	0	1.99793e+10	7.65708e+11	3.48872e+12	5.50570e+11	8.94602e+10
1.09648e+16	1.42636e+18	9.88394e+12	2.79689e+13	7.23110e+11	3.47309e+12	6.01009e+12	5.05750e+09	2.59694e+11	3.91012e+13	4.86328e+08	0	1.94576e+10	7.66327e+11	3.31179e+12	5.00789e+11	7.70794e+10
1.09648e+16	1.35640e+18	9.75326e+12	2.63170e+13	6.33369e+11	3.48876e+12	5.55170e+12	4.25111e+09	2.73818e+11	3.59717e+13	3.77710e+08	0	1.89385e+10	7.66726e+11	3.14144e+12	4.54934e+11	6.63722e+10
1.09648e+16	1.28994e+18	9.61980e+12	2.47501e+13	5.54150e+11	3.49902e+12	5.11834e+12	3.56837e+09	2.88129e+11	3.30219e+13	2.92627e+08	0	1.84225e+10	7.66886e+11	2.97750e+12	4.12756e+11	5.71176e+10
1.09648e+16	1.22686e+18	9.48394e+12	2.32657e+13	4.84340e+11	3.50372e+12	4.70978e+12	2.99124e+09	3.02573e+11	3.02507e+13	2.26182e+08	0	1.79112e+10	7.66729e+11	2.82008e+12	3.74027e+11	4.91278e+10
1.09648e+16	1.16689e+18	9.34527e+12	2.18584e+13	4.22847e+11	3.50252e+12	4.32496e+12	2.50368e+09	3.17100e+11	2.76517e+13	1.74386e+08	0	1.74038e+10	7.66325e+11	2.66866e+12	3.38504e+11	4.22272e+10
1.09648e+16	1.10991e+18	9.20421e+12	2.05259e+13	3.68775e+11	3.49541e+12	3.96361e+12	2.09252e+09	3.31652e+11	2.52225e+13	1.34134e+08	0	1.69017e+10	7.65587e+11	2.52335e+12	3.05978e+11	3.62747e+10
1.09648e+16	1.05580e+18	9.06093e+12	1.92652e+13	3.21292e+11	3.48230e+12	3.62514e+12	1.74630e+09	3.46172e+11	2.29588e+13	1.02936e+08	0	1.64057e+10	7.64482e+11	2.38404e+12	2.76240e+11	3.11437e+10
1.09648e+16	1.00438e+18	8.91546e+12	1.80727e+13	2.79638e+11	3.46316e+12	3.30881e+12	1.45515e+09	3.60606e+11	2.08547e+13	7.88147e+07	0	1.59160e+10	7.63004e+11	2.25053e+12	2.49090e+11	2.67226e+10
1.09648e+16	9.55535e+17	8.76797e+12	1.69455e+13	2.43145e+11	3.43806e+12	3.01395e+12	1.21069e+09	3.74900e+11	1.89047e+13	6.02124e+07	0	1.54333e+10	7.61125e+11	2.12272e+12	2.24340e+11	2.29158e+10
1.09648e+16	9.09138e+17	8.61873e+12	1.58810e+13	2.11213e+11	3.40713e+12	2.73988e+12	1.00579e+09	3.88999e+11	1.71031e+13	4.59043e+07	0	1.49583e+10	7.58799e+11	2.00054e+12	2.01814e+11	1.96407e+10
1.09648e+16	8.65040e+17	8.46770e+12	1.48756e+13	1.83297e+11	3.37048e+12	2.48568e+12	8.34262e+08	4.02857e+11	1.54425e+13	3.49223e+07	0	1.44908e+10	7.56043e+11	1.88373e+12	1.81337e+11	1.68235e+10
1.09648e+16	8.23134e+17	8.31509e+12	1.39269e+13	1.58923e+11	3.32835e+12	2.25059e+12	6.90926e+08	4.16427e+11	1.39163e+13	2.65144e+07	0	1.40316e+10	7.52832e+11	1.77218e+12	1.62751e+11	1.44019e+10
1.09648e+16	7.83319e+17	8.16114e+12	1.30324e+13	1.37669e+11	3.28103e+12	2.03378e+12	5.71361e+08	4.29666e+11	1.25179e+13	2.00928e+07	0	1.35809e+10	7.49132e+11	1.66581e+12	1.45907e+11	1.23221e+10
1.09648e+16	7.45493e+17	8.00603e+12	1.21895e+13	1.19156e+11	3.22885e+12	1.83439e+12	4.71792e+08	4.42537e+11	1.12399e+13	1.51993e+07	0	1.31393e+10	7.44928e+11	1.56449e+12	1.30664e+11	1.05370e+10
1.09647e+16	7.09527e+17	7.84974e+12	1.13951e+13	1.03040e+11	3.17209e+12	1.65139e+12	3.88985e+08	4.55006e+11	1.00746e+13	1.14771e+07	0	1.27064e+10	7.40244e+11	1.46796e+12	1.16886e+11	9.00499e+09
1.09647e+16	6.75359e+17	7.69269e+12	1.06476e+13	8.90335e+10	3.11124e+12	1.48401e+12	3.20263e+08	4.67048e+11	9.01521e+12	8.65270e+06	0	1.22831e+10	7.35042e+11	1.37620e+12	1.04453e+11	7.69175e+09
1.09647e+16	6.42891e+17	7.53503e+12	9.94445e+12	7.68709e+10	3.04669e+12	1.33127e+12	2.63318e+08	4.78638e+11	8.05450e+12	6.51360e+06	0	1.18694e+10	7.29332e+11	1.28905e+12	9.32489e+10	6.56656e+09
1.09647e+16	6.12026e+17	7.37683e+12	9.28316e+12	6.63175e+10	2.97884e+12	1.19222e+12	2.16201e+08	4.89760e+11	7.18507e+12	0	0	1.14653e+10	7.23122e+11	1.20630e+12	8.31635e+10	5.60281e+09
1.09647e+16	5.82697e+17	7.21838e+12	8.66191e+12	5.71719e+10	2.90816e+12	1.06599e+12	1.77289e+08	5.00399e+11	6.40037e+12	0	0	1.10712e+10	7.16392e+11	1.12789e+12	7.40998e+10	4.77817e+09
1.09647e+16	5.54817e+17	7.05979e+12	8.07846e+12	4.92521e+10	2.83508e+12	9.51645e+11	1.45198e+08	5.10545e+11	5.69356e+12	0	0	1.06870e+10	7.09162e+11	1.05363e+12	6.59633e+10	4.07278e+09
1.09647e+16	5.28307e+17	6.90117e+12	7.53070e+12	4.23989e+10	2.75999e+12	8.48296e+11	1.18770e+08	5.20198e+11	5.05816e+12	0	0	1.03125e+10	7.01455e+11	9.83335e+11	5.86671e+10	3.46962e+09
1.09647e+16	5.03118e+17	6.74290e+12	7.01713e+12	3.64770e+10	2.68341e+12	7.55151e+11	9.70463e+07	5.29353e+11	4.48837e+12	0	0	9.94836e+09	6.93244e+11	9.16975e+11	5.21359e+10	2.95456e+09
1.09647e+16	4.79168e+17	6.58501e+12	6.53563e+12	3.13618e+10	2.60569e+12	6.71340e+11	7.92096e+07	5.38016e+11	3.97818e+12	0	0	9.59414e+09	6.84574e+11	8.54323e+11	4.62938e+10	2.51473e+09
1.09647e+16	4.56397e+17	6.42772e+12	6.08450e+12	2.69474e+10	2.52725e+12	5.96088e+11	6.45851e+07	5.46196e+11	3.52217e+12	0	0	9.24993e+09	6.75453e+11	7.95255e+11	4.10749e+10	2.13941e+09
1.09647e+16	4.34744e+17	6.27117e+12	5.66204e+12	2.31409e+10	2.44843e+12	5.28653e+11	5.26101e+07	5.53899e+11	3.11532e+12	0	0	8.91563e+09	6.65911e+11	7.39613e+11	3.64174e+10	1.81927e+09
1.09647e+16	4.14160e+17	6.11559e+12	5.26679e+12	1.98617e+10	2.36960e+12	4.68351e+11	4.28185e+07	5.61136e+11	2.75299e+12	0	0	8.59135e+09	6.55953e+11	6.87296e+11	3.22667e+10	1.54646e+09
1.09647e+16	3.94589e+17	5.96115e+12	4.89719e+12	1.70389e+10	2.29109e+12	4.14520e+11	3.48214e+07	5.67921e+11	2.43078e+12	0	0	8.27697e+09	6.45609e+11	6.38154e+11	2.85711e+10	1.31408e+09
1.09647e+16	3.75977e+17	5.80796e+12	4.55169e+12	1.46102e+10	2.21315e+12	3.66534e+11	2.82962e+07	5.74270e+11	2.14458e+12	0	0	7.97230e+09	6.34912e+11	5.92026e+11	2.52835e+10	1.11621e+09
1.09647e+16	3.58280e+17	5.65622e+12	4.22900e+12	1.25223e+10	2.13607e+12	3.23834e+11	2.29783e+07	5.80199e+11	1.89075e+12	0	0	7.67734e+09	6.23882e+11	5.48802e+11	2.23622e+10	9.47850e+08
1.09647e+16	3.41448e+17	5.50603e+12	3.92770e+12	1.07284e+10	2.06004e+12	2.85887e+11	1.86482e+07	5.85725e+11	1.66588e+12	0	0	7.39186e+09	6.12557e+11	5.08323e+11	1.97684e+10	8.04637e+08
1.09647e+16	3.25438e+17	5.35755e+12	3.64655e+12	9.18788e+09	1.98529e+12	2.52209e+11	1.51255e+07	5.90866e+11	1.46690e+12	0	0	7.11573e+09	6.00967e+11	4.70457e+11	1.74673e+10	6.82872e+08
1.09647e+16	3.10208e+17	5.21089e+12	3.38432e+12	7.86581e+09	1.91196e+12	2.22354e+11	1.22619e+07	5.95641e+11	1.29098e+12	0	0	6.84879e+09	5.89140e+11	4.35075e+11	1.54275e+10	5.79391e+08
1.09647e+16	2.95729e+17	5.06630e+12	3.14003e+12	6.73231e+09	1.84026e+12	1.95935e+11	9.93681e+06	6.00065e+11	1.13568e+12	0	0	6.59109e+09	5.77098e+11	4.02095e+11	1.36215e+10	4.91542e+08
1.09647e+16	2.81953e+17	4.92378e+12	2.91242e+12	5.76049e+09	1.77026e+12	1.72565e+11	8.04941e+06	6.04159e+11	9.98630e+11	0	0	6.34222e+09	5.64889e+11	3.71338e+11	1.20229e+10	4.16936e+08
1.09648e+16	2.68844e+17	4.78345e+12	2.70041e+12	4.92756e+09	1.70204e+12	1.51914e+11	6.51800e+06	6.07942e+11	8.77760e+11	0	0	6.10201e+09	5.52505e+11	3.42720e+11	1.06086e+10	3.53620e+08
1.09647e+16	2.56386e+17	4.64555e+12	2.50337e+12	4.21491e+09	1.63580e+12	1.33698e+11	5.27764e+06	6.11427e+11	7.71387e+11	0	0	5.87056e+09	5.40069e+11	3.16091e+11	9.35965e+09	2.99919e+08
1.09647e+16	2.44452e+17	4.50914e+12	2.31883e+12	3.60181e+09	1.57101e+12	1.17557e+11	4.26851e+06	6.14643e+11	6.77297e+11	0	0	5.64590e+09	5.27434e+11	2.91210e+11	8.25067e+09	2.54178e+08
1.09647e+16	2.33246e+17	4.37697e+12	2.14952e+12	3.08214e+09	1.50911e+12	1.03456e+11	3.45765e+06	6.17580e+11	5.95237e+11	0	0	5.43225e+09	5.14939e+11	2.68399e+11	7.28117e+09	2.15735e+08
1.09647e+16	2.22514e+17	4.24655e+12	1.99116e+12	2.63535e+09	1.44879e+12	9.09791e+10	2.79832e+06	6.20280e+11	5.22741e+11	0	0	5.22518e+09	5.02330e+11	2.47126e+11	6.42120e+09	1.82998e+08
1.09647e+16	2.12300e+17	4.11876e+12	1.84406e+12	2.25318e+09	1.39049e+12	7.99937e+10	2.26461e+06	6.22749e+11	4.59010e+11	0	0	5.02580e+09	4.89734e+11	2.27413e+11	5.66248e+09	1.55245e+08
1.09648e+16	2.02606e+17	3.99400e+12	1.70783e+12	1.92698e+09	1.33437e+12	7.03432e+10	1.83327e+06	6.24999e+11	4.03094e+11	0	0	4.83444e+09	4.77196e+11	2.09228e+11	4.99457e+09	1.31769e+08
1.09648e+16	1.93363e+17	3.87177e+12	1.58118e+12	1.64775e+09	1.28015e+12	6.18444e+10	1.48387e+06	6.27049e+11	3.53918e+11	0	0	4.65004e+09	4.64699e+11	1.92384e+11	4.40491e+09	1.11849e+08
1.09648e+16	1.84567e+17	3.75235e+12	1.46371e+12	1.40911e+09	1.22794e+12	5.43722e+10	1.20121e+06	6.28908e+11	3.10740e+11	0	0	4.47275e+09	4.52293e+11	1.76825e+11	3.88523e+09	9.49690e+07
1.09648e+16	1.76197e+17	3.63576e+12	1.35480e+12	1.20520e+09	1.17769e+12	4.78050e+10	9.72565e+05	6.30589e+11	2.72837e+11	0	0	4.30236e+09	4.40000e+11	1.62466e+11	3.42732e+09	8.06664e+07
1.09648e+16	1.68229e+17	3.52204e+12	1.25386e+12	1.03097e+09	1.12938e+12	4.20341e+10	7.87611e+05	6.32104e+11	2.39571e+11	0	0	4.13864e+09	4.27842e+11	1.49223e+11	3.02389e+09	6.85459e+07
1.09648e+16	1.60612e+17	3.41069e+12	1.15994e+12	8.81673e+08	1.08275e+12	3.69496e+10	6.37648e+05	6.33464e+11	2.10302e+11	0	0	3.98068e+09	4.15794e+11	1.36954e+11	2.66741e+09	5.82412e+07
1.09648e+16	1.53393e+17	3.30273e+12	1.07334e+12	7.54553e+08	1.03819e+12	3.24975e+10	5.16667e+05	6.34677e+11	1.84698e+11	0	0	3.82970e+09	4.03963e+11	1.25716e+11	2.35446e+09	4.95379e+07
1.09647e+16	1.46521e+17	3.19766e+12	9.93167e+11	6.45947e+08	9.95429e+11	2.85870e+10	4.18782e+05	6.35754e+11	1.62234e+11	0	0	3.68478e+09	3.92322e+11	1.15374e+11	2.07881e+09	4.21590e+07
1.09648e+16	1.39979e+17	3.09548e+12	9.18958e+11	5.53157e+08	9.54425e+11	2.51526e+10	3.39573e+05	6.36703e+11	1.42528e+11	0	0	3.54570e+09	3.80885e+11	1.05861e+11	1.83601e+09	3.59017e+07
1.09648e+16	1.33749e+17	2.99616e+12	8.50279e+11	4.73864e+08	9.15114e+11	2.21360e+10	2.75457e+05	6.37532e+11	1.25240e+11	0	0	3.41225e+09	3.69664e+11	9.71138e+10	1.62211e+09	3.05927e+07
1.09648e+16	1.27820e+17	2.89975e+12	7.86776e+11	4.06125e+08	8.77472e+11	1.94876e+10	2.23563e+05	6.38249e+11	1.10079e+11	0	0	3.28432e+09	3.58673e+11	8.90866e+10	1.43374e+09	2.60900e+07
1.09647e+16	1.22172e+17	2.80614e+12	7.28023e+11	3.48212e+08	8.41404e+11	1.71608e+10	1.81529e+05	6.38861e+11	9.67760e+10	0	0	3.16159e+09	3.47918e+11	8.17084e+10	1.26772e+09	2.22657e+07
1.09648e+16	1.16794e+17	2.71537e+12	6.73712e+11	2.98713e+08	8.06887e+11	1.51174e+10	1.47482e+05	6.39374e+11	8.51069e+10	0	0	3.04397e+09	3.37411e+11	7.49415e+10	1.12145e+09	1.90188e+07
1.09648e+16	1.11667e+17	2.62729e+12	6.23452e+11	2.56357e+08	7.73815e+11	1.33210e+10	0	6.39795e+11	7.48616e+10	0	0	2.93111e+09	3.27148e+11	6.87246e+10	9.92436e+08	1.62573e+07
1.09648e+16	1.06796e+17	2.54216e+12	5.77094e+11	2.20180e+08	7.42248e+11	1.17449e+10	0	6.40128e+11	6.58808e+10	0	0	2.82322e+09	3.17152e+11	6.30510e+10	8.78868e+08	1.39148e+07
1.09648e+16	1.02131e+17	2.45929e+12	5.34041e+11	1.89123e+08	7.11887e+11	1.03550e+10	0	6.40380e+11	5.79764e+10	0	0	2.71928e+09	3.07387e+11	5.78036e+10	7.78369e+08	1.19127e+07
1.09648e+16	9.77161e+16	2.37963e+12	4.94516e+11	1.62662e+08	6.83049e+11	9.13859e+09	0	6.40555e+11	5.10648e+10	0	0	2.62039e+09	2.97940e+11	5.30376e+10	6.90119e+08	1.02172e+07
1.09648e+16	9.35016e+16	2.30242e+12	4.57920e+11	1.39969e+08	6.55413e+11	8.06740e+09	0	6.40657e+11	4.49875e+10	0	0	2.52546e+09	2.88741e+11	4.86600e+10	6.12125e+08	8.77037e+06
1.09648e+16	8.94906e+16	2.22787e+12	4.24141e+11	1.20539e+08	6.29022e+11	7.12588e+09	0	6.40690e+11	3.96520e+10	0	0	2.43466e+09	2.79815e+11	4.46609e+10	5.43319e+08	7.53807e+06
1.09648e+16	8.56611e+16	2.15568e+12	3.92881e+11	1.03866e+08	6.03743e+11	6.29636e+09	0	6.40659e+11	3.49600e+10	0	0	2.34754e+09	2.71145e+11	4.09843e+10	4.82476e+08	6.48455e+06
1.09648e+16	8.20124e+16	2.08597e+12	3.64007e+11	8.95691e+07	5.79583e+11	5.56634e+09	0	6.40566e+11	3.08367e+10	0	0	2.26414e+09	2.62743e+11	3.76201e+10	4.28729e+08	5.58506e+06
1.09648e+16	7.85007e+16	2.01799e+12	3.37077e+11	7.72238e+07	5.56262e+11	4.91969e+09	0	6.40410e+11	2.71904e+10	0	0	2.18351e+09	2.54522e+11	3.45120e+10	3.80926e+08	4.81149e+06
1.09648e+16	7.52201e+16	1.95368e+12	3.12695e+11	6.67718e+07	5.34417e+11	4.35738e+09	0	6.40210e+11	2.40246e+10	0	0	2.10786e+09	2.46727e+11	3.17201e+10	3.39209e+08	4.15828e+06
1.09648e+16	7.20266e+16	1.89033e+12	2.89696e+11	5.76641e+07	5.13095e+11	3.85525e+09	0	6.39946e+11	2.12029e+10	0	0	2.03392e+09	2.39025e+11	2.91137e+10	3.01792e+08	3.59118e+06
1.09648e+16	6.90154e+16	1.82990e+12	2.68684e+11	4.98974e+07	4.92940e+11	3.41582e+09	0	6.39638e+11	1.87377e+10	0	0	1.96392e+09	2.31662e+11	2.67542e+10	2.68916e+08	3.10873e+06
1.09648e+16	6.61432e+16	1.77161e+12	2.49266e+11	4.32159e+07	4.73669e+11	3.02818e+09	0	6.39283e+11	1.65672e+10	0	0	1.89691e+09	2.24548e+11	2.45931e+10	2.39793e+08	2.69457e+06
1.09648e+16	6.34042e+16	1.71543e+12	2.31324e+11	3.74647e+07	4.55248e+11	2.68614e+09	0	6.38883e+11	1.46558e+10	0	0	1.83277e+09	2.17679e+11	2.26148e+10	2.13983e+08	2.33875e+06
1.09648e+16	6.07918e+16	1.66129e+12	2.14744e+11	3.25107e+07	4.37638e+11	2.38418e+09	0	6.38441e+11	1.29718e+10	0	0	1.77138e+09	2.11049e+11	2.08036e+10	1.91096e+08	2.03270e+06
1.09648e+16	5.83028e+16	1.60919e+12	1.99437e+11	2.82430e+07	4.20822e+11	2.11768e+09	0	6.37959e+11	1.14884e+10	0	0	1.71271e+09	2.04661e+11	1.91488e+10	1.70804e+08	1.76941e+06
1.09648e+16	5.59358e+16	1.55916e+12	1.85334e+11	2.45687e+07	4.04795e+11	1.88259e+09	0	6.37441e+11	1.01832e+10	0	0	1.65673e+09	1.98525e+11	1.76346e+10	1.52823e+08	1.54273e+06
1.09648e+16	5.36564e+16	1.51055e+12	1.72174e+11	2.13761e+07	3.89329e+11	1.67355e+09	0	6.36879e+11	9.02482e+09	0	0	1.60266e+09	1.92553e+11	1.62386e+10	1.36756e+08	1.34601e+06
1.09648e+16	5.15012e+16	1.46417e+12	1.60120e+11	1.86344e+07	3.74673e+11	1.48967e+09	0	6.36290e+11	8.00860e+09	0	0	1.55139e+09	1.86856e+11	1.49680e+10	1.22556e+08	1.17692e+06
1.09648e+16	4.94344e+16	1.41931e+12	1.48916e+11	1.62549e+07	3.60588e+11	1.32642e+09	0	6.35664e+11	7.10838e+09	0	0	1.50209e+09	1.81342e+11	1.37999e+10	1.09884e+08	1.03018e+06
1.09648e+16	4.74612e+16	1.37613e+12	1.38551e+11	1.41947e+07	3.47113e+11	1.18182e+09	0	6.35006e+11	6.31304e+09	0	0	1.45490e+09	1.76032e+11	1.27292e+10	9.86043e+07	9.03042e+05
1.09648e+16	4.55771e+16	1.33456e+12	1.28959e+11	1.24094e+07	3.34218e+11	1.05368e+09	0	6.34318e+11	5.61001e+09	0	0	1.40973e+09	1.70920e+11	1.17473e+10	8.85554e+07	7.92734e+05
1.09648e+16	4.37781e+16	1.29456e+12	1.20083e+11	1.08609e+07	3.21878e+11	9.40056e+08	0	6.33601e+11	4.98834e+09	0	0	1.36649e+09	1.66002e+11	1.08466e+10	7.95982e+07	6.96916e+05
1.09648e+16	4.20609e+16	1.25610e+12	1.11869e+11	9.51691e+06	3.10075e+11	8.39292e+08	0	6.32857e+11	4.43836e+09	0	0	1.32512e+09	1.61272e+11	1.00223e+10	7.16099e+07	6.13628e+05
1.09648e+16	4.04179e+16	1.21902e+12	1.04252e+11	8.34784e+06	2.98755e+11	7.49733e+08	0	6.32086e+11	3.95116e+09	0	0	1.28545e+09	1.56717e+11	9.26242e+09	6.44724e+07	5.40978e+05
1.09648e+16	3.88492e+16	1.18337e+12	9.72000e+10	7.33125e+06	2.87923e+11	6.70218e+08	0	6.31291e+11	3.51973e+09	0	0	1.24750e+09	1.52338e+11	8.56633e+09	5.80983e+07	4.77665e+05
1.09648e+16	3.73513e+16	1.14910e+12	9.06698e+10	6.44629e+06	2.77557e+11	5.99575e+08	0	6.30473e+11	3.13747e+09	0	0	1.21118e+09	1.48129e+11	7.92842e+09	5.24015e+07	4.22410e+05
1.09648e+16	3.59171e+16	1.11607e+12	8.46079e+10	5.67416e+06	2.67607e+11	5.36666e+08	0	6.29631e+11	2.79828e+09	0	0	1.17634e+09	1.44077e+11	7.33952e+09	4.72998e+07	3.74018e+05
1.09648e+16	3.45472e+16	1.08432e+12	7.89907e+10	5.00066e+06	2.58081e+11	4.80709e+08	0	6.28770e+11	2.49742e+09	0	0	1.14300e+09	1.40184e+11	6.79954e+09	4.27335e+07	3.31676e+05
1.09648e+16	3.32372e+16	1.05376e+12	7.37798e+10	4.41229e+06	2.48948e+11	4.30872e+08	0	6.27888e+11	2.23031e+09	0	0	1.11107e+09	1.36441e+11	6.30293e+09	3.86412e+07	2.94545e+05
1.09648e+16	3.19842e+16	1.02435e+12	6.89443e+10	3.89775e+06	2.40192e+11	3.86458e+08	0	6.26989e+11	1.99304e+09	0	0	1.08047e+09	1.32843e+11	5.84603e+09	3.49711e+07	2.61943e+05
1.09648e+16	3.07857e+16	9.96050e+11	6.44552e+10	3.44728e+06	2.31794e+11	3.46850e+08	0	6.26072e+11	1.78214e+09	0	0	1.05115e+09	1.29385e+11	5.42546e+09	3.16768e+07	2.33276e+05
1.09648e+16	2.96389e+16	9.68813e+11	6.02863e+10	3.05248e+06	2.23737e+11	3.11506e+08	0	6.25138e+11	1.59458e+09	0	0	1.02306e+09	1.26060e+11	5.03816e+09	2.87176e+07	2.08036e+05
1.09648e+16	2.85414e+16	9.42597e+11	5.64129e+10	2.70608e+06	2.16005e+11	2.79945e+08	0	6.24190e+11	1.42766e+09	0	0	9.96128e+08	1.22865e+11	4.68130e+09	2.60572e+07	1.85783e+05
1.09648e+16	2.74908e+16	9.17361e+11	5.28128e+10	2.40182e+06	2.08583e+11	2.51745e+08	0	6.23227e+11	1.27904e+09	0	0	9.70314e+08	1.19793e+11	4.35232e+09	2.36636e+07	1.66137e+05
1.09648e+16	2.64849e+16	8.93064e+11	4.94652e+10	2.13427e+06	2.01457e+11	2.26531e+08	0	6.22252e+11	1.14662e+09	0	0	9.45564e+08	1.16840e+11	4.04889e+09	2.15082e+07	1.48770e+05
1.09648e+16	2.55217e+16	8.69670e+11	4.63512e+10	1.89874e+06	1.94612e+11	2.03971e+08	0	6.21264e+11	1.02856e+09	0	0	9.21832e+08	1.14002e+11	3.76891e+09	1.95658e+07	1.33396e+05
1.09648e+16	2.45990e+16	8.47140e+11	4.34531e+10	1.69117e+06	1.88036e+11	1.83774e+08	0	6.20266e+11	9.23245e+08	0	0	8.99070e+08	1.11273e+11	3.51036e+09	1.78139e+07	1.19768e+05
1.09648e+16	2.37149e+16	8.25440e+11	4.07548e+10	1.50804e+06	1.81715e+11	1.65679e+08	0	6.19258e+11	8.29239e+08	0	0	8.77235e+08	1.08650e+11	3.27152e+09	1.62326e+07	1.07673e+05
1.09648e+16	2.28678e+16	8.04536e+11	3.82414e+10	1.34628e+06	1.75639e+11	1.49458e+08	0	6.18241e+11	7.45277e+08	0	0	8.56287e+08	1.06128e+11	3.05075e+09	1.48040e+07	9.69237e+04
1.09648e+16	2.20557e+16	7.84394e+11	3.58991e+10	1.20325e+06	1.69796e+11	1.34906e+08	0	6.17217e+11	6.70238e+08	0	0	8.36185e+08	1.03703e+11	2.84657e+09	1.35124e+07	8.73581e+04
1.09648e+16	2.12772e+16	7.64982e+11	3.37153e+10	1.07663e+06	1.64176e+11	1.21845e+08	0	6.16185e+11	6.03132e+08	0	0	8.16891e+08	1.01371e+11	2.65764e+09	1.23436e+07	7.88349e+04
1.09648e+16	2.05304e+16	7.46268e+11	3.16781e+10	9.64408e+05	1.58767e+11	1.10111e+08	0	6.15147e+11	5.43077e+08	0	0	7.98367e+08	9.91280e+10	2.48265e+09	1.12852e+07	7.12301e+04
1.09648e+16	1.98142e+16	7.28227e+11	2.97771e+10	8.64846e+05	1.53561e+11	9.95650e+07	0	6.14104e+11	4.89297e+08	0	0	7.80582e+08	9.69709e+10	2.32056e+09	1.03259e+07	6.44373e+04
1.09648e+16	1.91271e+16	7.10830e+11	2.80023e+10	7.76417e+05	1.48549e+11	9.00806e+07	0	6.13057e+11	4.41116e+08	0	0	7.63503e+08	9.48960e+10	2.17032e+09	9.45578e+06	5.83618e+04
1.09648e+16	1.84677e+16	6.94048e+11	2.63445e+10	6.97787e+05	1.43721e+11	8.15457e+07	0	6.12007e+11	3.97924e+08	0	0	7.47098e+08	9.28999e+10	2.03098e+09	8.66590e+06	5.29212e+04
1.09648e+16	1.78348e+16	6.77858e+11	2.47955e+10	6.27799e+05	1.39071e+11	7.38608e+07	0	6.10954e+11	3.59182e+08	0	0	7.31339e+08	9.09794e+10	1.90168e+09	7.94832e+06	4.80433e+04
1.09648e+16	1.72270e+16	6.62231e+11	2.33471e+10	5.65427e+05	1.34589e+11	6.69360e+07	0	6.09899e+11	3.24407e+08	0	0	7.16193e+08	8.91312e+10	1.78158e+09	7.29582e+06	4.36642e+04
1.09648e+16	1.66434e+16	6.47146e+11	2.19922e+10	5.09784e+05	1.30269e+11	6.06929e+07	0	6.08844e+11	2.93174e+08	0	0	7.01636e+08	8.73524e+10	1.67000e+09	6.70207e+06	3.97285e+04
1.09648e+16	1.60827e+16	6.32579e+11	2.07244e+10	4.60093e+05	1.26103e+11	5.50609e+07	0	6.07788e+11	2.65106e+08	0	0	6.87641e+08	8.56401e+10	1.56626e+09	6.16135e+06	3.61870e+04
1.09648e+16	1.55440e+16	6.18509e+11	1.95373e+10	4.15669e+05	1.22085e+11	4.99772e+07	0	6.06733e+11	2.39867e+08	0	0	6.74185e+08	8.39917e+10	1.46976e+09	5.66854e+06	3.29967e+04
1.09648e+16	1.50263e+16	6.04914e+11	1.84253e+10	3.75910e+05	1.18208e+11	4.53856e+07	0	6.05680e+11	2.17157e+08	0	0	6.61243e+08	8.24044e+10	1.37993e+09	5.21903e+06	3.01192e+04
1.09648e+16	1.45285e+16	5.91774e+11	1.73832e+10	3.40290e+05	1.14467e+11	4.12360e+07	0	6.04628e+11	1.96710e+08	0	0	6.48793e+08	8.08757e+10	1.29626e+09	4.80870e+06	2.75212e+04
1.09648e+16	1.40500e+16	5.79071e+11	1.64061e+10	3.08345e+05	1.10855e+11	3.74839e+07	0	6.03579e+11	1.78290e+08	0	0	6.36814e+08	7.94033e+10	1.21829e+09	4.43386e+06	2.51727e+04
1.09648e+16	1.35897e+16	5.66785e+11	1.54895e+10	2.79666e+05	1.07367e+11	3.40892e+07	0	6.02533e+11	1.61686e+08	0	0	6.25285e+08	7.79849e+10	1.14559e+09	4.09116e+06	2.30475e+04
1.09648e+16	1.31469e+16	5.54900e+11	1.46293e+10	2.53892e+05	1.03999e+11	3.10161e+07	0	6.01491e+11	1.46710e+08	0	0	6.14187e+08	7.66180e+10	1.07775e+09	3.77762e+06	2.11224e+04
1.09648e+16	1.27208e+16	5.43397e+11	1.38217e+10	2.30706e+05	1.00745e+11	2.82327e+07	0	6.00454e+11	1.33195e+08	0	0	6.03502e+08	7.53008e+10	1.01442e+09	3.49054e+06	1.93765e+04
1.09648e+16	1.23107e+16	5.32262e+11	1.30630e+10	2.09828e+05	9.76004e+10	2.57104e+07	0	5.99421e+11	1.20990e+08	0	0	5.93212e+08	7.40311e+10	9.55264e+08	3.22749e+06	1.77916e+04
1.09648e+16	1.19159e+16	5.21478e+11	1.23500e+10	1.91009e+05	9.45610e+10	2.34233e+07	0	5.98395e+11	1.09963e+08	0	0	5.83300e+08	7.28071e+10	8.99970e+08	2.98629e+06	1.63513e+04
1.09648e+16	1.15358e+16	5.11031e+11	1.16796e+10	1.74030e+05	9.16224e+10	2.13485e+07	0	5.97374e+11	9.99936e+07	0	0	5.73751e+08	7.16267e+10	8.48257e+08	2.76495e+06	1.50411e+04
1.09648e+16	1.11696e+16	5.00906e+11	1.10491e+10	1.58695e+05	8.87807e+10	1.94654e+07	0	5.96360e+11	9.09756e+07	0	0	5.64548e+08	7.04884e+10	7.99867e+08	2.56169e+06	1.38481e+04
1.09648e+16	1.08168e+16	4.91091e+11	1.04557e+10	1.44834e+05	8.60321e+10	1.77553e+07	0	5.95353e+11	8.28136e+07	0	0	5.55678e+08	6.93903e+10	7.54555e+08	2.37490e+06	1.27607e+04
1.09648e+16	1.04769e+16	4.81571e+11	9.89702e+09	1.32291e+05	8.33730e+10	1.62017e+07	0	5.94354e+11	7.54221e+07	0	0	5.47126e+08	6.83308e+10	7.12108e+08	2.20313e+06	1.17686e+04
1.09648e+16	1.01492e+16	4.72336e+11	9.37084e+09	1.20932e+05	8.07999e+10	1.47894e+07	0	5.93362e+11	6.87246e+07	0	0	5.38879e+08	6.73084e+10	6.72320e+08	2.04506e+06	1.08626e+04
1.09648e+16	9.83332e+15	4.63372e+11	8.87504e+09	1.10635e+05	7.83095e+10	1.35052e+07	0	5.92378e+11	6.26528e+07	0	0	5.30925e+08	6.63216e+10	6.35001e+08	1.89950e+06	1.00345e+04
1.09648e+16	9.52870e+15	4.54668e+11	8.40767e+09	1.01293e+05	7.58988e+10	1.23367e+07	0	5.91404e+11	5.71452e+07	0	0	5.23252e+08	6.53690e+10	5.99981e+08	1.76536e+06	9.27685e+03
1.09648e+16	9.23489e+15	4.46215e+11	7.96693e+09	9.28103e+04	7.35647e+10	1.12732e+07	0	5.90438e+11	5.21467e+07	0	0	5.15847e+08	6.44492e+10	5.67100e+08	1.64166e+06	0
1.09648e+16	8.95148e+15	4.38002e+11	7.55117e+09	8.51007e+04	7.13049e+10	1.03049e+07	0	5.89482e+11	4.76079e+07	0	0	5.08702e+08	6.35610e+10	5.36228e+08	1.52753e+06	0
1.09648e+16	8.67788e+15	4.30016e+11	7.15866e+09	7.80868e+04	6.91148e+10	9.42237e+06	0	5.88535e+11	4.34840e+07	0	0	5.01801e+08	6.27028e+10	5.07161e+08	1.42213e+06	0
1.09648e+16	8.41386e+15	4.22252e+11	6.78813e+09	7.17019e+04	6.69939e+10	8.61823e+06	0	5.87597e+11	3.97356e+07	0	0	4.95140e+08	6.18737e+10	4.79847e+08	1.32475e+06	0
1.09648e+16	8.15896e+15	4.14698e+11	6.43815e+09	0	6.49389e+10	7.88504e+06	0	5.86670e+11	3.63266e+07	0	0	4.88707e+08	6.10726e+10	4.54143e+08	1.23473e+06	0
1.09648e+16	7.91284e+15	4.07347e+11	6.10746e+09	0	6.29476e+10	7.21627e+06	0	5.85753e+11	3.32248e+07	0	0	4.82492e+08	6.02984e+10	4.29944e+08	1.15144e+06	0
1.09648e+16	7.67406e+15	4.00159e+11	5.79373e+09	0	6.10091e+10	6.60454e+06	0	5.84843e+11	3.03957e+07	0	0	4.76461e+08	5.95465e+10	4.06996e+08	1.07423e+06	0
1.09648e+16	7.44444e+15	3.93189e+11	5.49823e+09	0	5.91385e+10	6.04761e+06	0	5.83947e+11	2.78242e+07	0	0	4.70660e+08	5.88229e+10	3.85515e+08	1.00283e+06	0
1.09648e+16	7.22257e+15	3.86398e+11	5.21871e+09	0	5.73249e+10	5.53903e+06	0	5.83062e+11	2.54810e+07	0	0	4.65052e+08	5.81231e+10	3.65258e+08	9.36648e+05	0
1.09648e+16	7.00817e+15	3.79780e+11	4.95425e+09	0	5.55667e+10	5.07449e+06	0	5.82188e+11	2.33448e+07	0	0	4.59632e+08	5.74463e+10	3.46152e+08	8.75278e+05	0
1.09648e+16	6.80087e+15	3.73325e+11	4.70390e+09	0	5.38614e+10	4.64992e+06	0	5.81325e+11	2.13963e+07	0	0	4.54389e+08	5.67914e+10	3.28106e+08	8.18329e+05	0
1.09648e+16	6.60097e+15	3.67046e+11	4.46739e+09	0	5.22108e+10	4.26221e+06	0	5.80476e+11	1.96206e+07	0	0	4.49332e+08	5.61595e+10	3.11080e+08	7.65502e+05	0
1.09648e+16	6.40711e+15	3.60900e+11	4.24283e+09	0	5.06061e+10	3.90724e+06	0	5.79635e+11	1.79971e+07	0	0	4.44427e+08	5.55461e+10	2.94969e+08	7.16379e+05	0
1.09648e+16	6.21955e+15	3.54900e+11	4.03004e+09	0	4.90489e+10	3.58248e+06	0	5.78806e+11	1.65142e+07	0	0	4.39679e+08	5.49522e+10	2.79727e+08	6.70717e+05	0
1.09648e+16	6.03815e+15	3.49041e+11	3.82844e+09	0	4.75387e+10	3.28539e+06	0	5.77988e+11	1.51593e+07	0	0	4.35087e+08	5.43774e+10	2.65322e+08	6.28255e+05	0
1.09648e+16	5.86258e+15	3.43316e+11	3.63729e+09	0	4.60729e+10	3.01342e+06	0	5.77182e+11	1.39207e+07	0	0	4.30641e+08	5.38206e+10	2.51683e+08	5.88743e+05	0
1.09648e+16	5.69264e+15	3.37720e+11	3.45603e+09	0	4.46501e+10	2.76439e+06	0	5.76387e+11	1.27880e+07	0	0	4.26336e+08	5.32813e+10	2.38765e+08	5.51956e+05	0
1.09648e+16	5.52773e+15	3.32235e+11	3.28376e+09	0	4.32666e+10	2.53611e+06	0	5.75602e+11	1.17503e+07	0	0	4.22157e+08	5.27575e+10	2.26517e+08	5.17665e+05	0
1.09648e+16	5.36883e+15	3.26898e+11	3.12100e+09	0	4.19286e+10	2.32738e+06	0	5.74832e+11	1.08030e+07	0	0	4.18130e+08	5.22526e+10	2.14928e+08	4.85756e+05	0
1.09648e+16	5.21456e+15	3.21661e+11	2.96621e+09	0	4.06271e+10	2.13592e+06	0	5.74072e+11	9.93437e+06	0	0	4.14220e+08	5.17620e+10	2.03930e+08	4.55980e+05	0
1.09648e+16	5.06521e+15	3.16538e+11	2.81934e+09	0	3.93647e+10	1.96054e+06	0	5.73324e+11	9.13872e+06	0	0	4.10433e+08	5.12867e+10	1.93531e+08	4.28202e+05	0
1.09648e+16	4.92065e+15	3.11525e+11	2.67999e+09	0	3.81398e+10	1.79981e+06	0	5.72588e+11	8.40988e+06	0	0	4.06767e+08	5.08263e+10	1.83668e+08	4.02283e+05	0
1.09648e+16	4.78031e+15	3.06608e+11	2.54750e+09	0	3.69472e+10	1.65219e+06	0	5.71862e+11	7.74138e+06	0	0	4.03206e+08	5.03791e+10	1.74248e+08	3.78071e+05	0
1.09648e+16	4.64427e+15	3.01790e+11	2.42166e+09	0	3.57886e+10	1.51677e+06	0	5.71148e+11	7.12831e+06	0	0	3.99755e+08	4.99452e+10	1.65295e+08	3.55452e+05	0
1.09648e+16	4.51184e+15	2.97048e+11	2.30173e+09	0	3.46584e+10	1.39223e+06	0	5.70443e+11	6.56493e+06	0	0	3.96394e+08	4.95226e+10	1.56734e+08	3.34289e+05	0
1.09648e+16	4.38396e+15	2.92417e+11	2.18815e+09	0	3.35643e+10	1.27820e+06	0	5.69751e+11	6.04881e+06	0	0	3.93148e+08	4.91142e+10	1.48635e+08	3.14522e+05	0
1.09648e+16	4.25992e+15	2.87874e+11	2.08020e+09	0	3.25009e+10	1.17352e+06	0	5.69071e+11	5.57493e+06	0	0	3.89999e+08	4.87178e+10	1.40926e+08	2.96029e+05	0
1.09648e+16	4.13960e+15	2.83417e+11	1.97759e+09	0	3.14670e+10	1.07740e+06	0	5.68402e+11	5.13972e+06	0	0	3.86943e+08	4.83330e+10	1.33583e+08	2.78722e+05	0
1.09648e+16	4.02298e+15	2.79047e+11	1.88013e+09	0	3.04627e+10	9.89181e+05	0	5.67744e+11	4.74005e+06	0	0	3.83981e+08	4.79599e+10	1.26598e+08	2.62521e+05	0
1.09648e+16	3.90966e+15	2.74751e+11	1.78738e+09	0	2.94847e+10	9.08078e+05	0	5.67097e+11	4.37256e+06	0	0	3.81102e+08	4.75969e+10	1.19924e+08	2.47341e+05	0
1.09648e+16	3.79964e+15	2.70532e+11	1.69918e+09	0	2.85331e+10	8.33555e+05	0	5.66461e+11	4.03469e+06	0	0	3.78307e+08	4.72443e+10	1.13554e+08	2.33116e+05	0
1.09648e+16	3.69281e+15	2.66388e+11	1.61528e+09	0	2.76069e+10	7.65061e+05	0	5.65835e+11	3.72397e+06	0	0	3.75592e+08	4.69017e+10	1.07471e+08	2.19781e+05	0
1.09648e+16	3.58902e+15	2.62314e+11	1.53547e+09	0	2.67047e+10	7.02082e+05	0	5.65220e+11	3.43810e+06	0	0	3.72953e+08	4.65685e+10	1.01653e+08	2.07274e+05	0
1.09648e+16	3.48832e+15	2.58312e+11	1.45961e+09	0	2.58282e+10	6.44260e+05	0	5.64615e+11	3.17508e+06	0	0	3.70393e+08	4.62450e+10	9.61219e+07	1.95542e+05	0
1.09648e+16	3.39032e+15	2.54374e+11	1.38737e+09	0	2.49720e+10	5.91001e+05	0	5.64021e+11	2.93291e+06	0	0	3.67901e+08	4.59299e+10	9.07976e+07	1.84529e+05	0
1.09648e+16	3.29530e+15	2.50513e+11	1.31879e+09	0	2.41385e+10	5.42041e+05	0	5.63438e+11	2.71023e+06	0	0	3.65484e+08	4.56242e+10	8.56949e+07	1.74197e+05	0
1.09648e+16	3.20266e+15	2.46703e+11	1.25338e+09	0	2.33244e+10	4.96960e+05	0	5.62864e+11	2.50483e+06	0	0	3.63127e+08	4.53258e+10	8.08056e+07	1.64485e+05	0
1.09648e+16	3.11252e+15	2.42954e+11	1.19114e+09	0	2.25295e+10	4.55461e+05	0	5.62300e+11	2.31557e+06	0	0	3.60833e+08	4.50351e+10	7.61109e+07	1.55361e+05	0
1.09648e+16	3.02480e+15	2.39264e+11	1.13190e+09	0	2.17532e+10	4.17259e+05	0	5.61745e+11	2.14116e+06	0	0	3.58601e+08	4.47520e+10	7.16022e+07	1.46785e+05	0
1.09648e+16	2.93905e+15	2.35615e+11	1.07536e+09	0	2.09918e+10	3.82020e+05	0	5.61197e+11	1.98011e+06	0	0	3.56417e+08	4.44748e+10	6.72541e+07	1.38715e+05	0
1.09648e+16	2.85570e+15	2.32032e+11	1.02164e+09	0	2.02477e+10	3.49580e+05	0	5.60659e+11	1.83178e+06	0	0	3.54295e+08	4.42051e+10	6.30672e+07	1.31130e+05	0
1.09648e+16	2.77499e+15	2.28527e+11	9.70751e+08	0	1.95224e+10	3.19767e+05	0	5.60135e+11	1.69534e+06	0	0	3.52240e+08	4.39437e+10	5.90488e+07	1.24004e+05	0
1.09648e+16	2.69598e+15	2.25059e+11	9.22169e+08	0	1.88096e+10	2.92252e+05	0	5.59616e+11	1.56923e+06	0	0	3.50227e+08	4.36874e+10	5.51690e+07	1.17291e+05	0
1.09648e+16	2.61828e+15	2.21618e+11	8.75705e+08	0	1.81034e+10	2.66753e+05	0	5.59103e+11	1.45257e+06	0	0	3.48247e+08	4.34348e+10	5.13712e+07	1.10966e+05	0
1.09648e+16	2.54287e+15	2.18251e+11	8.31685e+08	0	1.74120e+10	2.43294e+05	0	5.58601e+11	1.34518e+06	0	0	3.46324e+08	4.31893e+10	4.77128e+07	1.05017e+05	0
1.09648e+16	2.46959e+15	2.14952e+11	7.89960e+08	0	1.67336e+10	2.21695e+05	0	5.58109e+11	1.24628e+06	0	0	3.44456e+08	4.29503e+10	4.41836e+07	9.94205e+04	0
1.09648e+16	2.39687e+15	2.11665e+11	7.49942e+08	0	1.60515e+10	2.01537e+05	0	5.57620e+11	1.15460e+06	0	0	3.42601e+08	4.27125e+10	4.06635e+07	9.41403e+04	0
1.09648e+16	2.32560e+15	2.08434e+11	7.11920e+08	0	1.53724e+10	1.82856e+05	0	5.57137e+11	1.07005e+06	0	0	3.40782e+08	4.24788e+10	3.72073e+07	8.91686e+04	0
1.09648e+16	2.25559e+15	2.05260e+11	6.75817e+08	0	1.46924e+10	1.65503e+05	0	5.56662e+11	9.92088e+05	0	0	3.38995e+08	4.22484e+10	3.37957e+07	8.44877e+04	0
1.09648e+16	2.18553e+15	2.02100e+11	6.41238e+08	0	1.39948e+10	1.49172e+05	0	5.56187e+11	9.19864e+05	0	0	3.37205e+08	4.20167e+10	3.03341e+07	8.00727e+04	0
1.09648e+16	2.11558e+15	1.98982e+11	6.08330e+08	0	1.32753e+10	1.33788e+05	0	5.55712e+11	8.53201e+05	0	0	3.35416e+08	4.17839e+10	2.68228e+07	7.59152e+04	0
1.09648e+16	2.04502e+15	1.95909e+11	5.77049e+08	0	1.25176e+10	1.19144e+05	0	5.55238e+11	7.91743e+05	0	0	3.33610e+08	4.15473e+10	2.32009e+07	7.20041e+04	0
1.09648e+16	1.46206e+15	1.82061e+11	4.39059e+08	0	3.46102e+09	3.00292e+04	0	5.53257e+11	7.12340e+05	0	0	3.18632e+08	3.91361e+10	7.78934e+04	6.86526e+04	0
1.09648e+16	1.40272e+15	1.78210e+11	4.12474e+08	0	3.15849e+09	2.62468e+04	0	5.52888e+11	6.56364e+05	0	0	3.17116e+08	3.88985e+10	6.22498e+04	6.51077e+04	0
1.09648e+16	1.34884e+15	1.74509e+11	3.88372e+08	0	2.91092e+09	2.31650e+04	0	5.52532e+11	6.04975e+05	0	0	3.15737e+08	3.86825e+10	5.31781e+04	6.17590e+04	0
1.09648e+16	1.29939e+15	1.70960e+11	3.66402e+08	0	2.69971e+09	2.05761e+04	0	5.52192e+11	5.57999e+05	0	0	3.14470e+08	3.84836e+10	4.71933e+04	5.86011e+04	0
1.09648e+16	1.25285e+15	1.67481e+11	3.45944e+08	0	2.51399e+09	1.83530e+04	0	5.51862e+11	5.14664e+05	0	0	3.13276e+08	3.82951e+10	4.28896e+04	5.56128e+04	0
1.09648e+16	1.20865e+15	1.64058e+11	3.26806e+08	0	2.34783e+09	1.64206e+04	0	5.51541e+11	4.74673e+05	0	0	3.12142e+08	3.81145e+10	3.95625e+04	5.27844e+04	0
1.09648e+16	1.16668e+15	1.60696e+11	3.08895e+08	0	2.19797e+09	1.47305e+04	0	5.51231e+11	4.37805e+05	0	0	3.11063e+08	3.79414e+10	3.68630e+04	5.01077e+04	0
1.09648e+16	1.12652e+15	1.57374e+11	2.92024e+08	0	2.06150e+09	1.32418e+04	0	5.50928e+11	4.03735e+05	0	0	3.10030e+08	3.77739e+10	3.45804e+04	4.75716e+04	0
1.09648e+16	1.08825e+15	1.54111e+11	2.76199e+08	0	1.93678e+09	1.19269e+04	0	5.50636e+11	3.72342e+05	0	0	3.09044e+08	3.76125e+10	3.25866e+04	4.51710e+04	0
1.09648e+16	1.05162e+15	1.50895e+11	2.61294e+08	0	1.82213e+09	1.07601e+04	0	5.50352e+11	3.43373e+05	0	0	3.08100e+08	3.74563e+10	3.08039e+04	4.28967e+04	0
1.09648e+16	1.01645e+15	1.47718e+11	2.47225e+08	0	1.71623e+09	9.72126e+03	0	5.50077e+11	3.16617e+05	0	0	3.07193e+08	3.73043e+10	2.91807e+04	4.07411e+04	0
1.09648e+16	9.82491e+14	1.44566e+11	2.33885e+08	0	1.61788e+09	8.79273e+03	0	5.49807e+11	2.91856e+05	0	0	3.06315e+08	3.71553e+10	2.76825e+04	3.86961e+04	0
1.09648e+16	9.50032e+14	1.41471e+11	2.21336e+08	0	1.52675e+09	7.96349e+03	0	5.49548e+11	2.69053e+05	0	0	3.05476e+08	3.70110e+10	2.62892e+04	3.67587e+04	0
1.09648e+16	9.18796e+14	1.38416e+11	2.09468e+08	0	1.44187e+09	7.22021e+03	0	5.49295e+11	2.47997e+05	0	0	3.04667e+08	3.68700e+10	2.49841e+04	3.49213e+04	0
1.09648e+16	8.88709e+14	1.35399e+11	1.98240e+08	0	1.36264e+09	6.55284e+03	0	5.49050e+11	2.28553e+05	0	0	3.03886e+08	3.67319e+10	2.37561e+04	3.31783e+04	0
1.09648e+16	8.59831e+14	1.32432e+11	1.87640e+08	0	1.28866e+09	5.95320e+03	0	5.48813e+11	2.10630e+05	0	0	3.03137e+08	3.65973e+10	2.25976e+04	3.15255e+04	0
1.09648e+16	8.31814e+14	1.29483e+11	1.77559e+08	0	1.21922e+09	5.41256e+03	0	5.48582e+11	1.94036e+05	0	0	3.02408e+08	3.64640e+10	2.15011e+04	2.99558e+04	0
1.09648e+16	8.04949e+14	1.26590e+11	1.68038e+08	0	1.15415e+09	4.92531e+03	0	5.48358e+11	1.78758e+05	0	0	3.01708e+08	3.63343e+10	2.04629e+04	2.84671e+04	0
