      1.00000   5.8342857e-06
      2.00000   6.0085490e-06
      3.00000   6.1400974e-06
      4.00000   6.2644767e-06
      5.00000   6.3707362e-06
      6.00000   6.4674114e-06
      7.00000   6.5593385e-06
      8.00000   6.6528314e-06
      9.00000   6.7588285e-06
      10.0000   6.8854943e-06
      11.0000   7.0258643e-06
      12.0000   7.1641512e-06
      13.0000   7.2958360e-06
      14.0000   7.4322234e-06
      15.0000   7.5847865e-06
      16.0000   7.7555223e-06
      17.0000   7.9420806e-06
      18.0000   8.1503367e-06
      19.0000   8.3899995e-06
      20.0000   8.6611799e-06
      21.0000   8.9515761e-06
      22.0000   9.2354185e-06
      23.0000   9.4793486e-06
      24.0000   9.6606991e-06
      25.0000   9.7772490e-06
      26.0000   9.8423006e-06
      27.0000   9.8743667e-06
      28.0000   9.8859855e-06
      29.0000   9.8873152e-06
      30.0000   9.8900955e-06
      31.0000   9.9012696e-06
      32.0000   9.9178142e-06
      33.0000   9.9405124e-06
      34.0000   9.9865911e-06
      35.0000   1.0068919e-05
      36.0000   1.0189270e-05
      37.0000   1.0358788e-05
      38.0000   1.0598907e-05
      39.0000   1.0923974e-05
      40.0000   1.1329749e-05
      41.0000   1.1799874e-05
      42.0000   1.2314784e-05
      43.0000   1.2842875e-05
      44.0000   1.3341944e-05
      45.0000   1.3777661e-05
      46.0000   1.4145944e-05
      47.0000   1.4478051e-05
      48.0000   1.4800018e-05
      49.0000   1.5108380e-05
      50.0000   1.5390731e-05
      51.0000   1.5636619e-05
      52.0000   1.5822941e-05
      53.0000   1.5913507e-05
      54.0000   1.5909511e-05
      55.0000   1.5889844e-05
      56.0000   1.5977896e-05
      57.0000   1.6254431e-05
      58.0000   1.6710803e-05
      59.0000   1.7275634e-05
      60.0000   1.7851049e-05
      61.0000   1.8357630e-05
      62.0000   1.8789846e-05
      63.0000   1.9226833e-05
      64.0000   1.9783518e-05
      65.0000   2.0540157e-05
      66.0000   2.1502950e-05
      67.0000   2.2605676e-05
      68.0000   2.3733361e-05
      69.0000   2.4783043e-05
      70.0000   2.5715937e-05
      71.0000   2.6525862e-05
      72.0000   2.7189351e-05
      73.0000   2.7677614e-05
      74.0000   2.8008124e-05
      75.0000   2.8242162e-05
      76.0000   2.8438892e-05
      77.0000   2.8638166e-05
      78.0000   2.8846784e-05
      79.0000   2.9042652e-05
      80.0000   2.9196310e-05
      81.0000   2.9333900e-05
      82.0000   2.9589206e-05
      83.0000   3.0131225e-05
      84.0000   3.1069743e-05
      85.0000   3.2428346e-05
      86.0000   3.4162746e-05
      87.0000   3.6160287e-05
      88.0000   3.8226448e-05
      89.0000   4.0192415e-05
      90.0000   4.2062205e-05
      91.0000   4.4018328e-05
      92.0000   4.6265213e-05
      93.0000   4.8870344e-05
      94.0000   5.1803192e-05
      95.0000   5.5067612e-05
      96.0000   5.8707887e-05
      97.0000   6.2749379e-05
      98.0000   6.7212473e-05
      99.0000   7.2028059e-05
      100.000   7.7026307e-05
      101.000   8.2082064e-05
      102.000   8.7269553e-05
      103.000   9.2819202e-05
      104.000   9.8920777e-05
      105.000   0.00010575599
      106.000   0.00011349892
      107.000   0.00012215142
      108.000   0.00013164659
      109.000   0.00014221111
      110.000   0.00015439757
      111.000   0.00016866573
      112.000   0.00018511995
      113.000   0.00020354384
      114.000   0.00022383625
      115.000   0.00024667880
      116.000   0.00027313773
      117.000   0.00030365828
      118.000   0.00033776378
      119.000   0.00037447640
      120.000   0.00041306124
      121.000   0.00045302522
      122.000   0.00049305335
      123.000   0.00053057098
      124.000   0.00056339393
      125.000   0.00059170322
      126.000   0.00061768224
      127.000   0.00064359460
      128.000   0.00067132449
      129.000   0.00070345507
      130.000   0.00074400031
      131.000   0.00079766149
      132.000   0.00086863193
      133.000   0.00096063624
      134.000    0.0010776592
      135.000    0.0012231611
      136.000    0.0013957137
      137.000    0.0015867469
      138.000    0.0017909330
      139.000    0.0020154635
      140.000    0.0022666790
      141.000    0.0025316016
      142.000    0.0027839222
      143.000    0.0030122180
      144.000    0.0032345830
      145.000    0.0034785576
      146.000    0.0037562288
      147.000    0.0040931907
      148.000    0.0045760302
      149.000    0.0053191679
      150.000    0.0063830721
      151.000    0.0077762865
      152.000    0.0095838327
      153.000     0.012116313
      154.000     0.015956264
      155.000     0.021858102
      156.000     0.030633762
      157.000     0.043056734
      158.000     0.059352007
      159.000     0.077826373
      160.000     0.093630321
      161.000      0.10049865
      162.000     0.095541902
      163.000     0.081574142
      164.000     0.064232208
      165.000     0.048059996
      166.000     0.035026509
      167.000     0.025239611
      168.000     0.018203218
      169.000     0.013368238
      170.000     0.010155380
      171.000    0.0080181891
      172.000    0.0065513174
      173.000    0.0054987618
      174.000    0.0047233920
      175.000    0.0041735251
      176.000    0.0038206247
      177.000    0.0036054014
      178.000    0.0034334750
      179.000    0.0032206017
      180.000    0.0029415623
      181.000    0.0026250691
      182.000    0.0023060888
      183.000    0.0020016597
      184.000    0.0017256609
      185.000    0.0014959433
      186.000    0.0013175434
      187.000    0.0011759866
      188.000    0.0010550305
      189.000   0.00094983220
      190.000   0.00086165377
      191.000   0.00078876794
      192.000   0.00072495977
      193.000   0.00066245155
      194.000   0.00059609284
      195.000   0.00052652694
      196.000   0.00045927303
      197.000   0.00040012124
      198.000   0.00035125954
      199.000   0.00031198998
      200.000   0.00028102766
      201.000   0.00025694809
      202.000   0.00023766056
      203.000   0.00022049616
      204.000   0.00020341580
      205.000   0.00018573712
      206.000   0.00016784813
      207.000   0.00015069213
      208.000   0.00013527522
      209.000   0.00012242164
      210.000   0.00011238161
      211.000   0.00010483142
      212.000   9.9236655e-05
      213.000   9.4958770e-05
      214.000   9.1424859e-05
      215.000   8.8330686e-05
      216.000   8.5561740e-05
      217.000   8.2928891e-05
      218.000   8.0155471e-05
      219.000   7.7073411e-05
      220.000   7.3671792e-05
      221.000   7.0050817e-05
      222.000   6.6353517e-05
      223.000   6.2677362e-05
      224.000   5.9104757e-05
      225.000   5.5785109e-05
      226.000   5.2847692e-05
      227.000   5.0241691e-05
      228.000   4.7721212e-05
      229.000   4.5060075e-05
      230.000   4.2292766e-05
      231.000   3.9627947e-05
      232.000   3.7242764e-05
      233.000   3.5231365e-05
      234.000   3.3589553e-05
      235.000   3.2256070e-05
      236.000   3.1165546e-05
      237.000   3.0238240e-05
      238.000   2.9408740e-05
      239.000   2.8660654e-05
      240.000   2.7987877e-05
      241.000   2.7399383e-05
      242.000   2.6933054e-05
      243.000   2.6601272e-05
      244.000   2.6362935e-05
      245.000   2.6163736e-05
      246.000   2.5965081e-05
      247.000   2.5715881e-05
      248.000   2.5342688e-05
      249.000   2.4777832e-05
      250.000   2.4007708e-05
      251.000   2.3105060e-05
      252.000   2.2197024e-05
      253.000   2.1366312e-05
      254.000   2.0593956e-05
      255.000   1.9816649e-05
      256.000   1.9008983e-05
      257.000   1.8222945e-05
      258.000   1.7536217e-05
      259.000   1.6989065e-05
      260.000   1.6587028e-05
      261.000   1.6304548e-05
      262.000   1.6100690e-05
      263.000   1.5940743e-05
      264.000   1.5797388e-05
      265.000   1.5655985e-05
      266.000   1.5520200e-05
      267.000   1.5393649e-05
      268.000   1.5265365e-05
      269.000   1.5128280e-05
      270.000   1.4980680e-05
      271.000   1.4811266e-05
      272.000   1.4589609e-05
      273.000   1.4283230e-05
      274.000   1.3892063e-05
      275.000   1.3443663e-05
      276.000   1.2963332e-05
      277.000   1.2461720e-05
      278.000   1.1944507e-05
      279.000   1.1426741e-05
      280.000   1.0931107e-05
      281.000   1.0480000e-05
      282.000   1.0089874e-05
      283.000   9.7663387e-06
      284.000   9.5139394e-06
      285.000   9.3459221e-06
      286.000   9.2707405e-06
      287.000   9.2807613e-06
      288.000   9.3520648e-06
      289.000   9.4483639e-06
      290.000   9.5371852e-06
      291.000   9.6016856e-06
      292.000   9.6395106e-06
      293.000   9.6478952e-06
      294.000   9.6217736e-06
      295.000   9.5630057e-06
      296.000   9.4710877e-06
      297.000   9.3352555e-06
      298.000   9.1526763e-06
      299.000   8.9471723e-06
      300.000   8.7499757e-06
      301.000   8.5595175e-06
      302.000   8.3442346e-06
      303.000   8.0875416e-06
      304.000   7.8033327e-06
      305.000   7.5198059e-06
      306.000   7.2654102e-06
      307.000   7.0662277e-06
      308.000   6.9337543e-06
      309.000   6.8490626e-06
      310.000   6.7767728e-06
      311.000   6.6878383e-06
      312.000   6.5734494e-06
      313.000   6.4466080e-06
      314.000   6.3291254e-06
      315.000   6.2387048e-06
      316.000   6.1791693e-06
      317.000   6.1386827e-06
      318.000   6.0908933e-06
      319.000   6.0252451e-06
      320.000   5.8845421e-06
      321.000       0.0000000
