      1.00000       0.0000000
      2.00000   6.1963719e-06
      3.00000   6.2690501e-06
      4.00000   6.3513785e-06
      5.00000   6.4552287e-06
      6.00000   6.5886638e-06
      7.00000   6.7590654e-06
      8.00000   6.9574203e-06
      9.00000   7.1754589e-06
      10.0000   7.4160507e-06
      11.0000   7.6782107e-06
      12.0000   7.9500642e-06
      13.0000   8.2160732e-06
      14.0000   8.4609765e-06
      15.0000   8.6736272e-06
      16.0000   8.8513571e-06
      17.0000   8.9979749e-06
      18.0000   9.1178608e-06
      19.0000   9.2109494e-06
      20.0000   9.2738492e-06
      21.0000   9.2977079e-06
      22.0000   9.2686641e-06
      23.0000   9.1844149e-06
      24.0000   9.0659314e-06
      25.0000   8.9495652e-06
      26.0000   8.8644902e-06
      27.0000   8.8242232e-06
      28.0000   8.8358047e-06
      29.0000   8.9094092e-06
      30.0000   9.0634439e-06
      31.0000   9.3119388e-06
      32.0000   9.6524100e-06
      33.0000   1.0074637e-05
      34.0000   1.0569354e-05
      35.0000   1.1127388e-05
      36.0000   1.1736473e-05
      37.0000   1.2370114e-05
      38.0000   1.2979769e-05
      39.0000   1.3515387e-05
      40.0000   1.3958495e-05
      41.0000   1.4319408e-05
      42.0000   1.4607319e-05
      43.0000   1.4822525e-05
      44.0000   1.4970624e-05
      45.0000   1.5062634e-05
      46.0000   1.5103284e-05
      47.0000   1.5090213e-05
      48.0000   1.5032448e-05
      49.0000   1.4962317e-05
      50.0000   1.4911843e-05
      51.0000   1.4890427e-05
      52.0000   1.4916583e-05
      53.0000   1.5043013e-05
      54.0000   1.5324777e-05
      55.0000   1.5767753e-05
      56.0000   1.6319387e-05
      57.0000   1.6915112e-05
      58.0000   1.7520058e-05
      59.0000   1.8136456e-05
      60.0000   1.8780232e-05
      61.0000   1.9483747e-05
      62.0000   2.0307561e-05
      63.0000   2.1295466e-05
      64.0000   2.2410413e-05
      65.0000   2.3530687e-05
      66.0000   2.4517487e-05
      67.0000   2.5297857e-05
      68.0000   2.5887626e-05
      69.0000   2.6340102e-05
      70.0000   2.6694770e-05
      71.0000   2.6959642e-05
      72.0000   2.7138369e-05
      73.0000   2.7265563e-05
      74.0000   2.7391643e-05
      75.0000   2.7556707e-05
      76.0000   2.7806556e-05
      77.0000   2.8192577e-05
      78.0000   2.8729182e-05
      79.0000   2.9380593e-05
      80.0000   3.0119849e-05
      81.0000   3.0958574e-05
      82.0000   3.1873184e-05
      83.0000   3.2802291e-05
      84.0000   3.3752665e-05
      85.0000   3.4894103e-05
      86.0000   3.6470632e-05
      87.0000   3.8590988e-05
      88.0000   4.1207542e-05
      89.0000   4.4209166e-05
      90.0000   4.7486155e-05
      91.0000   5.0974068e-05
      92.0000   5.4690860e-05
      93.0000   5.8678146e-05
      94.0000   6.2907813e-05
      95.0000   6.7333298e-05
      96.0000   7.1925089e-05
      97.0000   7.6601449e-05
      98.0000   8.1311708e-05
      99.0000   8.6179003e-05
      100.000   9.1470050e-05
      101.000   9.7345015e-05
      102.000   0.00010369837
      103.000   0.00011034406
      104.000   0.00011735492
      105.000   0.00012524227
      106.000   0.00013476741
      107.000   0.00014652396
      108.000   0.00016064779
      109.000   0.00017700602
      110.000   0.00019575382
      111.000   0.00021740359
      112.000   0.00024216904
      113.000   0.00026968427
      114.000   0.00029942027
      115.000   0.00033050598
      116.000   0.00036101168
      117.000   0.00038848116
      118.000   0.00041133186
      119.000   0.00042998150
      120.000   0.00044685695
      121.000   0.00046482150
      122.000   0.00048504802
      123.000   0.00050697156
      124.000   0.00053076609
      125.000   0.00055915926
      126.000   0.00059691753
      127.000   0.00064807950
      128.000   0.00071291148
      129.000   0.00078975357
      130.000   0.00087940186
      131.000   0.00098357396
      132.000    0.0010995730
      133.000    0.0012214317
      134.000    0.0013474696
      135.000    0.0014840079
      136.000    0.0016365289
      137.000    0.0017964880
      138.000    0.0019450394
      139.000    0.0020708404
      140.000    0.0021791989
      141.000    0.0022893404
      142.000    0.0024302481
      143.000    0.0026346787
      144.000    0.0029168767
      145.000    0.0032564122
      146.000    0.0036357082
      147.000    0.0040977825
      148.000    0.0047314111
      149.000    0.0055829240
      150.000    0.0066236034
      151.000    0.0078583853
      152.000    0.0094756791
      153.000     0.011877244
      154.000     0.015603563
      155.000     0.021237087
      156.000     0.029260885
      157.000     0.040105879
      158.000     0.054341845
      159.000     0.071756259
      160.000     0.089246228
      161.000      0.10042831
      162.000     0.099552952
      163.000     0.086927503
      164.000     0.068500295
      165.000     0.050503362
      166.000     0.036178980
      167.000     0.025957104
      168.000     0.018954456
      169.000     0.014162908
      170.000     0.010857251
      171.000    0.0085458746
      172.000    0.0069007007
      173.000    0.0057138829
      174.000    0.0048481021
      175.000    0.0042082570
      176.000    0.0037252586
      177.000    0.0033451542
      178.000    0.0030326231
      179.000    0.0027690732
      180.000    0.0025431134
      181.000    0.0023448442
      182.000    0.0021614921
      183.000    0.0019765571
      184.000    0.0017783296
      185.000    0.0015684172
      186.000    0.0013633872
      187.000    0.0011862854
      188.000    0.0010479832
      189.000   0.00094025856
      190.000   0.00084715296
      191.000   0.00075801136
      192.000   0.00067027588
      193.000   0.00058682350
      194.000   0.00051273778
      195.000   0.00045147660
      196.000   0.00040295610
      197.000   0.00036432213
      198.000   0.00033218256
      199.000   0.00030414949
      200.000   0.00027882241
      201.000   0.00025543317
      202.000   0.00023361384
      203.000   0.00021321286
      204.000   0.00019402380
      205.000   0.00017578935
      206.000   0.00015865095
      207.000   0.00014308037
      208.000   0.00012949875
      209.000   0.00011802463
      210.000   0.00010842276
      211.000   0.00010037835
      212.000   9.3702169e-05
      213.000   8.8363682e-05
      214.000   8.4346604e-05
      215.000   8.1471611e-05
      216.000   7.9292215e-05
      217.000   7.7200973e-05
      218.000   7.4760130e-05
      219.000   7.1956361e-05
      220.000   6.9073372e-05
      221.000   6.6385081e-05
      222.000   6.3992513e-05
      223.000   6.1804269e-05
      224.000   5.9630675e-05
      225.000   5.7325786e-05
      226.000   5.4840173e-05
      227.000   5.2218733e-05
      228.000   4.9616265e-05
      229.000   4.7218378e-05
      230.000   4.5076391e-05
      231.000   4.3038781e-05
      232.000   4.0904939e-05
      233.000   3.8666360e-05
      234.000   3.6498554e-05
      235.000   3.4540069e-05
      236.000   3.2800104e-05
      237.000   3.1215721e-05
      238.000   2.9707586e-05
      239.000   2.8272008e-05
      240.000   2.6991347e-05
      241.000   2.5949686e-05
      242.000   2.5187650e-05
      243.000   2.4694851e-05
      244.000   2.4432115e-05
      245.000   2.4360095e-05
      246.000   2.4439749e-05
      247.000   2.4598905e-05
      248.000   2.4737148e-05
      249.000   2.4785226e-05
      250.000   2.4723116e-05
      251.000   2.4545636e-05
      252.000   2.4236875e-05
      253.000   2.3776243e-05
      254.000   2.3175799e-05
      255.000   2.2487035e-05
      256.000   2.1747506e-05
      257.000   2.0941721e-05
      258.000   2.0040781e-05
      259.000   1.9059036e-05
      260.000   1.8054136e-05
      261.000   1.7104201e-05
      262.000   1.6279510e-05
      263.000   1.5619495e-05
      264.000   1.5130705e-05
      265.000   1.4778543e-05
      266.000   1.4491367e-05
      267.000   1.4214327e-05
      268.000   1.3957549e-05
      269.000   1.3764536e-05
      270.000   1.3658524e-05
      271.000   1.3636902e-05
      272.000   1.3685247e-05
      273.000   1.3778407e-05
      274.000   1.3888647e-05
      275.000   1.3999772e-05
      276.000   1.4100702e-05
      277.000   1.4155967e-05
      278.000   1.4109562e-05
      279.000   1.3924197e-05
      280.000   1.3597077e-05
      281.000   1.3156447e-05
      282.000   1.2639138e-05
      283.000   1.2072765e-05
      284.000   1.1482172e-05
      285.000   1.0889898e-05
      286.000   1.0307955e-05
      287.000   9.7379861e-06
      288.000   9.1871661e-06
      289.000   8.6780447e-06
      290.000   8.2476954e-06
      291.000   7.9419733e-06
      292.000   7.7877630e-06
      293.000   7.7724435e-06
      294.000   7.8551757e-06
      295.000   7.9881920e-06
      296.000   8.1381413e-06
      297.000   8.2885263e-06
      298.000   8.4271387e-06
      299.000   8.5492129e-06
      300.000   8.6639520e-06
      301.000   8.7847520e-06
      302.000   8.9087289e-06
      303.000   9.0033473e-06
      304.000   9.0209951e-06
      305.000   8.9344530e-06
      306.000   8.7534136e-06
      307.000   8.5113725e-06
      308.000   8.2418110e-06
      309.000   7.9623869e-06
      310.000   7.6802216e-06
      311.000   7.4024565e-06
      312.000   7.1399786e-06
      313.000   6.9009202e-06
      314.000   6.6868361e-06
      315.000   6.5012705e-06
      316.000   6.3492703e-06
      317.000   6.2316735e-06
      318.000   6.1461465e-06
      319.000   6.0866055e-06
      320.000   6.0493917e-06
      321.000   6.0275784e-06
