      1.00000   5.8401106e-06
      2.00000   5.9358767e-06
      3.00000   5.9780737e-06
      4.00000   5.9765193e-06
      5.00000   5.9258364e-06
      6.00000   5.8523879e-06
      7.00000   5.7826951e-06
      8.00000   5.7319371e-06
      9.00000   5.7039456e-06
      10.0000   5.6948438e-06
      11.0000   5.6973854e-06
      12.0000   5.7112306e-06
      13.0000   5.7465936e-06
      14.0000   5.8151245e-06
      15.0000   5.9227068e-06
      16.0000   6.0715547e-06
      17.0000   6.2652407e-06
      18.0000   6.5040199e-06
      19.0000   6.7796245e-06
      20.0000   7.0762803e-06
      21.0000   7.3695951e-06
      22.0000   7.6294709e-06
      23.0000   7.8302564e-06
      24.0000   7.9584006e-06
      25.0000   8.0102054e-06
      26.0000   7.9939919e-06
      27.0000   7.9325373e-06
      28.0000   7.8465382e-06
      29.0000   7.7487730e-06
      30.0000   7.6599863e-06
      31.0000   7.6064111e-06
      32.0000   7.6086699e-06
      33.0000   7.6814686e-06
      34.0000   7.8344810e-06
      35.0000   8.0685140e-06
      36.0000   8.3830964e-06
      37.0000   8.7816279e-06
      38.0000   9.2511573e-06
      39.0000   9.7516604e-06
      40.0000   1.0239979e-05
      41.0000   1.0690470e-05
      42.0000   1.1085597e-05
      43.0000   1.1400806e-05
      44.0000   1.1611177e-05
      45.0000   1.1717563e-05
      46.0000   1.1747803e-05
      47.0000   1.1734694e-05
      48.0000   1.1698738e-05
      49.0000   1.1646920e-05
      50.0000   1.1583137e-05
      51.0000   1.1528155e-05
      52.0000   1.1523738e-05
      53.0000   1.1604873e-05
      54.0000   1.1787202e-05
      55.0000   1.2081017e-05
      56.0000   1.2498551e-05
      57.0000   1.3043978e-05
      58.0000   1.3704051e-05
      59.0000   1.4443366e-05
      60.0000   1.5215425e-05
      61.0000   1.5974249e-05
      62.0000   1.6682659e-05
      63.0000   1.7316732e-05
      64.0000   1.7871003e-05
      65.0000   1.8361307e-05
      66.0000   1.8813544e-05
      67.0000   1.9254174e-05
      68.0000   1.9695046e-05
      69.0000   2.0117657e-05
      70.0000   2.0491629e-05
      71.0000   2.0839059e-05
      72.0000   2.1257756e-05
      73.0000   2.1838545e-05
      74.0000   2.2576818e-05
      75.0000   2.3383047e-05
      76.0000   2.4156177e-05
      77.0000   2.4884728e-05
      78.0000   2.5692683e-05
      79.0000   2.6746528e-05
      80.0000   2.8098573e-05
      81.0000   2.9635863e-05
      82.0000   3.1163698e-05
      83.0000   3.2526852e-05
      84.0000   3.3669199e-05
      85.0000   3.4600835e-05
      86.0000   3.5371566e-05
      87.0000   3.6041311e-05
      88.0000   3.6659960e-05
      89.0000   3.7251004e-05
      90.0000   3.7845486e-05
      91.0000   3.8524809e-05
      92.0000   3.9417439e-05
      93.0000   4.0647235e-05
      94.0000   4.2309053e-05
      95.0000   4.4508968e-05
      96.0000   4.7381189e-05
      97.0000   5.0968487e-05
      98.0000   5.5065295e-05
      99.0000   5.9326168e-05
      100.000   6.3583917e-05
      101.000   6.8039961e-05
      102.000   7.3145355e-05
      103.000   7.9267571e-05
      104.000   8.6518368e-05
      105.000   9.4831608e-05
      106.000   0.00010408431
      107.000   0.00011418108
      108.000   0.00012499161
      109.000   0.00013623103
      110.000   0.00014776239
      111.000   0.00015988930
      112.000   0.00017317709
      113.000   0.00018815683
      114.000   0.00020509156
      115.000   0.00022395859
      116.000   0.00024479159
      117.000   0.00026799768
      118.000   0.00029426182
      119.000   0.00032398340
      120.000   0.00035702542
      121.000   0.00039362969
      122.000   0.00043509805
      123.000   0.00048242850
      124.000   0.00053496542
      125.000   0.00059085659
      126.000   0.00064796029
      127.000   0.00070395524
      128.000   0.00075605197
      129.000   0.00080214278
      130.000   0.00084259239
      131.000   0.00088035874
      132.000   0.00091950444
      133.000   0.00096629554
      134.000    0.0010297485
      135.000    0.0011184575
      136.000    0.0012378294
      137.000    0.0013919930
      138.000    0.0015846711
      139.000    0.0018155361
      140.000    0.0020825404
      141.000    0.0023898501
      142.000    0.0027488538
      143.000    0.0031583053
      144.000    0.0035863505
      145.000    0.0039955680
      146.000    0.0043904362
      147.000    0.0048203412
      148.000    0.0053397198
      149.000    0.0060299030
      150.000    0.0070453244
      151.000    0.0085395249
      152.000     0.010585362
      153.000     0.013324756
      154.000     0.017234063
      155.000     0.023151597
      156.000     0.031933274
      157.000     0.043965541
      158.000     0.058855712
      159.000     0.074948169
      160.000     0.088503234
      161.000     0.094520099
      162.000     0.090503827
      163.000     0.078770332
      164.000     0.063785762
      165.000     0.049104072
      166.000     0.036616925
      167.000     0.026910068
      168.000     0.019810472
      169.000     0.014812946
      170.000     0.011342825
      171.000    0.0089149885
      172.000    0.0072201984
      173.000    0.0060908892
      174.000    0.0053958418
      175.000    0.0049680904
      176.000    0.0046268818
      177.000    0.0042509176
      178.000    0.0038157133
      179.000    0.0033551925
      180.000    0.0029089826
      181.000    0.0025057343
      182.000    0.0021620572
      183.000    0.0018788048
      184.000    0.0016461115
      185.000    0.0014569571
      186.000    0.0013070061
      187.000    0.0011856834
      188.000    0.0010741067
      189.000   0.00095621526
      190.000   0.00083095592
      191.000   0.00071016734
      192.000   0.00060578319
      193.000   0.00052223250
      194.000   0.00045840969
      195.000   0.00041075936
      196.000   0.00037388416
      197.000   0.00034209964
      198.000   0.00031154923
      199.000   0.00028087248
      200.000   0.00025041471
      201.000   0.00022176915
      202.000   0.00019706671
      203.000   0.00017759544
      204.000   0.00016304341
      205.000   0.00015211516
      206.000   0.00014342779
      207.000   0.00013600315
      208.000   0.00012925240
      209.000   0.00012274754
      210.000   0.00011611920
      211.000   0.00010926871
      212.000   0.00010235229
      213.000   9.5491923e-05
      214.000   8.8692876e-05
      215.000   8.2098923e-05
      216.000   7.6065007e-05
      217.000   7.0823393e-05
      218.000   6.6294881e-05
      219.000   6.2208594e-05
      220.000   5.8376758e-05
      221.000   5.4777323e-05
      222.000   5.1426774e-05
      223.000   4.8328864e-05
      224.000   4.5506764e-05
      225.000   4.3008349e-05
      226.000   4.0867570e-05
      227.000   3.9067068e-05
      228.000   3.7563801e-05
      229.000   3.6322741e-05
      230.000   3.5337511e-05
      231.000   3.4609417e-05
      232.000   3.4105535e-05
      233.000   3.3746277e-05
      234.000   3.3394826e-05
      235.000   3.2876789e-05
      236.000   3.2042884e-05
      237.000   3.0855037e-05
      238.000   2.9435440e-05
      239.000   2.7990225e-05
      240.000   2.6639545e-05
      241.000   2.5371886e-05
      242.000   2.4166755e-05
      243.000   2.3071882e-05
      244.000   2.2157003e-05
      245.000   2.1438187e-05
      246.000   2.0869569e-05
      247.000   2.0379261e-05
      248.000   1.9919620e-05
      249.000   1.9490724e-05
      250.000   1.9120236e-05
      251.000   1.8819866e-05
      252.000   1.8557206e-05
      253.000   1.8280240e-05
      254.000   1.7978336e-05
      255.000   1.7679835e-05
      256.000   1.7391196e-05
      257.000   1.7069257e-05
      258.000   1.6654632e-05
      259.000   1.6108750e-05
      260.000   1.5428785e-05
      261.000   1.4637069e-05
      262.000   1.3780200e-05
      263.000   1.2932056e-05
      264.000   1.2155480e-05
      265.000   1.1471646e-05
      266.000   1.0882005e-05
      267.000   1.0406484e-05
      268.000   1.0081783e-05
      269.000   9.9228146e-06
      270.000   9.9008494e-06
      271.000   9.9664476e-06
      272.000   1.0085687e-05
      273.000   1.0239283e-05
      274.000   1.0404288e-05
      275.000   1.0548430e-05
      276.000   1.0636543e-05
      277.000   1.0640515e-05
      278.000   1.0556850e-05
      279.000   1.0403583e-05
      280.000   1.0187247e-05
      281.000   9.8906357e-06
      282.000   9.5027899e-06
      283.000   9.0439353e-06
      284.000   8.5539014e-06
      285.000   8.0803111e-06
      286.000   7.6704255e-06
      287.000   7.3587184e-06
      288.000   7.1587147e-06
      289.000   7.0589690e-06
      290.000   7.0310080e-06
      291.000   7.0486021e-06
      292.000   7.1020204e-06
      293.000   7.1903860e-06
      294.000   7.3036572e-06
      295.000   7.4217842e-06
      296.000   7.5231419e-06
      297.000   7.5815210e-06
      298.000   7.5672160e-06
      299.000   7.4667769e-06
      300.000   7.3008714e-06
      301.000   7.1035693e-06
      302.000   6.8918221e-06
      303.000   6.6703351e-06
      304.000   6.4444398e-06
      305.000   6.2204540e-06
      306.000   6.0054258e-06
      307.000   5.8135206e-06
      308.000   5.6624121e-06
      309.000   5.5634796e-06
      310.000   5.5205928e-06
      311.000   5.5284199e-06
      312.000   5.5710680e-06
      313.000   5.6304857e-06
      314.000   5.6963841e-06
      315.000   5.7657612e-06
      316.000   5.8348087e-06
      317.000   5.8939554e-06
      318.000   5.9356985e-06
      319.000   5.9582030e-06
      320.000   5.9685394e-06
      321.000       0.0000000
