      1.00000       0.0000000
      2.00000   7.2219950e-06
      3.00000   7.3460219e-06
      4.00000   7.4474192e-06
      5.00000   7.5557132e-06
      6.00000   7.6517381e-06
      7.00000   7.7261939e-06
      8.00000   7.7724080e-06
      9.00000   7.7941277e-06
      10.0000   7.8016519e-06
      11.0000   7.7976210e-06
      12.0000   7.7737996e-06
      13.0000   7.7317154e-06
      14.0000   7.6898596e-06
      15.0000   7.6809038e-06
      16.0000   7.7355598e-06
      17.0000   7.8586754e-06
      18.0000   8.0349510e-06
      19.0000   8.2526240e-06
      20.0000   8.5123593e-06
      21.0000   8.8236757e-06
      22.0000   9.1982774e-06
      23.0000   9.6342919e-06
      24.0000   1.0116684e-05
      25.0000   1.0627519e-05
      26.0000   1.1145010e-05
      27.0000   1.1645930e-05
      28.0000   1.2113102e-05
      29.0000   1.2537966e-05
      30.0000   1.2910865e-05
      31.0000   1.3214423e-05
      32.0000   1.3430182e-05
      33.0000   1.3558304e-05
      34.0000   1.3631100e-05
      35.0000   1.3679190e-05
      36.0000   1.3708143e-05
      37.0000   1.3710102e-05
      38.0000   1.3673068e-05
      39.0000   1.3603693e-05
      40.0000   1.3527044e-05
      41.0000   1.3473261e-05
      42.0000   1.3474796e-05
      43.0000   1.3560209e-05
      44.0000   1.3754737e-05
      45.0000   1.4076936e-05
      46.0000   1.4524448e-05
      47.0000   1.5062128e-05
      48.0000   1.5635629e-05
      49.0000   1.6188951e-05
      50.0000   1.6678601e-05
      51.0000   1.7101884e-05
      52.0000   1.7508475e-05
      53.0000   1.7983359e-05
      54.0000   1.8608731e-05
      55.0000   1.9409945e-05
      56.0000   2.0339599e-05
      57.0000   2.1299413e-05
      58.0000   2.2158105e-05
      59.0000   2.2809902e-05
      60.0000   2.3243098e-05
      61.0000   2.3533663e-05
      62.0000   2.3779887e-05
      63.0000   2.4021105e-05
      64.0000   2.4216211e-05
      65.0000   2.4333474e-05
      66.0000   2.4393503e-05
      67.0000   2.4420386e-05
      68.0000   2.4426474e-05
      69.0000   2.4458303e-05
      70.0000   2.4595007e-05
      71.0000   2.4872887e-05
      72.0000   2.5268253e-05
      73.0000   2.5744821e-05
      74.0000   2.6297897e-05
      75.0000   2.6920499e-05
      76.0000   2.7557164e-05
      77.0000   2.8150642e-05
      78.0000   2.8741892e-05
      79.0000   2.9490333e-05
      80.0000   3.0556857e-05
      81.0000   3.2007316e-05
      82.0000   3.3851113e-05
      83.0000   3.6064386e-05
      84.0000   3.8548798e-05
      85.0000   4.1170126e-05
      86.0000   4.3860873e-05
      87.0000   4.6637415e-05
      88.0000   4.9521605e-05
      89.0000   5.2490959e-05
      90.0000   5.5518412e-05
      91.0000   5.8593872e-05
      92.0000   6.1689498e-05
      93.0000   6.4853273e-05
      94.0000   6.8262991e-05
      95.0000   7.2081042e-05
      96.0000   7.6272474e-05
      97.0000   8.0635771e-05
      98.0000   8.5048203e-05
      99.0000   8.9646084e-05
      100.000   9.4854375e-05
      101.000   0.00010121928
      102.000   0.00010909687
      103.000   0.00011857711
      104.000   0.00012964621
      105.000   0.00014241725
      106.000   0.00015724683
      107.000   0.00017442922
      108.000   0.00019376783
      109.000   0.00021489721
      110.000   0.00023771900
      111.000   0.00026173741
      112.000   0.00028544161
      113.000   0.00030707472
      114.000   0.00032550393
      115.000   0.00034074520
      116.000   0.00035436236
      117.000   0.00036872140
      118.000   0.00038517662
      119.000   0.00040299911
      120.000   0.00042100166
      121.000   0.00044017550
      122.000   0.00046396945
      123.000   0.00049645558
      124.000   0.00053996069
      125.000   0.00059366535
      126.000   0.00065595389
      127.000   0.00072725420
      128.000   0.00080890377
      129.000   0.00089957402
      130.000   0.00099471293
      131.000    0.0010914705
      132.000    0.0011940987
      133.000    0.0013098775
      134.000    0.0014368661
      135.000    0.0015596113
      136.000    0.0016609302
      137.000    0.0017378011
      138.000    0.0018047969
      139.000    0.0018836376
      140.000    0.0019914093
      141.000    0.0021422594
      142.000    0.0023422008
      143.000    0.0025765267
      144.000    0.0028254816
      145.000    0.0031024443
      146.000    0.0034726022
      147.000    0.0040119775
      148.000    0.0047401204
      149.000    0.0056120600
      150.000    0.0065992312
      151.000    0.0077978261
      152.000    0.0094635384
      153.000     0.011998579
      154.000     0.015948830
      155.000     0.021858048
      156.000     0.030064711
      157.000     0.040869627
      158.000     0.054711558
      159.000     0.071227208
      160.000     0.087540410
      161.000     0.098024406
      162.000     0.097572275
      163.000     0.086145088
      164.000     0.068813488
      165.000     0.051409997
      166.000     0.037246805
      167.000     0.026912682
      168.000     0.019660916
      169.000     0.014596792
      170.000     0.011070086
      171.000    0.0086288899
      172.000    0.0069257957
      173.000    0.0057085762
      174.000    0.0048151510
      175.000    0.0041440208
      176.000    0.0036239172
      177.000    0.0031996830
      178.000    0.0028397888
      179.000    0.0025412606
      180.000    0.0023130751
      181.000    0.0021481232
      182.000    0.0020171818
      183.000    0.0018922705
      184.000    0.0017614891
      185.000    0.0016203206
      186.000    0.0014652096
      187.000    0.0012976493
      188.000    0.0011313627
      189.000   0.00098803395
      190.000   0.00087864674
      191.000   0.00079523021
      192.000   0.00072207412
      193.000   0.00064895855
      194.000   0.00057454425
      195.000   0.00050268031
      196.000   0.00043871600
      197.000   0.00038695912
      198.000   0.00034811048
      199.000   0.00031903465
      200.000   0.00029514552
      201.000   0.00027336995
      202.000   0.00025265501
      203.000   0.00023277292
      204.000   0.00021367580
      205.000   0.00019560245
      206.000   0.00017897373
      207.000   0.00016376871
      208.000   0.00014956194
      209.000   0.00013618900
      210.000   0.00012386427
      211.000   0.00011275982
      212.000   0.00010296307
      213.000   9.4529692e-05
      214.000   8.7426284e-05
      215.000   8.1596045e-05
      216.000   7.6905068e-05
      217.000   7.3143194e-05
      218.000   7.0200622e-05
      219.000   6.8085203e-05
      220.000   6.6683257e-05
      221.000   6.5605767e-05
      222.000   6.4341802e-05
      223.000   6.2637388e-05
      224.000   6.0610226e-05
      225.000   5.8496746e-05
      226.000   5.6502082e-05
      227.000   5.4767970e-05
      228.000   5.3250835e-05
      229.000   5.1732044e-05
      230.000   5.0037826e-05
      231.000   4.8128324e-05
      232.000   4.6041219e-05
      233.000   4.3896322e-05
      234.000   4.1858504e-05
      235.000   4.0041137e-05
      236.000   3.8413327e-05
      237.000   3.6796780e-05
      238.000   3.5068664e-05
      239.000   3.3295681e-05
      240.000   3.1608844e-05
      241.000   3.0058021e-05
      242.000   2.8649341e-05
      243.000   2.7398873e-05
      244.000   2.6282569e-05
      245.000   2.5259475e-05
      246.000   2.4328232e-05
      247.000   2.3527566e-05
      248.000   2.2911297e-05
      249.000   2.2517916e-05
      250.000   2.2324564e-05
      251.000   2.2266560e-05
      252.000   2.2303155e-05
      253.000   2.2425133e-05
      254.000   2.2609202e-05
      255.000   2.2796432e-05
      256.000   2.2924674e-05
      257.000   2.2953160e-05
      258.000   2.2852071e-05
      259.000   2.2609760e-05
      260.000   2.2229398e-05
      261.000   2.1717733e-05
      262.000   2.1081007e-05
      263.000   2.0337255e-05
      264.000   1.9538216e-05
      265.000   1.8728093e-05
      266.000   1.7924889e-05
      267.000   1.7127773e-05
      268.000   1.6340342e-05
      269.000   1.5600684e-05
      270.000   1.4958142e-05
      271.000   1.4442807e-05
      272.000   1.4061548e-05
      273.000   1.3797514e-05
      274.000   1.3613396e-05
      275.000   1.3469774e-05
      276.000   1.3341734e-05
      277.000   1.3233988e-05
      278.000   1.3168938e-05
      279.000   1.3166507e-05
      280.000   1.3230862e-05
      281.000   1.3331710e-05
      282.000   1.3421881e-05
      283.000   1.3478769e-05
      284.000   1.3502070e-05
      285.000   1.3491997e-05
      286.000   1.3445469e-05
      287.000   1.3356484e-05
      288.000   1.3207136e-05
      289.000   1.2971565e-05
      290.000   1.2646856e-05
      291.000   1.2257212e-05
      292.000   1.1827959e-05
      293.000   1.1372086e-05
      294.000   1.0894642e-05
      295.000   1.0396175e-05
      296.000   9.8827468e-06
      297.000   9.3792805e-06
      298.000   8.9194373e-06
      299.000   8.5236125e-06
      300.000   8.1895314e-06
      301.000   7.9054407e-06
      302.000   7.6714941e-06
      303.000   7.5014564e-06
      304.000   7.3985670e-06
      305.000   7.3485521e-06
      306.000   7.3322785e-06
      307.000   7.3282581e-06
      308.000   7.3183523e-06
      309.000   7.2996372e-06
      310.000   7.2823477e-06
      311.000   7.2800458e-06
      312.000   7.2990865e-06
      313.000   7.3269293e-06
      314.000   7.3374836e-06
      315.000   7.3076708e-06
      316.000   7.2333000e-06
      317.000   7.1310310e-06
      318.000   7.0269948e-06
      319.000   6.9323860e-06
      320.000   6.8537333e-06
      321.000   6.7586648e-06
