H	H+	C+	C+2	C+3	N+	N+2	N+4	O	O+2	O+5	O+6	P+	Si+	Si+2	Si+3	Si+4	Fe+	Al+
1.65958e+17	8.78989e+20	6.22169e+15	8.41829e+17	6.01247e+17	7.11199e+14	1.52615e+17	1.10222e+17	1.31863e+12	1.77982e+18	4.35775e+17	1.83160e+17	7.86643e+12	9.49654e+14	1.09168e+16	6.36546e+16	8.91440e+16	8.60677e+11	3.23680e+13
1.65964e+17	8.31301e+20	6.36035e+15	8.25028e+17	5.73646e+17	7.23345e+14	1.50407e+17	1.02931e+17	1.37742e+12	1.71423e+18	3.90413e+17	1.55141e+17	8.01281e+12	9.71372e+14	1.08046e+16	6.07940e+16	8.58272e+16	8.93501e+11	3.32476e+13
1.65958e+17	7.85493e+20	6.50820e+15	8.08680e+17	5.46136e+17	7.36083e+14	1.48189e+17	9.57877e+16	1.44018e+12	1.65036e+18	3.47880e+17	1.30325e+17	8.15930e+12	9.92443e+14	1.06837e+16	5.80253e+16	8.26281e+16	9.28174e+11	3.41506e+13
1.65963e+17	7.41326e+20	6.65656e+15	7.92018e+17	5.18920e+17	7.48430e+14	1.45825e+17	8.87914e+16	1.50456e+12	1.58793e+18	3.08075e+17	1.08411e+17	8.29377e+12	1.01151e+15	1.05408e+16	5.53353e+16	7.95233e+16	9.62659e+11	3.50184e+13
1.65962e+17	6.99026e+20	6.81430e+15	7.75642e+17	4.91853e+17	7.61653e+14	1.43416e+17	8.20402e+16	1.57483e+12	1.52631e+18	2.71067e+17	8.92079e+16	8.42838e+12	1.03058e+15	1.03918e+16	5.27351e+16	7.65304e+16	9.99945e+11	3.59179e+13
1.65960e+17	6.58374e+20	6.97713e+15	7.59095e+17	4.64906e+17	7.74513e+14	1.40852e+17	7.55233e+16	1.64688e+12	1.46595e+18	2.36828e+17	7.25545e+16	8.55359e+12	1.04697e+15	1.02251e+16	5.02315e+16	7.36169e+16	1.03709e+12	3.67848e+13
1.65964e+17	6.19339e+20	7.14909e+15	7.42593e+17	4.37968e+17	7.87885e+14	1.38191e+17	6.92512e+16	1.72403e+12	1.40675e+18	2.05236e+17	5.82057e+16	8.67522e+12	1.06219e+15	1.00494e+16	4.78256e+16	7.07712e+16	1.07611e+12	3.76528e+13
1.65958e+17	5.81704e+20	7.32778e+15	7.25474e+17	4.10975e+17	8.00883e+14	1.35286e+17	6.32405e+16	1.80373e+12	1.34831e+18	1.76300e+17	4.60243e+16	8.78574e+12	1.07439e+15	9.85692e+15	4.55112e+16	6.79477e+16	1.11489e+12	3.84764e+13
1.65963e+17	5.45761e+20	7.51619e+15	7.08323e+17	3.84342e+17	8.14539e+14	1.32266e+17	5.75566e+16	1.89048e+12	1.29062e+18	1.49807e+17	3.56021e+16	8.89697e+12	1.08594e+15	9.65760e+15	4.33000e+16	6.52010e+16	1.15643e+12	3.93090e+13
1.65958e+17	5.11242e+20	7.70856e+15	6.90029e+17	3.57720e+17	8.27293e+14	1.28893e+17	5.22206e+16	1.97973e+12	1.23338e+18	1.26199e+17	2.72373e+16	8.99341e+12	1.09392e+15	9.43875e+15	4.11794e+16	6.24362e+16	1.19703e+12	4.00592e+13
1.65965e+17	4.78610e+20	7.91169e+15	6.71676e+17	3.31607e+17	8.41268e+14	1.25432e+17	4.72775e+16	2.07934e+12	1.17703e+18	1.05161e+17	2.04303e+16	9.09777e+12	1.10219e+15	9.22224e+15	3.91712e+16	5.97336e+16	1.24204e+12	4.08307e+13
1.65958e+17	4.47309e+20	8.12735e+15	6.52171e+17	3.05559e+17	8.54673e+14	1.21633e+17	4.27193e+16	2.18338e+12	1.12072e+18	8.66710e+16	1.51192e+16	9.19739e+12	1.10655e+15	8.99619e+15	3.72725e+16	5.69873e+16	1.28712e+12	4.15624e+13
1.65969e+17	4.17320e+20	8.35800e+15	6.31852e+17	2.79968e+17	8.69280e+14	1.17618e+17	3.84513e+16	2.30038e+12	1.06571e+18	7.01522e+16	1.09370e+16	9.30712e+12	1.11019e+15	8.77107e+15	3.54628e+16	5.42149e+16	1.33664e+12	4.22945e+13
1.65960e+17	3.88936e+20	8.58055e+15	6.09344e+17	2.55434e+17	8.81552e+14	1.13162e+17	3.46397e+16	2.41746e+12	1.01054e+18	5.66738e+16	7.96515e+15	9.41450e+12	1.10917e+15	8.52154e+15	3.37530e+16	5.13690e+16	1.38231e+12	4.28890e+13
1.65962e+17	3.61619e+20	8.81356e+15	5.85494e+17	2.31624e+17	8.93875e+14	1.08415e+17	3.11527e+16	2.54403e+12	9.55393e+17	4.52157e+16	5.70227e+15	9.53671e+12	1.10494e+15	8.26735e+15	3.21315e+16	4.84724e+16	1.42971e+12	4.34510e+13
1.65957e+17	3.36698e+20	9.01431e+15	5.61601e+17	2.10159e+17	9.07351e+14	1.03823e+17	2.79618e+16	2.69106e+12	9.04881e+17	3.58469e+16	4.06925e+15	9.66070e+12	1.10767e+15	8.01306e+15	3.05949e+16	4.56970e+16	1.48398e+12	4.38699e+13
1.65973e+17	3.10863e+20	9.24044e+15	5.33487e+17	1.88235e+17	9.20413e+14	9.83613e+16	2.49527e+16	2.84845e+12	8.49748e+17	2.80979e+16	2.87915e+15	9.83922e+12	1.09931e+15	7.74530e+15	2.90727e+16	4.25569e+16	1.53673e+12	4.42623e+13
1.65962e+17	2.89358e+20	9.41086e+15	5.08634e+17	1.70372e+17	9.34407e+14	9.37465e+16	2.23651e+16	3.02524e+12	8.04041e+17	2.22764e+16	2.07770e+15	1.00043e+13	1.10377e+15	7.50039e+15	2.77195e+16	3.98778e+16	1.59757e+12	4.45418e+13
1.65960e+17	2.68986e+20	9.53729e+15	4.82432e+17	1.54260e+17	9.49643e+14	8.89960e+16	2.00209e+16	3.23363e+12	7.58562e+17	1.79293e+16	1.54509e+15	1.02088e+13	1.11375e+15	7.25371e+15	2.63790e+16	3.71751e+16	1.66814e+12	4.47273e+13
1.65961e+17	2.50340e+20	9.63527e+15	4.56984e+17	1.39913e+17	9.65858e+14	8.44819e+16	1.79181e+16	3.46547e+12	7.16027e+17	1.46146e+16	1.17664e+15	1.04351e+13	1.12808e+15	7.02065e+15	2.51260e+16	3.46040e+16	1.74562e+12	4.48464e+13
1.65973e+17	2.32967e+20	9.69956e+15	4.32016e+17	1.27011e+17	9.83862e+14	8.01376e+16	1.59962e+16	3.73261e+12	6.75487e+17	1.19736e+16	9.05398e+14	1.06901e+13	1.14864e+15	6.79580e+15	2.39191e+16	3.21209e+16	1.83443e+12	4.48988e+13
1.65967e+17	2.16749e+20	9.72901e+15	4.07541e+17	1.15433e+17	1.00260e+15	7.59208e+16	1.42731e+16	4.03111e+12	6.36509e+17	9.87931e+15	7.05342e+14	1.09628e+13	1.17351e+15	6.57468e+15	2.27581e+16	2.97395e+16	1.93178e+12	4.48436e+13
1.65957e+17	2.01652e+20	9.73169e+15	3.84064e+17	1.04922e+17	1.02314e+15	7.19363e+16	1.26918e+16	4.37054e+12	5.99696e+17	8.14470e+15	5.49498e+14	1.12565e+13	1.20468e+15	6.36525e+15	2.16511e+16	2.74644e+16	2.04207e+12	4.47370e+13
1.65970e+17	1.88210e+20	9.72963e+15	3.62865e+17	9.56016e+16	1.04515e+15	6.83994e+16	1.12808e+16	4.74067e+12	5.67033e+17	6.72901e+15	4.29507e+14	1.15655e+13	1.23958e+15	6.17433e+15	2.06443e+16	2.54046e+16	2.16182e+12	4.46664e+13
1.65962e+17	1.75207e+20	9.69598e+15	3.41587e+17	8.69284e+16	1.06863e+15	6.48584e+16	9.98103e+15	5.16257e+12	5.34628e+17	5.55400e+15	3.36123e+14	1.18952e+13	1.27959e+15	5.98529e+15	1.96442e+16	2.33658e+16	2.29517e+12	4.44861e+13
1.65958e+17	1.63445e+20	9.64555e+15	3.21793e+17	7.93289e+16	1.09233e+15	6.15562e+16	8.86355e+15	5.62539e+12	5.04379e+17	4.62348e+15	2.65967e+14	1.22294e+13	1.32410e+15	5.80468e+15	1.87060e+16	2.15016e+16	2.44101e+12	4.43222e+13
1.65957e+17	1.52129e+20	9.56748e+15	3.02228e+17	7.22732e+16	1.11739e+15	5.82810e+16	7.84039e+15	6.15158e+12	4.74690e+17	3.84071e+15	2.10264e+14	1.25733e+13	1.37435e+15	5.62554e+15	1.77782e+16	1.96805e+16	2.60352e+12	4.40799e+13
1.65959e+17	1.41889e+20	9.48446e+15	2.84273e+17	6.59738e+16	1.14304e+15	5.52764e+16	6.94083e+15	6.72707e+12	4.47514e+17	3.19870e+15	1.66745e+14	1.29232e+13	1.42808e+15	5.45564e+15	1.69114e+16	1.80195e+16	2.78016e+12	4.38872e+13
1.65958e+17	1.32457e+20	9.38439e+15	2.67349e+17	6.03800e+16	1.16813e+15	5.24126e+16	6.15874e+15	7.35241e+12	4.21847e+17	2.67487e+15	1.32990e+14	1.32645e+13	1.48450e+15	5.28569e+15	1.60847e+16	1.64864e+16	2.96934e+12	4.36866e+13
1.65970e+17	1.23576e+20	9.26840e+15	2.51134e+17	5.52478e+16	1.19452e+15	4.96523e+16	5.45488e+15	8.06126e+12	3.97234e+17	2.23725e+15	1.06170e+14	1.36027e+13	1.54740e+15	5.11882e+15	1.52766e+16	1.50338e+16	3.18236e+12	4.35019e+13
1.65957e+17	1.15449e+20	9.14600e+15	2.36085e+17	5.06489e+16	1.22061e+15	4.70673e+16	4.83782e+15	8.83354e+12	3.74327e+17	1.87731e+15	8.51036e+13	1.39281e+13	1.61304e+15	4.95579e+15	1.45097e+16	1.37046e+16	3.41259e+12	4.33623e+13
1.65959e+17	1.07879e+20	9.02039e+15	2.21916e+17	4.64239e+16	1.24748e+15	4.46186e+16	4.28193e+15	9.68546e+12	3.52833e+17	1.57309e+15	6.81102e+13	1.42532e+13	1.68136e+15	4.79754e+15	1.37721e+16	1.24638e+16	3.66347e+12	4.32558e+13
1.65964e+17	1.00886e+20	8.89451e+15	2.08689e+17	4.25792e+16	1.27454e+15	4.23140e+16	3.78748e+15	1.06101e+13	3.32796e+17	1.31823e+15	5.45118e+13	1.45735e+13	1.75050e+15	4.64312e+15	1.30688e+16	1.13198e+16	3.93308e+12	4.31890e+13
1.65964e+17	9.45436e+19	8.77517e+15	1.96582e+17	3.91338e+16	1.30133e+15	4.01822e+16	3.35731e+15	1.15997e+13	3.14414e+17	1.10828e+15	4.37833e+13	1.48899e+13	1.81831e+15	4.49264e+15	1.24099e+16	1.02890e+16	4.22031e+12	4.31809e+13
1.65970e+17	8.84367e+19	8.63653e+15	1.84757e+17	3.59139e+16	1.32928e+15	3.80722e+16	2.96540e+15	1.27378e+13	2.96351e+17	9.29845e+14	3.51039e+13	1.51740e+13	1.89456e+15	4.33929e+15	1.17454e+16	9.30226e+15	4.54814e+12	4.32028e+13
1.65961e+17	8.27748e+19	8.49847e+15	1.73700e+17	3.29697e+16	1.35715e+15	3.60758e+16	2.61813e+15	1.39792e+13	2.79426e+17	7.80013e+14	2.81258e+13	1.54421e+13	1.97117e+15	4.18752e+15	1.11078e+16	8.39606e+15	4.90323e+12	4.32701e+13
1.65959e+17	7.75691e+19	8.37098e+15	1.63482e+17	3.02693e+16	1.38534e+15	3.42129e+16	2.31016e+15	1.53214e+13	2.63793e+17	6.53616e+14	2.24903e+13	1.57103e+13	2.04563e+15	4.04038e+15	1.05044e+16	7.56999e+15	5.28359e+12	4.33819e+13
1.65961e+17	7.27369e+19	8.23968e+15	1.53895e+17	2.78219e+16	1.41330e+15	3.24377e+16	2.04120e+15	1.67976e+13	2.49003e+17	5.49148e+14	1.80484e+13	1.59487e+13	2.12161e+15	3.89178e+15	9.92179e+15	6.81673e+15	5.70168e+12	4.35559e+13
1.65958e+17	6.81878e+19	8.10474e+15	1.44794e+17	2.55600e+16	1.44138e+15	3.07295e+16	1.80090e+15	1.84273e+13	2.34900e+17	4.60670e+14	1.44560e+13	1.61600e+13	2.19847e+15	3.74191e+15	9.35404e+15	6.11951e+15	6.16035e+12	4.37644e+13
1.65967e+17	6.39698e+19	7.97415e+15	1.36301e+17	2.34838e+16	1.46957e+15	2.91156e+16	1.58847e+15	2.02130e+13	2.21676e+17	3.86478e+14	1.15748e+13	1.63512e+13	2.27484e+15	3.59435e+15	8.80990e+15	5.48397e+15	6.66213e+12	4.40336e+13
1.65958e+17	6.00075e+19	7.84332e+15	1.28266e+17	2.15638e+16	1.49777e+15	2.75676e+16	1.39954e+15	2.21773e+13	2.09089e+17	3.23864e+14	9.25544e+12	1.65150e+13	2.35000e+15	3.44582e+15	8.28231e+15	4.90038e+15	7.21286e+12	4.43361e+13
1.65968e+17	5.63318e+19	7.71765e+15	1.20769e+17	1.98005e+16	1.52611e+15	2.61047e+16	1.23303e+15	2.43283e+13	1.97281e+17	2.71424e+14	7.40504e+12	1.66584e+13	2.42355e+15	3.29918e+15	7.77850e+15	4.37053e+15	7.81868e+12	4.46968e+13
1.65961e+17	5.29031e+19	7.59378e+15	1.13734e+17	1.81784e+16	1.55421e+15	2.47137e+16	1.08591e+15	2.66747e+13	1.86137e+17	2.27323e+14	5.92178e+12	1.67747e+13	2.49415e+15	3.15275e+15	7.29578e+15	3.88959e+15	8.47989e+12	4.50920e+13
1.65959e+17	4.97070e+19	7.47391e+15	1.07141e+17	1.66830e+16	1.58214e+15	2.33939e+16	9.55842e+14	2.92337e+13	1.75626e+17	1.90242e+14	4.73242e+12	1.68681e+13	2.56144e+15	3.00754e+15	6.83371e+15	3.45440e+15	9.20036e+12	4.55284e+13
1.65958e+17	4.67339e+19	7.35849e+15	1.00972e+17	1.53102e+16	1.61004e+15	2.21422e+16	8.41731e+14	3.20351e+13	1.65704e+17	1.59346e+14	3.78828e+12	1.69361e+13	2.62483e+15	2.86407e+15	6.39263e+15	3.06292e+15	9.98767e+12	4.59978e+13
1.65968e+17	4.39820e+19	7.25067e+15	9.52384e+16	1.40478e+16	1.63766e+15	2.09659e+16	7.41332e+14	3.50685e+13	1.56420e+17	1.33474e+14	3.03309e+12	1.69869e+13	2.68346e+15	2.72425e+15	5.97498e+15	2.71253e+15	1.08407e+13	4.65099e+13
1.65958e+17	4.13645e+19	7.14024e+15	8.97530e+16	1.28700e+16	1.66497e+15	1.98272e+16	6.51245e+14	3.83904e+13	1.47484e+17	1.11388e+14	2.41867e+12	1.70057e+13	2.73766e+15	2.58354e+15	5.57016e+15	2.39195e+15	1.17718e+13	4.70281e+13
1.65960e+17	3.89449e+19	7.03663e+15	8.46556e+16	1.17950e+16	1.69180e+15	1.87570e+16	5.72775e+14	4.19756e+13	1.39115e+17	9.30690e+13	1.93216e+12	1.70048e+13	2.78572e+15	2.44604e+15	5.18877e+15	2.10874e+15	1.27791e+13	4.75811e+13
1.65958e+17	3.66652e+19	6.93560e+15	7.98308e+16	1.07950e+16	1.71841e+15	1.77329e+16	5.02967e+14	4.58882e+13	1.31133e+17	7.75914e+13	1.54023e+12	1.69803e+13	2.82825e+15	2.31066e+15	4.82380e+15	1.85307e+15	1.38772e+13	4.81463e+13
1.65958e+17	3.45365e+19	6.83951e+15	7.53050e+16	9.87256e+15	1.74463e+15	1.67621e+16	4.41506e+14	5.01271e+13	1.23589e+17	6.46396e+13	1.22725e+12	1.69363e+13	2.86446e+15	2.17872e+15	4.47840e+15	1.62540e+15	1.50684e+13	4.87273e+13
1.65966e+17	3.25506e+19	6.74793e+15	7.10627e+16	9.02424e+15	1.77046e+15	1.58430e+16	3.87506e+14	5.47089e+13	1.16466e+17	5.38232e+13	9.77795e+11	1.68738e+13	2.89428e+15	2.05046e+15	4.15267e+15	1.42345e+15	1.63595e+13	4.93239e+13
1.65961e+17	3.06907e+19	6.66037e+15	6.70712e+16	8.24092e+15	1.79563e+15	1.49698e+16	3.39944e+14	5.96516e+13	1.09714e+17	4.47774e+13	7.78660e+11	1.67922e+13	2.91711e+15	1.92603e+15	3.84516e+15	1.24425e+15	1.77557e+13	4.99215e+13
1.65958e+17	2.89501e+19	6.57745e+15	6.33186e+16	7.51814e+15	1.82033e+15	1.41415e+16	2.98066e+14	6.49851e+13	1.03321e+17	3.72151e+13	6.19710e+11	1.66945e+13	2.93317e+15	1.80586e+15	3.55572e+15	1.08563e+15	1.92674e+13	5.05209e+13
1.65958e+17	2.73163e+19	6.49702e+15	5.97795e+16	6.85218e+15	1.84435e+15	1.33532e+16	2.61174e+14	7.07334e+13	9.72537e+16	3.08901e+13	4.92765e+11	1.65776e+13	2.94255e+15	1.68964e+15	3.28327e+15	9.45340e+14	2.09029e+13	5.11177e+13
1.65965e+17	2.57949e+19	6.42224e+15	5.64688e+16	6.24095e+15	1.86785e+15	1.26100e+16	2.28868e+14	7.68970e+13	9.15413e+16	2.56354e+13	3.91964e+11	1.64500e+13	2.94536e+15	1.57882e+15	3.02925e+15	8.22398e+14	2.26672e+13	5.17133e+13
1.65963e+17	2.43733e+19	6.35024e+15	5.33598e+16	5.68160e+15	1.89048e+15	1.19065e+16	2.00569e+14	8.34750e+13	8.61477e+16	2.12654e+13	3.11812e+11	1.63074e+13	2.94165e+15	1.47281e+15	2.79246e+15	7.14784e+14	2.45632e+13	5.22967e+13
1.65959e+17	2.30282e+19	6.28177e+15	5.04053e+16	5.16094e+15	1.91240e+15	1.12332e+16	1.75462e+14	9.05690e+13	8.09926e+16	1.75977e+13	2.47544e+11	1.61506e+13	2.93122e+15	1.37122e+15	2.56939e+15	6.19418e+14	2.66172e+13	5.28583e+13
1.65960e+17	2.17862e+19	6.21717e+15	4.76630e+16	4.69161e+15	1.93358e+15	1.06038e+16	1.53734e+14	9.80669e+13	7.61872e+16	1.45827e+13	1.96943e+11	1.59853e+13	2.91557e+15	1.27557e+15	2.36464e+15	5.37379e+14	2.88135e+13	5.34153e+13
1.65965e+17	2.06211e+19	6.15564e+15	4.50776e+16	4.26120e+15	1.95388e+15	1.00066e+16	1.34668e+14	1.06058e+14	7.16391e+16	1.20763e+13	1.56683e+11	1.58085e+13	2.89425e+15	1.18483e+15	2.17426e+15	4.65840e+14	3.11763e+13	5.39566e+13
1.65961e+17	1.95219e+19	6.09735e+15	4.26280e+16	3.86264e+15	1.97327e+15	9.43767e+15	1.17795e+14	1.14581e+14	6.73124e+16	9.98129e+12	1.24468e+11	1.56231e+13	2.86740e+15	1.09909e+15	1.99658e+15	4.02836e+14	3.37160e+13	5.44602e+13
1.65959e+17	1.85034e+19	6.04161e+15	4.03459e+16	3.50417e+15	1.99175e+15	8.90439e+15	1.03190e+14	1.23543e+14	6.32724e+16	8.26014e+12	9.90831e+10	1.54305e+13	2.83646e+15	1.01881e+15	1.83402e+15	3.48916e+14	3.64248e+13	5.49497e+13
1.65966e+17	1.75343e+19	5.98851e+15	3.81654e+16	3.16974e+15	2.00925e+15	8.39261e+15	9.01710e+13	1.33133e+14	5.94013e+16	6.81462e+12	7.86633e+10	1.52288e+13	2.80055e+15	9.42888e+14	1.68154e+15	3.01118e+14	3.93465e+13	5.53997e+13
1.65961e+17	1.66250e+19	5.93762e+15	3.61096e+16	2.86468e+15	2.02556e+15	7.90791e+15	7.87750e+13	1.43242e+14	5.57470e+16	5.61903e+12	6.24612e+10	1.50199e+13	2.76054e+15	8.71829e+14	1.54093e+15	2.59731e+14	4.24666e+13	5.58128e+13
1.65960e+17	1.57705e+19	5.88809e+15	3.41685e+16	2.58670e+15	2.04074e+15	7.44815e+15	6.87857e+13	1.53902e+14	5.22938e+16	4.62857e+12	4.95784e+10	1.48036e+13	2.71708e+15	8.05259e+14	1.41119e+15	2.23863e+14	4.58019e+13	5.61936e+13
1.65959e+17	1.49677e+19	5.84051e+15	3.23360e+16	2.33332e+15	2.05470e+15	7.01251e+15	6.00378e+13	1.65114e+14	4.90345e+16	3.81017e+12	3.93547e+10	1.45818e+13	2.67049e+15	7.43198e+14	1.29174e+15	1.92838e+14	4.93616e+13	5.65373e+13
1.65964e+17	1.42123e+19	5.79430e+15	3.06039e+16	2.10260e+15	2.06745e+15	6.59924e+15	5.23730e+13	1.76902e+14	4.59555e+16	3.13349e+12	3.12319e+10	1.43544e+13	2.62120e+15	6.85339e+14	1.18177e+15	1.65996e+14	5.31611e+13	5.68427e+13
1.65961e+17	1.35015e+19	5.74910e+15	2.89670e+16	1.89303e+15	2.07878e+15	6.20751e+15	4.56651e+13	1.89225e+14	4.30511e+16	2.57502e+12	2.47839e+10	1.41221e+13	2.56957e+15	6.31535e+14	1.08072e+15	1.42835e+14	5.72013e+13	5.71084e+13
1.65959e+17	1.28334e+19	5.70515e+15	2.74213e+16	1.70294e+15	2.08880e+15	5.83663e+15	3.98022e+13	2.02100e+14	4.03150e+16	2.11472e+12	1.96695e+10	1.38863e+13	2.51613e+15	5.81637e+14	9.88042e+14	1.22877e+14	6.14956e+13	5.73318e+13
1.65959e+17	1.22030e+19	5.66172e+15	2.59570e+16	1.53037e+15	2.09734e+15	5.48452e+15	3.46653e+13	2.15531e+14	3.77315e+16	1.73477e+12	1.56042e+10	1.36461e+13	2.46103e+15	5.35298e+14	9.02868e+14	1.05641e+14	6.60584e+13	5.75139e+13
1.65963e+17	1.16086e+19	5.61905e+15	2.45709e+16	1.37393e+15	2.10446e+15	5.15059e+15	3.01726e+13	2.29536e+14	3.52945e+16	1.42180e+12	1.15922e+10	1.34028e+13	2.40466e+15	4.92387e+14	8.24763e+14	9.07779e+13	7.09037e+13	5.76504e+13
1.65960e+17	1.10491e+19	5.57662e+15	2.32611e+16	1.23283e+15	2.11001e+15	4.83465e+15	2.62527e+13	2.44032e+14	3.30034e+16	1.16464e+12	8.17708e+09	1.31571e+13	2.34752e+15	4.52732e+14	7.53300e+14	7.80145e+13	7.60252e+13	5.77466e+13
1.65959e+17	1.05229e+19	5.53466e+15	2.20250e+16	1.10577e+15	2.11419e+15	4.53605e+15	2.28351e+13	2.59038e+14	3.08518e+16	9.53508e+11	5.53760e+09	1.29102e+13	2.29009e+15	4.16139e+14	6.87992e+14	6.70653e+13	8.14424e+13	5.78067e+13
1.65959e+17	1.00253e+19	5.49230e+15	2.08526e+16	9.90952e+14	2.11672e+15	4.25266e+15	1.98459e+13	2.74565e+14	2.88226e+16	7.79745e+11	3.37498e+09	1.26605e+13	2.23220e+15	3.82277e+14	6.28100e+14	5.76331e+13	8.71680e+13	5.78242e+13
1.65959e+17	9.55517e+18	5.44996e+15	1.97418e+16	8.87338e+14	2.11765e+15	3.98420e+15	1.72355e+13	2.90587e+14	2.69129e+16	6.37061e+11	0	1.24097e+13	2.17418e+15	3.51033e+14	5.73285e+14	4.95237e+13	9.32082e+13	5.77991e+13
1.65965e+17	9.11113e+18	5.40770e+15	1.86899e+16	7.93964e+14	2.11701e+15	3.73008e+15	1.49577e+13	3.07094e+14	2.51173e+16	5.19992e+11	0	1.21585e+13	2.11632e+15	3.22233e+14	5.23154e+14	4.25530e+13	9.95735e+13	5.77338e+13
1.65962e+17	8.68990e+18	5.36435e+15	1.76903e+16	7.09787e+14	2.11450e+15	3.48888e+15	1.29682e+13	3.24057e+14	2.34243e+16	4.23905e+11	0	1.19051e+13	2.05848e+15	2.95620e+14	4.77208e+14	3.65500e+13	1.06267e+14	5.76229e+13
1.65960e+17	8.29182e+18	5.32070e+15	1.67439e+16	6.34155e+14	2.11037e+15	3.26087e+15	1.12354e+13	3.41440e+14	2.18349e+16	3.45272e+11	0	1.16520e+13	2.00118e+15	2.71125e+14	4.35235e+14	3.13993e+13	1.13292e+14	5.74740e+13
1.65960e+17	7.91688e+18	5.27698e+15	1.58511e+16	5.66525e+14	2.10476e+15	3.04615e+15	9.73088e+12	3.59192e+14	2.03482e+16	2.81135e+11	0	1.14011e+13	1.94486e+15	2.48646e+14	3.96996e+14	2.69960e+13	1.20649e+14	5.72961e+13
1.65960e+17	7.56026e+18	5.23189e+15	1.50017e+16	5.05638e+14	2.09730e+15	2.84241e+15	8.41722e+12	3.77354e+14	1.89465e+16	2.28532e+11	0	1.11490e+13	1.88899e+15	2.27866e+14	3.61931e+14	2.32010e+13	1.28354e+14	5.70769e+13
1.65959e+17	7.22209e+18	5.18610e+15	1.41958e+16	4.50969e+14	2.08808e+15	2.64986e+15	7.27419e+12	3.95868e+14	1.76303e+16	1.85577e+11	0	1.08978e+13	1.83387e+15	2.08751e+14	3.29885e+14	1.99393e+13	1.36399e+14	5.68199e+13
1.65960e+17	6.90115e+18	5.13945e+15	1.34310e+16	4.01921e+14	2.07712e+15	2.46793e+15	6.28016e+12	4.14719e+14	1.63941e+16	1.50519e+11	0	1.06475e+13	1.77958e+15	1.91162e+14	3.00599e+14	1.71353e+13	1.44786e+14	5.65253e+13
1.65960e+17	6.59644e+18	5.09179e+15	1.27054e+16	3.57984e+14	2.06442e+15	2.29618e+15	5.41651e+12	4.33860e+14	1.52340e+16	1.21938e+11	0	1.03986e+13	1.72622e+15	1.74980e+14	2.73838e+14	1.47273e+13	1.53506e+14	5.61955e+13
1.65960e+17	6.30611e+18	5.04278e+15	1.20150e+16	3.18537e+14	2.04984e+15	2.13380e+15	4.66548e+12	4.53287e+14	1.41433e+16	9.86279e+10	0	1.01502e+13	1.67364e+15	1.60069e+14	2.49345e+14	1.26523e+13	1.62555e+14	5.58269e+13
1.65959e+17	6.02951e+18	4.99227e+15	1.13585e+16	2.83197e+14	2.03342e+15	1.98046e+15	4.01334e+12	4.72966e+14	1.31185e+16	7.96455e+10	0	9.90266e+12	1.62195e+15	1.46334e+14	2.26938e+14	1.08673e+13	1.71922e+14	5.54220e+13
1.65959e+17	5.76642e+18	4.94063e+15	1.07356e+16	2.51606e+14	2.01527e+15	1.83609e+15	3.44840e+12	4.92842e+14	1.21584e+16	6.42321e+10	0	9.65721e+12	1.57133e+15	1.33711e+14	2.06477e+14	9.33395e+12	1.81587e+14	5.49860e+13
1.65959e+17	5.51584e+18	4.88763e+15	1.01439e+16	2.23378e+14	1.99538e+15	1.70020e+15	2.95924e+12	5.12886e+14	1.12586e+16	5.17251e+10	0	9.41369e+12	1.52175e+15	1.22105e+14	1.87783e+14	8.01624e+12	1.91531e+14	5.45191e+13
1.65959e+17	5.27699e+18	4.83328e+15	9.58201e+15	1.98163e+14	1.97376e+15	1.57242e+15	2.53627e+12	5.33061e+14	1.04158e+16	4.15930e+10	0	9.17230e+12	1.47323e+15	1.11444e+14	1.70713e+14	6.88398e+12	2.01725e+14	5.40204e+13
1.65959e+17	5.04861e+18	4.77704e+15	9.04726e+15	1.75628e+14	1.95034e+15	1.45213e+15	2.17024e+12	5.53359e+14	9.62497e+15	3.33766e+10	0	8.93226e+12	1.42565e+15	1.01622e+14	1.55095e+14	5.90909e+12	2.12145e+14	5.34893e+13
1.65959e+17	4.83064e+18	4.71934e+15	8.53935e+15	1.55530e+14	1.92525e+15	1.33928e+15	1.85450e+12	5.73717e+14	8.88521e+15	2.67406e+10	0	8.69463e+12	1.37913e+15	9.26057e+13	1.40839e+14	5.07153e+12	2.22747e+14	5.29282e+13
1.65959e+17	4.62230e+18	4.66001e+15	8.05666e+15	1.37611e+14	1.89850e+15	1.23346e+15	1.58231e+12	5.94107e+14	8.19311e+15	2.13848e+10	0	8.45927e+12	1.33364e+15	8.43237e+13	1.27822e+14	4.35157e+12	2.33489e+14	5.23377e+13
1.65959e+17	4.42303e+18	4.59899e+15	7.59798e+15	1.21648e+14	1.87015e+15	1.13436e+15	1.34799e+12	6.14493e+14	7.54608e+15	1.70693e+10	0	8.22629e+12	1.28918e+15	7.67196e+13	1.15939e+14	3.73279e+12	2.44321e+14	5.17188e+13
1.65959e+17	4.23236e+18	4.53627e+15	7.16222e+15	1.07440e+14	1.84025e+15	1.04169e+15	1.14656e+12	6.34838e+14	6.94171e+15	1.35982e+10	0	7.99584e+12	1.24574e+15	6.97418e+13	1.05096e+14	3.20113e+12	2.55188e+14	5.10724e+13
1.65959e+17	4.04981e+18	4.47186e+15	6.74833e+15	9.48046e+13	1.80886e+15	9.55155e+14	9.73672e+11	6.55106e+14	6.37773e+15	1.08113e+10	0	7.76807e+12	1.20334e+15	6.33427e+13	9.52046e+13	2.74481e+12	2.66027e+14	5.03999e+13
1.65959e+17	3.87491e+18	4.40575e+15	6.35522e+15	8.35757e+13	1.77607e+15	8.74464e+14	8.25472e+11	6.75264e+14	5.85183e+15	8.57758e+09	0	7.54304e+12	1.16194e+15	5.74769e+13	8.61846e+13	2.35323e+12	2.76770e+14	4.97020e+13
1.65959e+17	3.70731e+18	4.33797e+15	5.98207e+15	7.36078e+13	1.74196e+15	7.99360e+14	6.98670e+11	6.95272e+14	5.36208e+15	6.79104e+09	0	7.32095e+12	1.12156e+15	5.21050e+13	7.79648e+13	2.01735e+12	2.87344e+14	4.89800e+13
1.65959e+17	3.54664e+18	4.26858e+15	5.62795e+15	6.47668e+13	1.70662e+15	7.29570e+14	5.90350e+11	7.15099e+14	4.90649e+15	5.36502e+09	0	7.10191e+12	1.08218e+15	4.71892e+13	7.04779e+13	1.72927e+12	2.97672e+14	4.82353e+13
1.65959e+17	3.39256e+18	4.19763e+15	5.29206e+15	5.69332e+13	1.67016e+15	6.64835e+14	4.97983e+11	7.34707e+14	4.48325e+15	4.22920e+09	0	6.88608e+12	1.04381e+15	4.26950e+13	6.36629e+13	1.48225e+12	3.07672e+14	4.74693e+13
1.65959e+17	3.24479e+18	4.12522e+15	4.97366e+15	4.99997e+13	1.63268e+15	6.04907e+14	4.19367e+11	7.54059e+14	4.09064e+15	3.25070e+09	0	6.67362e+12	1.00644e+15	3.85909e+13	5.74647e+13	1.27052e+12	3.17261e+14	4.66835e+13
1.65959e+17	3.10298e+18	4.05138e+15	4.67186e+15	4.38668e+13	1.59429e+15	5.49509e+14	3.52549e+11	7.73132e+14	3.72679e+15	2.17917e+09	0	6.46457e+12	9.70046e+14	3.48449e+13	5.18287e+13	1.08900e+12	3.26356e+14	4.58788e+13
1.65960e+17	2.96732e+18	3.97672e+15	4.38663e+15	3.84568e+13	1.55527e+15	4.98521e+14	2.95979e+11	7.91849e+14	3.39111e+15	1.29000e+09	0	6.25991e+12	9.34750e+14	3.14399e+13	4.67207e+13	9.33754e+11	3.34880e+14	4.50599e+13
1.65959e+17	2.83679e+18	3.90043e+15	4.11619e+15	3.36766e+13	1.51545e+15	4.51492e+14	2.48007e+11	8.10253e+14	3.08033e+15	0	0	6.05827e+12	9.00338e+14	2.83319e+13	4.20751e+13	8.00492e+11	3.42744e+14	4.42228e+13
1.65960e+17	2.71155e+18	3.82310e+15	3.86039e+15	2.94625e+13	1.47509e+15	4.08283e+14	2.07470e+11	8.28284e+14	2.79378e+15	0	0	5.86052e+12	8.66903e+14	2.55057e+13	3.78623e+13	6.86341e+11	3.49882e+14	4.33721e+13
1.65959e+17	2.59123e+18	3.74469e+15	3.61840e+15	2.57494e+13	1.43425e+15	3.68629e+14	1.73257e+11	8.45926e+14	2.52974e+15	0	0	5.66648e+12	8.34399e+14	2.29359e+13	3.40421e+13	5.88497e+11	3.56221e+14	4.25080e+13
1.65960e+17	2.47597e+18	3.66576e+15	3.39006e+15	2.24857e+13	1.39322e+15	3.32383e+14	1.44484e+11	8.63122e+14	2.28749e+15	0	0	5.47694e+12	8.02913e+14	2.06083e+13	3.05879e+13	5.04798e+11	3.61711e+14	4.16353e+13
1.65960e+17	2.36556e+18	3.58640e+15	3.17474e+15	1.96201e+13	1.35209e+15	2.99313e+14	1.20327e+11	8.79848e+14	2.06556e+15	0	0	5.29191e+12	7.72428e+14	1.85021e+13	2.74671e+13	4.33192e+11	3.66306e+14	4.07554e+13
1.65959e+17	2.25957e+18	3.50645e+15	2.97155e+15	1.71040e+13	1.31088e+15	2.69151e+14	1.00056e+11	8.96116e+14	1.86223e+15	0	0	5.11100e+12	7.42869e+14	1.65947e+13	2.46455e+13	3.71841e+11	3.69961e+14	3.98681e+13
1.65959e+17	2.15808e+18	3.42641e+15	2.78023e+15	1.48995e+13	1.26982e+15	2.41739e+14	8.30975e+10	9.11873e+14	1.67667e+15	0	0	4.93481e+12	7.14296e+14	1.48732e+13	2.21011e+13	3.19357e+11	3.72663e+14	3.89772e+13
1.65959e+17	2.06086e+18	3.34634e+15	2.60012e+15	1.29693e+13	1.22899e+15	2.16860e+14	6.89280e+10	9.27114e+14	1.50750e+15	0	0	4.76323e+12	6.86679e+14	1.33202e+13	1.98073e+13	2.74428e+11	3.74402e+14	3.80841e+13
1.65960e+17	1.96779e+18	3.26646e+15	2.43072e+15	1.12812e+13	1.18852e+15	1.94325e+14	5.71098e+10	9.41819e+14	1.35363e+15	0	0	4.59641e+12	6.60016e+14	1.19214e+13	1.77420e+13	2.35969e+11	3.75183e+14	3.71909e+13
1.65960e+17	1.87877e+18	3.18695e+15	2.27161e+15	9.80703e+12	1.14853e+15	1.73959e+14	4.72726e+10	9.55970e+14	1.21398e+15	0	0	4.43449e+12	6.34311e+14	1.06635e+13	1.58849e+13	2.03054e+11	3.75026e+14	3.62999e+13
1.65959e+17	1.79347e+18	3.10771e+15	2.12204e+15	8.51951e+12	1.10901e+15	1.55559e+14	3.90861e+10	9.69586e+14	1.08724e+15	0	0	4.27708e+12	6.09495e+14	9.53151e+12	1.42139e+13	1.74837e+11	3.73944e+14	3.54109e+13
1.65959e+17	1.71204e+18	3.02934e+15	1.98182e+15	7.39777e+12	1.07021e+15	1.38998e+14	3.22957e+10	9.82610e+14	9.72758e+14	0	0	4.12483e+12	5.85637e+14	8.51691e+12	1.27152e+13	1.50691e+11	3.72002e+14	3.45288e+13
1.65959e+17	1.63388e+18	2.95124e+15	1.85001e+15	6.41872e+12	1.03194e+15	1.24059e+14	2.66524e+10	9.95123e+14	8.69013e+14	0	0	3.97674e+12	5.62587e+14	7.60399e+12	1.13667e+13	1.29942e+11	3.69204e+14	3.36501e+13
1.65959e+17	1.55938e+18	2.87431e+15	1.72668e+15	5.56774e+12	9.94550e+14	1.10663e+14	2.19862e+10	1.00703e+15	7.75674e+14	0	0	3.83389e+12	5.40476e+14	6.78784e+12	1.01599e+13	1.12181e+11	3.65657e+14	3.27818e+13
1.65959e+17	1.48828e+18	2.79849e+15	1.61130e+15	4.82827e+12	9.58040e+14	9.86550e+13	1.81291e+10	1.01836e+15	6.91734e+14	0	0	3.69599e+12	5.19254e+14	6.05803e+12	9.07973e+12	9.69528e+10	3.61415e+14	3.19243e+13
1.65959e+17	1.42046e+18	2.72393e+15	1.50336e+15	4.18590e+12	9.22456e+14	8.79042e+13	1.49430e+10	1.02910e+15	6.16361e+14	0	0	3.56301e+12	4.98900e+14	5.40587e+12	8.11330e+12	8.38862e+10	3.56547e+14	3.10790e+13
1.65959e+17	1.35555e+18	2.65030e+15	1.40224e+15	3.62739e+12	8.87699e+14	7.82687e+13	1.23086e+10	1.03930e+15	5.48581e+14	0	0	3.43438e+12	4.79320e+14	4.82188e+12	7.24713e+12	7.26418e+10	3.51088e+14	3.02439e+13
1.65959e+17	1.29345e+18	2.57774e+15	1.30751e+15	3.14194e+12	8.53802e+14	6.96416e+13	1.01320e+10	1.04896e+15	4.87720e+14	0	0	3.31003e+12	4.60495e+14	4.29931e+12	6.47124e+12	6.29578e+10	3.45104e+14	2.94202e+13
1.65960e+17	1.23434e+18	2.50676e+15	1.21915e+15	2.72156e+12	8.20966e+14	6.19519e+13	8.34069e+09	1.05805e+15	4.33364e+14	0	0	3.19055e+12	4.42493e+14	3.83389e+12	5.77906e+12	5.46383e+10	3.38713e+14	2.86129e+13
1.65959e+17	1.17796e+18	2.43722e+15	1.13664e+15	2.35724e+12	7.89134e+14	5.50939e+13	6.86528e+09	1.06658e+15	3.84794e+14	0	0	3.07556e+12	4.25254e+14	3.41884e+12	5.16091e+12	4.74743e+10	3.31963e+14	2.78211e+13
1.65959e+17	1.12416e+18	2.36914e+15	1.05955e+15	2.04143e+12	7.58288e+14	4.89789e+13	5.64989e+09	1.07458e+15	3.41419e+14	0	0	2.96488e+12	4.08738e+14	3.04865e+12	4.60873e+12	4.12958e+10	3.24912e+14	2.70450e+13
1.65959e+17	1.07290e+18	2.30263e+15	9.87676e+14	1.76809e+12	7.28473e+14	4.35362e+13	4.65018e+09	1.08205e+15	3.02765e+14	0	0	2.85854e+12	3.92943e+14	2.71894e+12	4.11617e+12	3.59671e+10	3.17636e+14	2.62862e+13
1.65960e+17	1.02413e+18	2.23783e+15	9.20742e+14	1.53175e+12	6.99726e+14	3.86986e+13	3.82863e+09	1.08899e+15	2.68383e+14	0	0	2.75658e+12	3.77864e+14	2.42563e+12	3.67728e+12	3.13698e+10	3.10204e+14	2.55462e+13
1.65960e+17	9.77503e+17	2.17439e+15	8.58153e+14	1.32676e+12	6.71888e+14	3.43869e+13	3.15153e+09	1.09545e+15	2.37717e+14	0	0	2.65834e+12	3.63399e+14	2.16381e+12	3.28492e+12	2.73865e+10	3.02622e+14	2.48217e+13
1.65959e+17	9.33174e+17	2.11275e+15	7.99919e+14	1.14965e+12	6.45112e+14	3.05599e+13	2.59544e+09	1.10139e+15	2.10504e+14	0	0	2.56429e+12	3.49606e+14	1.93109e+12	2.93559e+12	2.39436e+10	2.94992e+14	2.41172e+13
1.65959e+17	8.90910e+17	2.05269e+15	7.45607e+14	9.96325e+11	6.19297e+14	2.71577e+13	2.13792e+09	1.10686e+15	1.86321e+14	0	0	2.47399e+12	3.36418e+14	1.72370e+12	2.62393e+12	2.09586e+10	2.87329e+14	2.34306e+13
1.65959e+17	8.50692e+17	1.99436e+15	6.95047e+14	8.63775e+11	5.94478e+14	2.41379e+13	1.76188e+09	1.11184e+15	1.64876e+14	0	0	2.38751e+12	3.23836e+14	1.53888e+12	2.34627e+12	1.83706e+10	2.79690e+14	2.27636e+13
1.65959e+17	8.12524e+17	1.93790e+15	6.48103e+14	7.49380e+11	5.70696e+14	2.14629e+13	1.45325e+09	1.11635e+15	1.45909e+14	0	0	2.30494e+12	3.11865e+14	1.37466e+12	2.09933e+12	1.61278e+10	2.72133e+14	2.21177e+13
1.65959e+17	7.76080e+17	1.88292e+15	6.04279e+14	6.50232e+11	5.47773e+14	1.90837e+13	1.19891e+09	1.12042e+15	1.29063e+14	0	0	2.22562e+12	3.00408e+14	1.22820e+12	1.87877e+12	1.41741e+10	2.64632e+14	2.14892e+13
1.65959e+17	7.41371e+17	1.82956e+15	5.63468e+14	5.64443e+11	5.25750e+14	1.69716e+13	9.89593e+08	1.12407e+15	1.14139e+14	0	0	2.14964e+12	2.89473e+14	1.09777e+12	1.68209e+12	1.24731e+10	2.57237e+14	2.08795e+13
1.65959e+17	7.08307e+17	1.77780e+15	5.25462e+14	4.90201e+11	5.04593e+14	1.50968e+13	8.17284e+08	1.12730e+15	1.00923e+14	0	0	2.07687e+12	2.79034e+14	9.81660e+11	1.50668e+12	1.09902e+10	2.49966e+14	2.02884e+13
1.65960e+17	6.76757e+17	1.72753e+15	4.90003e+14	4.25843e+11	4.84246e+14	1.34303e+13	6.75194e+08	1.13011e+15	8.92103e+13	0	0	2.00706e+12	2.69053e+14	8.78141e+11	1.35001e+12	9.69440e+09	2.42825e+14	1.97148e+13
1.65959e+17	6.46842e+17	1.67905e+15	4.57138e+14	3.70317e+11	4.64806e+14	1.19560e+13	5.58506e+08	1.13253e+15	7.88836e+13	0	0	1.94055e+12	2.59572e+14	7.86217e+11	1.21070e+12	8.56552e+09	2.35878e+14	1.91620e+13
1.65960e+17	6.18381e+17	1.63214e+15	4.26570e+14	3.22257e+11	4.46176e+14	1.06479e+13	4.62368e+08	1.13459e+15	6.97563e+13	0	0	1.87696e+12	2.50536e+14	7.04375e+11	1.08647e+12	7.57840e+09	2.29110e+14	1.86280e+13
1.65959e+17	5.91253e+17	1.58671e+15	3.98098e+14	2.80598e+11	4.28295e+14	9.48597e+12	3.83024e+08	1.13628e+15	6.16806e+13	0	0	1.81608e+12	2.41910e+14	6.31406e+11	9.75506e+11	6.71323e+09	2.22518e+14	1.81114e+13
1.65959e+17	5.65392e+17	1.54271e+15	3.71568e+14	2.44469e+11	4.11133e+14	8.45356e+12	3.17510e+08	1.13761e+15	5.45374e+13	0	0	1.75777e+12	2.33672e+14	5.66336e+11	8.76369e+11	5.95403e+09	2.16107e+14	1.76120e+13
1.65959e+17	5.40773e+17	1.50019e+15	3.46886e+14	2.13156e+11	3.94689e+14	7.53696e+12	2.63427e+08	1.13862e+15	4.82267e+13	0	0	1.70204e+12	2.25819e+14	5.08340e+11	7.87851e+11	5.28761e+09	2.09893e+14	1.71300e+13
1.65960e+17	5.17312e+17	1.45905e+15	3.23902e+14	1.85988e+11	3.78918e+14	6.72248e+12	2.18728e+08	1.13930e+15	4.26483e+13	0	0	1.64872e+12	2.18325e+14	4.56592e+11	7.08734e+11	4.70159e+09	2.03873e+14	1.66648e+13
1.65960e+17	4.94943e+17	1.41926e+15	3.02480e+14	1.62391e+11	3.63792e+14	5.99824e+12	1.81743e+08	1.13965e+15	3.77174e+13	0	0	1.59768e+12	2.11170e+14	4.10388e+11	6.37963e+11	4.18549e+09	1.98045e+14	1.62157e+13
1.65959e+17	4.73717e+17	1.38096e+15	2.82616e+14	1.41961e+11	3.49351e+14	5.35630e+12	1.51219e+08	1.13971e+15	3.33740e+13	0	0	1.54906e+12	2.04371e+14	3.69257e+11	5.74842e+11	3.73183e+09	1.92438e+14	1.57844e+13
1.65960e+17	4.53531e+17	1.34403e+15	2.64159e+14	1.24231e+11	3.35536e+14	4.78613e+12	1.25963e+08	1.13951e+15	2.95406e+13	0	0	1.50267e+12	1.97897e+14	3.32553e+11	5.18422e+11	3.33195e+09	1.87040e+14	1.53696e+13
1.65960e+17	4.34232e+17	1.30824e+15	2.46914e+14	1.08777e+11	3.22251e+14	4.27772e+12	1.04981e+08	1.13902e+15	2.61454e+13	0	0	1.45816e+12	1.91700e+14	2.99665e+11	4.67792e+11	2.97793e+09	1.81816e+14	1.49687e+13
1.65960e+17	4.15858e+17	1.27371e+15	2.30869e+14	9.53394e+10	3.09532e+14	3.82556e+12	8.75834e+07	1.13827e+15	2.31479e+13	0	0	1.41564e+12	1.85793e+14	2.70270e+11	4.22464e+11	2.66498e+09	1.76790e+14	1.45830e+13
1.65960e+17	3.98364e+17	1.24040e+15	2.15940e+14	8.36484e+10	2.97355e+14	3.42327e+12	7.31469e+07	1.13726e+15	2.05013e+13	0	0	1.37503e+12	1.80162e+14	2.43983e+11	3.81861e+11	2.38803e+09	1.71957e+14	1.42122e+13
1.65960e+17	3.81702e+17	1.20827e+15	2.02043e+14	7.34658e+10	2.85694e+14	3.06508e+12	5.97686e+07	1.13602e+15	1.81637e+13	0	0	1.33624e+12	1.74793e+14	2.20452e+11	3.45459e+11	2.14257e+09	1.67313e+14	1.38556e+13
1.65959e+17	3.65784e+17	1.17718e+15	1.89073e+14	6.45757e+10	2.74491e+14	2.74549e+12	3.96283e+07	1.13455e+15	1.60944e+13	0	0	1.29906e+12	1.69658e+14	1.99335e+11	3.12747e+11	1.92444e+09	1.62838e+14	1.35118e+13
1.65959e+17	3.50678e+17	1.14732e+15	1.77037e+14	5.68405e+10	2.63805e+14	2.46139e+12	2.23648e+07	1.13285e+15	1.42720e+13	0	0	1.26369e+12	1.64779e+14	1.80461e+11	2.83454e+11	1.73111e+09	1.58559e+14	1.31828e+13
1.65959e+17	3.36255e+17	1.11845e+15	1.65809e+14	5.00782e+10	2.53546e+14	2.20772e+12	9.91704e+06	1.13096e+15	1.26587e+13	0	0	1.22982e+12	1.60116e+14	1.63505e+11	2.57104e+11	1.55894e+09	1.54445e+14	1.28659e+13
1.65959e+17	3.22507e+17	1.09060e+15	1.55349e+14	4.41690e+10	2.43716e+14	1.98140e+12	0	1.12888e+15	1.12325e+13	0	0	1.19745e+12	1.55666e+14	1.48282e+11	2.33415e+11	1.40563e+09	1.50498e+14	1.25616e+13
1.65959e+17	3.09394e+17	1.06372e+15	1.45597e+14	3.89984e+10	2.34291e+14	1.77929e+12	0	1.12661e+15	9.97086e+12	0	0	1.16650e+12	1.51417e+14	1.34599e+11	2.12093e+11	1.26889e+09	1.46710e+14	1.22690e+13
1.65959e+17	2.96897e+17	1.03779e+15	1.36512e+14	3.44732e+10	2.25261e+14	1.59881e+12	0	1.12417e+15	8.85533e+12	0	0	1.13693e+12	1.47362e+14	1.22299e+11	1.92899e+11	1.14686e+09	1.43081e+14	1.19882e+13
1.65959e+17	2.84967e+17	1.01275e+15	1.28036e+14	3.05054e+10	2.16597e+14	1.43742e+12	0	1.12157e+15	7.86768e+12	0	0	1.10864e+12	1.43487e+14	1.11223e+11	1.75594e+11	1.03774e+09	1.39598e+14	1.17182e+13
1.65960e+17	2.73600e+17	9.88607e+14	1.20139e+14	2.70273e+10	2.08300e+14	1.29318e+12	0	1.11882e+15	6.99419e+12	0	0	1.08162e+12	1.39791e+14	1.01254e+11	1.59997e+11	9.40168e+08	1.36263e+14	1.14593e+13
1.65959e+17	2.62754e+17	9.65296e+14	1.12773e+14	2.39733e+10	2.00340e+14	1.16411e+12	0	1.11593e+15	6.22061e+12	0	0	1.05577e+12	1.36260e+14	9.22657e+10	1.45918e+11	8.52755e+08	1.33067e+14	1.12106e+13
1.65960e+17	2.52449e+17	9.42902e+14	1.05927e+14	2.12954e+10	1.92746e+14	1.04881e+12	0	1.11290e+15	5.53751e+12	0	0	1.03117e+12	1.32901e+14	8.41758e+10	1.33228e+11	7.74527e+08	1.30019e+14	1.09730e+13
1.65959e+17	2.42502e+17	9.21017e+14	9.94715e+13	1.89238e+10	1.85370e+14	9.44876e+11	0	1.10976e+15	4.92730e+12	0	0	1.00736e+12	1.29654e+14	7.68222e+10	1.21686e+11	7.03881e+08	1.27064e+14	1.07422e+13
1.65960e+17	2.33052e+17	8.99988e+14	9.34716e+13	1.68414e+10	1.78331e+14	8.51974e+11	0	1.10650e+15	4.38841e+12	0	0	9.84703e+11	1.26566e+14	7.01960e+10	1.11270e+11	6.40548e+08	1.24248e+14	1.05217e+13
1.65960e+17	2.24058e+17	8.79742e+14	8.78864e+13	1.50089e+10	1.71601e+14	7.68798e+11	0	1.10315e+15	3.91153e+12	0	0	9.63098e+11	1.23623e+14	6.42124e+10	1.01854e+11	5.83647e+08	1.21559e+14	1.03108e+13
1.65959e+17	2.15412e+17	8.60045e+14	8.26363e+13	1.33854e+10	1.65099e+14	6.93873e+11	0	1.09967e+15	3.48659e+12	0	0	9.42281e+11	1.20789e+14	5.87746e+10	9.32904e+10	5.32215e+08	1.18965e+14	1.01070e+13
1.65959e+17	2.07214e+17	8.41152e+14	7.77648e+13	1.19574e+10	1.58908e+14	6.26885e+11	0	1.09613e+15	3.11139e+12	0	0	9.22512e+11	1.18099e+14	5.38682e+10	8.55525e+10	4.86005e+08	1.16500e+14	9.91275e+12
1.65959e+17	1.99332e+17	8.22767e+14	7.31837e+13	1.06895e+10	1.52923e+14	5.66472e+11	0	1.09252e+15	2.77661e+12	0	0	9.03466e+11	1.15508e+14	4.94011e+10	7.85036e+10	4.44149e+08	1.14123e+14	9.72516e+12
1.65959e+17	1.91814e+17	8.05022e+14	6.89083e+13	9.56839e+09	1.47191e+14	5.12229e+11	0	1.08884e+15	2.47970e+12	0	0	8.85269e+11	1.13033e+14	4.53511e+10	7.21055e+10	4.06358e+08	1.11850e+14	9.54543e+12
1.65959e+17	1.84662e+17	7.87935e+14	6.49265e+13	8.57737e+09	1.41715e+14	4.63568e+11	0	1.08509e+15	2.21674e+12	0	0	8.67928e+11	1.10674e+14	4.16813e+10	6.63004e+10	3.72240e+08	1.09683e+14	9.37369e+12
1.65959e+17	1.77805e+17	7.71357e+14	6.11905e+13	7.69630e+09	1.36442e+14	4.19688e+11	0	1.08129e+15	1.98233e+12	0	0	8.51276e+11	1.08409e+14	3.83371e+10	6.10079e+10	3.41290e+08	1.07601e+14	9.20838e+12
1.65959e+17	1.71261e+17	7.55339e+14	5.76997e+13	6.91445e+09	1.31389e+14	3.80215e+11	0	1.07745e+15	1.77403e+12	0	0	8.35358e+11	1.06244e+14	3.52964e+10	5.61906e+10	3.13249e+08	1.05610e+14	9.05000e+12
1.65959e+17	1.64977e+17	7.39764e+14	5.44181e+13	6.21748e+09	1.26517e+14	3.44564e+11	0	1.07357e+15	1.58809e+12	0	0	8.20045e+11	1.04161e+14	3.25197e+10	5.17891e+10	2.87747e+08	1.03694e+14	8.89733e+12
1.65960e+17	1.58976e+17	7.24705e+14	5.13487e+13	5.59748e+09	1.21846e+14	3.12448e+11	0	1.06966e+15	1.42265e+12	0	0	8.05401e+11	1.02167e+14	2.99894e+10	4.77752e+10	2.64590e+08	1.01862e+14	8.75102e+12
1.65960e+17	1.53213e+17	7.10052e+14	4.84622e+13	5.04379e+09	1.17342e+14	2.83421e+11	0	1.06572e+15	1.27487e+12	0	0	7.91311e+11	1.00249e+14	2.76759e+10	4.41026e+10	2.43494e+08	1.00099e+14	8.61002e+12
1.65959e+17	1.47710e+17	6.95879e+14	4.57619e+13	4.55042e+09	1.13028e+14	2.57257e+11	0	1.06175e+15	1.14335e+12	0	0	7.77837e+11	9.84130e+13	2.55649e+10	4.07488e+10	2.24305e+08	9.84126e+13	8.47489e+12
1.65959e+17	1.42427e+17	6.82093e+14	4.32221e+13	4.10900e+09	1.08872e+14	2.33592e+11	0	1.05777e+15	1.02581e+12	0	0	7.64881e+11	9.66465e+13	2.36320e+10	3.76761e+10	2.06793e+08	9.67918e+13	8.34479e+12
1.65959e+17	1.37317e+17	6.68571e+14	4.08160e+13	3.71218e+09	1.04835e+14	2.12096e+11	0	1.05376e+15	9.20199e+11	0	0	7.52322e+11	9.49334e+13	2.18543e+10	3.48497e+10	1.90749e+08	9.52214e+13	8.21854e+12
1.65960e+17	1.32513e+17	6.55696e+14	3.85974e+13	3.36059e+09	1.01032e+14	1.92861e+11	0	1.04979e+15	8.27088e+11	0	0	7.40514e+11	9.33197e+13	2.02412e+10	3.22814e+10	1.76217e+08	9.37440e+13	8.09953e+12
1.65960e+17	1.27870e+17	6.43076e+14	3.64960e+13	3.04393e+09	9.73462e+13	1.75375e+11	0	1.04580e+15	7.43388e+11	0	0	7.29078e+11	9.17556e+13	1.87556e+10	2.99158e+10	1.62880e+08	9.23140e+13	7.98417e+12
1.65959e+17	1.23424e+17	6.30819e+14	3.45227e+13	2.75997e+09	9.38062e+13	1.59560e+11	0	1.04182e+15	6.68603e+11	0	0	7.18110e+11	9.02536e+13	1.73931e+10	2.77449e+10	1.50681e+08	9.09429e+13	7.87338e+12
1.65959e+17	1.19147e+17	6.18864e+14	3.26619e+13	2.50446e+09	9.03954e+13	1.45212e+11	0	1.03782e+15	6.01578e+11	0	0	7.07545e+11	8.88047e+13	1.61396e+10	2.57469e+10	1.39492e+08	8.96226e+13	7.76654e+12
1.65960e+17	1.15077e+17	6.07325e+14	3.09242e+13	2.27564e+09	8.71431e+13	1.32265e+11	0	1.03386e+15	5.41883e+11	0	0	6.97483e+11	8.74221e+13	1.49915e+10	2.39155e+10	1.29266e+08	8.83653e+13	7.66462e+12
1.65959e+17	1.11177e+17	5.96106e+14	2.92907e+13	2.06977e+09	8.40213e+13	1.20535e+11	0	1.02991e+15	4.88456e+11	0	0	6.87830e+11	8.60934e+13	1.39357e+10	2.22305e+10	1.19885e+08	8.71592e+13	7.56673e+12
1.65959e+17	1.07428e+17	5.85160e+14	2.77497e+13	1.88402e+09	8.10142e+13	1.09883e+11	0	1.02598e+15	4.40496e+11	0	0	6.78536e+11	8.48116e+13	1.29623e+10	2.06767e+10	1.11260e+08	8.59987e+13	7.47239e+12
1.65959e+17	1.03808e+17	5.74431e+14	2.62901e+13	1.71598e+09	7.81079e+13	1.00189e+11	0	1.02205e+15	3.97353e+11	0	0	6.69547e+11	8.35697e+13	1.20631e+10	1.92408e+10	1.03314e+08	8.48770e+13	7.38110e+12
1.65959e+17	1.00338e+17	5.63986e+14	2.49165e+13	1.56437e+09	7.53165e+13	9.13963e+10	0	1.01816e+15	3.58664e+11	0	0	6.60921e+11	8.23753e+13	1.12344e+10	1.79169e+10	9.60068e+07	8.38013e+13	7.29343e+12
1.65959e+17	9.70230e+16	5.53852e+14	2.36278e+13	1.42768e+09	7.26469e+13	8.34285e+10	0	1.01431e+15	3.24037e+11	0	0	6.52671e+11	8.12298e+13	1.04708e+10	1.66968e+10	8.92898e+07	8.27725e+13	7.20946e+12
1.65959e+17	9.38129e+16	5.43879e+14	2.24028e+13	1.30352e+09	7.00584e+13	7.61608e+10	0	1.01048e+15	2.92778e+11	0	0	6.44666e+11	8.01161e+13	9.76323e+09	1.55659e+10	8.30808e+07	8.17756e+13	7.12801e+12
1.65959e+17	9.07465e+16	5.34201e+14	2.12534e+13	1.19140e+09	6.75838e+13	6.95710e+10	0	1.00671e+15	2.64773e+11	0	0	6.37015e+11	7.90482e+13	9.11046e+09	1.45224e+10	7.73654e+07	8.08228e+13	7.05006e+12
1.65959e+17	8.77903e+16	5.24717e+14	2.01652e+13	1.08962e+09	6.51970e+13	6.35686e+10	0	1.00296e+15	2.39543e+11	0	0	6.29627e+11	7.80142e+13	8.50578e+09	1.35556e+10	7.20831e+07	7.99035e+13	6.97477e+12
1.65959e+17	8.49462e+16	5.15439e+14	1.91365e+13	9.97238e+08	6.28986e+13	5.81046e+10	0	9.99251e+14	2.16822e+11	0	0	6.22510e+11	7.70151e+13	7.94574e+09	1.26601e+10	6.72015e+07	7.90186e+13	6.90221e+12
1.65959e+17	8.22128e+16	5.06370e+14	1.81652e+13	9.13366e+08	6.06886e+13	5.31314e+10	0	9.95593e+14	1.96366e+11	0	0	6.15660e+11	7.60503e+13	7.42687e+09	1.18303e+10	6.26887e+07	7.81676e+13	6.83235e+12
1.65959e+17	7.95825e+16	4.97494e+14	1.72466e+13	8.37116e+08	5.85615e+13	4.86010e+10	0	9.91980e+14	1.77931e+11	0	0	6.09061e+11	7.51176e+13	6.94565e+09	1.10607e+10	5.85122e+07	7.73483e+13	6.76503e+12
1.65959e+17	7.70530e+16	4.88808e+14	1.63784e+13	7.67763e+08	5.65152e+13	4.44736e+10	0	9.88420e+14	1.61311e+11	0	0	6.02706e+11	7.42161e+13	6.49914e+09	1.03466e+10	5.46453e+07	7.65599e+13	6.70017e+12
1.65959e+17	7.46097e+16	4.80270e+14	1.55542e+13	7.04516e+08	5.45401e+13	4.07057e+10	0	9.84890e+14	1.46296e+11	0	0	5.96557e+11	7.33407e+13	6.08403e+09	9.68270e+09	5.10577e+07	7.57979e+13	6.63742e+12
1.65959e+17	7.22652e+16	4.71932e+14	1.47766e+13	6.46968e+08	5.26447e+13	3.72746e+10	0	9.81423e+14	1.32766e+11	0	0	5.90652e+11	7.24963e+13	5.69875e+09	9.06646e+09	4.77344e+07	7.50664e+13	6.57713e+12
1.65959e+17	6.99957e+16	4.63712e+14	1.40367e+13	5.94359e+08	5.08110e+13	3.41370e+10	0	9.78282e+14	1.20334e+11	0	0	5.84924e+11	7.16741e+13	5.33985e+09	8.49247e+09	4.46452e+07	7.43581e+13	6.51869e+12
1.65959e+17	6.78233e+16	4.55704e+14	1.33398e+13	5.46479e+08	4.90574e+13	3.12819e+10	0	9.75683e+14	1.08858e+11	0	0	5.79439e+11	7.08827e+13	5.00667e+09	7.95954e+09	4.17823e+07	7.36797e+13	6.46267e+12
1.65959e+17	6.57210e+16	4.47807e+14	1.26766e+13	5.02651e+08	4.73604e+13	2.86691e+10	0	9.73388e+14	9.83032e+10	0	0	5.74120e+11	7.01119e+13	4.69594e+09	7.46267e+09	3.91182e+07	7.30229e+13	6.40838e+12
1.65959e+17	6.36962e+16	4.40058e+14	1.20484e+13	4.62599e+08	4.57273e+13	2.62835e+10	0	9.71326e+14	8.86615e+10	0	0	5.68990e+11	6.93647e+13	4.40652e+09	6.99993e+09	3.66415e+07	7.23900e+13	6.35602e+12
1.65959e+17	6.17411e+16	4.32433e+14	1.14518e+13	4.25933e+08	4.41512e+13	2.41020e+10	0	9.69310e+14	7.99322e+10	0	0	5.64028e+11	6.86386e+13	4.13660e+09	6.56841e+09	3.43362e+07	7.17787e+13	6.30541e+12
1.65959e+17	5.98531e+16	4.24935e+14	1.08852e+13	3.92354e+08	4.26328e+13	2.21072e+10	0	9.67077e+14	7.21589e+10	0	0	5.59230e+11	6.79325e+13	3.88476e+09	6.16581e+09	3.21890e+07	7.11882e+13	6.25648e+12
1.65959e+17	5.80349e+16	4.17577e+14	1.03488e+13	3.61621e+08	4.11726e+13	2.02848e+10	0	9.64777e+14	6.51877e+10	0	0	5.54604e+11	6.72479e+13	3.64985e+09	5.79036e+09	3.01899e+07	7.06192e+13	6.20930e+12
1.65959e+17	5.62825e+16	4.10349e+14	9.84018e+12	3.33461e+08	3.97671e+13	1.86187e+10	0	9.62406e+14	5.89392e+10	0	0	5.50139e+11	6.65832e+13	3.43057e+09	5.43995e+09	2.83272e+07	7.00708e+13	6.16377e+12
1.65959e+17	5.45912e+16	4.03243e+14	9.35749e+12	3.07634e+08	3.84140e+13	1.70943e+10	0	9.60035e+14	5.33027e+10	0	0	5.45825e+11	6.59370e+13	3.22569e+09	5.11262e+09	2.65899e+07	6.95412e+13	6.11979e+12
1.65959e+17	5.29563e+16	3.96240e+14	8.89851e+12	2.83914e+08	3.71080e+13	1.56980e+10	0	9.57596e+14	4.82433e+10	0	0	5.41647e+11	6.53074e+13	3.03408e+09	4.80658e+09	2.49682e+07	6.90291e+13	6.07722e+12
1.65959e+17	5.13759e+16	3.89340e+14	8.46214e+12	2.62121e+08	3.58482e+13	1.44191e+10	0	9.55090e+14	4.37047e+10	0	0	5.37601e+11	6.46937e+13	2.85482e+09	4.52032e+09	2.34536e+07	6.85340e+13	6.03603e+12
1.65959e+17	4.98502e+16	3.82549e+14	8.04778e+12	2.42099e+08	3.46347e+13	1.32480e+10	0	9.52565e+14	3.96201e+10	0	0	5.33689e+11	6.40964e+13	2.68711e+09	4.25256e+09	2.20390e+07	6.80558e+13	5.99622e+12
1.65959e+17	4.83776e+16	3.75869e+14	7.65445e+12	2.23699e+08	3.34664e+13	1.21756e+10	0	9.49967e+14	3.59656e+10	0	0	5.29908e+11	6.35149e+13	2.53013e+09	4.00202e+09	2.07172e+07	6.75940e+13	5.95776e+12
1.65959e+17	4.69538e+16	3.69285e+14	7.28038e+12	2.06767e+08	3.23395e+13	1.11924e+10	0	9.47362e+14	3.26702e+10	0	0	5.26248e+11	6.29477e+13	2.38307e+09	3.76738e+09	1.94811e+07	6.71476e+13	5.92054e+12
1.65959e+17	4.55770e+16	3.62794e+14	6.92459e+12	1.91179e+08	3.12525e+13	1.02910e+10	0	9.44785e+14	2.96858e+10	0	0	5.22701e+11	6.23940e+13	2.24525e+09	3.54752e+09	1.83245e+07	6.67157e+13	5.88451e+12
1.65959e+17	4.42480e+16	3.56408e+14	6.58679e+12	1.76833e+08	3.02061e+13	9.46487e+09	0	9.42243e+14	2.69853e+10	0	0	5.19273e+11	6.18547e+13	2.11608e+09	3.34156e+09	1.72424e+07	6.62987e+13	5.84971e+12
1.65959e+17	4.29606e+16	3.50100e+14	6.26495e+12	1.63605e+08	2.91953e+13	8.70654e+09	0	9.39731e+14	2.45357e+10	0	0	5.15945e+11	6.13268e+13	1.99488e+09	3.14835e+09	1.62287e+07	6.58946e+13	5.81596e+12
1.65959e+17	4.17249e+16	3.43934e+14	5.96106e+12	1.51449e+08	2.82278e+13	8.01277e+09	0	9.37261e+14	2.23264e+10	0	0	5.12754e+11	6.08156e+13	1.88136e+09	2.96747e+09	1.52808e+07	6.55067e+13	5.78354e+12
1.65959e+17	4.05188e+16	3.37791e+14	5.66939e+12	1.40195e+08	2.72859e+13	7.37371e+09	0	9.34817e+14	2.03099e+10	0	0	5.09624e+11	6.03108e+13	1.77455e+09	2.79733e+09	1.43904e+07	6.51279e+13	5.75187e+12
1.65959e+17	3.93549e+16	3.31752e+14	5.39257e+12	1.29824e+08	2.63799e+13	6.78766e+09	0	9.32411e+14	1.84846e+10	0	0	5.06602e+11	5.98188e+13	1.67431e+09	2.63772e+09	1.35561e+07	6.47625e+13	5.72130e+12
1.65959e+17	3.82339e+16	3.25828e+14	5.13041e+12	1.20270e+08	2.55102e+13	6.25045e+09	0	9.30038e+14	1.68345e+10	0	0	5.03691e+11	5.93398e+13	1.58024e+09	2.48801e+09	1.27745e+07	6.44102e+13	5.69181e+12
1.65959e+17	3.71462e+16	3.19965e+14	4.88023e+12	1.11436e+08	2.46687e+13	5.75651e+09	0	9.27703e+14	1.53333e+10	0	0	5.00858e+11	5.88696e+13	1.49178e+09	2.34726e+09	1.20406e+07	6.40685e+13	5.66319e+12
1.65959e+17	3.60882e+16	3.14151e+14	4.64100e+12	1.03261e+08	2.38528e+13	5.30182e+09	0	9.25396e+14	1.39658e+10	0	0	4.98093e+11	5.84066e+13	1.40852e+09	2.21483e+09	1.13508e+07	6.37359e+13	5.63532e+12
1.65959e+17	3.50653e+16	3.08427e+14	4.41370e+12	9.57112e+07	2.30669e+13	4.88423e+09	0	9.23122e+14	1.27259e+10	0	0	4.95417e+11	5.79536e+13	1.33023e+09	2.09038e+09	1.07034e+07	6.34144e+13	5.60836e+12
1.65959e+17	3.40796e+16	3.02806e+14	4.19825e+12	8.87450e+07	2.23118e+13	4.50111e+09	0	9.20892e+14	1.16028e+10	0	0	4.92837e+11	5.75121e+13	1.25666e+09	1.97348e+09	1.00959e+07	6.31045e+13	5.58236e+12
1.65959e+17	3.31241e+16	2.97258e+14	3.99305e+12	8.23011e+07	2.15825e+13	4.14869e+09	0	9.18697e+14	1.05814e+10	0	0	4.90332e+11	5.70787e+13	1.18740e+09	1.86349e+09	9.52490e+06	6.28041e+13	5.55714e+12
1.65959e+17	3.22016e+16	2.91800e+14	3.79821e+12	7.63464e+07	2.08805e+13	3.82495e+09	0	9.16538e+14	9.65516e+09	0	0	4.87912e+11	5.66549e+13	1.12224e+09	1.76005e+09	8.98849e+06	6.25139e+13	5.53278e+12
1.65959e+17	3.12999e+16	2.86364e+14	3.61119e+12	7.08169e+07	2.01973e+13	3.52613e+09	0	9.14402e+14	8.80803e+09	0	0	4.85534e+11	5.62346e+13	1.06074e+09	1.66248e+09	8.48308e+06	6.22302e+13	5.50895e+12
1.65959e+17	3.04345e+16	2.81055e+14	3.43473e+12	0	1.95435e+13	3.25221e+09	0	9.12315e+14	8.04218e+09	0	0	4.83256e+11	5.58263e+13	1.00293e+09	1.57081e+09	8.00868e+06	6.19579e+13	5.48606e+12
1.65959e+17	2.95922e+16	2.75792e+14	3.26598e+12	0	1.89096e+13	2.99968e+09	0	9.10257e+14	7.34332e+09	0	0	4.81031e+11	5.54231e+13	9.48404e+08	1.48438e+09	0	6.16928e+13	5.46377e+12
1.65959e+17	2.87738e+16	2.70584e+14	3.10494e+12	0	1.82960e+13	2.76702e+09	0	9.08231e+14	6.70610e+09	0	0	4.78862e+11	5.50254e+13	8.96976e+08	1.40290e+09	0	6.14352e+13	5.44210e+12
1.65959e+17	2.79843e+16	2.65474e+14	2.95231e+12	0	1.77062e+13	2.55321e+09	0	9.06245e+14	6.12804e+09	0	0	4.76770e+11	5.46366e+13	8.48532e+08	1.32619e+09	0	6.11867e+13	5.42118e+12
1.65959e+17	2.72148e+16	2.60403e+14	2.80626e+12	0	1.71337e+13	2.35595e+09	0	9.04286e+14	5.59973e+09	0	0	4.74722e+11	5.42513e+13	8.02794e+08	1.25380e+09	0	6.09444e+13	5.40078e+12
1.65959e+17	2.64738e+16	2.55436e+14	2.66806e+12	0	1.65840e+13	2.17467e+09	0	9.02372e+14	5.12036e+09	0	0	4.72753e+11	5.38752e+13	7.59699e+08	1.18565e+09	0	6.07110e+13	5.38112e+12
1.65959e+17	2.57531e+16	2.50520e+14	2.53608e+12	0	1.60515e+13	2.00751e+09	0	9.00489e+14	4.68269e+09	0	0	4.70830e+11	5.35033e+13	7.19010e+08	1.12132e+09	0	6.04840e+13	5.36199e+12
1.65959e+17	2.50512e+16	2.45654e+14	2.41002e+12	0	1.55355e+13	1.85326e+09	0	8.98632e+14	4.28300e+09	0	0	4.68952e+11	5.31351e+13	6.80569e+08	1.06058e+09	0	6.02629e+13	5.34336e+12
1.65959e+17	2.43723e+16	2.40861e+14	2.29023e+12	0	1.50376e+13	1.71123e+09	0	8.96817e+14	3.91864e+09	0	0	4.67132e+11	5.27731e+13	6.44297e+08	1.00330e+09	0	6.00490e+13	5.32532e+12
1.65959e+17	2.37139e+16	2.36140e+14	2.17627e+12	0	1.45569e+13	1.58035e+09	0	8.95033e+14	3.58677e+09	0	0	4.65364e+11	5.24161e+13	6.10046e+08	9.49250e+08	0	5.98415e+13	5.30782e+12
1.65959e+17	2.30748e+16	2.31482e+14	2.06773e+12	0	1.40922e+13	1.45967e+09	0	8.93281e+14	3.28394e+09	0	0	4.63645e+11	5.20636e+13	5.77690e+08	8.98215e+08	0	5.96401e+13	5.29082e+12
1.65959e+17	2.24579e+16	2.26912e+14	1.96485e+12	0	1.36452e+13	1.34861e+09	0	8.91568e+14	3.00849e+09	0	0	4.61986e+11	5.17178e+13	5.47155e+08	8.50079e+08	0	5.94456e+13	5.27440e+12
1.65959e+17	2.18560e+16	2.22382e+14	1.86646e+12	0	1.32109e+13	1.24597e+09	0	8.89883e+14	2.75605e+09	0	0	4.60360e+11	5.13739e+13	5.18266e+08	8.04568e+08	0	5.92559e+13	5.25838e+12
1.65959e+17	2.12731e+16	2.17926e+14	1.77299e+12	0	1.27919e+13	1.15136e+09	0	8.88232e+14	2.52587e+09	0	0	4.58783e+11	5.10350e+13	4.90973e+08	7.61598e+08	0	5.90721e+13	5.24285e+12
1.65959e+17	2.07066e+16	2.13526e+14	1.68391e+12	0	1.23863e+13	1.06405e+09	0	8.86612e+14	2.31543e+09	0	0	4.57247e+11	5.06993e+13	4.65165e+08	7.20988e+08	0	5.88935e+13	5.22775e+12
1.65959e+17	2.01549e+16	2.09172e+14	1.59885e+12	0	1.19930e+13	9.83386e+08	0	8.85020e+14	2.12266e+09	0	0	4.55743e+11	5.03657e+13	4.40746e+08	6.82586e+08	0	5.87194e+13	5.21304e+12
1.65959e+17	1.96198e+16	2.04889e+14	1.51802e+12	0	1.16131e+13	9.08982e+08	0	8.83459e+14	1.94679e+09	0	0	4.54284e+11	5.00359e+13	4.17657e+08	6.46299e+08	0	5.85506e+13	5.19876e+12
1.65959e+17	1.91014e+16	2.00677e+14	1.44124e+12	0	1.12464e+13	8.40354e+08	0	8.81933e+14	1.78618e+09	0	0	4.52869e+11	4.97103e+13	3.95825e+08	6.12011e+08	0	5.83871e+13	5.18493e+12
1.65959e+17	1.85961e+16	1.96510e+14	1.36794e+12	0	1.08905e+13	7.76928e+08	0	8.80432e+14	1.63898e+09	0	0	4.51482e+11	4.93861e+13	3.75157e+08	5.79569e+08	0	5.82276e+13	5.17144e+12
1.65959e+17	1.81071e+16	1.92420e+14	1.29843e+12	0	1.05475e+13	7.18439e+08	0	8.78965e+14	1.50467e+09	0	0	4.50141e+11	4.90663e+13	3.55614e+08	5.48914e+08	0	5.80733e+13	5.15838e+12
1.65959e+17	1.76306e+16	1.88375e+14	1.23208e+12	0	1.02145e+13	6.64372e+08	0	8.77525e+14	1.38143e+09	0	0	4.48827e+11	4.87477e+13	3.37107e+08	5.19902e+08	0	5.79229e+13	5.14564e+12
1.65959e+17	1.71679e+16	1.84394e+14	1.16900e+12	0	9.89261e+12	6.14449e+08	0	8.76114e+14	1.26876e+09	0	0	4.47550e+11	4.84318e+13	3.19591e+08	4.92461e+08	0	5.77768e+13	5.13327e+12
1.65959e+17	1.67186e+16	1.80475e+14	1.10903e+12	0	9.58129e+12	5.68346e+08	0	8.74732e+14	1.16564e+09	0	0	4.46306e+11	4.81185e+13	3.03011e+08	4.66503e+08	0	5.76350e+13	5.12125e+12
1.65959e+17	1.62806e+16	1.76600e+14	1.05181e+12	0	9.27913e+12	5.25712e+08	0	8.73375e+14	1.07098e+09	0	0	4.45087e+11	4.78059e+13	2.87303e+08	4.41926e+08	0	5.74968e+13	5.10953e+12
1.65959e+17	1.58555e+16	1.72789e+14	9.97448e+11	0	8.98702e+12	4.86340e+08	0	8.72048e+14	9.84347e+08	0	0	4.43902e+11	4.74957e+13	2.72431e+08	4.18672e+08	0	5.73625e+13	5.09815e+12
1.65959e+17	1.54439e+16	1.69050e+14	9.45913e+11	0	8.70509e+12	4.49999e+08	0	8.70752e+14	9.05123e+08	0	0	4.42756e+11	4.71889e+13	2.58356e+08	3.96681e+08	0	5.72325e+13	5.08713e+12
1.65959e+17	1.50424e+16	1.65355e+14	8.96758e+11	0	8.43141e+12	4.16379e+08	0	8.69480e+14	8.32356e+08	0	0	4.41630e+11	4.68824e+13	2.45014e+08	3.75848e+08	0	5.71057e+13	5.07637e+12
1.65959e+17	1.46519e+16	1.61717e+14	8.50008e+11	0	8.16641e+12	3.85302e+08	0	8.68233e+14	7.65657e+08	0	0	4.40532e+11	4.65770e+13	2.32374e+08	3.56124e+08	0	5.69823e+13	5.06590e+12
1.65959e+17	1.42724e+16	1.58138e+14	8.05585e+11	0	7.90994e+12	3.56580e+08	0	8.67013e+14	7.04508e+08	0	0	4.39463e+11	4.62732e+13	2.20398e+08	3.37450e+08	0	5.68624e+13	5.05573e+12
1.65959e+17	1.39031e+16	1.54611e+14	7.63320e+11	0	7.66142e+12	3.30021e+08	0	8.65817e+14	6.48378e+08	0	0	4.38418e+11	4.59702e+13	2.09049e+08	3.19764e+08	0	5.67457e+13	5.04582e+12
1.65959e+17	1.35442e+16	1.51142e+14	7.23163e+11	0	7.42085e+12	3.05469e+08	0	8.64648e+14	5.96884e+08	0	0	4.37399e+11	4.56685e+13	1.98294e+08	3.03016e+08	0	5.66322e+13	5.03619e+12
1.65959e+17	1.31950e+16	1.47725e+14	6.84978e+11	0	7.18774e+12	2.82764e+08	0	8.63503e+14	5.49587e+08	0	0	4.36404e+11	4.53675e+13	1.88099e+08	2.87152e+08	0	5.65218e+13	5.02681e+12
1.65959e+17	1.28553e+16	1.44364e+14	6.48701e+11	0	6.96207e+12	2.61769e+08	0	8.62382e+14	5.06212e+08	0	0	4.35434e+11	4.50672e+13	1.78436e+08	2.72125e+08	0	5.64144e+13	5.01769e+12
1.65959e+17	1.25245e+16	1.41054e+14	6.14196e+11	0	6.74323e+12	2.42343e+08	0	8.61283e+14	4.66330e+08	0	0	4.34484e+11	4.47670e+13	1.69273e+08	2.57886e+08	0	5.63098e+13	5.00880e+12
1.65959e+17	1.22031e+16	1.37800e+14	5.81445e+11	0	6.53142e+12	2.24382e+08	0	8.60210e+14	4.29715e+08	0	0	4.33558e+11	4.44679e+13	1.60587e+08	2.44399e+08	0	5.62081e+13	5.00016e+12
1.65959e+17	1.18900e+16	1.34596e+14	5.50303e+11	0	6.32604e+12	2.07762e+08	0	8.59159e+14	3.96045e+08	0	0	4.32652e+11	4.41686e+13	1.52349e+08	2.31617e+08	0	5.61091e+13	4.99174e+12
1.65959e+17	1.15853e+16	1.31445e+14	5.20726e+11	0	6.12707e+12	1.92386e+08	0	8.58129e+14	3.65118e+08	0	0	4.31767e+11	4.38694e+13	1.44538e+08	2.19504e+08	0	5.60127e+13	4.98355e+12
1.65959e+17	1.12888e+16	1.28347e+14	4.92639e+11	0	5.93427e+12	1.78161e+08	0	8.57121e+14	3.36681e+08	0	0	4.30902e+11	4.35702e+13	1.37129e+08	2.08024e+08	0	5.59189e+13	4.97557e+12
1.65959e+17	1.10003e+16	1.25300e+14	4.65972e+11	0	5.74747e+12	1.64999e+08	0	8.56136e+14	3.10530e+08	0	0	4.30056e+11	4.32712e+13	1.30103e+08	1.97146e+08	0	5.58276e+13	4.96780e+12
1.65959e+17	1.07196e+16	1.22305e+14	4.40663e+11	0	5.56652e+12	1.52821e+08	0	8.55173e+14	2.86477e+08	0	0	4.29231e+11	4.29723e+13	1.23439e+08	1.86837e+08	0	5.57388e+13	4.96024e+12
1.65959e+17	1.04462e+16	1.19359e+14	4.16629e+11	0	5.39109e+12	1.41549e+08	0	8.54231e+14	2.64346e+08	0	0	4.28423e+11	4.26728e+13	1.17117e+08	1.77063e+08	0	5.56522e+13	4.95287e+12
1.65959e+17	1.01798e+16	1.16461e+14	3.93797e+11	0	5.22091e+12	1.31114e+08	0	8.53307e+14	2.43966e+08	0	0	4.27629e+11	4.23725e+13	1.11118e+08	1.67796e+08	0	5.55678e+13	4.94569e+12
1.65959e+17	9.91974e+15	1.13607e+14	3.72096e+11	0	5.05570e+12	1.21449e+08	0	8.52402e+14	2.25181e+08	0	0	4.26849e+11	4.20707e+13	1.05425e+08	1.59008e+08	0	5.54855e+13	4.93868e+12
1.65959e+17	9.66765e+15	1.10813e+14	3.51578e+11	0	4.89607e+12	1.12513e+08	0	8.51519e+14	2.07933e+08	0	0	4.26093e+11	4.17702e+13	1.00027e+08	1.50683e+08	0	5.54056e+13	4.93188e+12
1.65959e+17	9.42085e+15	1.08053e+14	3.32027e+11	0	4.74075e+12	1.04231e+08	0	8.50652e+14	1.91994e+08	0	0	4.25343e+11	4.14666e+13	9.49008e+07	1.42782e+08	0	5.53274e+13	4.92522e+12
1.65959e+17	9.18143e+15	1.05351e+14	3.13545e+11	0	4.59062e+12	9.65707e+07	0	8.49807e+14	1.77354e+08	0	0	4.24615e+11	4.11639e+13	9.00400e+07	1.35297e+08	0	5.52515e+13	4.91875e+12
1.65959e+17	8.94804e+15	1.02695e+14	2.96005e+11	0	4.44499e+12	8.94773e+07	0	8.48980e+14	1.63854e+08	0	0	4.23900e+11	4.08599e+13	8.54269e+07	1.28199e+08	0	5.51776e+13	4.91245e+12
1.65959e+17	8.72086e+15	1.00087e+14	2.79385e+11	0	4.30387e+12	8.29108e+07	0	8.48171e+14	1.51417e+08	0	0	4.23200e+11	4.05553e+13	8.10495e+07	1.21469e+08	0	5.51055e+13	4.90631e+12
1.65959e+17	8.49941e+15	9.75251e+13	2.63624e+11	0	4.16701e+12	7.68296e+07	0	8.47379e+14	1.39950e+08	0	0	4.22513e+11	4.02493e+13	7.68949e+07	1.15087e+08	0	5.50353e+13	4.90033e+12
1.65959e+17	8.28368e+15	9.50092e+13	2.48688e+11	0	4.03435e+12	7.11986e+07	0	8.46605e+14	1.29383e+08	0	0	4.21839e+11	3.99422e+13	7.29521e+07	1.09036e+08	0	5.49669e+13	4.89449e+12
1.65959e+17	8.07392e+15	9.25424e+13	2.34554e+11	0	3.90590e+12	6.59868e+07	0	8.45849e+14	1.19646e+08	0	0	4.21181e+11	3.96347e+13	6.92113e+07	1.03300e+08	0	5.49003e+13	4.88881e+12
1.65959e+17	7.86898e+15	9.01145e+13	2.21135e+11	0	3.78111e+12	6.11566e+07	0	8.45107e+14	1.10644e+08	0	0	4.20530e+11	3.93249e+13	6.56593e+07	9.78578e+07	0	5.48353e+13	4.88327e+12
1.65959e+17	7.66929e+15	8.77326e+13	2.08431e+11	0	3.66016e+12	5.66836e+07	0	8.44382e+14	1.02346e+08	0	0	4.19891e+11	3.90137e+13	6.22882e+07	9.26975e+07	0	5.47719e+13	4.87786e+12
1.65959e+17	7.47468e+15	8.53945e+13	1.96401e+11	0	3.54289e+12	5.25407e+07	0	8.43673e+14	9.46873e+07	0	0	4.19263e+11	3.87012e+13	5.90884e+07	8.78039e+07	0	5.47101e+13	4.87259e+12
1.65959e+17	7.28499e+15	8.30994e+13	1.85009e+11	0	3.42917e+12	4.87031e+07	0	8.42980e+14	8.76157e+07	0	0	4.18645e+11	3.83871e+13	5.60512e+07	8.31632e+07	0	5.46498e+13	4.86744e+12
1.65959e+17	7.10008e+15	8.08478e+13	1.74229e+11	0	3.31891e+12	4.51487e+07	0	8.42302e+14	8.10866e+07	0	0	4.18037e+11	3.80716e+13	5.31685e+07	7.87627e+07	0	5.45911e+13	4.86243e+12
1.65959e+17	6.91983e+15	7.86398e+13	1.64042e+11	0	3.21202e+12	4.18561e+07	0	8.41639e+14	7.50587e+07	0	0	4.17439e+11	3.77546e+13	5.04322e+07	7.45901e+07	0	5.45338e+13	4.85754e+12
1.65959e+17	6.74413e+15	7.64744e+13	1.54418e+11	0	3.10838e+12	3.88060e+07	0	8.40990e+14	6.94903e+07	0	0	4.16849e+11	3.74359e+13	4.78349e+07	7.06333e+07	0	5.44779e+13	4.85277e+12
1.65959e+17	6.57336e+15	7.43546e+13	1.45344e+11	0	3.00808e+12	3.59826e+07	0	8.40358e+14	6.43498e+07	0	0	4.16274e+11	3.71173e+13	4.53711e+07	6.68846e+07	0	5.44236e+13	4.84812e+12
1.65959e+17	6.40633e+15	7.22726e+13	1.36760e+11	0	2.91068e+12	3.33652e+07	0	8.39738e+14	5.95959e+07	0	0	4.15702e+11	3.67957e+13	4.30314e+07	6.33278e+07	0	5.43705e+13	4.84358e+12
1.65959e+17	6.24315e+15	7.02302e+13	1.28645e+11	0	2.81615e+12	3.09393e+07	0	8.39130e+14	5.52002e+07	0	0	4.15134e+11	3.64715e+13	4.08099e+07	5.99538e+07	0	5.43185e+13	4.83914e+12
1.65959e+17	6.08432e+15	6.82311e+13	1.20995e+11	0	2.72460e+12	2.86926e+07	0	8.38536e+14	5.11396e+07	0	0	4.14576e+11	3.61466e+13	3.87020e+07	5.67564e+07	0	5.42680e+13	4.83481e+12
1.65959e+17	5.92937e+15	6.62718e+13	1.13772e+11	0	2.63583e+12	2.66109e+07	0	8.37956e+14	4.73846e+07	0	0	4.14025e+11	3.58200e+13	3.67012e+07	5.37249e+07	0	5.42186e+13	4.83059e+12
1.65959e+17	5.77818e+15	6.43504e+13	1.06951e+11	0	2.54975e+12	2.46819e+07	0	8.37388e+14	4.39097e+07	0	0	4.13479e+11	3.54916e+13	3.48021e+07	5.08506e+07	0	5.41704e+13	4.82646e+12
1.65959e+17	5.63087e+15	6.24717e+13	1.00523e+11	0	2.46636e+12	2.28949e+07	0	8.36833e+14	4.06993e+07	0	0	4.12941e+11	3.51621e+13	3.30001e+07	4.81266e+07	0	5.41234e+13	4.82243e+12
1.65959e+17	5.48693e+15	6.06286e+13	9.44514e+10	0	2.38546e+12	2.12385e+07	0	8.36289e+14	3.77263e+07	0	0	4.12405e+11	3.48303e+13	3.12894e+07	4.55435e+07	0	5.40775e+13	4.81850e+12
1.65959e+17	5.34655e+15	5.88286e+13	8.87305e+10	0	2.30704e+12	1.97034e+07	0	8.35757e+14	3.49778e+07	0	0	4.11876e+11	3.44971e+13	2.96660e+07	4.30952e+07	0	5.40327e+13	4.81466e+12
1.65959e+17	5.20955e+15	5.70624e+13	8.33292e+10	0	2.23101e+12	1.82809e+07	0	8.35237e+14	3.24325e+07	0	0	4.11349e+11	3.41622e+13	2.81252e+07	4.07745e+07	0	5.39890e+13	4.81091e+12
1.65959e+17	5.07605e+15	5.53360e+13	7.82404e+10	0	2.15737e+12	1.69628e+07	0	8.34729e+14	3.00789e+07	0	0	4.10829e+11	3.38264e+13	2.66634e+07	3.85755e+07	0	5.39463e+13	4.80725e+12
1.65959e+17	4.94560e+15	5.36442e+13	7.34405e+10	0	2.08595e+12	1.57410e+07	0	8.34231e+14	2.78980e+07	0	0	4.10309e+11	3.34886e+13	2.52760e+07	3.64910e+07	0	5.39046e+13	4.80367e+12
1.65959e+17	4.81839e+15	5.19900e+13	6.89156e+10	0	2.01674e+12	1.46086e+07	0	8.33745e+14	2.58806e+07	0	0	4.09794e+11	3.31496e+13	2.39595e+07	3.45159e+07	0	5.38639e+13	4.80017e+12
1.65959e+17	4.69428e+15	5.03725e+13	6.46552e+10	0	1.94969e+12	1.35591e+07	0	8.33269e+14	2.40124e+07	0	0	4.09281e+11	3.28093e+13	2.27105e+07	3.26445e+07	0	5.38241e+13	4.79676e+12
1.65959e+17	4.57313e+15	4.87914e+13	6.06413e+10	0	1.88470e+12	1.25863e+07	0	8.32804e+14	2.22825e+07	0	0	4.08771e+11	3.24678e+13	2.15254e+07	3.08714e+07	0	5.37853e+13	4.79343e+12
1.65959e+17	4.45482e+15	4.72435e+13	5.68555e+10	0	1.82170e+12	1.16845e+07	0	8.32348e+14	2.06793e+07	0	0	4.08260e+11	3.21248e+13	2.04010e+07	2.91914e+07	0	5.37474e+13	4.79017e+12
1.65959e+17	4.33940e+15	4.57321e+13	5.32890e+10	0	1.76066e+12	1.08484e+07	0	8.31902e+14	1.91950e+07	0	0	4.07752e+11	3.17809e+13	1.93342e+07	2.75998e+07	0	5.37103e+13	4.78699e+12
1.65959e+17	4.22670e+15	4.42543e+13	4.99274e+10	0	1.70151e+12	1.00733e+07	0	8.31466e+14	1.78201e+07	0	0	4.07243e+11	3.14356e+13	1.83222e+07	2.60922e+07	0	5.36741e+13	4.78388e+12
1.65959e+17	4.11677e+15	4.28117e+13	4.67627e+10	0	1.64422e+12	9.35483e+06	0	8.31040e+14	1.65467e+07	0	0	4.06736e+11	3.10898e+13	1.73624e+07	2.46646e+07	0	5.36387e+13	4.78084e+12
1.65959e+17	4.00927e+15	4.14011e+13	4.37799e+10	0	1.58867e+12	8.68847e+06	0	8.30622e+14	1.53659e+07	0	0	4.06225e+11	3.07423e+13	1.64516e+07	2.33120e+07	0	5.36041e+13	4.77787e+12
1.65959e+17	3.90442e+15	4.00245e+13	4.09737e+10	0	1.53487e+12	8.07068e+06	0	8.30213e+14	1.42720e+07	0	0	4.05714e+11	3.03945e+13	1.55879e+07	2.20314e+07	0	5.35703e+13	4.77496e+12
1.65959e+17	3.80206e+15	3.86824e+13	3.83350e+10	0	1.48278e+12	7.49793e+06	0	8.29813e+14	1.32588e+07	0	0	4.05202e+11	3.00459e+13	1.47689e+07	2.08190e+07	0	5.35373e+13	4.77213e+12
1.65959e+17	3.70200e+15	3.73721e+13	3.58518e+10	0	1.43229e+12	6.96668e+06	0	8.29421e+14	1.23192e+07	0	0	4.04686e+11	2.96963e+13	1.39920e+07	1.96708e+07	0	5.35049e+13	4.76935e+12
1.65959e+17	3.60439e+15	3.60948e+13	3.35185e+10	0	1.38342e+12	6.47410e+06	0	8.29038e+14	1.14483e+07	0	0	4.04168e+11	2.93467e+13	1.32554e+07	1.85843e+07	0	5.34733e+13	4.76663e+12
1.65959e+17	3.50915e+15	3.48499e+13	3.13265e+10	0	1.33611e+12	6.01734e+06	0	8.28664e+14	1.06416e+07	0	0	4.03649e+11	2.89969e+13	1.25570e+07	1.75559e+07	0	5.34424e+13	4.76398e+12
