! -------------------------
   1472.4958496093750       0.98749291896820068        5.5326897650957108E-002   1.0000000000000000     
   1472.5324707031250        1.1146419048309326        5.8701008558273315E-002   1.0000000000000000     
   1472.5692138671875        1.0694499015808105        5.7593207806348801E-002   1.0000000000000000     
   1472.6058349609375       0.97418594360351562        5.5015340447425842E-002   1.0000000000000000     
   1472.6425781250000       0.92557430267333984        5.3638122975826263E-002   1.0000000000000000     
   1472.6793212890625       0.98782569169998169        5.5438809096813202E-002   1.0000000000000000     
   1472.7159423828125       0.94925117492675781        5.4561313241720200E-002   1.0000000000000000     
   1472.7526855468750       0.96636217832565308        5.4863668978214264E-002   1.0000000000000000     
   1472.7893066406250        1.0033129453659058        5.6011836975812912E-002   1.0000000000000000     
   1472.8260498046875       0.99335724115371704        5.5782768875360489E-002   1.0000000000000000     
   1472.8626708984375        1.0161573886871338        5.6847337633371353E-002   1.0000000000000000     
   1472.8994140625000       0.95167386531829834        5.4893281310796738E-002   1.0000000000000000     
   1472.9361572265625        1.0287339687347412        5.7002134621143341E-002   1.0000000000000000     
   1472.9727783203125       0.99269777536392212        5.5920336395502090E-002   1.0000000000000000     
   1473.0095214843750        1.0168391466140747        5.6387927383184433E-002   1.0000000000000000     
   1473.0461425781250        1.0410122871398926        5.7351309806108475E-002   1.0000000000000000     
   1473.0828857421875       0.95295304059982300        5.5129949003458023E-002   1.0000000000000000     
   1473.1195068359375       0.98193717002868652        5.5640976876020432E-002   1.0000000000000000     
   1473.1562500000000        1.0382159948348999        5.7065363973379135E-002   1.0000000000000000     
   1473.1928710937500       0.91079151630401611        5.3566124290227890E-002   1.0000000000000000     
   1473.2296142578125       0.95251148939132690        5.4738514125347137E-002   1.0000000000000000     
   1473.2663574218750        1.0357460975646973        5.7161867618560791E-002   1.0000000000000000     
   1473.3029785156250        1.0247621536254883        5.6865461170673370E-002   1.0000000000000000     
   1473.3397216796875       0.98552972078323364        5.6195549666881561E-002   1.0000000000000000     
   1473.3763427734375       0.99822413921356201        5.6232880800962448E-002   1.0000000000000000     
   1473.4130859375000        1.0002701282501221        5.6182697415351868E-002   1.0000000000000000     
   1473.4497070312500        1.0998382568359375        5.9025328606367111E-002   1.0000000000000000     
   1473.4864501953125        1.0452196598052979        5.7560425251722336E-002   1.0000000000000000     
   1473.5231933593750        1.0022487640380859        5.6362040340900421E-002   1.0000000000000000     
   1473.5598144531250       0.92903977632522583        5.4428812116384506E-002   1.0000000000000000     
   1473.5965576171875       0.94008725881576538        5.4680608212947845E-002   1.0000000000000000     
   1473.6331787109375       0.93755292892456055        5.4818991571664810E-002   1.0000000000000000     
   1473.6699218750000        1.0050384998321533        5.6863244622945786E-002   1.0000000000000000     
   1473.7065429687500        1.0488704442977905        5.7761367410421371E-002   1.0000000000000000     
   1473.7432861328125        1.0557523965835571        5.8006677776575089E-002   1.0000000000000000     
   1473.7800292968750       0.97699767351150513        5.5933728814125061E-002   1.0000000000000000     
   1473.8166503906250        1.0273877382278442        5.7245984673500061E-002   1.0000000000000000     
   1473.8533935546875       0.96869426965713501        5.5612906813621521E-002   1.0000000000000000     
   1473.8900146484375        1.0608574151992798        5.8573491871356964E-002   1.0000000000000000     
   1473.9267578125000        1.0213563442230225        5.7439126074314117E-002   1.0000000000000000     
   1473.9633789062500       0.92753452062606812        5.4674554616212845E-002   1.0000000000000000     
   1474.0001220703125        1.0215877294540405        5.7320557534694672E-002   1.0000000000000000     
   1474.0367431640625        1.0131170749664307        5.7007282972335815E-002   1.0000000000000000     
   1474.0734863281250       0.92874819040298462        5.4797656834125519E-002   1.0000000000000000     
   1474.1102294921875        1.0614622831344604        5.8513179421424866E-002   1.0000000000000000     
   1474.1468505859375       0.91399872303009033        5.4442357271909714E-002   1.0000000000000000     
   1474.1835937500000       0.99024009704589844        5.6528959423303604E-002   1.0000000000000000     
   1474.2202148437500       0.96888935565948486        5.6224685162305832E-002   1.0000000000000000     
   1474.2569580078125       0.98771750926971436        5.6393940001726151E-002   1.0000000000000000     
   1474.2935791015625        1.0216624736785889        5.7413760572671890E-002   1.0000000000000000     
   1474.3303222656250       0.98163336515426636        5.6230820715427399E-002  0.99974601791896811     
   1474.3670654296875       0.97498059272766113        5.6080862879753113E-002  0.99972582269596755     
   1474.4036865234375        1.0202112197875977        5.7804796844720840E-002  0.99970180774021378     
   1474.4404296875000       0.93972313404083252        5.5587936192750931E-002  0.99967195443861367     
   1474.4770507812500        1.0483958721160889        5.8091741055250168E-002  0.99963433528584966     
   1474.5137939453125        1.0419727563858032        5.8093816041946411E-002  0.99958755500315855     
   1474.5504150390625       0.95249664783477783        5.5676084011793137E-002  0.99953051234214618     
   1474.5871582031250       0.91083502769470215        5.4830878973007202E-002  0.99946215473017386     
   1474.6239013671875        1.1086664199829102        5.9784863144159317E-002  0.99938044320235264     
   1474.6605224609375       0.99679881334304810        5.6749086827039719E-002  0.99928052778141208     
   1474.6972656250000       0.99277377128601074        5.7025030255317688E-002  0.99915277692856230     
   1474.7338867187500        1.0152045488357544        5.7357445359230042E-002  0.99898123554472651     
   1474.7706298828125       0.98440253734588623        5.6750778108835220E-002  0.99874226316994419     
   1474.8072509765625        1.0149602890014648        5.7445045560598373E-002  0.99840211900413467     
   1474.8439941406250       0.98535913228988647        5.7076286524534225E-002  0.99791263038192746     
   1474.8806152343750        1.0275173187255859        5.7832196354866028E-002  0.99720520365024878     
   1474.9173583984375        1.0633242130279541        5.8685362339019775E-002  0.99618271985807494     
   1474.9541015625000       0.98154461383819580        5.6565608829259872E-002  0.99470511008548401     
   1474.9907226562500        1.0164060592651367        5.7674132287502289E-002  0.99255635464949232     
   1475.0274658203125       0.98515897989273071        5.6476049125194550E-002  0.98935817553962291     
   1475.0640869140625        1.0467064380645752        5.8219388127326965E-002  0.98435123054246432     
   1475.1008300781250       0.97661548852920532        5.6441180408000946E-002  0.97594635366804494     
   1475.1374511718750       0.90086877346038818        5.4037727415561676E-002  0.96109969749484614     
   1475.1741943359375        1.0001659393310547        5.7141073048114777E-002  0.93504305274979371     
   1475.2109375000000       0.89128994941711426        5.3924202919006348E-002  0.89249481588873136     
   1475.2475585937500       0.81424194574356079        5.1497608423233032E-002  0.83112579342010184     
   1475.2843017578125       0.75885909795761108        4.9656685441732407E-002  0.75578242113205396     
   1475.3209228515625       0.77014696598052979        5.0472345203161240E-002  0.67945931210976840     
   1475.3576660156250       0.68529254198074341        4.7861285507678986E-002  0.61879215834326606     
   1475.3942871093750       0.66776007413864136        4.7013696283102036E-002  0.58744596993895637     
   1475.4310302734375       0.59089696407318115        4.4368498027324677E-002  0.59220406250322466     
   1475.4676513671875       0.60564553737640381        4.5130491256713867E-002  0.63207084064407493     
   1475.5043945312500       0.72899454832077026        4.9167897552251816E-002  0.69825339247294582     
   1475.5411376953125       0.85002571344375610        5.2748534828424454E-002  0.77562474986264196     
   1475.5777587890625       0.89864647388458252        5.3892541676759720E-002  0.84782169990205325     
   1475.6145019531250       0.86993002891540527        5.3502578288316727E-002  0.90391671049542943     
   1475.6511230468750       0.98226249217987061        5.6420400738716125E-002  0.94138451544034574     
   1475.6878662109375       0.96896582841873169        5.5993799120187759E-002  0.96376724589833074     
   1475.7244873046875       0.98280072212219238        5.6409146636724472E-002  0.97639171584688045     
   1475.7612304687500        1.0328712463378906        5.7879343628883362E-002  0.98358008136945863     
   1475.7979736328125       0.98863917589187622        5.6872036308050156E-002  0.98796172480638200     
   1475.8345947265625        1.0024429559707642        5.7025313377380371E-002  0.99087496112798823     
   1475.8713378906250        1.0894597768783569        5.9617228806018829E-002  0.99294356227285474     
   1475.9079589843750        1.0418144464492798        5.8224763721227646E-002  0.99447054047241290     
   1475.9447021484375        1.0693224668502808        5.8776583522558212E-002  0.99562955489807059     
   1475.9813232421875        1.0255510807037354        5.7581573724746704E-002  0.99653391321698803     
   1476.0180664062500        1.1020472049713135        5.9571661055088043E-002  0.99725610534106879     
   1476.0548095703125        1.0017284154891968        5.6865155696868896E-002  0.99783759645363990     
   1476.0914306640625       0.95337539911270142        5.5528953671455383E-002  0.99830103178132001     
   1476.1281738281250        1.0996996164321899        5.9852246195077896E-002  0.99866254576686508     
   1476.1647949218750        1.1405161619186401        6.0752723366022110E-002  0.99893874506494240     
   1476.2015380859375        1.0588741302490234        5.8497842401266098E-002   1.0000000000000000     
   1476.2381591796875       0.95662200450897217        5.5492959916591644E-002   1.0000000000000000     
   1476.2749023437500       0.96838504076004028        5.5574581027030945E-002   1.0000000000000000     
   1476.3115234375000       0.99120616912841797        5.6586112827062607E-002   1.0000000000000000     
   1476.3482666015625       0.98672574758529663        5.6298866868019104E-002   1.0000000000000000     
   1476.3850097656250        1.0024931430816650        5.7440772652626038E-002   1.0000000000000000     
   1476.4216308593750        1.0353976488113403        5.7633928954601288E-002   1.0000000000000000     
   1476.4583740234375        1.0366072654724121        5.7914774864912033E-002   1.0000000000000000     
   1476.4949951171875        1.1216900348663330        6.0092423111200333E-002   1.0000000000000000     
   1476.5317382812500        1.0544178485870361        5.8162473142147064E-002   1.0000000000000000     
   1476.5683593750000       0.99177354574203491        5.6605517864227295E-002   1.0000000000000000     
   1476.6051025390625        1.1805825233459473        6.1469186097383499E-002   1.0000000000000000     
   1476.6418457031250       0.98219895362854004        5.6449111551046371E-002   1.0000000000000000     
   1476.6784667968750        1.0209765434265137        5.7539917528629303E-002   1.0000000000000000     
   1476.7152099609375        1.0290112495422363        5.7443317025899887E-002   1.0000000000000000     
   1476.7518310546875        1.0461006164550781        5.7957701385021210E-002   1.0000000000000000     
   1476.7885742187500        1.0177257061004639        5.7533435523509979E-002   1.0000000000000000     
   1476.8251953125000        1.0734335184097290        5.8894712477922440E-002   1.0000000000000000     
   1476.8619384765625        1.0858432054519653        5.9082869440317154E-002   1.0000000000000000     
   1476.8986816406250       0.96536225080490112        5.5566396564245224E-002   1.0000000000000000     
   1476.9353027343750        1.0340377092361450        5.7532858103513718E-002   1.0000000000000000     
   1476.9720458984375       0.98705554008483887        5.6326959282159805E-002   1.0000000000000000     
   1477.0086669921875        1.0418133735656738        5.7872679084539413E-002   1.0000000000000000     
   1477.0454101562500        1.0043282508850098        5.6648481637239456E-002   1.0000000000000000     
   1477.0820312500000       0.89044618606567383        5.3659800440073013E-002   1.0000000000000000     
   1477.1187744140625       0.86629849672317505        5.2611965686082840E-002   1.0000000000000000     
   1477.1553955078125        1.0114629268646240        5.6845393031835556E-002   1.0000000000000000     
   1477.1921386718750       0.98670041561126709        5.6192442774772644E-002   1.0000000000000000     
   1477.2288818359375       0.96493029594421387        5.5503573268651962E-002   1.0000000000000000     
   1477.2655029296875       0.95224165916442871        5.5066090077161789E-002   1.0000000000000000     
   1477.3022460937500       0.93299436569213867        5.4718777537345886E-002   1.0000000000000000     
   1477.3388671875000       0.96989458799362183        5.5552739650011063E-002   1.0000000000000000     
   1477.3756103515625       0.98538213968276978        5.5961914360523224E-002   1.0000000000000000     
   1477.4122314453125       0.92389988899230957        5.4361071437597275E-002   1.0000000000000000     
   1477.4489746093750       0.93943804502487183        5.5066157132387161E-002   1.0000000000000000     
   1477.4857177734375       0.98828321695327759        5.6084789335727692E-002   1.0000000000000000     
   1477.5223388671875       0.96479606628417969        5.5314738303422928E-002   1.0000000000000000     
   1477.5590820312500       0.97623682022094727        5.5813867598772049E-002   1.0000000000000000     
   1477.5957031250000        1.0018178224563599        5.6469272822141647E-002   1.0000000000000000     
   1477.6324462890625       0.93534284830093384        5.4723162204027176E-002   1.0000000000000000     
   1477.6690673828125       0.99671840667724609        5.6245822459459305E-002   1.0000000000000000     
   1477.7058105468750        1.0262236595153809        5.6968256831169128E-002   1.0000000000000000     
   1477.7424316406250       0.99305498600006104        5.5985186249017715E-002   1.0000000000000000     
   1477.7791748046875        1.0819237232208252        5.8511070907115936E-002   1.0000000000000000     
   1477.8159179687500        1.0486218929290771        5.7649526745080948E-002   1.0000000000000000     
   1477.8525390625000       0.95236593484878540        5.5177994072437286E-002   1.0000000000000000     
   1477.8892822265625       0.93828839063644409        5.4582390934228897E-002   1.0000000000000000     
   1477.9259033203125       0.96816486120223999        5.5478043854236603E-002   1.0000000000000000     
   1477.9626464843750       0.94438248872756958        5.4680798202753067E-002   1.0000000000000000     
   1477.9992675781250        1.0201472043991089        5.6864678859710693E-002   1.0000000000000000     
!  ---- tick mark positions for above ----
!      1475.41141     2     1
