! -------------------------
   1698.0361193626438       0.87697031770707023       0.14350412867597134        1.0000000000000000     
   1698.0483595494593        1.1075967756066516       0.16126721161436547        1.0000000000000000     
   1698.0605997362750       0.97692662606023006       0.15145008717037503        1.0000000000000000     
   1698.0728399230904        1.1463186295420256       0.16404935410289850        1.0000000000000000     
   1698.0850801099059       0.67916646230851374       0.15141541009654499        1.0000000000000000     
   1698.0973202967216       0.92026351477433643       0.14697537707995656        1.0000000000000000     
   1698.1095604835371        1.0191355364005494       0.15466348218575351        1.0000000000000000     
   1698.1218006703525       0.89981772863065279       0.14532234407393291        1.0000000000000000     
   1698.1340408571682       0.92976610807390114       0.14771524191824331        1.0000000000000000     
   1698.1462810439837        1.2756442056410167       0.17301611496643890        1.0000000000000000     
   1698.1585212307991        1.1307066905656002       0.16288461955918410        1.0000000000000000     
   1698.1707614176148        1.1109967424930385       0.16145252349612055        1.0000000000000000     
   1698.1830016044303        1.0339953821298093       0.15575108769061383        1.0000000000000000     
   1698.1952417912457        1.4266001817233904       0.18293897879362087        1.0000000000000000     
   1698.2074819780614       0.96926323744446208       0.15078541796044326        1.0000000000000000     
   1698.2197221648769       0.88525734318057092       0.14409754822492798        1.0000000000000000     
   1698.2319623516923       0.87476775078310198       0.14323578998845610        1.0000000000000000     
   1698.2442025385080        1.2176594526645670       0.16898628070882599        1.0000000000000000     
   1698.2564427253235        1.3423991009862821       0.17742414433064799        1.0000000000000000     
   1698.2686829121390       0.89574910859462942       0.14492670403801899        1.0000000000000000     
   1698.2809230989546        1.2479410936384421       0.17105494455343920        1.0000000000000000     
   1698.2931632857701        1.1523817314734666       0.16436908161112398        1.0000000000000000     
   1698.3054034725856        1.0619326447497708       0.15778067696532108        1.0000000000000000     
   1698.3176436594013        1.1574174547180223       0.16471521690597829        1.0000000000000000     
   1698.3298838462167        1.3829132017953660       0.18004022607778705        1.0000000000000000     
   1698.3421240330322       0.86769321082108319       0.14260624347017464        1.0000000000000000     
   1698.3543642198479        1.1420231616030529       0.16359735444566970        1.0000000000000000     
   1698.3666044066633        1.0651536799908932       0.15798953283426398        1.0000000000000000     
   1698.3788445934788        1.0817781725472018       0.15921159120903647        1.0000000000000000     
   1698.3910847802945       0.77280294204330080       0.13456227533772228        1.0000000000000000     
   1698.4033249671099        1.0064221739593584       0.15355444491024983        1.0000000000000000     
   1698.4155651539254        1.0070356169898647       0.15359536253495071        1.0000000000000000     
   1698.4278053407411       0.94512519019177255       0.14879341891906861        1.0000000000000000     
   1698.4400455275565        1.0448188113308876       0.15643823791693562        1.0000000000000000     
   1698.4522857143720       0.91440158117448744       0.14634378746752050        1.0000000000000000     
   1698.4645259011877        1.2976910226806713       0.17433109158522556        1.0000000000000000     
   1698.4767660880032       0.95991676388038549       0.14993028709810613        1.0000000000000000     
   1698.4890062748186        1.0257395285277751       0.15497958512630922        1.0000000000000000     
   1698.5012464616343        1.0450883341807120       0.15642848806651088        1.0000000000000000     
   1698.5134866484498        1.1509932819961843       0.16415688865592348        1.0000000000000000     
   1698.5257268352652       0.89177752657148213       0.14448886108801365        1.0000000000000000     
   1698.5379670220809       0.93833076599444132       0.14820657355511319        1.0000000000000000     
   1698.5502072088964       0.98210350670284352       0.15161825516031513        1.0000000000000000     
   1698.5624473957118        1.1427383750679450       0.16354212958612696        1.0000000000000000     
   1698.5746875825275        1.0971491012953105       0.16024056447761134        1.0000000000000000     
   1698.5869277693430        1.2326926821139630       0.16984408587378055        1.0000000000000000     
   1698.5991679561585       0.96022990938080022       0.14989737543067091        1.0000000000000000     
   1698.6114081429741        1.2326865347647185       0.16983067138715122        1.0000000000000000     
   1698.6236483297896       0.91391624561841711       0.14622660938546517        1.0000000000000000     
   1698.6358885166051       0.98293627940398420       0.15164191723737661        1.0000000000000000     
   1698.6481287034208       0.95976885024499992       0.14983845787132688       0.99922530560151035     
   1698.6603688902362        1.0726689797045144       0.15840038098101056       0.99909887478680781     
   1698.6726090770517       0.91396211056461829       0.14620790858414867       0.99894169770752128     
   1698.6848492638674       0.75465755992477856       0.13285108956283628       0.99873923978283263     
   1698.6970894506828        1.2547014170220301       0.17129462662776554       0.99846699981087650     
   1698.7093296374983        1.2530683314472375       0.17117657532051594       0.99808761702112692     
   1698.7215698243140       0.93499908838221679       0.14785838458556996       0.99754605957271580     
   1698.7338100111294       0.95789475448722827       0.14965204441247520       0.99676320425774934     
   1698.7460501979449        1.1397454285244297       0.16323417314988212       0.99562914521190626     
   1698.7582903847606        1.1174789475473945       0.16162562275971215       0.99399226803357876     
   1698.7705305715760        1.0492826010126859       0.15661024904619519       0.99163329352666241     
   1698.7827707583915        1.1165109371820710       0.16154326409339406       0.98820477564387754     
   1698.7950109452072        1.1388476661513940       0.16314492095757668       0.98307593728186682     
   1698.8072511320227        1.2749639031123594       0.17261284134955296       0.97494754829584662     
   1698.8194913188381        1.1164116913524145       0.16151756039344028       0.96113090733126683     
   1698.8317315056538        1.1837103092065464       0.16630821222381853       0.93678203080442135     
   1698.8439716924693       0.77477949533153490       0.13454371997875891       0.89520599208098572     
   1698.8562118792847       0.70679667963835691       0.12850055768690180       0.83081995835627576     
   1698.8684520661004       0.95736627363999283       0.14954786410774379       0.74469185863982490     
   1698.8806922529159       0.54820472705906154       0.13711570604925830       0.64850768363487077     
   1698.8929324397313       0.61689126313350118       0.14387874653216698       0.56164610669933679     
   1698.9051726265470       0.36695362795300024       0.11864417707312594       0.50266568131294187     
   1698.9174128133625       0.61595722722596624       0.14385674838965212       0.48291345038201111     
   1698.9296530001780       0.57047892244096132       0.13940896493466795       0.50573126539785596     
   1698.9418931869936       0.57118924892630552       0.13939829287839214       0.56718872897767181     
   1698.9541333738091       0.59313647184622109       0.14172239250987137       0.65531457992956599     
   1698.9663735606246       0.75186961209157199       0.13248887071571819       0.75121596953269432     
   1698.9786137474402       0.81999151739126830       0.13835539426398277       0.83582414845183151     
   1698.9908539342557       0.97893278593193989       0.15116495183039316       0.89823813353986404     
   1699.0030941210712       0.88899808477591435       0.14404837146157773       0.93808553699679298     
   1699.0153343078869       0.86508293718638407       0.14209214630707531       0.96120982844648128     
   1699.0275744947023        1.1831341396168882       0.16616573003977100       0.97423323330114442     
   1699.0398146815178       0.84242981978022125       0.14020858305365880       0.98184976444352745     
   1699.0520548683335       0.86544024198335112       0.14210506303735029       0.98665047171434217     
   1699.0642950551489        1.2732144318000373       0.17235546227170556       0.98988981246438612     
   1699.0765352419644       0.90996671003802199       0.14570361004927512       0.99218171566117574     
   1699.0887754287801       0.77416972954394148       0.13438750845774011       0.99387007616155387     
   1699.1010156155955        1.0454002073825543       0.15615841759024390       0.99516629108999444     
   1699.1132558024110        1.1582527076761391       0.16436487594172841       0.99619316363405597     
   1699.1254959892267       0.95492251715804111       0.14923638596096023       0.99701332422732725     
   1699.1377361760422        1.0685269234388293       0.15785801781206713       0.99765945764145447     
   1699.1499763628576       0.72956632120625331       0.13043362966871627       0.99815719031537042     
   1699.1622165496733        1.0241061852227824       0.15453005684037524       0.99853388367922724     
   1699.1744567364888        1.0005918671149112       0.15273981048135557       0.99881709706134691     
   1699.1866969233042       0.97780003106867808       0.15098439811371892       0.99903042681278664     
   1699.1989371101199       0.77406244624101650       0.13433164141149800       0.99919147703110545     
   1699.2111772969354        1.2942673380512379       0.17369431581219510       0.99931262239198304     
   1699.2234174837508       0.88615175213664710       0.14371792073340281       0.99940306052507533     
   1699.2356576705665        1.1122640409056779       0.16100676355315183       0.99947049447448677     
   1699.2478978573820        1.3171316102250157       0.17520159320062612       0.99952172024739738     
   1699.2601380441974        1.1592753240938611       0.16436147423960759       0.99956244962664675     
   1699.2723782310131        1.1129322149359404       0.16103651761038346       0.99959697056218977     
   1699.2846184178286        1.1145560740017246       0.16114776005178560        1.0000000000000000     
   1699.2968586046441       0.86462245655587355       0.14192857408011028        1.0000000000000000     
   1699.3090987914597        1.1136879784647582       0.16107258493539056        1.0000000000000000     
   1699.3213389782752       0.81918985852479875       0.13813872558923143        1.0000000000000000     
   1699.3335791650907       0.95536072021216334       0.14917296611432115        1.0000000000000000     
   1699.3458193519064       0.63882918247144393       0.14579875972001610        1.0000000000000000     
   1699.3580595387218       0.68392729362554838       0.15021240740529887        1.0000000000000000     
   1699.3702997255373        1.0451576090574484       0.15600812570489925        1.0000000000000000     
   1699.3825399123530       0.86513113291534838       0.14193209090952022        1.0000000000000000     
   1699.3947800991684       0.93338384443706512       0.14741885672502639        1.0000000000000000     
   1699.4070202859839        1.0680079280751613       0.15768611606156210        1.0000000000000000     
   1699.4192604727996        1.0904867659855950       0.15933078987532104        1.0000000000000000     
   1699.4315006596150        1.0690088762808398       0.15774785424439053        1.0000000000000000     
   1699.4437408464305        1.0464144647500511       0.15606588160474544        1.0000000000000000     
   1699.4559810332462        1.0681559878517404       0.15767278358686690        1.0000000000000000     
   1699.4682212200617        1.0229169909597886       0.15429182703795755        1.0000000000000000     
   1699.4804614068771        1.0910522441726920       0.15934145617575296        1.0000000000000000     
   1699.4927015936928       0.99958528863071883       0.15251032669332940        1.0000000000000000     
   1699.5049417805083        1.0453156669912345       0.15595393475920485        1.0000000000000000     
   1699.5171819673237       0.95497141725696533       0.14905656041849513        1.0000000000000000     
   1699.5294221541394       0.84146450434822928       0.13991269018802349        1.0000000000000000     
   1699.5416623409549        1.1141317757213782       0.16098699928724725        1.0000000000000000     
   1699.5539025277703        1.0462253546370044       0.15599778726280747        1.0000000000000000     
   1699.5661427145860        1.0683465400641199       0.15763230448029436        1.0000000000000000     
   1699.5783829014015       0.95552450663520150       0.14907106463334110        1.0000000000000000     
   1699.5906230882169       0.95464209962596802       0.14899649731934306        1.0000000000000000     
   1699.6028632750326        1.0218635871948523       0.15414715775218113        1.0000000000000000     
   1699.6151034618481        1.0673093428826261       0.15753154166733463        1.0000000000000000     
   1699.6273436486636       0.90905648024783714       0.14537881205608927        1.0000000000000000     
   1699.6395838354792       0.95436771343765991       0.14895217812635486        1.0000000000000000     
   1699.6518240222947        1.2029173698878903       0.16722076120659626        1.0000000000000000     
   1699.6640642091102        1.1808183172521169       0.16567125195364399        1.0000000000000000     
   1699.6763043959259       0.99918364595057674       0.15239179960027671        1.0000000000000000     
   1699.6885445827413       0.97709153120357894       0.15069188303812131        1.0000000000000000     
   1699.7007847695568        1.1579291471259296       0.16403879357785819        1.0000000000000000     
   1699.7130249563725        1.1584690956148538       0.16407073832809924        1.0000000000000000     
   1699.7252651431879        1.0008385690935568       0.15249451102060260        1.0000000000000000     
   1699.7375053300034       0.90935370029760543       0.14535231184521377        1.0000000000000000     
   1699.7497455168191       0.75113610422910781       0.13209858893720289        1.0000000000000000     
   1699.7619857036345       0.88681897100000706       0.14352900273612312        1.0000000000000000     
   1699.7742258904500        1.1347057334365391       0.16234806495398918        1.0000000000000000     
   1699.7864660772657        1.0448634262350989       0.15578247028756559        1.0000000000000000     
   1699.7987062640811        1.1804223250185994       0.16557350656293790        1.0000000000000000     
   1699.8109464508966       0.68386471760132772       0.14978580544488954        1.0000000000000000     
   1699.8231866377121        1.0882921395763545       0.15896866520919872        1.0000000000000000     
   1699.8354268245278        1.1342052659419715       0.16228110822851255        1.0000000000000000     
   1699.8476670113432        1.1108038598225072       0.16059207861035543        1.0000000000000000     
   1699.8599071981587       0.99939074847357412       0.15231982774407007        1.0000000000000000     
   1699.8721473849744       0.93043333890460300       0.14696527309406801        1.0000000000000000     
   1699.8843875717898        1.0895581929006923       0.15903058273382506        1.0000000000000000     
!  ---- tick mark positions for above ----
!      1698.99935     5     1
