! -------------------------
   1235.2903001464906       0.77935034036636353        4.2639736086130142E-002   1.0000000000000000     
   1235.3269901464905       0.90921974182128906        4.6050213277339935E-002   1.0000000000000000     
   1235.3636801464904       0.95357578992843628        4.7154523432254791E-002   1.0000000000000000     
   1235.4003701464903       0.95126211643218994        4.7091696411371231E-002   1.0000000000000000     
   1235.4370601464902        1.0252263545989990        4.8882350325584412E-002   1.0000000000000000     
   1235.4737501464901       0.98642653226852417        4.7942824661731720E-002   1.0000000000000000     
   1235.5104401464901        1.1366059780120850        5.1456995308399200E-002   1.0000000000000000     
   1235.5471301464900        1.0613199472427368        4.9717728048563004E-002   1.0000000000000000     
   1235.5838201464899        1.0039861202239990        4.8350401222705841E-002   1.0000000000000000     
   1235.6205101464898       0.99624341726303101        4.8157833516597748E-002   1.0000000000000000     
   1235.6572001464897        1.0532376766204834        4.9510344862937927E-002   1.0000000000000000     
   1235.6938901464896       0.99968379735946655        4.8229463398456573E-002   1.0000000000000000     
   1235.7305801464895        1.0835673809051514        5.0206191837787628E-002   1.0000000000000000     
   1235.7672701464894        1.0805840492248535        5.0131060183048248E-002   1.0000000000000000     
   1235.8039601464893       0.99403589963912964        4.8075836151838303E-002   1.0000000000000000     
   1235.8406501464892        1.0718907117843628        4.9917016178369522E-002   1.0000000000000000     
   1235.8773401464891        1.0182595252990723        4.8646438866853714E-002   1.0000000000000000     
   1235.9140301464890        1.0067905187606812        4.8365991562604904E-002   1.0000000000000000     
   1235.9507201464889        1.0237538814544678        4.8765856772661209E-002   1.0000000000000000     
   1235.9874101464889        1.0314960479736328        4.8944111913442612E-002   1.0000000000000000     
   1236.0241001464888       0.92078900337219238        4.6237654983997345E-002   1.0000000000000000     
   1236.0607901464887       0.88903278112411499        4.5427925884723663E-002   1.0000000000000000     
   1236.0974801464886       0.92256987094879150        4.6271357685327530E-002   1.0000000000000000     
   1236.1341701464885        1.0172117948532104        4.8581127077341080E-002   1.0000000000000000     
   1236.1708601464884       0.97120785713195801        4.7464262694120407E-002   1.0000000000000000     
   1236.2075501464883       0.72760486602783203        4.1077725589275360E-002   1.0000000000000000     
   1236.2442401464882       0.72517997026443481        4.1004545986652374E-002   1.0000000000000000     
   1236.2809301464881       0.63444763422012329        3.8348983973264694E-002   1.0000000000000000     
   1236.3176201464880       0.78526151180267334        4.2659047991037369E-002   1.0000000000000000     
   1236.3543101464879       0.86773878335952759        4.4838126748800278E-002   1.0000000000000000     
   1236.3910001464878       0.92310893535614014        4.6241171658039093E-002   1.0000000000000000     
   1236.4276901464877        1.0003172159194946        4.8130400478839874E-002   1.0000000000000000     
   1236.4643801464877        1.0181430578231812        4.8551578074693680E-002   1.0000000000000000     
   1236.5010701464876        1.0699515342712402        4.9765594303607941E-002   1.0000000000000000     
   1236.5377601464875       0.97699582576751709        4.7549117356538773E-002   1.0000000000000000     
   1236.5744501464874        1.0606617927551270        4.9537330865859985E-002   1.0000000000000000     
   1236.6111401464873       0.99609899520874023        4.8000335693359375E-002   1.0000000000000000     
   1236.6478301464872       0.96842062473297119        4.7323156148195267E-002   1.0000000000000000     
   1236.6845201464871        1.0102179050445557        4.8327814787626266E-002   1.0000000000000000     
   1236.7212101464870       0.98782593011856079        4.7783557325601578E-002   1.0000000000000000     
   1236.7579001464869        1.0005536079406738        4.8084683716297150E-002   1.0000000000000000     
   1236.7945901464868        1.0069195032119751        4.8231571912765503E-002   1.0000000000000000     
   1236.8312801464867        1.0692888498306274        4.9697082489728928E-002   1.0000000000000000     
   1236.8679701464866       0.98855084180831909        4.7778338193893433E-002   1.0000000000000000     
   1236.9046601464865       0.96374475955963135        4.7169376164674759E-002   1.0000000000000000     
   1236.9413501464865        1.0158202648162842        4.8420928418636322E-002   1.0000000000000000     
   1236.9780401464864       0.99664890766143799        4.7955792397260666E-002   1.0000000000000000     
   1237.0147301464863       0.95634675025939941        4.6970073133707047E-002   1.0000000000000000     
   1237.0514201464862        1.0559996366500854        4.9350067973136902E-002   1.0000000000000000     
   1237.0881101464861        1.0045788288116455        4.8127152025699615E-002   1.0000000000000000     
   1237.1248001464860        1.0746206045150757        4.9770038574934006E-002  0.99470955549231721     
   1237.1614901464859       0.99200505018234253        4.7812320291996002E-002  0.99306325775816162     
   1237.1981801464858       0.93721115589141846        4.6466801315546036E-002  0.99070376059623066     
   1237.2348701464857       0.94551736116409302        4.6666018664836884E-002  0.98736960493234183     
   1237.2715601464856       0.95582979917526245        4.6913541853427887E-002  0.98274284348587282     
   1237.3082501464855       0.97760224342346191        4.7438580542802811E-002  0.97622840859481563     
   1237.3449401464854        1.0021662712097168        4.8024460673332214E-002  0.96569232158627238     
   1237.3816301464853       0.92534518241882324        4.6140875667333603E-002  0.94450623378838416     
   1237.4183201464853       0.90108931064605713        4.5526180416345596E-002  0.89895217040908826     
   1237.4550101464852       0.77292507886886597        4.2158689349889755E-002  0.81489734016808824     
   1237.4917001464851       0.65504783391952515        3.8805779069662094E-002  0.70216811968187998     
   1237.5283901464850       0.60134869813919067        3.7176299840211868E-002  0.60947447178696457     
   1237.5650801464849       0.55744105577468872        3.5788476467132568E-002  0.59099287143877699     
   1237.6017701464848       0.73255461454391479        4.1020970791578293E-002  0.65835291177735211     
   1237.6384601464847       0.83551943302154541        4.4209361076354980E-002  0.77051665871648189     
   1237.6751501464846       0.87851923704147339        4.6040110290050507E-002  0.87007396106489654     
   1237.7118401464845       0.94557398557662964        4.6586602926254272E-002  0.93051423039203429     
   1237.7485301464844       0.98207217454910278        4.7470849007368088E-002  0.95990724581697140     
   1237.7852201464843       0.98087847232818604        4.7776490449905396E-002  0.97405149681188741     
   1237.8219101464842        1.0096557140350342        4.8119973391294479E-002  0.98206958154097179     
   1237.8586001464842        1.1036803722381592        5.0303973257541656E-002  0.98727041315313591     
   1237.8952901464841        1.0376050472259521        4.8768427222967148E-002  0.99061282104950488     
   1237.9319801464840       0.95724970102310181        4.6835672110319138E-002   1.0000000000000000     
   1237.9686701464839        1.0256234407424927        4.8473026603460312E-002   1.0000000000000000     
   1238.0053601464838       0.95475196838378906        4.6761974692344666E-002   1.0000000000000000     
   1238.0420501464837        1.0817307233810425        4.9767743796110153E-002   1.0000000000000000     
   1238.0787401464836        1.0339739322662354        4.8650193959474564E-002   1.0000000000000000     
   1238.1154301464835        1.1395010948181152        5.1065713167190552E-002   1.0000000000000000     
   1238.1521201464834        1.0140250921249390        4.8165556043386459E-002   1.0000000000000000     
   1238.1888101464833        1.0179576873779297        4.8252407461404800E-002   1.0000000000000000     
   1238.2255001464832        1.0099738836288452        4.8056352883577347E-002   1.0000000000000000     
   1238.2621901464831        1.0135720968246460        4.8135425895452499E-002   1.0000000000000000     
   1238.2988801464830        1.0117093324661255        4.8084557056427002E-002   1.0000000000000000     
   1238.3355701464830        1.0694020986557007        4.9429804086685181E-002   1.0000000000000000     
   1238.3722601464829        1.0969643592834473        5.0056058913469315E-002   1.0000000000000000     
   1238.4089501464828        1.0455366373062134        4.8862051218748093E-002   1.0000000000000000     
   1238.4456401464827       0.93195921182632446        4.6125557273626328E-002   1.0000000000000000     
   1238.4823301464826        1.0330303907394409        4.8555780202150345E-002   1.0000000000000000     
   1238.5190201464825        1.0010076761245728        4.7790732234716415E-002   1.0000000000000000     
   1238.5557101464824       0.97497737407684326        4.7158923000097275E-002   1.0000000000000000     
   1238.5924001464823       0.99633312225341797        4.7666195780038834E-002   1.0000000000000000     
   1238.6290901464822        1.0074586868286133        4.7925006598234177E-002   1.0000000000000000     
   1238.6657801464821       0.96568745374679565        4.6914603561162949E-002   1.0000000000000000     
   1238.7024701464820        1.0277305841445923        4.8391707241535187E-002   1.0000000000000000     
   1238.7391601464819        1.0394039154052734        4.8659227788448334E-002   1.0000000000000000     
   1238.7758501464818       0.95925843715667725        4.6739224344491959E-002   1.0000000000000000     
   1238.8125401464818       0.95638686418533325        4.6662900596857071E-002   1.0000000000000000     
   1238.8492301464817       0.95566660165786743        4.6638909727334976E-002   1.0000000000000000     
   1238.8859201464816       0.98925000429153442        4.7444880008697510E-002   1.0000000000000000     
   1238.9226101464815        1.0199941396713257        4.8170015215873718E-002   1.0000000000000000     
   1238.9593001464814        1.1121578216552734        5.0292361527681351E-002   1.0000000000000000     
   1238.9959901464813        1.0597832202911377        4.9087192863225937E-002   1.0000000000000000     
   1239.0326801464812       0.95156633853912354        4.6507261693477631E-002   1.0000000000000000     
   1239.0693701464811       0.86730033159255981        4.4394310563802719E-002   1.0000000000000000     
   1239.1060601464810       0.75584751367568970        4.1438072919845581E-002   1.0000000000000000     
   1239.1427501464809       0.63226717710494995        3.7894364446401596E-002   1.0000000000000000     
   1239.1794401464808       0.50789493322372437        3.3958815038204193E-002   1.0000000000000000     
   1239.2161301464807       0.46028876304626465        3.2323651015758514E-002   1.0000000000000000     
   1239.2528201464806       0.69618701934814453        4.1616320610046387E-002   1.0000000000000000     
   1239.2895101464806       0.78422492742538452        4.7427594661712646E-002   1.0000000000000000     
   1239.3262001464805       0.93687808513641357        5.1831539720296860E-002   1.0000000000000000     
   1239.3628901464804       0.82803249359130859        4.8721026629209518E-002   1.0000000000000000     
   1239.3995801464803       0.94954442977905273        5.2166402339935303E-002   1.0000000000000000     
   1239.4362701464802        1.0063023567199707        5.3695719689130783E-002   1.0000000000000000     
   1239.4729601464801       0.98104685544967651        5.3010229021310806E-002   1.0000000000000000     
   1239.5096501464800       0.99184280633926392        5.3294017910957336E-002   1.0000000000000000     
   1239.5463401464799       0.95463496446609497        5.2277632057666779E-002   1.0000000000000000     
   1239.5830301464798        1.0274564027786255        5.4227534681558609E-002   1.0000000000000000     
   1239.6197201464797       0.93721842765808105        5.1784470677375793E-002   1.0000000000000000     
   1239.6564101464796       0.92286807298660278        5.1379557698965073E-002   1.0000000000000000     
   1239.6931001464795       0.88517802953720093        5.0312474370002747E-002   1.0000000000000000     
   1239.7297901464794       0.88220143318176270        5.0220962613821030E-002   1.0000000000000000     
!  ---- tick mark positions for above ----
!      1238.15710    10     1
!      1236.51134    11     1
!      1239.01571    10     2
!      1237.36881    11     2
!      1236.09011    12     2
!      1239.20463    10     3
!      1237.55748    11     3
!      1236.27858    12     3
