! -------------------------
   1241.9678801464738        1.0787072181701660        4.8978239297866821E-002   1.0000000000000000     
   1242.0045701464737        1.0376945734024048        4.8031628131866455E-002   1.0000000000000000     
   1242.0412601464736        1.0698561668395996        4.8763588070869446E-002   1.0000000000000000     
   1242.0779501464735        1.0065356492996216        4.7292090952396393E-002   1.0000000000000000     
   1242.1146401464734       0.96072572469711304        4.6196937561035156E-002   1.0000000000000000     
   1242.1513301464734        1.0086668729782104        4.7329079359769821E-002   1.0000000000000000     
   1242.1880201464733        1.0685714483261108        4.8707485198974609E-002   1.0000000000000000     
   1242.2247101464732        1.0049922466278076        4.7229669988155365E-002   1.0000000000000000     
   1242.2614001464731       0.92838925123214722        4.5387800782918930E-002   1.0000000000000000     
   1242.2980901464730        1.0237760543823242        4.7655906528234482E-002   1.0000000000000000     
   1242.3347801464729       0.98126226663589478        4.6649515628814697E-002   1.0000000000000000     
   1242.3714701464728       0.98746120929718018        4.6790134161710739E-002   1.0000000000000000     
   1242.4081601464727        1.0717374086380005        4.8739247024059296E-002   1.0000000000000000     
   1242.4448501464726        1.0026127099990845        4.7134730964899063E-002   1.0000000000000000     
   1242.4815401464725       0.99759250879287720        4.7010134905576706E-002   1.0000000000000000     
   1242.5182301464724        1.0105298757553101        4.7307465225458145E-002   1.0000000000000000     
   1242.5549201464723        1.1084495782852173        4.9539692699909210E-002   1.0000000000000000     
   1242.5916101464722        1.0430407524108887        4.8049129545688629E-002   1.0000000000000000     
   1242.6283001464722        1.0580513477325439        4.8387035727500916E-002   1.0000000000000000     
   1242.6649901464721       0.97655671834945679        4.6479858458042145E-002   1.0000000000000000     
   1242.7016801464720        1.0270110368728638        4.7658722847700119E-002   1.0000000000000000     
   1242.7383701464719       0.94068402051925659        4.5605611056089401E-002   1.0000000000000000     
   1242.7750601464718       0.97514277696609497        4.6426940709352493E-002   1.0000000000000000     
   1242.8117501464717        1.0287905931472778        4.7680303454399109E-002   1.0000000000000000     
   1242.8484401464716        1.0101898908615112        4.7240860760211945E-002   1.0000000000000000     
   1242.8851301464715        1.0346859693527222        4.7803711146116257E-002   1.0000000000000000     
   1242.9218201464714        1.0542261600494385        4.8246249556541443E-002   1.0000000000000000     
   1242.9585101464713        1.0416665077209473        4.7951389104127884E-002   1.0000000000000000     
   1242.9952001464712        1.0625287294387817        4.8422507941722870E-002   1.0000000000000000     
   1243.0318901464711       0.99938064813613892        4.6955101191997528E-002   1.0000000000000000     
   1243.0685801464710        1.0298663377761841        4.7659248113632202E-002   1.0000000000000000     
   1243.1052701464710       0.92732930183410645        4.5218355953693390E-002   1.0000000000000000     
   1243.1419601464709        1.0740189552307129        4.8656765371561050E-002   1.0000000000000000     
   1243.1786501464708        1.0523740053176880        4.8157352954149246E-002   1.0000000000000000     
   1243.2153401464707        1.0624587535858154        4.8380956053733826E-002   1.0000000000000000     
   1243.2520301464706        1.0827763080596924        4.8834577202796936E-002   1.0000000000000000     
   1243.2887201464705        1.0664101839065552        4.8457391560077667E-002   1.0000000000000000     
   1243.3254101464704        1.0557665824890137        4.8208437860012054E-002   1.0000000000000000     
   1243.3621001464703        1.0230051279067993        4.7447986900806427E-002   1.0000000000000000     
   1243.3987901464702        1.0436728000640869        4.7918189316987991E-002   1.0000000000000000     
   1243.4354801464701        1.0590937137603760        4.8264391720294952E-002   1.0000000000000000     
   1243.4721701464700       0.99901711940765381        4.6869020909070969E-002   1.0000000000000000     
   1243.5088601464699        1.0758390426635742        4.8631031066179276E-002   1.0000000000000000     
   1243.5455501464699        1.1571719646453857        5.0428804010152817E-002   1.0000000000000000     
   1243.5822401464698        1.0297553539276123        4.7565001994371414E-002   1.0000000000000000     
   1243.6189301464697        1.0291439294815063        4.7544267028570175E-002   1.0000000000000000     
   1243.6556201464696        1.0592958927154541        4.8229154199361801E-002   1.0000000000000000     
   1243.6923101464695       0.97256040573120117        4.6206079423427582E-002   1.0000000000000000     
   1243.7290001464694       0.96470314264297485        4.6012759208679199E-002   1.0000000000000000     
   1243.7656901464693        1.0814391374588013        4.8710446804761887E-002   1.0000000000000000     
   1243.8023801464692        1.0911602973937988        4.8922292888164520E-002  0.99448628736870592     
   1243.8390701464691       0.96797639131546021        4.6071808785200119E-002  0.99297950993307083     
   1243.8757601464690       0.95821213722229004        4.5832373201847076E-002  0.99096363392657150     
   1243.9124501464689       0.95378655195236206        4.5720275491476059E-002  0.98823966425213428     
   1243.9491401464688       0.98873341083526611        4.6543907374143600E-002  0.98460918032831801     
   1243.9858301464687       0.96135634183883667        4.5888591557741165E-002  0.97966844658761332     
   1244.0225201464687        1.0162163972854614        4.7173362225294113E-002  0.97278304678759042     
   1244.0592101464686       0.96827518939971924        4.6040892601013184E-002  0.96329955900051967     
   1244.0959001464685        1.0171687602996826        4.7182407230138779E-002  0.94930167447064562     
   1244.1325901464684       0.89498907327651978        4.4252049177885056E-002  0.92317562149882060     
   1244.1692801464683       0.93757998943328857        4.5286491513252258E-002  0.86577457726655338     
   1244.2059701464682       0.75656199455261230        4.0674984455108643E-002  0.75061102706214855     
   1244.2426601464681       0.56563687324523926        3.5165384411811829E-002  0.57974837770580023     
   1244.2793501464680       0.34841391444206238        2.7595220133662224E-002  0.41755291475425382     
   1244.3160401464679       0.33773785829544067        2.7165355160832405E-002  0.34023280746297457     
   1244.3527301464678       0.41933554410934448        3.0265338718891144E-002  0.37652378569609340     
   1244.3894201464677       0.58442258834838867        3.5724837332963943E-002  0.51385774153864661     
   1244.4261101464676       0.82309681177139282        4.2390827089548111E-002  0.69296661159720030     
   1244.4628001464675       0.94358658790588379        4.5381393283605576E-002  0.83442799117935051     
   1244.4994901464675       0.95674961805343628        4.5690603554248810E-002  0.91169018348325137     
   1244.5361801464674       0.90730428695678711        4.4488169252872467E-002  0.94719463776388924     
   1244.5728701464673       0.94341057538986206        4.5358516275882721E-002  0.96474516042568903     
   1244.6095601464672        1.0894945859909058        4.8737268894910812E-002  0.97527838923085997     
   1244.6462501464671       0.97994536161422729        4.6215839684009552E-002  0.98224494233403270     
   1244.6829401464670        1.0842018127441406        4.8605371266603470E-002  0.98677023559933474     
   1244.7196301464669        1.0025836229324341        4.6733774244785309E-002  0.98971264667771808     
   1244.7563201464668        1.0451393127441406        4.7708716243505478E-002  0.99182222984787227     
   1244.7930101464667        1.0171098709106445        4.7058172523975372E-002  0.99355011682437377     
   1244.8297001464666        1.0021632909774780        4.6704772859811783E-002   1.0000000000000000     
   1244.8663901464665       0.98812818527221680        4.6370226889848709E-002   1.0000000000000000     
   1244.9030801464664        1.0449689626693726        4.7678597271442413E-002   1.0000000000000000     
   1244.9397701464663        1.1516338586807251        5.0046157091856003E-002   1.0000000000000000     
   1244.9764601464663        1.0325183868408203        4.7380801290273666E-002   1.0000000000000000     
   1245.0131501464662        1.0671056509017944        4.8161167651414871E-002   1.0000000000000000     
   1245.0498401464661        1.0666118860244751        4.8143520951271057E-002   1.0000000000000000     
   1245.0865301464660        1.0671612024307251        4.8149276524782181E-002   1.0000000000000000     
   1245.1232201464659        1.0022006034851074        4.6654343605041504E-002   1.0000000000000000     
   1245.1599101464658        1.0235474109649658        4.7142177820205688E-002   1.0000000000000000     
   1245.1966001464657        1.0358614921569824        4.7418422996997833E-002   1.0000000000000000     
   1245.2332901464656        1.0537310838699341        4.7819145023822784E-002   1.0000000000000000     
   1245.2699801464655        1.0980745553970337        4.8808250576257706E-002   1.0000000000000000     
   1245.3066701464654        1.0197111368179321        4.7028001397848129E-002   1.0000000000000000     
   1245.3433601464653        1.0305545330047607        4.7270923852920532E-002   1.0000000000000000     
   1245.3800501464652        1.0855270624160767        4.8508621752262115E-002   1.0000000000000000     
   1245.4167401464651       0.93861943483352661        4.5100882649421692E-002   1.0000000000000000     
   1245.4534301464651        1.0654826164245605        4.8045601695775986E-002   1.0000000000000000     
   1245.4901201464650        1.0203108787536621        4.7009643167257309E-002   1.0000000000000000     
   1245.5268101464649       0.97210156917572021        4.5879375189542770E-002   1.0000000000000000     
   1245.5635001464648        1.0159987211227417        4.6897441148757935E-002   1.0000000000000000     
   1245.6001901464647        1.0327838659286499        4.7276709228754044E-002   1.0000000000000000     
   1245.6368801464646        1.0093348026275635        4.6730581670999527E-002   1.0000000000000000     
   1245.6735701464645       0.99141526222229004        4.6307660639286041E-002   1.0000000000000000     
   1245.7102601464644        1.0387777090072632        4.7394338995218277E-002   1.0000000000000000     
   1245.7469501464643        1.0242238044738770        4.7054674476385117E-002   1.0000000000000000     
   1245.7836401464642        1.0419064760208130        4.7452725470066071E-002   1.0000000000000000     
   1245.8203301464641        1.0102653503417969        4.9846537411212921E-002   1.0000000000000000     
   1245.8570201464640        1.0490230321884155        5.4053526371717453E-002   1.0000000000000000     
   1245.8937101464639       0.95494377613067627        5.1565762609243393E-002   1.0000000000000000     
   1245.9304001464639       0.96541732549667358        5.1840659230947495E-002   1.0000000000000000     
   1245.9670901464638       0.98846149444580078        5.2448619157075882E-002   1.0000000000000000     
   1246.0037801464637        1.0214667320251465        5.3309731185436249E-002   1.0000000000000000     
   1246.0404701464636       0.98793804645538330        5.2420362830162048E-002   1.0000000000000000     
   1246.0771601464635       0.85853302478790283        4.8860125243663788E-002   1.0000000000000000     
   1246.1138501464634       0.92115396261215210        5.0603788346052170E-002   1.0000000000000000     
   1246.1505401464633       0.93318927288055420        5.0926346331834793E-002   1.0000000000000000     
   1246.1872301464632       0.92726182937622070        5.0757583230733871E-002   1.0000000000000000     
   1246.2239201464631       0.98728352785110474        5.2367314696311951E-002   1.0000000000000000     
   1246.2606101464630       0.88114476203918457        4.9465741962194443E-002   1.0000000000000000     
   1246.2973001464629        1.0071367025375366        5.2876781672239304E-002   1.0000000000000000     
   1246.3339901464628        1.0240429639816284        5.3311627358198166E-002   1.0000000000000000     
   1246.3706801464627        1.0029729604721069        5.2753008902072906E-002   1.0000000000000000     
   1246.4073701464627        1.0151797533035278        5.3065866231918335E-002   1.0000000000000000     
   1246.4440601464626       0.99671673774719238        5.2573978900909424E-002   1.0000000000000000     
   1246.4807501464625        1.0483372211456299        5.3910806775093079E-002   1.0000000000000000     
   1246.5174401464624        1.0913414955139160        5.4997973144054413E-002   1.0000000000000000     
   1246.5541301464623        1.0472116470336914        5.3867306560277939E-002   1.0000000000000000     
   1246.5908201464622        1.0047100782394409        5.2755668759346008E-002   1.0000000000000000     
   1246.6275101464621        1.0410188436508179        5.3693208843469620E-002   1.0000000000000000     
!  ---- tick mark positions for above ----
!      1243.27349     8     1
!      1244.13565     8     2
!      1244.32534     8     3
