! -------------------------
   1696.6670501453304       0.80361849069595337        7.4439026415348053E-002   1.0000000000000000     
   1696.7037401453304       0.87133079767227173        7.7249020338058472E-002   1.0000000000000000     
   1696.7404301453303        1.0880346298217773        8.1885173916816711E-002   1.0000000000000000     
   1696.7771201453302       0.89749240875244141        7.4886135756969452E-002   1.0000000000000000     
   1696.8138101453301       0.81914877891540527        7.4310034513473511E-002   1.0000000000000000     
   1696.8505001453300       0.81624472141265869        7.4839726090431213E-002   1.0000000000000000     
   1696.8871901453299       0.87666624784469604        7.3473721742630005E-002   1.0000000000000000     
   1696.9238801453298       0.83275228738784790        7.1603000164031982E-002   1.0000000000000000     
   1696.9605701453297       0.88091647624969482        7.3637552559375763E-002   1.0000000000000000     
   1696.9972601453296       0.89090877771377563        7.4046835303306580E-002   1.0000000000000000     
   1697.0339501453295       0.85452592372894287        7.2512082755565643E-002   1.0000000000000000     
   1697.0706401453294        1.0065661668777466        7.8691571950912476E-002   1.0000000000000000     
   1697.1073301453293       0.96909940242767334        7.7205739915370941E-002   1.0000000000000000     
   1697.1440201453293       0.99260723590850830        7.8569464385509491E-002   1.0000000000000000     
   1697.1807101453292       0.97725129127502441        8.0836281180381775E-002   1.0000000000000000     
   1697.2174001453291       0.87219852209091187        7.3223143815994263E-002   1.0000000000000000     
   1697.2540901453290       0.84746450185775757        7.6264813542366028E-002   1.0000000000000000     
   1697.2907801453289       0.94607889652252197        7.6246626675128937E-002   1.0000000000000000     
   1697.3274701453288        1.0060627460479736        7.8618973493576050E-002   1.0000000000000000     
   1697.3641601453287       0.87752419710159302        7.3418147861957550E-002   1.0000000000000000     
   1697.4008501453286        1.0111439228057861        7.8802295029163361E-002   1.0000000000000000     
   1697.4375401453285        1.0661246776580811        8.0908335745334625E-002   1.0000000000000000     
   1697.4742301453284       0.99213123321533203        7.8042425215244293E-002   1.0000000000000000     
   1697.5109201453283        1.0050421953201294        8.2307636737823486E-002   1.0000000000000000     
   1697.5476101453282        1.0718297958374023        8.1100627779960632E-002   1.0000000000000000     
   1697.5843001453281       0.83244025707244873        7.5587138533592224E-002   1.0000000000000000     
   1697.6209901453281        1.0738582611083984        8.1161551177501678E-002   1.0000000000000000     
   1697.6576801453280       0.94185209274291992        7.6002113521099091E-002   1.0000000000000000     
   1697.6943701453279        1.0549831390380859        8.0429032444953918E-002   1.0000000000000000     
   1697.7310601453278       0.91681092977523804        7.4970126152038574E-002   1.0000000000000000     
   1697.7677501453277       0.79772007465362549        6.9924756884574890E-002   1.0000000000000000     
   1697.8044401453276       0.76824116706848145        7.2932280600070953E-002   1.0000000000000000     
   1697.8411301453275       0.88866913318634033        7.3788732290267944E-002   1.0000000000000000     
   1697.8778201453274       0.88881641626358032        7.3787599802017212E-002   1.0000000000000000     
   1697.9145101453273        1.0538023710250854        8.0336704850196838E-002   1.0000000000000000     
   1697.9512001453272       0.85320240259170532        7.2279848158359528E-002   1.0000000000000000     
   1697.9878901453271       0.90392345190048218        7.5015582144260406E-002   1.0000000000000000     
   1698.0245801453270       0.86561733484268188        8.2469075918197632E-002   1.0000000000000000     
   1698.0612701453269        1.0266926288604736        7.9461567103862762E-002   1.0000000000000000     
   1698.0979601453269       0.84189754724502563        7.5516760349273682E-002   1.0000000000000000     
   1698.1346501453268       0.99763309955596924        7.8119754791259766E-002   1.0000000000000000     
   1698.1713401453267        1.0528504848480225        8.0244414508342743E-002   1.0000000000000000     
   1698.2080301453266        1.0423072576522827        7.9833514988422394E-002   1.0000000000000000     
   1698.2447201453265        1.1000314950942993        8.2006588578224182E-002   1.0000000000000000     
   1698.2814101453264        1.0573633909225464        8.0392375588417053E-002   1.0000000000000000     
   1698.3181001453263        1.1510720252990723        8.3870813250541687E-002   1.0000000000000000     
   1698.3547901453262       0.98682308197021484        7.7649004757404327E-002   1.0000000000000000     
   1698.3914801453261       0.91510105133056641        7.4766457080841064E-002   1.0000000000000000     
   1698.4281701453260       0.95865780115127563        7.6517537236213684E-002   1.0000000000000000     
   1698.4648601453259        1.0166230201721191        7.8789003193378448E-002   1.0000000000000000     
   1698.5015501453258        1.0305866003036499        7.9320333898067474E-002  0.99697002974030691     
   1698.5382401453257       0.90216720104217529        7.4206531047821045E-002  0.99587565931130972     
   1698.5749301453257        1.1108343601226807        8.2334049046039581E-002  0.99424310642075309     
   1698.6116201453256       0.99499797821044922        7.7915139496326447E-002  0.99211291843351201     
   1698.6483101453255       0.96528393030166626        7.6735220849514008E-002  0.98986881150445338     
   1698.6850001453254       0.93737614154815674        7.5610272586345673E-002  0.98697868663571875     
   1698.7216901453253        1.0069477558135986        7.8357748687267303E-002  0.98233183369883259     
   1698.7583801453252        1.0587936639785767        8.0341592431068420E-002  0.97385880481500919     
   1698.7950701453251        1.1306291818618774        8.3013974130153656E-002  0.95386796123968376     
   1698.8317601453250       0.98452514410018921        7.7456749975681305E-002  0.89429294497220058     
   1698.8684501453249       0.70863074064254761        6.9411873817443848E-002  0.73515449371322961     
   1698.9051401453248       0.51227378845214844        6.8066194653511047E-002  0.54110556906615648     
   1698.9418301453247       0.55563884973526001        7.0176288485527039E-002  0.57871945836179128     
   1698.9785201453246       0.81609874963760376        7.0515736937522888E-002  0.78351732953880504     
   1699.0152101453245       0.94003742933273315        7.5647853314876556E-002  0.91082860097029184     
   1699.0519001453245       0.95430809259414673        7.6212033629417419E-002  0.95766713516009105     
   1699.0885901453244       0.87520503997802734        7.2977393865585327E-002  0.97510551821830893     
   1699.1252801453243        1.0190197229385376        7.8737013041973114E-002  0.98331295593725432     
   1699.1619701453242       0.88260912895202637        7.3270194232463837E-002  0.98741373262743670     
   1699.1986601453241       0.97354191541671753        7.6944060623645782E-002  0.98970954750195783     
   1699.2353501453240        1.0617623329162598        8.0346360802650452E-002  0.99112418070941344     
   1699.2720401453239        1.0866513252258301        8.1273913383483887E-002  0.99273303670393098     
   1699.3087301453238       0.89900338649749756        7.3916450142860413E-002   1.0000000000000000     
   1699.3454201453237       0.73122221231460571        7.4249275028705597E-002   1.0000000000000000     
   1699.3821101453236       0.90830868482589722        7.4408717453479767E-002   1.0000000000000000     
   1699.4188001453235        1.0324192047119141        7.9186551272869110E-002   1.0000000000000000     
   1699.4554901453234        1.0057673454284668        7.8149504959583282E-002   1.0000000000000000     
   1699.4921801453233        1.0044046640396118        7.8088283538818359E-002   1.0000000000000000     
   1699.5288701453233       0.93143332004547119        7.5190298259258270E-002   1.0000000000000000     
   1699.5655601453232       0.98604846000671387        7.7355019748210907E-002   1.0000000000000000     
   1699.6022501453231       0.97344833612442017        7.6851107180118561E-002   1.0000000000000000     
   1699.6389401453230       0.98010468482971191        7.7105283737182617E-002   1.0000000000000000     
   1699.6756301453229        1.0155190229415894        7.8477397561073303E-002   1.0000000000000000     
   1699.7123201453228        1.0625474452972412        8.0265447497367859E-002   1.0000000000000000     
   1699.7490101453227       0.81833255290985107        7.0432513952255249E-002   1.0000000000000000     
   1699.7857001453226        1.0708117485046387        8.0559842288494110E-002   1.0000000000000000     
   1699.8223901453225       0.93211960792541504        7.8718140721321106E-002   1.0000000000000000     
   1699.8590801453224       0.97872447967529297        7.7001407742500305E-002   1.0000000000000000     
   1699.8957701453223        1.1081515550613403        8.1926040351390839E-002   1.0000000000000000     
   1699.9324601453222       0.86932164430618286        7.2554826736450195E-002   1.0000000000000000     
   1699.9691501453221        1.0552605390548706        7.9929679632186890E-002   1.0000000000000000     
   1700.0058401453221       0.96798539161682129        7.6544776558876038E-002   1.0000000000000000     
   1700.0425301453220       0.87875515222549438        7.2923660278320312E-002   1.0000000000000000     
   1700.0792201453219       0.89226305484771729        7.7373921871185303E-002   1.0000000000000000     
   1700.1159101453218       0.91489410400390625        7.4391767382621765E-002   1.0000000000000000     
   1700.1526001453217        1.0719314813613892        8.0514639616012573E-002   1.0000000000000000     
   1700.1892901453216       0.92241048812866211        7.4680283665657043E-002   1.0000000000000000     
   1700.2259801453215       0.98619598150253296        7.7210836112499237E-002   1.0000000000000000     
   1700.2626701453214        1.0023416280746460        7.7831633388996124E-002   1.0000000000000000     
   1700.2993601453213       0.89677172899246216        7.3610983788967133E-002   1.0000000000000000     
   1700.3360501453212        1.0661516189575195        8.0253258347511292E-002   1.0000000000000000     
   1700.3727401453211       0.99310296773910522        7.7446587383747101E-002   1.0000000000000000     
   1700.4094301453210       0.94231826066970825        7.5432173907756805E-002   1.0000000000000000     
   1700.4461201453209        1.1341518163681030        8.2745604217052460E-002   1.0000000000000000     
   1700.4828101453209        1.0199873447418213        7.8461922705173492E-002   1.0000000000000000     
   1700.5195001453208       0.75138378143310547        7.1398928761482239E-002   1.0000000000000000     
   1700.5561901453207        1.1310774087905884        8.2606218755245209E-002   1.0000000000000000     
   1700.5928801453206        1.0340068340301514        7.8973218798637390E-002   1.0000000000000000     
   1700.6295701453205       0.96363306045532227        7.6229684054851532E-002   1.0000000000000000     
   1700.6662601453204       0.87562644481658936        7.2657503187656403E-002   1.0000000000000000     
   1700.7029501453203       0.95248848199844360        7.9179294407367706E-002   1.0000000000000000     
   1700.7396401453202        1.0912088155746460        8.1091918051242828E-002   1.0000000000000000     
   1700.7763301453201        1.0614188909530640        7.9968579113483429E-002   1.0000000000000000     
   1700.8130201453200        1.0115885734558105        7.8060038387775421E-002   1.0000000000000000     
   1700.8497101453199        1.0304098129272461        7.8774295747280121E-002   1.0000000000000000     
   1700.8864001453198       0.91102355718612671        7.4061989784240723E-002   1.0000000000000000     
   1700.9230901453197        1.0087633132934570        7.7925100922584534E-002   1.0000000000000000     
   1700.9597801453197        1.1254886388778687        8.2300662994384766E-002   1.0000000000000000     
   1700.9964701453196       0.93709921836853027        7.5089022517204285E-002   1.0000000000000000     
   1701.0331601453195       0.92954504489898682        7.4777245521545410E-002   1.0000000000000000     
   1701.0698501453194        1.0976380109786987        8.1248410046100616E-002   1.0000000000000000     
   1701.1065401453193        1.0148936510086060        7.8117169439792633E-002   1.0000000000000000     
!  ---- tick mark positions for above ----
!      1698.91775     5     1
