! -------------------------
   1623.9841601455132       0.96069163084030151        7.1608506143093109E-002   1.0000000000000000     
   1624.0208501455131        1.0364044904708862        7.4387602508068085E-002   1.0000000000000000     
   1624.0575401455130        1.0408266782760620        7.4556671082973480E-002   1.0000000000000000     
   1624.0942301455129       0.93125802278518677        7.0533454418182373E-002   1.0000000000000000     
   1624.1309201455128        1.0872317552566528        7.6222330331802368E-002   1.0000000000000000     
   1624.1676101455128        1.0037808418273926        7.3249295353889465E-002   1.0000000000000000     
   1624.2043001455127       0.95711052417755127        7.1536354720592499E-002   1.0000000000000000     
   1624.2409901455126        1.0988110303878784        7.6660007238388062E-002   1.0000000000000000     
   1624.2776801455125        1.1087749004364014        7.7017880976200104E-002   1.0000000000000000     
   1624.3143701455124       0.96845632791519165        7.1990042924880981E-002   1.0000000000000000     
   1624.3510601455123       0.89183813333511353        6.9093480706214905E-002   1.0000000000000000     
   1624.3877501455122       0.91240650415420532        6.9895736873149872E-002   1.0000000000000000     
   1624.4244401455121        1.0248496532440186        7.4087761342525482E-002   1.0000000000000000     
   1624.4611301455120        1.0447252988815308        7.4813470244407654E-002   1.0000000000000000     
   1624.4978201455119       0.99013233184814453        7.2843112051486969E-002   1.0000000000000000     
   1624.5345101455118       0.89738023281097412        6.9357044994831085E-002   1.0000000000000000     
   1624.5712001455117        1.0633474588394165        7.5509801506996155E-002   1.0000000000000000     
   1624.6078901455116       0.98787540197372437        7.2790890932083130E-002   1.0000000000000000     
   1624.6445801455116       0.90368968248367310        6.9630518555641174E-002   1.0000000000000000     
   1624.6812701455115       0.96707075834274292        7.2041317820549011E-002   1.0000000000000000     
   1624.7179601455114        1.0253005027770996        7.4188865721225739E-002   1.0000000000000000     
   1624.7546501455113       0.92630439996719360        7.0526555180549622E-002   1.0000000000000000     
   1624.7913401455112        1.0882662534713745        7.6454557478427887E-002   1.0000000000000000     
   1624.8280301455111       0.94110947847366333        7.1107953786849976E-002   1.0000000000000000     
   1624.8647201455110       0.98853844404220581        7.2887964546680450E-002   1.0000000000000000     
   1624.9014101455109       0.92330104112625122        7.0451766252517700E-002   1.0000000000000000     
   1624.9381001455108       0.88629889488220215        6.9035455584526062E-002   1.0000000000000000     
   1624.9747901455107        1.0266691446304321        7.4312306940555573E-002   1.0000000000000000     
   1625.0114801455106       0.85770285129547119        6.7931778728961945E-002   1.0000000000000000     
   1625.0481701455105       0.86018449068069458        6.8039380013942719E-002   1.0000000000000000     
   1625.0848601455104        1.0046470165252686        7.3541812598705292E-002   1.0000000000000000     
   1625.1215501455104       0.96052378416061401        7.1918718516826630E-002   1.0000000000000000     
   1625.1582401455103       0.99666690826416016        7.3269657790660858E-002   1.0000000000000000     
   1625.1949301455102       0.90812289714813232        6.9948986172676086E-002   1.0000000000000000     
   1625.2316201455101       0.99526375532150269        7.3238439857959747E-002   1.0000000000000000     
   1625.2683101455100       0.89917343854904175        6.9623157382011414E-002   1.0000000000000000     
   1625.3050001455099        1.0088032484054565        7.3755644261837006E-002   1.0000000000000000     
   1625.3416901455098       0.82415193319320679        6.6673822700977325E-002   1.0000000000000000     
   1625.3783801455097       0.98357844352722168        7.2847858071327209E-002   1.0000000000000000     
   1625.4150701455096        1.0232341289520264        7.4312224984169006E-002   1.0000000000000000     
   1625.4517601455095       0.96035242080688477        7.2002843022346497E-002   1.0000000000000000     
   1625.4884501455094        1.0315084457397461        7.4632853269577026E-002   1.0000000000000000     
   1625.5251401455093        1.0259373188018799        7.4441298842430115E-002   1.0000000000000000     
   1625.5618301455092        1.0802329778671265        7.6396152377128601E-002   1.0000000000000000     
   1625.5985201455092        1.0337275266647339        7.4743978679180145E-002   1.0000000000000000     
   1625.6352101455091       0.98496711254119873        7.2970055043697357E-002   1.0000000000000000     
   1625.6719001455090       0.96821695566177368        7.2356805205345154E-002   1.0000000000000000     
   1625.7085901455089       0.92333608865737915        7.0669688284397125E-002   1.0000000000000000     
   1625.7452801455088       0.86557561159133911        6.8432800471782684E-002   1.0000000000000000     
   1625.7819701455087       0.84773850440979004        6.7733436822891235E-002   1.0000000000000000     
   1625.8186601455086       0.81158053874969482        7.9554311931133270E-002  0.99543723848004928     
   1625.8553501455085        1.0545527935028076        9.3558974564075470E-002  0.99360381332881664     
   1625.8920401455084       0.83847641944885254        8.4252573549747467E-002  0.99104043255411922     
   1625.9287301455083       0.83391481637954712        8.3562619984149933E-002  0.98779691624082788     
   1625.9654201455082       0.99567919969558716        8.6328774690628052E-002  0.98382123953302758     
   1626.0021101455081       0.88680267333984375        8.6123228073120117E-002  0.97837728827050030     
   1626.0388001455080       0.84350413084030151        8.4217019379138947E-002  0.96904607821811428     
   1626.0754901455080       0.88272303342819214        8.1900909543037415E-002  0.94844778790824746     
   1626.1121801455079       0.98541527986526489        7.3114074766635895E-002  0.89639548931529534     
   1626.1488701455078       0.90312200784683228        7.0003494620323181E-002  0.77780543431291926     
   1626.1855601455077       0.60088300704956055        6.0774844139814377E-002  0.59419484726972149     
   1626.2222501455076       0.43883046507835388        5.9682697057723999E-002  0.44454861781918015     
   1626.2589401455075       0.44901815056800842        6.0495205223560333E-002  0.43238423791454039     
   1626.2956301455074       0.51259005069732666        6.3566058874130249E-002  0.56610600777811992     
   1626.3323201455073       0.73053938150405884        6.3213303685188293E-002  0.75095948648219990     
   1626.3690101455072       0.80927407741546631        6.6319368779659271E-002  0.87999782360457379     
   1626.4057001455071       0.83030045032501221        6.7184142768383026E-002  0.94008785507224923     
   1626.4423901455070        1.0148677825927734        7.4287042021751404E-002  0.96452156002554046     
   1626.4790801455069       0.65280812978744507        5.9587858617305756E-002  0.97555192620561615     
   1626.5157701455068       0.77674716711044312        6.5007477998733521E-002  0.98126395552938461     
   1626.5524601455068       0.70302581787109375        6.1853736639022827E-002  0.98484890581985696     
   1626.5891501455067       0.99353903532028198        7.3540799319744110E-002  0.98769857321247245     
   1626.6258401455066       0.82424533367156982        6.6991753876209259E-002  0.99031370781962857     
   1626.6625301455065       0.79485219717025757        6.5795086324214935E-002  0.99260044116307078     
   1626.6992201455064       0.90351343154907227        7.0157580077648163E-002  0.99434124671668955     
   1626.7359101455063       0.87434041500091553        6.9024764001369476E-002   1.0000000000000000     
   1626.7726001455062       0.80336385965347290        6.6172294318675995E-002   1.0000000000000000     
   1626.8092901455061       0.80106735229492188        6.6086195409297943E-002   1.0000000000000000     
   1626.8459801455060       0.92096465826034546        7.0868931710720062E-002   1.0000000000000000     
   1626.8826701455059       0.93724918365478516        7.1501843631267548E-002   1.0000000000000000     
   1626.9193601455058        1.0404676198959351        7.5345657765865326E-002   1.0000000000000000     
   1626.9560501455057       0.92656284570693970        7.1111291646957397E-002   1.0000000000000000     
   1626.9927401455056        1.0737837553024292        7.6561786234378815E-002   1.0000000000000000     
   1627.0294301455056        1.0750036239624023        7.6614893972873688E-002   1.0000000000000000     
   1627.0661201455055       0.89393067359924316        6.9873675704002380E-002   1.0000000000000000     
   1627.1028101455054       0.92301762104034424        7.1010336279869080E-002   1.0000000000000000     
   1627.1395001455053        1.1041864156723022        7.7676735818386078E-002   1.0000000000000000     
   1627.1761901455052       0.93381762504577637        7.1441963315010071E-002   1.0000000000000000     
   1627.2128801455051       0.88178557157516479        6.9431647658348083E-002   1.0000000000000000     
   1627.2495701455050        1.0140476226806641        7.4466168880462646E-002   1.0000000000000000     
   1627.2862601455049       0.87175649404525757        6.9052547216415405E-002   1.0000000000000000     
   1627.3229501455048        1.0899593830108643        7.7221721410751343E-002   1.0000000000000000     
   1627.3596401455047        1.0850777626037598        7.7057957649230957E-002   1.0000000000000000     
   1627.3963301455046        1.1083480119705200        7.7889241278171539E-002   1.0000000000000000     
   1627.4330201455045       0.93074721097946167        7.1384936571121216E-002   1.0000000000000000     
   1627.4697101455045        1.0573222637176514        7.6093450188636780E-002   1.0000000000000000     
   1627.5064001455044        1.0942481756210327        7.7419795095920563E-002   1.0000000000000000     
   1627.5430901455043       0.85022675991058350        6.8251721560955048E-002   1.0000000000000000     
   1627.5797801455042        1.0140719413757324        7.4547365307807922E-002   1.0000000000000000     
   1627.6164701455041       0.95296806097030640        7.2275035083293915E-002   1.0000000000000000     
   1627.6531601455040       0.92630517482757568        7.1264818310737610E-002   1.0000000000000000     
   1627.6898501455039       0.99636107683181763        7.3919296264648438E-002   1.0000000000000000     
   1627.7265401455038       0.92452782392501831        7.1213342249393463E-002   1.0000000000000000     
   1627.7632301455037        1.0274626016616821        7.5081862509250641E-002   1.0000000000000000     
   1627.7999201455036        1.0073451995849609        7.4351571500301361E-002   1.0000000000000000     
   1627.8366101455035       0.93524610996246338        7.1649596095085144E-002   1.0000000000000000     
   1627.8733001455034       0.91456997394561768        7.3633842170238495E-002   1.0000000000000000     
   1627.9099901455033       0.96927118301391602        7.3519177734851837E-002   1.0000000000000000     
   1627.9466801455033       0.99123668670654297        7.3788307607173920E-002   1.0000000000000000     
   1627.9833701455032       0.96031206846237183        7.2636216878890991E-002   1.0000000000000000     
   1628.0200601455031       0.99195504188537598        7.3831677436828613E-002   1.0000000000000000     
   1628.0567501455030       0.95044541358947754        7.2278104722499847E-002   1.0000000000000000     
   1628.0934401455029       0.90341842174530029        7.0475392043590546E-002   1.0000000000000000     
   1628.1301301455028        1.0920751094818115        7.7493481338024139E-002   1.0000000000000000     
   1628.1668201455027       0.83081072568893433        6.7598633468151093E-002   1.0000000000000000     
   1628.2035101455026        1.1092857122421265        7.8118883073329926E-002   1.0000000000000000     
   1628.2402001455025       0.93662422895431519        7.1789890527725220E-002   1.0000000000000000     
   1628.2768901455024       0.91789853572845459        7.1076564490795135E-002   1.0000000000000000     
   1628.3135801455023       0.79907298088073730        6.6323511302471161E-002   1.0000000000000000     
   1628.3502701455022        1.0520224571228027        7.6108656823635101E-002   1.0000000000000000     
   1628.3869601455021       0.99348640441894531        7.3968537151813507E-002   1.0000000000000000     
   1628.4236501455021       0.95733207464218140        7.2617903351783752E-002   1.0000000000000000     
   1628.4603401455020       0.78591078519821167        6.5802715718746185E-002   1.0000000000000000     
   1628.4970301455019       0.99467468261718750        7.4036173522472382E-002   1.0000000000000000     
   1628.5337201455018       0.86091655492782593        6.8885616958141327E-002   1.0000000000000000     
!  ---- tick mark positions for above ----
!      1626.24812     1     1
