! -------------------------
   1308.1339111328125       0.91581058502197266        8.4181487560272217E-002   1.0000000000000000     
   1308.1638183593750        1.0436389446258545        8.9707531034946442E-002   1.0000000000000000     
   1308.1937255859375       0.90186136960983276        8.3492033183574677E-002   1.0000000000000000     
   1308.2236328125000       0.82486492395401001        7.9960115253925323E-002   1.0000000000000000     
   1308.2535400390625        1.0874681472778320        9.1970331966876984E-002   1.0000000000000000     
   1308.2834472656250        1.0364121198654175        8.9464582502841949E-002   1.0000000000000000     
   1308.3133544921875       0.96494936943054199        8.6369372904300690E-002   1.0000000000000000     
   1308.3433837890625       0.98518407344818115        8.7266847491264343E-002   1.0000000000000000     
   1308.3732910156250        1.0309271812438965        9.0017400681972504E-002   1.0000000000000000     
   1308.4031982421875       0.89826852083206177        8.4152311086654663E-002   1.0000000000000000     
   1308.4331054687500       0.92564392089843750        8.5813052952289581E-002   1.0000000000000000     
   1308.4630126953125       0.96055817604064941        8.6268566548824310E-002   1.0000000000000000     
   1308.4929199218750       0.84092640876770020        8.0973371863365173E-002   1.0000000000000000     
   1308.5228271484375       0.93319404125213623        8.5088491439819336E-002   1.0000000000000000     
   1308.5527343750000        1.0699754953384399        9.1263256967067719E-002   1.0000000000000000     
   1308.5826416015625       0.93328797817230225        8.4993928670883179E-002   1.0000000000000000     
   1308.6125488281250       0.94025522470474243        8.5395656526088715E-002   1.0000000000000000     
   1308.6424560546875       0.92812943458557129        8.4858521819114685E-002   1.0000000000000000     
   1308.6723632812500        1.0648230314254761        9.1570205986499786E-002   1.0000000000000000     
   1308.7022705078125       0.93159162998199463        8.5150621831417084E-002   1.0000000000000000     
   1308.7321777343750        1.0875322818756104        9.1831497848033905E-002   1.0000000000000000     
   1308.7620849609375        1.0587214231491089        9.0736933052539825E-002   1.0000000000000000     
   1308.7919921875000       0.90643531084060669        8.3843603730201721E-002   1.0000000000000000     
   1308.8218994140625       0.94839978218078613        8.5802353918552399E-002   1.0000000000000000     
   1308.8518066406250       0.84543192386627197        8.1127166748046875E-002   1.0000000000000000     
   1308.8817138671875       0.96817088127136230        8.6631350219249725E-002   1.0000000000000000     
   1308.9116210937500        1.0345484018325806        8.9826956391334534E-002   1.0000000000000000     
   1308.9415283203125       0.93865704536437988        8.6326204240322113E-002   1.0000000000000000     
   1308.9714355468750       0.80565446615219116        7.9613469541072845E-002   1.0000000000000000     
   1309.0013427734375        1.1460862159729004        9.4132088124752045E-002   1.0000000000000000     
   1309.0312500000000       0.90509086847305298        8.3897866308689117E-002   1.0000000000000000     
   1309.0611572265625        1.0660086870193481        9.1501668095588684E-002   1.0000000000000000     
   1309.0910644531250        1.0172926187515259        8.8858328759670258E-002   1.0000000000000000     
   1309.1209716796875        1.0219970941543579        8.8976643979549408E-002   1.0000000000000000     
   1309.1508789062500        1.1279927492141724        9.3461401760578156E-002   1.0000000000000000     
   1309.1807861328125        1.1190181970596313        9.3193739652633667E-002   1.0000000000000000     
   1309.2106933593750       0.97441995143890381        9.0294040739536285E-002   1.0000000000000000     
   1309.2406005859375        1.0170403718948364       0.12573730945587158        1.0000000000000000     
   1309.2705078125000       0.87265461683273315       0.11666258424520493        1.0000000000000000     
   1309.3004150390625       0.85155242681503296       0.11526010185480118        1.0000000000000000     
   1309.3303222656250       0.84440791606903076       0.11478523910045624        1.0000000000000000     
   1309.3602294921875       0.90922772884368896       0.11903909593820572        1.0000000000000000     
   1309.3901367187500        1.0693566799163818       0.12889683246612549        1.0000000000000000     
   1309.4200439453125       0.74987161159515381       0.10837845504283905        1.0000000000000000     
   1309.4499511718750       0.75811070203781128       0.10894253849983215        1.0000000000000000     
   1309.4798583984375       0.96037435531616211       0.12229904532432556        1.0000000000000000     
   1309.5097656250000        1.0999642610549927       0.13073699176311493        1.0000000000000000     
   1309.5396728515625       0.91420495510101318       0.11939253658056259        1.0000000000000000     
   1309.5695800781250       0.85846495628356934       0.11578045785427094        1.0000000000000000     
   1309.5994873046875        1.0481475591659546       0.12767532467842102        1.0000000000000000     
   1309.6293945312500       0.99756091833114624       0.12459141761064529       0.99983253256979021     
   1309.6594238281250       0.98768448829650879       0.12398050725460052       0.99981225584263766     
   1309.6893310546875       0.97400236129760742       0.12314056605100632       0.99978719900484192     
   1309.7192382812500       0.99131751060485840       0.12421315163373947       0.99975566787025905     
   1309.7491455078125        1.2346621751785278       0.13836994767189026       0.99971494581700282     
   1309.7790527343750       0.96456015110015869       0.12258584797382355       0.99966096040226293     
   1309.8089599609375        1.0002839565277100       0.12478097528219223       0.99958758080249366     
   1309.8388671875000       0.76959431171417236       0.10976629704236984       0.99948542895017189     
   1309.8687744140625       0.88372063636779785       0.11742337793111801       0.99934007308645934     
   1309.8986816406250       0.83239746093750000       0.11402905732393265       0.99912931798250415     
   1309.9285888671875        1.1175487041473389       0.13174563646316528       0.99881927077235344     
   1309.9584960937500       0.99978995323181152       0.12472856789827347       0.99835888233081638     
   1309.9884033203125       0.98925602436065674       0.10160903632640839       0.99767282729589635     
   1310.0183105468750       0.97511601448059082        8.7036661803722382E-002  0.99665300242742283     
   1310.0482177734375       0.88457500934600830        8.4641881287097931E-002  0.99514967308385727     
   1310.0781250000000       0.84387642145156860        8.1023812294006348E-002  0.99296440842045575     
   1310.1080322265625        1.0608996152877808        9.0997248888015747E-002  0.98984827151458121     
   1310.1379394531250        1.0670744180679321        9.1085679829120636E-002  0.98550987122812794     
   1310.1678466796875       0.95696789026260376        8.6290821433067322E-002  0.97963814395740334     
   1310.1977539062500       0.94191271066665649        8.5611641407012939E-002  0.97194325715736662     
   1310.2276611328125        1.0895266532897949        9.1946259140968323E-002  0.96221516342411562     
   1310.2575683593750       0.98442173004150391        8.7513528764247894E-002  0.95039324290969940     
   1310.2874755859375       0.82128036022186279        8.0243848264217377E-002  0.93663365587358272     
   1310.3173828125000       0.88512951135635376        8.3299703896045685E-002  0.92135629291700516     
   1310.3472900390625       0.87011891603469849        8.2357525825500488E-002  0.90525362225053152     
   1310.3771972656250       0.72890734672546387        7.5563669204711914E-002  0.88925077233183114     
   1310.4071044921875       0.64655542373657227        7.2306573390960693E-002  0.87441823736982094     
   1310.4370117187500       0.51371884346008301        6.4345486462116241E-002  0.86185115776054422     
   1310.4669189453125       0.57477861642837524        6.7231774330139160E-002  0.85253715346180792     
   1310.4968261718750       0.69734841585159302        7.6034739613533020E-002  0.84723555524563343     
   1310.5267333984375       0.76061922311782837        7.7372707426548004E-002  0.84638580253006779     
   1310.5566406250000       0.79310286045074463        7.8675761818885803E-002  0.85005551886496022     
   1310.5865478515625       0.87451380491256714        8.3255022764205933E-002  0.85793275100230770     
   1310.6164550781250       0.88353341817855835        8.3894081413745880E-002  0.86936291799017906     
   1310.6463623046875       0.88878786563873291        7.5521014630794525E-002  0.88342749466061321     
   1310.6762695312500       0.87936592102050781        6.9341696798801422E-002  0.89905623154175540     
   1310.7061767578125       0.89921730756759644        7.0121824741363525E-002  0.91515763808269812     
   1310.7360839843750       0.84359771013259888        6.8681545555591583E-002  0.93074618242285956     
   1310.7659912109375       0.94157654047012329        7.1822524070739746E-002  0.94504315087992852     
   1310.7958984375000        1.0360413789749146        7.5502790510654449E-002  0.95753374552014636     
   1310.8258056640625        1.0171946287155151        7.4598401784896851E-002  0.96797447284461713     
   1310.8557128906250       0.98927748203277588        7.4702128767967224E-002  0.97635767170564625     
   1310.8856201171875       0.93222135305404663        7.2008363902568817E-002  0.98284912789186951     
   1310.9155273437500       0.90954846143722534        7.0626109838485718E-002  0.98771743129756395     
   1310.9454345703125        1.0377221107482910        7.5427375733852386E-002  0.99127022227304229     
   1310.9754638671875       0.99736142158508301        7.4507579207420349E-002  0.99380630772282608     
   1311.0053710937500       0.99731040000915527        7.3762781918048859E-002  0.99558754670278315     
   1311.0352783203125        1.0757985115051270        7.7860452234745026E-002  0.99682709875419162     
   1311.0651855468750        1.1254498958587646        7.8332230448722839E-002  0.99768800361338761     
   1311.0950927734375        1.0125726461410522        7.4349023401737213E-002  0.99828869449233526     
   1311.1250000000000       0.87335276603698730        6.9231055676937103E-002  0.99871196669727691     
   1311.1549072265625        1.0896130800247192        7.7267721295356750E-002  0.99901414742141503     
   1311.1848144531250       0.99857687950134277        7.3912687599658966E-002  0.99923293640854804     
   1311.2147216796875        1.1638649702072144        8.0188982188701630E-002  0.99939345734060570     
   1311.2446289062500       0.91441518068313599        7.0748306810855865E-002  0.99951257960384066     
   1311.2745361328125        1.0650061368942261        7.6730519533157349E-002  0.99960183522671942     
   1311.3044433593750       0.95278519392013550        7.2296693921089172E-002  0.99966930141778521     
   1311.3343505859375       0.91764414310455322        7.1207761764526367E-002  0.99972079004989400     
   1311.3642578125000        1.1591500043869019        8.0822631716728210E-002  0.99976055565609967     
   1311.3941650390625       0.91274315118789673        7.0965349674224854E-002  0.99979160839964931     
   1311.4240722656250       0.96236217021942139        7.2770416736602783E-002  0.99981612596328795     
   1311.4539794921875       0.95013803243637085        7.2136484086513519E-002  0.99983584301343553     
   1311.4838867187500       0.97378230094909668        7.2872593998908997E-002  0.99985204126877880     
   1311.5137939453125       0.94329732656478882        7.2119154036045074E-002   1.0000000000000000     
   1311.5437011718750       0.93362623453140259        7.1712829172611237E-002   1.0000000000000000     
   1311.5736083984375       0.90652334690093994        7.3302775621414185E-002   1.0000000000000000     
   1311.6035156250000       0.95075786113739014        7.2431161999702454E-002   1.0000000000000000     
   1311.6334228515625       0.95243525505065918        7.2336442768573761E-002   1.0000000000000000     
   1311.6633300781250       0.90867853164672852        7.1341976523399353E-002   1.0000000000000000     
   1311.6932373046875        1.0047221183776855        7.4423491954803467E-002   1.0000000000000000     
   1311.7231445312500       0.95181065797805786        7.2075866162776947E-002   1.0000000000000000     
   1311.7530517578125       0.85658460855484009        6.9236166775226593E-002   1.0000000000000000     
   1311.7829589843750        1.0716950893402100        7.6547935605049133E-002   1.0000000000000000     
   1311.8128662109375        1.0845441818237305        7.7170342206954956E-002   1.0000000000000000     
   1311.8427734375000        1.0130218267440796        7.4592888355255127E-002   1.0000000000000000     
   1311.8726806640625       0.94796454906463623        7.2019420564174652E-002   1.0000000000000000     
   1311.9025878906250       0.82643198966979980        6.7865557968616486E-002   1.0000000000000000     
   1311.9324951171875        1.0509077310562134        7.5686641037464142E-002   1.0000000000000000     
   1311.9624023437500        1.1178704500198364        7.9179473221302032E-002   1.0000000000000000     
   1311.9923095703125       0.98053479194641113        7.3577232658863068E-002   1.0000000000000000     
   1312.0222167968750       0.94294935464859009        7.1924246847629547E-002   1.0000000000000000     
   1312.0521240234375       0.96424406766891479        7.2950556874275208E-002   1.0000000000000000     
   1312.0820312500000       0.91860145330429077        7.0763535797595978E-002   1.0000000000000000     
   1312.1119384765625       0.90103858709335327        7.0388726890087128E-002   1.0000000000000000     
   1312.1418457031250        1.0003595352172852        7.4583783745765686E-002   1.0000000000000000     
   1312.1717529296875        1.0638048648834229        7.6885052025318146E-002   1.0000000000000000     
   1312.2016601562500       0.92192298173904419        7.1174912154674530E-002   1.0000000000000000     
   1312.2315673828125       0.81640678644180298        6.6986069083213806E-002   1.0000000000000000     
   1312.2614746093750       0.84184074401855469        6.8080037832260132E-002   1.0000000000000000     
   1312.2915039062500       0.88034892082214355        6.8740740418434143E-002   1.0000000000000000     
   1312.3214111328125       0.89464014768600464        6.9933645427227020E-002   1.0000000000000000     
   1312.3513183593750       0.75589102506637573        6.4295411109924316E-002   1.0000000000000000     
   1312.3812255859375       0.81040376424789429        6.9345034658908844E-002   1.0000000000000000     
   1312.4111328125000       0.90033328533172607        7.0942640304565430E-002   1.0000000000000000     
   1312.4410400390625       0.87787497043609619        7.0104822516441345E-002   1.0000000000000000     
   1312.4709472656250       0.85742086172103882        6.8797737360000610E-002   1.0000000000000000     
   1312.5008544921875       0.73470503091812134        6.4061485230922699E-002   1.0000000000000000     
   1312.5307617187500       0.81788372993469238        6.7108087241649628E-002   1.0000000000000000     
   1312.5606689453125       0.89153343439102173        6.9982156157493591E-002   1.0000000000000000     
   1312.5905761718750       0.82832711935043335        6.7606091499328613E-002   1.0000000000000000     
   1312.6204833984375       0.79859966039657593        6.6490761935710907E-002   1.0000000000000000     
   1312.6503906250000       0.82833307981491089        6.7500457167625427E-002   1.0000000000000000     
   1312.6802978515625       0.96865487098693848        7.3209904134273529E-002   1.0000000000000000     
   1312.7102050781250       0.87216669321060181        6.9321826100349426E-002   1.0000000000000000     
   1312.7401123046875       0.78815424442291260        6.5964527428150177E-002   1.0000000000000000     
   1312.7700195312500       0.91625988483428955        7.0966839790344238E-002   1.0000000000000000     
   1312.7999267578125       0.90548425912857056        7.0615470409393311E-002   1.0000000000000000     
   1312.8298339843750       0.89657682180404663        7.0360772311687469E-002   1.0000000000000000     
   1312.8597412109375       0.89581823348999023        7.0441849529743195E-002   1.0000000000000000     
   1312.8896484375000       0.99205428361892700        7.3754206299781799E-002   1.0000000000000000     
   1312.9195556640625       0.94953382015228271        7.1995593607425690E-002   1.0000000000000000     
   1312.9494628906250       0.84500032663345337        6.8387888371944427E-002   1.0000000000000000     
   1312.9793701171875       0.92825585603713989        7.2018980979919434E-002   1.0000000000000000     
!  ---- tick mark positions for above ----
!      1310.51911     2     1
