      1.00000       0.0000000
      2.00000   6.0878760e-06
      3.00000   6.1464034e-06
      4.00000   6.2697241e-06
      5.00000   6.4382330e-06
      6.00000   6.6177977e-06
      7.00000   6.7906240e-06
      8.00000   6.9578227e-06
      9.00000   7.1280660e-06
      10.0000   7.3091501e-06
      11.0000   7.5031999e-06
      12.0000   7.7047753e-06
      13.0000   7.9025840e-06
      14.0000   8.0918944e-06
      15.0000   8.2758488e-06
      16.0000   8.4534477e-06
      17.0000   8.6164919e-06
      18.0000   8.7505423e-06
      19.0000   8.8386496e-06
      20.0000   8.8718143e-06
      21.0000   8.8602383e-06
      22.0000   8.8276474e-06
      23.0000   8.7930575e-06
      24.0000   8.7615654e-06
      25.0000   8.7322442e-06
      26.0000   8.7138142e-06
      27.0000   8.7195467e-06
      28.0000   8.7592389e-06
      29.0000   8.8429852e-06
      30.0000   8.9753539e-06
      31.0000   9.1492111e-06
      32.0000   9.3566068e-06
      33.0000   9.6136937e-06
      34.0000   9.9639547e-06
      35.0000   1.0432005e-05
      36.0000   1.0993193e-05
      37.0000   1.1594566e-05
      38.0000   1.2193294e-05
      39.0000   1.2772569e-05
      40.0000   1.3312668e-05
      41.0000   1.3772853e-05
      42.0000   1.4124147e-05
      43.0000   1.4389513e-05
      44.0000   1.4627009e-05
      45.0000   1.4866201e-05
      46.0000   1.5082366e-05
      47.0000   1.5231407e-05
      48.0000   1.5290278e-05
      49.0000   1.5264017e-05
      50.0000   1.5171536e-05
      51.0000   1.5046265e-05
      52.0000   1.4946314e-05
      53.0000   1.4953750e-05
      54.0000   1.5138500e-05
      55.0000   1.5512753e-05
      56.0000   1.6035070e-05
      57.0000   1.6645310e-05
      58.0000   1.7287501e-05
      59.0000   1.7918668e-05
      60.0000   1.8536521e-05
      61.0000   1.9183790e-05
      62.0000   1.9898438e-05
      63.0000   2.0702872e-05
      64.0000   2.1613807e-05
      65.0000   2.2621551e-05
      66.0000   2.3670607e-05
      67.0000   2.4644050e-05
      68.0000   2.5427757e-05
      69.0000   2.5990015e-05
      70.0000   2.6379370e-05
      71.0000   2.6684835e-05
      72.0000   2.6955227e-05
      73.0000   2.7183276e-05
      74.0000   2.7356089e-05
      75.0000   2.7492179e-05
      76.0000   2.7622336e-05
      77.0000   2.7742077e-05
      78.0000   2.7873371e-05
      79.0000   2.8124774e-05
      80.0000   2.8622524e-05
      81.0000   2.9406818e-05
      82.0000   3.0425013e-05
      83.0000   3.1622065e-05
      84.0000   3.2950036e-05
      85.0000   3.4330420e-05
      86.0000   3.5726836e-05
      87.0000   3.7244103e-05
      88.0000   3.9080493e-05
      89.0000   4.1393378e-05
      90.0000   4.4246583e-05
      91.0000   4.7585851e-05
      92.0000   5.1253923e-05
      93.0000   5.5108259e-05
      94.0000   5.9115493e-05
      95.0000   6.3324813e-05
      96.0000   6.7772969e-05
      97.0000   7.2429430e-05
      98.0000   7.7146309e-05
      99.0000   8.1739425e-05
      100.000   8.6308937e-05
      101.000   9.1295849e-05
      102.000   9.7079748e-05
      103.000   0.00010365047
      104.000   0.00011065361
      105.000   0.00011782663
      106.000   0.00012551405
      107.000   0.00013472869
      108.000   0.00014656859
      109.000   0.00016139957
      110.000   0.00017872108
      111.000   0.00019791246
      112.000   0.00021902664
      113.000   0.00024270610
      114.000   0.00026950982
      115.000   0.00029955193
      116.000   0.00033199374
      117.000   0.00036476369
      118.000   0.00039532335
      119.000   0.00042206442
      120.000   0.00044526652
      121.000   0.00046666584
      122.000   0.00048821399
      123.000   0.00051095698
      124.000   0.00053484336
      125.000   0.00056032510
      126.000   0.00059021835
      127.000   0.00062938692
      128.000   0.00068178750
      129.000   0.00074745069
      130.000   0.00082390686
      131.000   0.00091156003
      132.000    0.0010148267
      133.000    0.0011359017
      134.000    0.0012704458
      135.000    0.0014125217
      136.000    0.0015634422
      137.000    0.0017301111
      138.000    0.0019107612
      139.000    0.0020875549
      140.000    0.0022408348
      141.000    0.0023702343
      142.000    0.0024984067
      143.000    0.0026600601
      144.000    0.0028897990
      145.000    0.0031982805
      146.000    0.0035685792
      147.000    0.0040069176
      148.000    0.0045758719
      149.000    0.0053528291
      150.000    0.0063684774
      151.000    0.0076396102
      152.000    0.0092970906
      153.000     0.011665214
      154.000     0.015196095
      155.000     0.020404730
      156.000     0.028031319
      157.000     0.039171588
      158.000     0.054764990
      159.000     0.074070588
      160.000     0.092938110
      161.000      0.10431972
      162.000      0.10253387
      163.000     0.088343129
      164.000     0.068385638
      165.000     0.049474977
      166.000     0.034813121
      167.000     0.024492109
      168.000     0.017504230
      169.000     0.012876436
      170.000    0.0098571600
      171.000    0.0078556053
      172.000    0.0064701797
      173.000    0.0054716137
      174.000    0.0047289832
      175.000    0.0041769850
      176.000    0.0037789964
      177.000    0.0034804509
      178.000    0.0032138897
      179.000    0.0029388377
      180.000    0.0026585176
      181.000    0.0023971549
      182.000    0.0021606651
      183.000    0.0019322397
      184.000    0.0017020066
      185.000    0.0014826925
      186.000    0.0012926050
      187.000    0.0011368425
      188.000    0.0010108522
      189.000   0.00090869685
      190.000   0.00082354934
      191.000   0.00074620516
      192.000   0.00066981802
      193.000   0.00059392396
      194.000   0.00052212895
      195.000   0.00045865294
      196.000   0.00040602440
      197.000   0.00036389354
      198.000   0.00032948147
      199.000   0.00029993520
      200.000   0.00027398908
      201.000   0.00025118850
      202.000   0.00023077193
      203.000   0.00021169454
      204.000   0.00019318976
      205.000   0.00017507274
      206.000   0.00015760638
      207.000   0.00014136876
      208.000   0.00012709107
      209.000   0.00011524009
      210.000   0.00010580513
      211.000   9.8385426e-05
      212.000   9.2566617e-05
      213.000   8.8143235e-05
      214.000   8.4895139e-05
      215.000   8.2449660e-05
      216.000   8.0318758e-05
      217.000   7.8085701e-05
      218.000   7.5557458e-05
      219.000   7.2780356e-05
      220.000   6.9960930e-05
      221.000   6.7231173e-05
      222.000   6.4545755e-05
      223.000   6.1802566e-05
      224.000   5.8990729e-05
      225.000   5.6181801e-05
      226.000   5.3419644e-05
      227.000   5.0752864e-05
      228.000   4.8312468e-05
      229.000   4.6174009e-05
      230.000   4.4186465e-05
      231.000   4.2055934e-05
      232.000   3.9664093e-05
      233.000   3.7203110e-05
      234.000   3.4974695e-05
      235.000   3.3153072e-05
      236.000   3.1705982e-05
      237.000   3.0492034e-05
      238.000   2.9384821e-05
      239.000   2.8320850e-05
      240.000   2.7298636e-05
      241.000   2.6387896e-05
      242.000   2.5682002e-05
      243.000   2.5228404e-05
      244.000   2.4998450e-05
      245.000   2.4912262e-05
      246.000   2.4890292e-05
      247.000   2.4875775e-05
      248.000   2.4837453e-05
      249.000   2.4739125e-05
      250.000   2.4519386e-05
      251.000   2.4133187e-05
      252.000   2.3582532e-05
      253.000   2.2926713e-05
      254.000   2.2249078e-05
      255.000   2.1577833e-05
      256.000   2.0872892e-05
      257.000   2.0083151e-05
      258.000   1.9210322e-05
      259.000   1.8312663e-05
      260.000   1.7466495e-05
      261.000   1.6736587e-05
      262.000   1.6161344e-05
      263.000   1.5732192e-05
      264.000   1.5389225e-05
      265.000   1.5065535e-05
      266.000   1.4739016e-05
      267.000   1.4433071e-05
      268.000   1.4182446e-05
      269.000   1.4005046e-05
      270.000   1.3897894e-05
      271.000   1.3846194e-05
      272.000   1.3824733e-05
      273.000   1.3810974e-05
      274.000   1.3792301e-05
      275.000   1.3760495e-05
      276.000   1.3704198e-05
      277.000   1.3611530e-05
      278.000   1.3471617e-05
      279.000   1.3261621e-05
      280.000   1.2951999e-05
      281.000   1.2534980e-05
      282.000   1.2046567e-05
      283.000   1.1541842e-05
      284.000   1.1049589e-05
      285.000   1.0563845e-05
      286.000   1.0070915e-05
      287.000   9.5811465e-06
      288.000   9.1318743e-06
      289.000   8.7595345e-06
      290.000   8.4817657e-06
      291.000   8.2955594e-06
      292.000   8.1827166e-06
      293.000   8.1256967e-06
      294.000   8.1116623e-06
      295.000   8.1208891e-06
      296.000   8.1292628e-06
      297.000   8.1283169e-06
      298.000   8.1297276e-06
      299.000   8.1475737e-06
      300.000   8.1874168e-06
      301.000   8.2477582e-06
      302.000   8.3171235e-06
      303.000   8.3706564e-06
      304.000   8.3869836e-06
      305.000   8.3607993e-06
      306.000   8.2921206e-06
      307.000   8.1821690e-06
      308.000   8.0396130e-06
      309.000   7.8785406e-06
      310.000   7.7090726e-06
      311.000   7.5363309e-06
      312.000   7.3683941e-06
      313.000   7.2111307e-06
      314.000   7.0564993e-06
      315.000   6.8892305e-06
      316.000   6.7029637e-06
      317.000   6.5050199e-06
      318.000   6.3114162e-06
      319.000   6.1445535e-06
      320.000   6.0287657e-06
      321.000   5.9782728e-06
