      1.00000       0.0000000
      2.00000   7.1092154e-06
      3.00000   7.1193854e-06
      4.00000   7.0945480e-06
      5.00000   7.0699366e-06
      6.00000   7.0641613e-06
      7.00000   7.0956153e-06
      8.00000   7.1601212e-06
      9.00000   7.2398743e-06
      10.0000   7.3306396e-06
      11.0000   7.4473164e-06
      12.0000   7.6023098e-06
      13.0000   7.7869036e-06
      14.0000   7.9760484e-06
      15.0000   8.1447233e-06
      16.0000   8.2855904e-06
      17.0000   8.4134972e-06
      18.0000   8.5487336e-06
      19.0000   8.7035260e-06
      20.0000   8.8792649e-06
      21.0000   9.0601916e-06
      22.0000   9.2171222e-06
      23.0000   9.3412327e-06
      24.0000   9.4623301e-06
      25.0000   9.6209287e-06
      26.0000   9.8373785e-06
      27.0000   1.0106170e-05
      28.0000   1.0417842e-05
      29.0000   1.0772002e-05
      30.0000   1.1166911e-05
      31.0000   1.1589016e-05
      32.0000   1.2002860e-05
      33.0000   1.2368399e-05
      34.0000   1.2663916e-05
      35.0000   1.2881299e-05
      36.0000   1.3022669e-05
      37.0000   1.3113033e-05
      38.0000   1.3207657e-05
      39.0000   1.3351175e-05
      40.0000   1.3537955e-05
      41.0000   1.3738762e-05
      42.0000   1.3931267e-05
      43.0000   1.4098284e-05
      44.0000   1.4239668e-05
      45.0000   1.4384260e-05
      46.0000   1.4565487e-05
      47.0000   1.4806303e-05
      48.0000   1.5121450e-05
      49.0000   1.5504149e-05
      50.0000   1.5934476e-05
      51.0000   1.6401074e-05
      52.0000   1.6885346e-05
      53.0000   1.7339064e-05
      54.0000   1.7720731e-05
      55.0000   1.8050932e-05
      56.0000   1.8407820e-05
      57.0000   1.8876464e-05
      58.0000   1.9512208e-05
      59.0000   2.0306386e-05
      60.0000   2.1170536e-05
      61.0000   2.1988397e-05
      62.0000   2.2679891e-05
      63.0000   2.3236615e-05
      64.0000   2.3709279e-05
      65.0000   2.4145855e-05
      66.0000   2.4534258e-05
      67.0000   2.4814486e-05
      68.0000   2.4970575e-05
      69.0000   2.5061936e-05
      70.0000   2.5176563e-05
      71.0000   2.5388048e-05
      72.0000   2.5739986e-05
      73.0000   2.6214153e-05
      74.0000   2.6715412e-05
      75.0000   2.7174339e-05
      76.0000   2.7617925e-05
      77.0000   2.8108740e-05
      78.0000   2.8674272e-05
      79.0000   2.9315477e-05
      80.0000   3.0049279e-05
      81.0000   3.0944921e-05
      82.0000   3.2097592e-05
      83.0000   3.3560846e-05
      84.0000   3.5347271e-05
      85.0000   3.7454392e-05
      86.0000   3.9856081e-05
      87.0000   4.2501240e-05
      88.0000   4.5344990e-05
      89.0000   4.8411133e-05
      90.0000   5.1762225e-05
      91.0000   5.5359775e-05
      92.0000   5.9062146e-05
      93.0000   6.2767765e-05
      94.0000   6.6480156e-05
      95.0000   7.0349808e-05
      96.0000   7.4600401e-05
      97.0000   7.9332975e-05
      98.0000   8.4421888e-05
      99.0000   8.9616224e-05
      100.000   9.4826981e-05
      101.000   0.00010029459
      102.000   0.00010658977
      103.000   0.00011440794
      104.000   0.00012414102
      105.000   0.00013574708
      106.000   0.00014907322
      107.000   0.00016426148
      108.000   0.00018174300
      109.000   0.00020180107
      110.000   0.00022433326
      111.000   0.00024900390
      112.000   0.00027498341
      113.000   0.00030069746
      114.000   0.00032453213
      115.000   0.00034550289
      116.000   0.00036339322
      117.000   0.00037910664
      118.000   0.00039444235
      119.000   0.00041101346
      120.000   0.00042935592
      121.000   0.00044929894
      122.000   0.00047161488
      123.000   0.00049887033
      124.000   0.00053452211
      125.000   0.00058092060
      126.000   0.00063791324
      127.000   0.00070482166
      128.000   0.00078260090
      129.000   0.00087215716
      130.000   0.00097105844
      131.000    0.0010740419
      132.000    0.0011786317
      133.000    0.0012897536
      134.000    0.0014140618
      135.000    0.0015476944
      136.000    0.0016744459
      137.000    0.0017792559
      138.000    0.0018630725
      139.000    0.0019423402
      140.000    0.0020380977
      141.000    0.0021716019
      142.000    0.0023612748
      143.000    0.0026072664
      144.000    0.0028887519
      145.000    0.0031977876
      146.000    0.0035730286
      147.000    0.0040887515
      148.000    0.0047963234
      149.000    0.0056854179
      150.000    0.0067316741
      151.000    0.0079938024
      152.000    0.0096867476
      153.000     0.012210061
      154.000     0.016140107
      155.000     0.022071607
      156.000     0.030363115
      157.000     0.041230816
      158.000     0.054941818
      159.000     0.070989974
      160.000     0.086595111
      161.000     0.096550800
      162.000     0.096175760
      163.000     0.085361928
      164.000     0.068690665
      165.000     0.051633831
      166.000     0.037534300
      167.000     0.027191274
      168.000     0.019957926
      169.000     0.014916452
      170.000     0.011376966
      171.000    0.0088837016
      172.000    0.0071112397
      173.000    0.0058296155
      174.000    0.0048914817
      175.000    0.0041986345
      176.000    0.0036690547
      177.000    0.0032375236
      178.000    0.0028750214
      179.000    0.0025847480
      180.000    0.0023703764
      181.000    0.0022115381
      182.000    0.0020741497
      183.000    0.0019354121
      184.000    0.0017881196
      185.000    0.0016285998
      186.000    0.0014538624
      187.000    0.0012730234
      188.000    0.0011092523
      189.000   0.00097968196
      190.000   0.00088037126
      191.000   0.00079534360
      192.000   0.00071235065
      193.000   0.00062897138
      194.000   0.00054921111
      195.000   0.00047866662
      196.000   0.00042144643
      197.000   0.00037773020
      198.000   0.00034405896
      199.000   0.00031593969
      200.000   0.00029064558
      201.000   0.00026732252
      202.000   0.00024560158
      203.000   0.00022515349
      204.000   0.00020582286
      205.000   0.00018767176
      206.000   0.00017065070
      207.000   0.00015458860
      208.000   0.00013974188
      209.000   0.00012669526
      210.000   0.00011565667
      211.000   0.00010634155
      212.000   9.8291341e-05
      213.000   9.1230970e-05
      214.000   8.5127300e-05
      215.000   8.0035876e-05
      216.000   7.6109493e-05
      217.000   7.3487143e-05
      218.000   7.1925075e-05
      219.000   7.0732312e-05
      220.000   6.9204420e-05
      221.000   6.7120403e-05
      222.000   6.4705426e-05
      223.000   6.2214145e-05
      224.000   5.9803042e-05
      225.000   5.7607176e-05
      226.000   5.5649834e-05
      227.000   5.3770291e-05
      228.000   5.1807448e-05
      229.000   4.9706654e-05
      230.000   4.7475598e-05
      231.000   4.5202494e-05
      232.000   4.3036012e-05
      233.000   4.1075873e-05
      234.000   3.9292911e-05
      235.000   3.7553495e-05
      236.000   3.5783156e-05
      237.000   3.4063236e-05
      238.000   3.2516389e-05
      239.000   3.1186006e-05
      240.000   3.0027817e-05
      241.000   2.8948964e-05
      242.000   2.7887603e-05
      243.000   2.6867721e-05
      244.000   2.5932204e-05
      245.000   2.5109373e-05
      246.000   2.4438397e-05
      247.000   2.3941051e-05
      248.000   2.3613202e-05
      249.000   2.3445431e-05
      250.000   2.3413881e-05
      251.000   2.3461338e-05
      252.000   2.3498200e-05
      253.000   2.3437900e-05
      254.000   2.3246974e-05
      255.000   2.2937227e-05
      256.000   2.2525939e-05
      257.000   2.2015507e-05
      258.000   2.1409769e-05
      259.000   2.0744135e-05
      260.000   2.0071209e-05
      261.000   1.9428277e-05
      262.000   1.8802770e-05
      263.000   1.8151391e-05
      264.000   1.7460736e-05
      265.000   1.6771552e-05
      266.000   1.6159011e-05
      267.000   1.5674725e-05
      268.000   1.5323478e-05
      269.000   1.5086806e-05
      270.000   1.4930716e-05
      271.000   1.4802295e-05
      272.000   1.4648541e-05
      273.000   1.4456990e-05
      274.000   1.4249527e-05
      275.000   1.4050995e-05
      276.000   1.3888966e-05
      277.000   1.3778999e-05
      278.000   1.3694295e-05
      279.000   1.3589406e-05
      280.000   1.3453365e-05
      281.000   1.3308745e-05
      282.000   1.3169898e-05
      283.000   1.3020758e-05
      284.000   1.2822316e-05
      285.000   1.2534833e-05
      286.000   1.2156583e-05
      287.000   1.1731120e-05
      288.000   1.1306313e-05
      289.000   1.0910934e-05
      290.000   1.0566760e-05
      291.000   1.0280439e-05
      292.000   1.0022754e-05
      293.000   9.7546908e-06
      294.000   9.4616989e-06
      295.000   9.1627962e-06
      296.000   8.8962333e-06
      297.000   8.6929194e-06
      298.000   8.5619877e-06
      299.000   8.4931398e-06
      300.000   8.4703115e-06
      301.000   8.4742442e-06
      302.000   8.4774756e-06
      303.000   8.4471449e-06
      304.000   8.3655787e-06
      305.000   8.2378356e-06
      306.000   8.0808268e-06
      307.000   7.9140500e-06
      308.000   7.7459072e-06
      309.000   7.5694661e-06
      310.000   7.3788324e-06
      311.000   7.1828053e-06
      312.000   6.9964935e-06
      313.000   6.8348172e-06
      314.000   6.7146329e-06
      315.000   6.6417456e-06
      316.000   6.6050220e-06
      317.000   6.5896684e-06
      318.000   6.5880672e-06
      319.000   6.5969657e-06
      320.000   6.6101657e-06
      321.000   6.6212269e-06
