      1.00000       0.0000000
      2.00000   7.2606003e-06
      3.00000   7.4427021e-06
      4.00000   7.5539706e-06
      5.00000   7.6521546e-06
      6.00000   7.7409004e-06
      7.00000   7.8417333e-06
      8.00000   7.9570400e-06
      9.00000   8.0717218e-06
      10.0000   8.1604330e-06
      11.0000   8.1935132e-06
      12.0000   8.1569397e-06
      13.0000   8.0724049e-06
      14.0000   7.9795891e-06
      15.0000   7.9202273e-06
      16.0000   7.9272477e-06
      17.0000   8.0045165e-06
      18.0000   8.1322860e-06
      19.0000   8.2915149e-06
      20.0000   8.4763769e-06
      21.0000   8.7025855e-06
      22.0000   8.9985451e-06
      23.0000   9.3795752e-06
      24.0000   9.8362134e-06
      25.0000   1.0342945e-05
      26.0000   1.0871606e-05
      27.0000   1.1398846e-05
      28.0000   1.1902613e-05
      29.0000   1.2361270e-05
      30.0000   1.2756860e-05
      31.0000   1.3074382e-05
      32.0000   1.3308076e-05
      33.0000   1.3471602e-05
      34.0000   1.3599638e-05
      35.0000   1.3706637e-05
      36.0000   1.3776058e-05
      37.0000   1.3788320e-05
      38.0000   1.3736128e-05
      39.0000   1.3644561e-05
      40.0000   1.3549781e-05
      41.0000   1.3477158e-05
      42.0000   1.3449088e-05
      43.0000   1.3486261e-05
      44.0000   1.3605631e-05
      45.0000   1.3832088e-05
      46.0000   1.4186939e-05
      47.0000   1.4660579e-05
      48.0000   1.5216635e-05
      49.0000   1.5802245e-05
      50.0000   1.6359476e-05
      51.0000   1.6856167e-05
      52.0000   1.7308694e-05
      53.0000   1.7787148e-05
      54.0000   1.8379886e-05
      55.0000   1.9123139e-05
      56.0000   1.9985755e-05
      57.0000   2.0891643e-05
      58.0000   2.1738773e-05
      59.0000   2.2447533e-05
      60.0000   2.3002751e-05
      61.0000   2.3428784e-05
      62.0000   2.3755096e-05
      63.0000   2.3998571e-05
      64.0000   2.4160609e-05
      65.0000   2.4267438e-05
      66.0000   2.4356892e-05
      67.0000   2.4436906e-05
      68.0000   2.4494559e-05
      69.0000   2.4530134e-05
      70.0000   2.4578143e-05
      71.0000   2.4695002e-05
      72.0000   2.4931327e-05
      73.0000   2.5308431e-05
      74.0000   2.5816738e-05
      75.0000   2.6410571e-05
      76.0000   2.7009208e-05
      77.0000   2.7563057e-05
      78.0000   2.8122595e-05
      79.0000   2.8841063e-05
      80.0000   2.9875853e-05
      81.0000   3.1287771e-05
      82.0000   3.3081087e-05
      83.0000   3.5250792e-05
      84.0000   3.7733949e-05
      85.0000   4.0386210e-05
      86.0000   4.3062249e-05
      87.0000   4.5725767e-05
      88.0000   4.8462753e-05
      89.0000   5.1366609e-05
      90.0000   5.4461681e-05
      91.0000   5.7701291e-05
      92.0000   6.0946346e-05
      93.0000   6.4106542e-05
      94.0000   6.7293979e-05
      95.0000   7.0769362e-05
      96.0000   7.4674695e-05
      97.0000   7.8880847e-05
      98.0000   8.3196304e-05
      99.0000   8.7650544e-05
      100.000   9.2540569e-05
      101.000   9.8336575e-05
      102.000   0.00010553389
      103.000   0.00011447034
      104.000   0.00012518892
      105.000   0.00013754994
      106.000   0.00015162183
      107.000   0.00016772417
      108.000   0.00018601696
      109.000   0.00020644948
      110.000   0.00022900380
      111.000   0.00025316648
      112.000   0.00027751381
      113.000   0.00030035235
      114.000   0.00032039592
      115.000   0.00033722477
      116.000   0.00035178437
      117.000   0.00036612694
      118.000   0.00038216711
      119.000   0.00040010110
      120.000   0.00041872475
      121.000   0.00043788960
      122.000   0.00045994564
      123.000   0.00048907311
      124.000   0.00052891381
      125.000   0.00057992944
      126.000   0.00064009405
      127.000   0.00070869952
      128.000   0.00078730693
      129.000   0.00087629183
      130.000   0.00097233884
      131.000    0.0010711981
      132.000    0.0011735494
      133.000    0.0012863433
      134.000    0.0014137698
      135.000    0.0015467404
      136.000    0.0016670597
      137.000    0.0017622191
      138.000    0.0018359850
      139.000    0.0019060981
      140.000    0.0019939702
      141.000    0.0021229691
      142.000    0.0023117482
      143.000    0.0025524294
      144.000    0.0028128501
      145.000    0.0030840684
      146.000    0.0034229776
      147.000    0.0039201817
      148.000    0.0046154154
      149.000    0.0054660323
      150.000    0.0064268187
      151.000    0.0075770128
      152.000    0.0091679357
      153.000     0.011591530
      154.000     0.015367087
      155.000     0.021047939
      156.000     0.029062986
      157.000     0.039887413
      158.000     0.054290809
      159.000     0.072216958
      160.000     0.090439484
      161.000      0.10213050
      162.000      0.10109747
      163.000     0.087744862
      164.000     0.068578608
      165.000     0.050261103
      166.000     0.035953313
      167.000     0.025752204
      168.000     0.018648902
      169.000     0.013740222
      170.000     0.010409350
      171.000    0.0081735589
      172.000    0.0066368966
      173.000    0.0055354857
      174.000    0.0047197803
      175.000    0.0040968098
      176.000    0.0036043376
      177.000    0.0032015361
      178.000    0.0028632681
      179.000    0.0025824362
      180.000    0.0023597025
      181.000    0.0021843638
      182.000    0.0020359659
      183.000    0.0018986126
      184.000    0.0017613579
      185.000    0.0016123615
      186.000    0.0014470646
      187.000    0.0012730425
      188.000    0.0011072182
      189.000   0.00096845225
      190.000   0.00086354779
      191.000   0.00078325340
      192.000   0.00071327918
      193.000   0.00064425106
      194.000   0.00057357346
      195.000   0.00050375907
      196.000   0.00044021531
      197.000   0.00038775580
      198.000   0.00034753268
      199.000   0.00031702052
      200.000   0.00029228549
      201.000   0.00027036501
      202.000   0.00024996535
      203.000   0.00023081878
      204.000   0.00021283615
      205.000   0.00019592364
      206.000   0.00018007086
      207.000   0.00016508033
      208.000   0.00015063159
      209.000   0.00013672961
      210.000   0.00012375442
      211.000   0.00011207821
      212.000   0.00010198410
      213.000   9.3581031e-05
      214.000   8.6711814e-05
      215.000   8.1108075e-05
      216.000   7.6524964e-05
      217.000   7.2811243e-05
      218.000   6.9909889e-05
      219.000   6.7779081e-05
      220.000   6.6283654e-05
      221.000   6.5114327e-05
      222.000   6.3855594e-05
      223.000   6.2281368e-05
      224.000   6.0465536e-05
      225.000   5.8560101e-05
      226.000   5.6682977e-05
      227.000   5.4937082e-05
      228.000   5.3314183e-05
      229.000   5.1658586e-05
      230.000   4.9857732e-05
      231.000   4.7920854e-05
      232.000   4.5904595e-05
      233.000   4.3916756e-05
      234.000   4.2086649e-05
      235.000   4.0472092e-05
      236.000   3.8947619e-05
      237.000   3.7259993e-05
      238.000   3.5318109e-05
      239.000   3.3305390e-05
      240.000   3.1451513e-05
      241.000   2.9843957e-05
      242.000   2.8476928e-05
      243.000   2.7322849e-05
      244.000   2.6315553e-05
      245.000   2.5381580e-05
      246.000   2.4487012e-05
      247.000   2.3649638e-05
      248.000   2.2932771e-05
      249.000   2.2403256e-05
      250.000   2.2079321e-05
      251.000   2.1942014e-05
      252.000   2.1973365e-05
      253.000   2.2142494e-05
      254.000   2.2386881e-05
      255.000   2.2634691e-05
      256.000   2.2827691e-05
      257.000   2.2915758e-05
      258.000   2.2852979e-05
      259.000   2.2619353e-05
      260.000   2.2221211e-05
      261.000   2.1692298e-05
      262.000   2.1076607e-05
      263.000   2.0406984e-05
      264.000   1.9708268e-05
      265.000   1.8972360e-05
      266.000   1.8178076e-05
      267.000   1.7325603e-05
      268.000   1.6442467e-05
      269.000   1.5594243e-05
      270.000   1.4859073e-05
      271.000   1.4287109e-05
      272.000   1.3876077e-05
      273.000   1.3579654e-05
      274.000   1.3352342e-05
      275.000   1.3182071e-05
      276.000   1.3069014e-05
      277.000   1.3007175e-05
      278.000   1.2988172e-05
      279.000   1.3008761e-05
      280.000   1.3069867e-05
      281.000   1.3156341e-05
      282.000   1.3242540e-05
      283.000   1.3321132e-05
      284.000   1.3394952e-05
      285.000   1.3455887e-05
      286.000   1.3476577e-05
      287.000   1.3420485e-05
      288.000   1.3257426e-05
      289.000   1.2972102e-05
      290.000   1.2582505e-05
      291.000   1.2130115e-05
      292.000   1.1648848e-05
      293.000   1.1158151e-05
      294.000   1.0676842e-05
      295.000   1.0218880e-05
      296.000   9.7760949e-06
      297.000   9.3329982e-06
      298.000   8.8954748e-06
      299.000   8.4909216e-06
      300.000   8.1507724e-06
      301.000   7.8959956e-06
      302.000   7.7292143e-06
      303.000   7.6339493e-06
      304.000   7.5818466e-06
      305.000   7.5549474e-06
      306.000   7.5518128e-06
      307.000   7.5713319e-06
      308.000   7.6014853e-06
      309.000   7.6237525e-06
      310.000   7.6237529e-06
      311.000   7.6030060e-06
      312.000   7.5772246e-06
      313.000   7.5535959e-06
      314.000   7.5213629e-06
      315.000   7.4660861e-06
      316.000   7.3899901e-06
      317.000   7.3057249e-06
      318.000   7.2189164e-06
      319.000   7.1174777e-06
      320.000   7.0064580e-06
      321.000   6.8621111e-06
