      1.00000       0.0000000
      2.00000   6.4240312e-06
      3.00000   6.5175877e-06
      4.00000   6.5652462e-06
      5.00000   6.5967884e-06
      6.00000   6.6187145e-06
      7.00000   6.6501138e-06
      8.00000   6.6890261e-06
      9.00000   6.7188016e-06
      10.0000   6.7303308e-06
      11.0000   6.7316309e-06
      12.0000   6.7378141e-06
      13.0000   6.7601709e-06
      14.0000   6.8039362e-06
      15.0000   6.8762552e-06
      16.0000   6.9932426e-06
      17.0000   7.1703389e-06
      18.0000   7.4117002e-06
      19.0000   7.7057457e-06
      20.0000   8.0317704e-06
      21.0000   8.3755522e-06
      22.0000   8.7272292e-06
      23.0000   9.0785315e-06
      24.0000   9.4273983e-06
      25.0000   9.7641387e-06
      26.0000   1.0057865e-05
      27.0000   1.0272107e-05
      28.0000   1.0392128e-05
      29.0000   1.0431627e-05
      30.0000   1.0408128e-05
      31.0000   1.0322760e-05
      32.0000   1.0176479e-05
      33.0000   9.9913505e-06
      34.0000   9.8086803e-06
      35.0000   9.6732274e-06
      36.0000   9.6185840e-06
      37.0000   9.6543317e-06
      38.0000   9.7705652e-06
      39.0000   9.9661866e-06
      40.0000   1.0253593e-05
      41.0000   1.0636202e-05
      42.0000   1.1107272e-05
      43.0000   1.1653513e-05
      44.0000   1.2248467e-05
      45.0000   1.2864895e-05
      46.0000   1.3477115e-05
      47.0000   1.4053078e-05
      48.0000   1.4570632e-05
      49.0000   1.5027307e-05
      50.0000   1.5422858e-05
      51.0000   1.5744015e-05
      52.0000   1.5979473e-05
      53.0000   1.6132755e-05
      54.0000   1.6206975e-05
      55.0000   1.6203683e-05
      56.0000   1.6149854e-05
      57.0000   1.6117701e-05
      58.0000   1.6197695e-05
      59.0000   1.6437963e-05
      60.0000   1.6823231e-05
      61.0000   1.7312364e-05
      62.0000   1.7858807e-05
      63.0000   1.8411814e-05
      64.0000   1.8952271e-05
      65.0000   1.9527553e-05
      66.0000   2.0222247e-05
      67.0000   2.1083508e-05
      68.0000   2.2096157e-05
      69.0000   2.3208668e-05
      70.0000   2.4370031e-05
      71.0000   2.5534006e-05
      72.0000   2.6606673e-05
      73.0000   2.7482389e-05
      74.0000   2.8127353e-05
      75.0000   2.8583105e-05
      76.0000   2.8934273e-05
      77.0000   2.9251853e-05
      78.0000   2.9559020e-05
      79.0000   2.9829473e-05
      80.0000   3.0015746e-05
      81.0000   3.0123167e-05
      82.0000   3.0259513e-05
      83.0000   3.0591622e-05
      84.0000   3.1241343e-05
      85.0000   3.2227723e-05
      86.0000   3.3515251e-05
      87.0000   3.5071913e-05
      88.0000   3.6819998e-05
      89.0000   3.8608847e-05
      90.0000   4.0345680e-05
      91.0000   4.2160769e-05
      92.0000   4.4381868e-05
      93.0000   4.7309317e-05
      94.0000   5.1049203e-05
      95.0000   5.5504017e-05
      96.0000   6.0446317e-05
      97.0000   6.5642154e-05
      98.0000   7.0976879e-05
      99.0000   7.6458957e-05
      100.000   8.2108141e-05
      101.000   8.7837150e-05
      102.000   9.3537776e-05
      103.000   9.9380515e-05
      104.000   0.00010585009
      105.000   0.00011338289
      106.000   0.00012200981
      107.000   0.00013137005
      108.000   0.00014111187
      109.000   0.00015143180
      110.000   0.00016340663
      111.000   0.00017842113
      112.000   0.00019695859
      113.000   0.00021834951
      114.000   0.00024185555
      115.000   0.00026774302
      116.000   0.00029710686
      117.000   0.00033067170
      118.000   0.00036771270
      119.000   0.00040603185
      120.000   0.00044298189
      121.000   0.00047674999
      122.000   0.00050690991
      123.000   0.00053427223
      124.000   0.00056057895
      125.000   0.00058781536
      126.000   0.00061685697
      127.000   0.00064792758
      128.000   0.00068331516
      129.000   0.00072790560
      130.000   0.00078592054
      131.000   0.00085820706
      132.000   0.00094441901
      133.000    0.0010473782
      134.000    0.0011719420
      135.000    0.0013192305
      136.000    0.0014845777
      137.000    0.0016625474
      138.000    0.0018531694
      139.000    0.0020574806
      140.000    0.0022662308
      141.000    0.0024626253
      142.000    0.0026421102
      143.000    0.0028231745
      144.000    0.0030380285
      145.000    0.0033160590
      146.000    0.0036682240
      147.000    0.0040978394
      148.000    0.0046436335
      149.000    0.0053936276
      150.000    0.0064382097
      151.000    0.0078296773
      152.000    0.0096478211
      153.000     0.012129245
      154.000     0.015686888
      155.000     0.020868631
      156.000     0.028506236
      157.000     0.039793931
      158.000     0.055482499
      159.000     0.074282274
      160.000     0.091909468
      161.000      0.10217057
      162.000      0.10040705
      163.000     0.087276824
      164.000     0.068427503
      165.000     0.050016638
      166.000     0.035311129
      167.000     0.024764610
      168.000     0.017626764
      169.000     0.012953493
      170.000    0.0099089332
      171.000    0.0078753131
      172.000    0.0064751985
      173.000    0.0054945382
      174.000    0.0048115752
      175.000    0.0043487623
      176.000    0.0040225801
      177.000    0.0037376583
      178.000    0.0034309383
      179.000    0.0030970091
      180.000    0.0027640311
      181.000    0.0024528152
      182.000    0.0021609482
      183.000    0.0018837466
      184.000    0.0016320490
      185.000    0.0014189567
      186.000    0.0012442049
      187.000    0.0011018154
      188.000   0.00098747853
      189.000   0.00089441246
      190.000   0.00081155507
      191.000   0.00073021586
      192.000   0.00064866309
      193.000   0.00057030644
      194.000   0.00050008745
      195.000   0.00044089378
      196.000   0.00039214111
      197.000   0.00035128574
      198.000   0.00031649315
      199.000   0.00028723778
      200.000   0.00026272715
      201.000   0.00024122144
      202.000   0.00022089088
      203.000   0.00020080515
      204.000   0.00018104585
      205.000   0.00016238242
      206.000   0.00014578350
      207.000   0.00013186321
      208.000   0.00012067236
      209.000   0.00011184494
      210.000   0.00010498351
      211.000   9.9791403e-05
      212.000   9.5896998e-05
      213.000   9.2788207e-05
      214.000   8.9891364e-05
      215.000   8.6791915e-05
      216.000   8.3357474e-05
      217.000   7.9718389e-05
      218.000   7.6113611e-05
      219.000   7.2636416e-05
      220.000   6.9220470e-05
      221.000   6.5778884e-05
      222.000   6.2305953e-05
      223.000   5.8914706e-05
      224.000   5.5769677e-05
      225.000   5.2978088e-05
      226.000   5.0463419e-05
      227.000   4.7967638e-05
      228.000   4.5260051e-05
      229.000   4.2365267e-05
      230.000   3.9549410e-05
      231.000   3.7089263e-05
      232.000   3.5076242e-05
      233.000   3.3421609e-05
      234.000   3.1999112e-05
      235.000   3.0744297e-05
      236.000   2.9672477e-05
      237.000   2.8828134e-05
      238.000   2.8221109e-05
      239.000   2.7816257e-05
      240.000   2.7552756e-05
      241.000   2.7377937e-05
      242.000   2.7253898e-05
      243.000   2.7145123e-05
      244.000   2.7004657e-05
      245.000   2.6757649e-05
      246.000   2.6337155e-05
      247.000   2.5719040e-05
      248.000   2.4917625e-05
      249.000   2.3991197e-05
      250.000   2.3022305e-05
      251.000   2.2064361e-05
      252.000   2.1112099e-05
      253.000   2.0148969e-05
      254.000   1.9202933e-05
      255.000   1.8332956e-05
      256.000   1.7587063e-05
      257.000   1.6981234e-05
      258.000   1.6515696e-05
      259.000   1.6175291e-05
      260.000   1.5926889e-05
      261.000   1.5734762e-05
      262.000   1.5577223e-05
      263.000   1.5452913e-05
      264.000   1.5361364e-05
      265.000   1.5291385e-05
      266.000   1.5224226e-05
      267.000   1.5148884e-05
      268.000   1.5076295e-05
      269.000   1.5005557e-05
      270.000   1.4893251e-05
      271.000   1.4680872e-05
      272.000   1.4337880e-05
      273.000   1.3872436e-05
      274.000   1.3310404e-05
      275.000   1.2681707e-05
      276.000   1.2030132e-05
      277.000   1.1402093e-05
      278.000   1.0815608e-05
      279.000   1.0260521e-05
      280.000   9.7322591e-06
      281.000   9.2599230e-06
      282.000   8.8956167e-06
      283.000   8.6759483e-06
      284.000   8.6064147e-06
      285.000   8.6637074e-06
      286.000   8.7965091e-06
      287.000   8.9486912e-06
      288.000   9.0876338e-06
      289.000   9.2088903e-06
      290.000   9.3219796e-06
      291.000   9.4341922e-06
      292.000   9.5423284e-06
      293.000   9.6266122e-06
      294.000   9.6584736e-06
      295.000   9.6157373e-06
      296.000   9.4882998e-06
      297.000   9.2852251e-06
      298.000   9.0291815e-06
      299.000   8.7362541e-06
      300.000   8.4093190e-06
      301.000   8.0558275e-06
      302.000   7.7030900e-06
      303.000   7.3814954e-06
      304.000   7.0986694e-06
      305.000   6.8508139e-06
      306.000   6.6421580e-06
      307.000   6.4795527e-06
      308.000   6.3683515e-06
      309.000   6.3143248e-06
      310.000   6.3171510e-06
      311.000   6.3580369e-06
      312.000   6.4065803e-06
      313.000   6.4425176e-06
      314.000   6.4598748e-06
      315.000   6.4592423e-06
      316.000   6.4424953e-06
      317.000   6.4077294e-06
      318.000   6.3498510e-06
      319.000   6.2627887e-06
      320.000   6.1637170e-06
      321.000   6.0292336e-06
