      1.00000      0.00000
      2.00000      0.00000
      3.00000      0.00000
      4.00000      0.00000
      5.00000      0.00000
      6.00000      0.00000
      7.00000      0.00000
      8.00000      0.00000
      9.00000      0.00000
      10.0000      0.00000
      11.0000      0.00000
      12.0000      0.00000
      13.0000      0.00000
      14.0000      0.00000
      15.0000      0.00000
      16.0000      0.00000
      17.0000      0.00000
      18.0000      0.00000
      19.0000      0.00000
      20.0000      0.00000
      21.0000      0.00000
      22.0000      0.00000
      23.0000      0.00000
      24.0000      0.00000
      25.0000      0.00000
      26.0000      0.00000
      27.0000      0.00000
      28.0000      0.00000
      29.0000      0.00000
      30.0000      0.00000
      31.0000      0.00000
      32.0000      0.00000
      33.0000      0.00000
      34.0000      0.00000
      35.0000      0.00000
      36.0000      0.00000
      37.0000      0.00000
      38.0000      0.00000
      39.0000      0.00000
      40.0000      0.00000
      41.0000      0.00000
      42.0000      0.00000
      43.0000      0.00000
      44.0000      0.00000
      45.0000      0.00000
      46.0000      0.00000
      47.0000      0.00000
      48.0000      0.00000
      49.0000      0.00000
      50.0000      0.00000
      51.0000      0.00000
      52.0000      0.00000
      53.0000      0.00000
      54.0000      0.00000
      55.0000      0.00000
      56.0000      0.00000
      57.0000      0.00000
      58.0000      0.00000
      59.0000      0.00000
      60.0000      0.00000
      61.0000      0.00000
      62.0000      0.00000
      63.0000      0.00000
      64.0000      0.00000
      65.0000      0.00000
      66.0000      0.00000
      67.0000      0.00000
      68.0000      0.00000
      69.0000      0.00000
      70.0000      0.00000
      71.0000      0.00000
      72.0000      0.00000
      73.0000      0.00000
      74.0000      0.00000
      75.0000      0.00000
      76.0000      0.00000
      77.0000      0.00000
      78.0000      0.00000
      79.0000      0.00000
      80.0000      0.00000
      81.0000      0.00000
      82.0000      0.00000
      83.0000      0.00000
      84.0000      0.00000
      85.0000      0.00000
      86.0000      0.00000
      87.0000      0.00000
      88.0000      0.00000
      89.0000      0.00000
      90.0000      0.00000
      91.0000      0.00000
      92.0000      0.00000
      93.0000      0.00000
      94.0000      0.00000
      95.0000      0.00000
      96.0000      0.00000
      97.0000      0.00000
      98.0000      0.00000
      99.0000      0.00000
      100.000      0.00000
      101.000      0.00000
      102.000      0.00000
      103.000      0.00000
      104.000      0.00000
      105.000      0.00000
      106.000      0.00000
      107.000      0.00000
      108.000      0.00000
      109.000      0.00000
      110.000      0.00000
      111.000      0.00000
      112.000      0.00000
      113.000      0.00000
      114.000      0.00000
      115.000      0.00000
      116.000      0.00000
      117.000      0.00000
      118.000      0.00000
      119.000      0.00000
      120.000      0.00000
      121.000      0.00000
      122.000      0.00000
      123.000      0.00000
      124.000      0.00000
      125.000      0.00000
      126.000      0.00000
      127.000      0.00000
      128.000      0.00000
      129.000      0.00000
      130.000      0.00000
      131.000      0.00000
      132.000      0.00000
      133.000      0.00000
      134.000      0.00000
      135.000      0.00000
      136.000      0.00000
      137.000      0.00000
      138.000      0.00000
      139.000      0.00000
      140.000      0.00000
      141.000      0.00000
      142.000      0.00000
      143.000      0.00000
      144.000      0.00000
      145.000      0.00000
      146.000      0.00000
      147.000      0.00000
      148.000      0.00000
      149.000      0.00000
      150.000      0.00000
      151.000      0.00000
      152.000      0.00000
      153.000      0.00000
      154.000      0.00000
      155.000      0.00000
      156.000      0.00000
      157.000      0.00000
      158.000      0.00000
      159.000      0.00000
      160.000      0.00000
      161.000      0.00000
      162.000      0.00000
      163.000      0.00000
      164.000      0.00000
      165.000      0.00000
      166.000      0.00000
      167.000      0.00000
      168.000      0.00000
      169.000      0.00000
      170.000      0.00000
      171.000      0.00000
      172.000      0.00000
      173.000      0.00000
      174.000      0.00000
      175.000      0.00000
      176.000      0.00000
      177.000      0.00000
      178.000      0.00000
      179.000      0.00000
      180.000      0.00000
      181.000      0.00000
      182.000      0.00000
      183.000      0.00000
      184.000      0.00000
      185.000      0.00000
      186.000      0.00000
      187.000      0.00000
      188.000      0.00000
      189.000      0.00000
      190.000      0.00000
      191.000      0.00000
      192.000      0.00000
      193.000      0.00000
      194.000      0.00000
      195.000      0.00000
      196.000      0.00000
      197.000      0.00000
      198.000      0.00000
      199.000      0.00000
      200.000      0.00000
      201.000  0.000100000
      202.000  0.000100000
      203.000  0.000100000
      204.000  0.000100000
      205.000  0.000100000
      206.000  0.000100000
      207.000  0.000100000
      208.000  0.000100000
      209.000  0.000200000
      210.000  0.000200000
      211.000  0.000200000
      212.000  0.000200000
      213.000  0.000300000
      214.000  0.000300000
      215.000  0.000400000
      216.000  0.000400000
      217.000  0.000500000
      218.000  0.000600000
      219.000  0.000600000
      220.000  0.000700000
      221.000  0.000800000
      222.000   0.00100000
      223.000   0.00110000
      224.000   0.00130000
      225.000   0.00140000
      226.000   0.00170000
      227.000   0.00190000
      228.000   0.00210000
      229.000   0.00240000
      230.000   0.00280000
      231.000   0.00310000
      232.000   0.00360000
      233.000   0.00400000
      234.000   0.00450000
      235.000   0.00510000
      236.000   0.00570000
      237.000   0.00640000
      238.000   0.00720000
      239.000   0.00810000
      240.000   0.00900000
      241.000    0.0100000
      242.000    0.0111000
      243.000    0.0122000
      244.000    0.0135000
      245.000    0.0149000
      246.000    0.0163000
      247.000    0.0179000
      248.000    0.0196000
      249.000    0.0214000
      250.000    0.0234000
      251.000    0.0257000
      252.000    0.0282000
      253.000    0.0313000
      254.000    0.0350000
      255.000    0.0397000
      256.000    0.0458000
      257.000    0.0536000
      258.000    0.0638000
      259.000    0.0768000
      260.000    0.0934000
      261.000     0.114300
      262.000     0.140000
      263.000     0.171300
      264.000     0.208800
      265.000     0.253300
      266.000     0.305200
      267.000     0.364900
      268.000     0.432400
      269.000     0.507000
      270.000     0.587200
      271.000     0.670400
      272.000     0.753000
      273.000     0.830700
      274.000     0.898600
      275.000     0.951900
      276.000     0.986600
      277.000      1.00000
      278.000     0.991100
      279.000     0.960900
      280.000     0.912000
      281.000     0.848200
      282.000     0.774200
      283.000     0.694700
      284.000     0.613900
      285.000     0.535200
      286.000     0.461000
      287.000     0.393000
      288.000     0.331700
      289.000     0.277600
      290.000     0.230300
      291.000     0.189700
      292.000     0.155200
      293.000    0.0326000
      294.000    0.0294000
      295.000    0.0266000
      296.000    0.0243000
      297.000    0.0222000
      298.000    0.0203000
      299.000    0.0186000
      300.000    0.0169000
      301.000    0.0154000
      302.000    0.0140000
      303.000    0.0127000
      304.000    0.0115000
      305.000    0.0104000
      306.000   0.00940000
      307.000   0.00840000
      308.000   0.00760000
      309.000   0.00680000
      310.000   0.00600000
      311.000   0.00540000
      312.000   0.00480000
      313.000   0.00420000
      314.000   0.00380000
      315.000   0.00330000
      316.000   0.00290000
      317.000   0.00260000
      318.000   0.00230000
      319.000   0.00200000
      320.000   0.00180000
      321.000   0.00150000
      322.000   0.00130000
      323.000   0.00120000
      324.000   0.00100000
      325.000  0.000900000
      326.000  0.000800000
      327.000  0.000700000
      328.000  0.000600000
      329.000  0.000500000
      330.000  0.000400000
      331.000  0.000400000
      332.000  0.000300000
      333.000  0.000300000
      334.000  0.000300000
      335.000  0.000200000
      336.000  0.000200000
      337.000  0.000200000
      338.000  0.000100000
      339.000  0.000100000
      340.000  0.000100000
      341.000  0.000100000
      342.000  0.000100000
      343.000  0.000100000
      344.000  0.000100000
      345.000  0.000100000
      346.000      0.00000
      347.000      0.00000
      348.000      0.00000
      349.000      0.00000
      350.000      0.00000
      351.000      0.00000
      352.000      0.00000
      353.000      0.00000
      354.000      0.00000
      355.000      0.00000
      356.000      0.00000
      357.000      0.00000
      358.000      0.00000
      359.000      0.00000
      360.000      0.00000
      361.000      0.00000
      362.000      0.00000
      363.000      0.00000
      364.000      0.00000
      365.000      0.00000
      366.000      0.00000
      367.000      0.00000
      368.000      0.00000
      369.000      0.00000
      370.000      0.00000
      371.000      0.00000
      372.000      0.00000
      373.000      0.00000
      374.000      0.00000
      375.000      0.00000
      376.000      0.00000
      377.000      0.00000
      378.000      0.00000
      379.000      0.00000
      380.000      0.00000
      381.000      0.00000
      382.000      0.00000
      383.000      0.00000
      384.000      0.00000
      385.000      0.00000
      386.000      0.00000
      387.000      0.00000
      388.000      0.00000
      389.000      0.00000
      390.000      0.00000
      391.000      0.00000
      392.000      0.00000
      393.000      0.00000
      394.000      0.00000
      395.000      0.00000
      396.000      0.00000
      397.000      0.00000
      398.000      0.00000
      399.000      0.00000
      400.000      0.00000
      401.000      0.00000
      402.000      0.00000
      403.000      0.00000
      404.000      0.00000
      405.000      0.00000
      406.000      0.00000
      407.000      0.00000
      408.000      0.00000
      409.000      0.00000
      410.000      0.00000
      411.000      0.00000
      412.000      0.00000
      413.000      0.00000
      414.000      0.00000
      415.000      0.00000
      416.000      0.00000
      417.000      0.00000
      418.000      0.00000
      419.000      0.00000
      420.000      0.00000
      421.000      0.00000
      422.000      0.00000
      423.000      0.00000
      424.000      0.00000
      425.000      0.00000
      426.000      0.00000
      427.000      0.00000
      428.000      0.00000
      429.000      0.00000
      430.000      0.00000
      431.000      0.00000
      432.000      0.00000
      433.000      0.00000
      434.000      0.00000
      435.000      0.00000
      436.000      0.00000
      437.000      0.00000
      438.000      0.00000
      439.000      0.00000
      440.000      0.00000
      441.000      0.00000
      442.000      0.00000
      443.000      0.00000
      444.000      0.00000
      445.000      0.00000
      446.000      0.00000
      447.000      0.00000
      448.000      0.00000
      449.000      0.00000
      450.000      0.00000
      451.000      0.00000
      452.000      0.00000
      453.000      0.00000
      454.000      0.00000
      455.000      0.00000
      456.000      0.00000
      457.000      0.00000
      458.000      0.00000
      459.000      0.00000
      460.000      0.00000
      461.000      0.00000
      462.000      0.00000
      463.000      0.00000
      464.000      0.00000
      465.000      0.00000
      466.000      0.00000
      467.000      0.00000
      468.000      0.00000
      469.000      0.00000
      470.000      0.00000
      471.000      0.00000
      472.000      0.00000
      473.000      0.00000
      474.000      0.00000
      475.000      0.00000
      476.000      0.00000
      477.000      0.00000
      478.000      0.00000
      479.000      0.00000
      480.000      0.00000
      481.000      0.00000
      482.000      0.00000
      483.000      0.00000
      484.000      0.00000
      485.000      0.00000
      486.000      0.00000
      487.000      0.00000
      488.000      0.00000
      489.000      0.00000
      490.000      0.00000
      491.000      0.00000
      492.000      0.00000
      493.000      0.00000
      494.000      0.00000
      495.000      0.00000
      496.000      0.00000
      497.000      0.00000
      498.000      0.00000
      499.000      0.00000
      500.000      0.00000
      501.000      0.00000
      502.000      0.00000
      503.000      0.00000
      504.000      0.00000
      505.000      0.00000
      506.000      0.00000
      507.000      0.00000
      508.000      0.00000
      509.000      0.00000
      510.000      0.00000
      511.000      0.00000
      512.000      0.00000
      513.000      0.00000
      514.000      0.00000
      515.000      0.00000
      516.000      0.00000
      517.000      0.00000
      518.000      0.00000
      519.000      0.00000
      520.000      0.00000
      521.000      0.00000
      522.000      0.00000
      523.000      0.00000
      524.000      0.00000
      525.000      0.00000
      526.000      0.00000
      527.000      0.00000
      528.000      0.00000
      529.000      0.00000
      530.000      0.00000
      531.000      0.00000
      532.000      0.00000
      533.000      0.00000
      534.000      0.00000
      535.000      0.00000
      536.000      0.00000
      537.000      0.00000
      538.000      0.00000
      539.000      0.00000
      540.000      0.00000
      541.000      0.00000
      542.000      0.00000
      543.000      0.00000
      544.000      0.00000
