! -------------------------
   1395.7723601460871        1.0138630867004395        5.5165022611618042E-002   1.0000000000000000     
   1395.8090501460870        1.0727713108062744        5.6744918227195740E-002   1.0000000000000000     
   1395.8457401460869        1.1205449104309082        5.7994432747364044E-002   1.0000000000000000     
   1395.8824301460868        1.0188486576080322        5.5299952626228333E-002   1.0000000000000000     
   1395.9191201460867        1.1095730066299438        5.7709332555532455E-002   1.0000000000000000     
   1395.9558101460866        1.0225309133529663        5.5399179458618164E-002   1.0000000000000000     
   1395.9925001460865        1.0277069807052612        5.5539056658744812E-002   1.0000000000000000     
   1396.0291901460864        1.0685044527053833        5.6630246341228485E-002   1.0000000000000000     
   1396.0658801460863        1.0776616334915161        5.6872196495532990E-002   1.0000000000000000     
   1396.1025701460862        1.1224259138107300        5.8040786534547806E-002   1.0000000000000000     
   1396.1392601460861        1.0780388116836548        5.6881234049797058E-002   1.0000000000000000     
   1396.1759501460861        1.0801260471343994        5.6935809552669525E-002   1.0000000000000000     
   1396.2126401460860        1.0605775117874146        5.6417617946863174E-002   1.0000000000000000     
   1396.2493301460859        1.0192300081253052        5.5306594818830490E-002   1.0000000000000000     
   1396.2860201460858        1.0183814764022827        5.5282950401306152E-002   1.0000000000000000     
   1396.3227101460857        1.1094306707382202        5.7700805366039276E-002   1.0000000000000000     
   1396.3594001460856        1.1645646095275879        5.9116534888744354E-002   1.0000000000000000     
   1396.3960901460855        1.0159360170364380        5.5214781314134598E-002   1.0000000000000000     
   1396.4327801460854        1.0026687383651733        5.4852422326803207E-002   1.0000000000000000     
   1396.4694701460853        1.0568865537643433        5.6315321475267410E-002   1.0000000000000000     
   1396.5061601460852        1.0355525016784668        5.5743265897035599E-002   1.0000000000000000     
   1396.5428501460851        1.1406494379043579        5.8502748608589172E-002   1.0000000000000000     
   1396.5795401460850        1.0957562923431396        5.7339187711477280E-002   1.0000000000000000     
   1396.6162301460849       0.99523514509201050        5.4645154625177383E-002   1.0000000000000000     
   1396.6529201460849        1.1183614730834961        5.7925954461097717E-002   1.0000000000000000     
   1396.6896101460848        1.0281324386596680        5.5539287626743317E-002   1.0000000000000000     
   1396.7263001460847        1.0854772329330444        5.7066243141889572E-002   1.0000000000000000     
   1396.7629901460846        1.0735857486724854        5.6751787662506104E-002   1.0000000000000000     
   1396.7996801460845       0.86541074514389038        5.0952516496181488E-002   1.0000000000000000     
   1396.8363701460844       0.73534655570983887        4.6966966241598129E-002   1.0000000000000000     
   1396.8730601460843       0.65185850858688354        4.5603021979331970E-002   1.0000000000000000     
   1396.9097501460842       0.82379466295242310        4.9709517508745193E-002   1.0000000000000000     
   1396.9464401460841        1.0276647806167603        5.5519789457321167E-002   1.0000000000000000     
   1396.9831301460840       0.99474096298217773        5.4622247815132141E-002   1.0000000000000000     
   1397.0198201460839        1.0028599500656128        5.4843533784151077E-002   1.0000000000000000     
   1397.0565101460838        1.0272827148437500        5.5506411939859390E-002   1.0000000000000000     
   1397.0932001460837        1.0076142549514771        5.4971266537904739E-002   1.0000000000000000     
   1397.1298901460837       0.95635235309600830        5.3553618490695953E-002   1.0000000000000000     
   1397.1665801460836        1.0575233697891235        5.6313887238502502E-002   1.0000000000000000     
   1397.2032701460835        1.0008121728897095        5.4781954735517502E-002   1.0000000000000000     
   1397.2399601460834       0.94583016633987427        5.3254745900630951E-002   1.0000000000000000     
   1397.2766501460833        1.0124381780624390        5.5096860975027084E-002   1.0000000000000000     
   1397.3133401460832        1.1143736839294434        5.7802692055702209E-002   1.0000000000000000     
   1397.3500301460831        1.0734564065933228        5.6730259209871292E-002   1.0000000000000000     
   1397.3867201460830        1.0574618577957153        5.6304644793272018E-002   1.0000000000000000     
   1397.4234101460829        1.0286577939987183        5.5531222373247147E-002   1.0000000000000000     
   1397.4601001460828        1.0003932714462280        5.4761599749326706E-002   1.0000000000000000     
   1397.4967901460827       0.90471440553665161        5.2075840532779694E-002   1.0000000000000000     
   1397.5334801460826        1.0718909502029419        5.6681945919990540E-002   1.0000000000000000     
   1397.5701701460825       0.97100341320037842        5.3947143256664276E-002   1.0000000000000000     
   1397.6068601460825        1.0070798397064209        5.4938830435276031E-002  0.99899186952374652     
   1397.6435501460824       0.96461939811706543        5.3766749799251556E-002  0.99873860011128857     
   1397.6802401460823        1.0430270433425903        5.5907785892486572E-002  0.99837665443377732     
   1397.7169301460822       0.93487602472305298        5.2928473800420761E-002  0.99785263056346662     
   1397.7536201460821        1.0662144422531128        5.6522738188505173E-002  0.99709193186857048     
   1397.7903101460820       0.97800624370574951        5.4132621735334396E-002  0.99599085149537503     
   1397.8270001460819        1.0008060932159424        5.4758451879024506E-002  0.99439875590205495     
   1397.8636901460818        1.0693466663360596        5.6600850075483322E-002  0.99207574107633356     
   1397.9003801460817        1.0664051771163940        5.6521415710449219E-002  0.98858778758367960     
   1397.9370701460816        1.0733623504638672        5.6703735142946243E-002  0.98306434277948729     
   1397.9737601460815        1.0595421791076660        5.6335866451263428E-002  0.97376173149064094     
   1398.0104501460814        1.0364315509796143        5.5716380476951599E-002  0.95758839281795616     
   1398.0471401460813       0.85965496301651001        5.0741244107484818E-002  0.93019489282516810     
   1398.0838301460813       0.90789335966110229        5.2143711596727371E-002  0.88753769203187305     
   1398.1205201460812       0.87561309337615967        5.1206964999437332E-002  0.82911816257961890     
   1398.1572101460811       0.92561328411102295        5.2647072821855545E-002  0.76106228306392121     
   1398.1939001460810       0.63813173770904541        4.3711856007575989E-002  0.69589853027129578     
   1398.2305901460809       0.60342842340469360        4.2505327612161636E-002  0.64816885678246328     
   1398.2672801460808       0.56805765628814697        4.1239570826292038E-002  0.62896107812770896     
   1398.3039701460807       0.71582251787185669        4.6291980892419815E-002  0.64267089972705749     
   1398.3406601460806       0.76608145236968994        4.7888014465570450E-002  0.68614189170188433     
   1398.3773501460805       0.68971675634384155        4.5437011867761612E-002  0.74926651844085057     
   1398.4140401460804       0.73723429441452026        4.6974554657936096E-002  0.81774582548603003     
   1398.4507301460803       0.88339376449584961        5.1418807357549667E-002  0.87832163817539899     
   1398.4874201460802       0.84654426574707031        5.0333201885223389E-002  0.92364117053690720     
   1398.5241101460801       0.84556263685226440        5.0302274525165558E-002  0.95324758197757742     
   1398.5608001460801       0.68337905406951904        4.5220065861940384E-002  0.97084269397623169     
   1398.5974901460800       0.67451769113540649        4.4924341142177582E-002  0.98088540107191380     
   1398.6341801460799       0.89709132909774780        5.1806904375553131E-002  0.98672871564248499     
   1398.6708701460798       0.84697490930557251        5.0337176769971848E-002  0.99034192800704013     
   1398.7075601460797        1.0069171190261841        5.4882612079381943E-002  0.99273343313115825     
   1398.7442501460796        1.0161410570144653        5.5131383240222931E-002  0.99440739944517065     
   1398.7809401460795        1.0654942989349365        5.6452270597219467E-002  0.99563595019221374     
   1398.8176301460794        1.0441867113113403        5.5882848799228668E-002  0.99657682792354463     
   1398.8543201460793       0.97195929288864136        5.3913485258817673E-002  0.99731906254380875     
   1398.8910101460792        1.0099399089813232        5.4954737424850464E-002  0.99790897994062178     
   1398.9277001460791        1.0559437274932861        5.6190293282270432E-002  0.99837193241494304     
   1398.9643901460790        1.0613844394683838        5.6332733482122421E-002  0.99872752369946161     
   1399.0010801460789       0.98637080192565918        5.4303787648677826E-002  0.99899569936596644     
   1399.0377701460789        1.0499804019927979        5.6025214493274689E-002  0.99919625780714938     
   1399.0744601460788        1.0682185888290405        5.6507725268602371E-002  0.99934631685107378     
   1399.1111501460787        1.0945233106613159        5.7196866720914841E-002   1.0000000000000000     
   1399.1478401460786       0.99718588590621948        5.4592166095972061E-002   1.0000000000000000     
   1399.1845301460785        1.0132449865341187        5.5027682334184647E-002   1.0000000000000000     
   1399.2212201460784        1.0203874111175537        5.5218964815139771E-002   1.0000000000000000     
   1399.2579101460783        1.0241816043853760        5.5319286882877350E-002   1.0000000000000000     
   1399.2946001460782        1.0469988584518433        5.5929698050022125E-002   1.0000000000000000     
   1399.3312901460781       0.95625191926956177        5.3448732942342758E-002   1.0000000000000000     
   1399.3679801460780       0.97683322429656982        5.4018530994653702E-002   1.0000000000000000     
   1399.4046701460779       0.87754815816879272        5.1197491586208344E-002   1.0000000000000000     
   1399.4413601460778       0.94114762544631958        5.3018033504486084E-002   1.0000000000000000     
   1399.4780501460777       0.99312239885330200        5.4460018873214722E-002   1.0000000000000000     
   1399.5147401460777       0.92515033483505249        5.2561059594154358E-002   1.0000000000000000     
   1399.5514301460776        1.0284187793731689        5.5414397269487381E-002   1.0000000000000000     
   1399.5881201460775       0.97975730895996094        5.4085064679384232E-002   1.0000000000000000     
   1399.6248101460774       0.88559806346893311        5.1418207585811615E-002   1.0000000000000000     
   1399.6615001460773       0.85692423582077026        5.0576772540807724E-002   1.0000000000000000     
   1399.6981901460772       0.93065738677978516        5.2705403417348862E-002   1.0000000000000000     
   1399.7348801460771       0.96510767936706543        5.3669657558202744E-002   1.0000000000000000     
   1399.7715701460770       0.96185648441314697        5.3576730191707611E-002   1.0000000000000000     
   1399.8082601460769       0.92368513345718384        5.2500464022159576E-002   1.0000000000000000     
   1399.8449501460768       0.99557191133499146        5.4502643644809723E-002   1.0000000000000000     
   1399.8816401460767        1.0390352010726929        5.5677074939012527E-002   1.0000000000000000     
   1399.9183301460766       0.95605808496475220        5.3405243903398514E-002   1.0000000000000000     
   1399.9550201460765        1.0054222345352173        5.4764103144407272E-002   1.0000000000000000     
   1399.9917101460765        1.0505604743957520        5.5977225303649902E-002   1.0000000000000000     
   1400.0284001460764        1.0714138746261597        5.6527543812990189E-002   1.0000000000000000     
   1400.0650901460763       0.93478786945343018        5.2798006683588028E-002   1.0000000000000000     
   1400.1017801460762       0.89179992675781250        5.1567327231168747E-002   1.0000000000000000     
   1400.1384701460761       0.89780592918395996        5.1738269627094269E-002   1.0000000000000000     
   1400.1751601460760       0.79805624485015869        4.8777211457490921E-002   1.0000000000000000     
   1400.2118501460759       0.86474066972732544        5.0771787762641907E-002   1.0000000000000000     
   1400.2485401460758       0.77417713403701782        4.8037461936473846E-002   1.0000000000000000     
   1400.2852301460757       0.92364835739135742        5.2467752248048782E-002   1.0000000000000000     
   1400.3219201460756       0.81490951776504517        4.9280349165201187E-002   1.0000000000000000     
   1400.3586101460755       0.95487111806869507        5.3342033177614212E-002   1.0000000000000000     
   1400.3953001460754       0.94541883468627930        5.3074944764375687E-002   1.0000000000000000     
   1400.4319901460753        1.0286781787872314        5.5359970778226852E-002   1.0000000000000000     
   1400.4686801460753        1.0561301708221436        5.6091070175170898E-002   1.0000000000000000     
   1400.5053701460752       0.96452057361602783        5.3600527346134186E-002   1.0000000000000000     
   1400.5420601460751       0.82160389423370361        4.9468029290437698E-002   1.0000000000000000     
   1400.5787501460750       0.76709288358688354        4.7796465456485748E-002   1.0000000000000000     
   1400.6154401460749       0.69283497333526611        4.5421887189149857E-002   1.0000000000000000     
   1400.6521301460748       0.60843229293823242        4.2563304305076599E-002   1.0000000000000000     
   1400.6888201460747       0.49398607015609741        3.8349971175193787E-002   1.0000000000000000     
   1400.7255101460746       0.48086005449295044        3.7835169583559036E-002   1.0000000000000000     
   1400.7622001460745       0.42550972104072571        3.5589411854743958E-002   1.0000000000000000     
   1400.7988901460744       0.54297149181365967        4.0200676769018173E-002   1.0000000000000000     
   1400.8355801460743       0.64884376525878906        4.3943278491497040E-002   1.0000000000000000     
   1400.8722701460742       0.65747797489166260        4.4232480227947235E-002   1.0000000000000000     
   1400.9089601460742       0.69007098674774170        4.5313432812690735E-002   1.0000000000000000     
!  ---- tick mark positions for above ----
!      1398.27264     2     1
