! -------------------------
   1162.7331542968750       0.98385512828826904       0.10069786757230759        1.0000000000000000     
   1162.7630615234375       0.97447699308395386       0.10026209056377411        1.0000000000000000     
   1162.7929687500000        1.0251648426055908       0.10264766961336136        1.0000000000000000     
   1162.8228759765625        1.0390074253082275       0.10675531625747681        1.0000000000000000     
   1162.8527832031250        1.0588735342025757       0.10548610240221024        1.0000000000000000     
   1162.8826904296875       0.97931772470474243       0.10080460458993912        1.0000000000000000     
   1162.9125976562500        1.0894589424133301       0.10586228966712952        1.0000000000000000     
   1162.9425048828125        1.1797208786010742       0.11150164157152176        1.0000000000000000     
   1162.9724121093750        1.1009374856948853       0.10615313798189163        1.0000000000000000     
   1163.0023193359375       0.96388620138168335       0.10046831518411636        1.0000000000000000     
   1163.0322265625000        1.0153909921646118       0.10238532721996307        1.0000000000000000     
   1163.0621337890625        1.0228239297866821       0.10298471897840500        1.0000000000000000     
   1163.0920410156250       0.90770387649536133        9.6758358180522919E-002   1.0000000000000000     
   1163.1219482421875        1.1040141582489014       0.10633286833763123        1.0000000000000000     
   1163.1518554687500        1.2334094047546387       0.11373721808195114        1.0000000000000000     
   1163.1817626953125        1.0488356351852417       0.10430877655744553        1.0000000000000000     
   1163.2116699218750       0.86921012401580811        9.4995670020580292E-002   1.0000000000000000     
   1163.2415771484375       0.90426200628280640        9.8843187093734741E-002   1.0000000000000000     
   1163.2714843750000       0.92303645610809326        9.8913274705410004E-002   1.0000000000000000     
   1163.3013916015625       0.90133267641067505        9.8322547972202301E-002   1.0000000000000000     
   1163.3312988281250        1.0290869474411011       0.10315834730863571        1.0000000000000000     
   1163.3612060546875       0.95506179332733154       0.10022956132888794        1.0000000000000000     
   1163.3911132812500        1.1243333816528320       0.10880413651466370        1.0000000000000000     
   1163.4210205078125        1.3485770225524902       0.11724367737770081        1.0000000000000000     
   1163.4509277343750        1.1081004142761230       0.10671665519475937        1.0000000000000000     
   1163.4808349609375        1.0983309745788574       0.10618779063224792        1.0000000000000000     
   1163.5107421875000       0.90140908956527710        9.6421152353286743E-002   1.0000000000000000     
   1163.5406494140625       0.91688728332519531       0.10030199587345123        1.0000000000000000     
   1163.5705566406250        1.2497754096984863       0.11308754235506058        1.0000000000000000     
   1163.6004638671875        1.0410295724868774       0.10429254174232483        1.0000000000000000     
   1163.6303710937500        1.2229765653610229       0.11179323494434357        1.0000000000000000     
   1163.6602783203125        1.0985543727874756       0.10656993091106415        1.0000000000000000     
   1163.6901855468750       0.98803061246871948       0.10087496042251587        1.0000000000000000     
   1163.7200927734375        1.0201752185821533       0.10228914022445679        1.0000000000000000     
   1163.7500000000000        1.0175141096115112       0.10220361500978470        1.0000000000000000     
   1163.7799072265625        1.1310789585113525       0.10763903707265854        1.0000000000000000     
   1163.8099365234375       0.89189016819000244        9.6042998135089874E-002   1.0000000000000000     
   1163.8398437500000        1.0733354091644287       0.10531687736511230        1.0000000000000000     
   1163.8697509765625       0.87599486112594604        9.7188316285610199E-002   1.0000000000000000     
   1163.8996582031250       0.97655564546585083       0.10128394514322281        1.0000000000000000     
   1163.9295654296875       0.96632069349288940       0.10003548115491867        1.0000000000000000     
   1163.9594726562500       0.89748913049697876        9.6837721765041351E-002   1.0000000000000000     
   1163.9893798828125       0.98968863487243652       0.10084753483533859        1.0000000000000000     
   1164.0192871093750       0.97239202260971069       0.10051413625478745        1.0000000000000000     
   1164.0491943359375       0.90711563825607300       0.10093680024147034        1.0000000000000000     
   1164.0791015625000        1.0328663587570190       0.10322365164756775        1.0000000000000000     
   1164.1090087890625       0.95262020826339722        9.9754445254802704E-002   1.0000000000000000     
   1164.1389160156250       0.94356387853622437        9.9067427217960358E-002   1.0000000000000000     
   1164.1688232421875        1.2025781869888306       0.11107717454433441        1.0000000000000000     
   1164.1987304687500       0.94927638769149780        9.9249958992004395E-002   1.0000000000000000     
   1164.2286376953125        1.0733294486999512       0.10602856427431107       0.99935698841645071     
   1164.2585449218750       0.95853531360626221       0.10155426710844040       0.99928406763294586     
   1164.2884521484375       0.92755550146102905        9.8061971366405487E-002  0.99918921070415656     
   1164.3183593750000       0.94407731294631958        9.8603501915931702E-002  0.99906525855668304     
   1164.3482666015625       0.93877243995666504        9.9550455808639526E-002  0.99890429126881275     
   1164.3781738281250       0.97810190916061401       0.10184375196695328       0.99869714394930031     
   1164.4080810546875       0.93255794048309326        9.8174333572387695E-002  0.99843639567810338     
   1164.4379882812500       0.99998980760574341       0.10312783718109131       0.99810226381554490     
   1164.4678955078125        1.1969583034515381       0.11466687172651291       0.99764106080032011     
   1164.4978027343750        1.0193842649459839       0.10289095342159271       0.99698839769448033     
   1164.5277099609375        1.0733765363693237       0.10496100038290024       0.99607589439469646     
   1164.5576171875000        1.0201083421707153       0.10302169620990753       0.99471864485005612     
   1164.5875244140625        1.0640525817871094       0.10512563586235046       0.99264605544389006     
   1164.6174316406250        1.2131569385528564       0.11151102185249329       0.98968269803979325     
   1164.6473388671875       0.98363316059112549       0.10191109776496887       0.98536519049823745     
   1164.6772460937500       0.95219725370407104        9.9558137357234955E-002  0.97860970508450273     
   1164.7071533203125        1.1211651563644409       0.10731431096792221       0.96853260540024466     
   1164.7370605468750        1.0211119651794434       0.10307699441909790       0.95376809998612611     
   1164.7669677734375       0.99702423810958862       0.10157693922519684       0.92672837875232872     
   1164.7968750000000       0.95595568418502808        9.9251545965671539E-002  0.86648982127878560     
   1164.8267822265625       0.70088887214660645        8.7589211761951447E-002  0.74694989692054092     
   1164.8566894531250       0.51395469903945923        8.3162628114223480E-002  0.58348388689952013     
   1164.8865966796875       0.55515319108963013        8.3512634038925171E-002  0.45054139374780555     
   1164.9165039062500       0.32271113991737366        6.6241003572940826E-002  0.37781788590845550     
   1164.9464111328125       0.33470037579536438        6.0385286808013916E-002  0.31383365605921515     
   1164.9763183593750       0.23410004377365112        5.1288913935422897E-002  0.24102566655117039     
   1165.0062255859375       0.18821224570274353        4.5464016497135162E-002  0.19853599061979263     
   1165.0361328125000       0.27101707458496094        5.6533195078372955E-002  0.21273288715749220     
   1165.0660400390625       0.25033539533615112        5.6715425103902817E-002  0.29678504526019006     
   1165.0959472656250       0.46635717153549194        7.1760363876819611E-002  0.45212669700084601     
   1165.1259765625000       0.63533353805541992        8.1602223217487335E-002  0.63908457316707501     
   1165.1558837890625       0.75568854808807373        9.2719294130802155E-002  0.79284824822383293     
   1165.1857910156250       0.98388117551803589       0.10132552683353424       0.88530986664933076     
   1165.2156982421875       0.98381417989730835       0.10185039043426514       0.93195314641940197     
   1165.2456054687500       0.93411982059478760        9.8102398216724396E-002  0.95555834862618161     
   1165.2755126953125       0.83752733469009399        9.3643106520175934E-002  0.96907936215674073     
   1165.3054199218750       0.99189478158950806       0.10087329149246216       0.97760346907903584     
   1165.3353271484375        1.3185306787490845       0.11601738631725311       0.98317701435807470     
   1165.3652343750000        1.1132905483245850       0.10669392347335815       0.98703318767927140     
   1165.3951416015625        1.1038674116134644       0.10626769065856934       0.98996271767277177     
   1165.4250488281250        1.0706766843795776       0.10488989204168320       0.99230961927294692     
   1165.4549560546875        1.0766148567199707       0.10562922805547714       0.99415888439280742     
   1165.4848632812500        1.1094435453414917       0.10661648213863373       0.99556602439384123     
   1165.5147705078125        1.0753722190856934       0.10504529625177383       0.99661427410677605     
   1165.5446777343750       0.89834427833557129        9.6605814993381500E-002  0.99738888050702268     
   1165.5745849609375       0.98788696527481079       0.10158856213092804       0.99796245051666765     
   1165.6044921875000        1.2069849967956543       0.11224070936441422       0.99838755261564893     
   1165.6343994140625        1.0310788154602051       0.10541429370641708       0.99869861620202605     
   1165.6643066406250        1.0571985244750977       0.10546630620956421       0.99892087708086208     
   1165.6942138671875       0.95252776145935059        9.9322393536567688E-002  0.99907750208510093     
   1165.7241210937500       0.82201915979385376        9.3192838132381439E-002  0.99918908634055548     
   1165.7540283203125        1.1047482490539551       0.10629244148731232       0.99927301006782321     
   1165.7839355468750        1.0469176769256592       0.10374569147825241       0.99934349302436976     
   1165.8138427734375        1.0259555578231812       0.10299219936132431        1.0000000000000000     
   1165.8437500000000        1.1544324159622192       0.10977602005004883        1.0000000000000000     
   1165.8736572265625       0.95633816719055176       0.10075958073139191        1.0000000000000000     
   1165.9035644531250        1.0446887016296387       0.10344850271940231        1.0000000000000000     
   1165.9334716796875       0.93183124065399170        9.7819931805133820E-002   1.0000000000000000     
   1165.9633789062500       0.94901299476623535        9.9247075617313385E-002   1.0000000000000000     
   1165.9932861328125       0.99746358394622803       0.10132742673158646        1.0000000000000000     
   1166.0231933593750        1.0439722537994385       0.10392109304666519        1.0000000000000000     
   1166.0531005859375       0.99237108230590820       0.10102885216474533        1.0000000000000000     
   1166.0830078125000       0.96108323335647583        9.9587641656398773E-002   1.0000000000000000     
   1166.1129150390625       0.75524538755416870        8.8214762508869171E-002   1.0000000000000000     
   1166.1428222656250        1.0468574762344360       0.10396175831556320        1.0000000000000000     
   1166.1727294921875        1.0018401145935059       0.10168090462684631        1.0000000000000000     
   1166.2026367187500        1.1741051673889160       0.10991584509611130        1.0000000000000000     
   1166.2325439453125        1.1523473262786865       0.10981747508049011        1.0000000000000000     
   1166.2624511718750       0.99681490659713745       0.10127045959234238        1.0000000000000000     
   1166.2923583984375       0.94994443655014038        9.9340260028839111E-002   1.0000000000000000     
   1166.3222656250000        1.0932760238647461       0.10600951313972473        1.0000000000000000     
   1166.3521728515625        1.0264883041381836       0.10318944603204727        1.0000000000000000     
   1166.3820800781250       0.96160101890563965        9.9392540752887726E-002   1.0000000000000000     
   1166.4119873046875       0.99816000461578369       0.10203159600496292        1.0000000000000000     
   1166.4420166015625        1.0747082233428955       0.10514812171459198        1.0000000000000000     
   1166.4719238281250        1.1681770086288452       0.11000888794660568        1.0000000000000000     
   1166.5018310546875        1.0298652648925781       0.10343629121780396        1.0000000000000000     
   1166.5317382812500       0.93224018812179565        9.8264575004577637E-002   1.0000000000000000     
   1166.5616455078125        1.0708695650100708       0.10625300556421280        1.0000000000000000     
   1166.5915527343750        1.0241030454635620       0.10243214666843414        1.0000000000000000     
   1166.6214599609375        1.0747513771057129       0.10548327863216400        1.0000000000000000     
   1166.6513671875000       0.97027903795242310       0.10018959641456604        1.0000000000000000     
   1166.6812744140625       0.80001759529113770        9.1492660343647003E-002   1.0000000000000000     
   1166.7111816406250       0.88505995273590088        9.6224486827850342E-002   1.0000000000000000     
   1166.7410888671875       0.98882859945297241       0.10198672115802765        1.0000000000000000     
   1166.7709960937500       0.95910573005676270       0.10155867040157318        1.0000000000000000     
   1166.8009033203125       0.85899627208709717        9.4003692269325256E-002   1.0000000000000000     
   1166.8308105468750        1.0139009952545166       0.10224493592977524        1.0000000000000000     
   1166.8607177734375       0.89168304204940796        9.5720961689949036E-002   1.0000000000000000     
   1166.8906250000000        1.0527727603912354       0.10407719761133194        1.0000000000000000     
   1166.9205322265625        1.0202162265777588       0.10232052206993103        1.0000000000000000     
   1166.9504394531250        1.0306235551834106       0.10327622294425964        1.0000000000000000     
   1166.9803466796875       0.99248832464218140       0.10178884863853455        1.0000000000000000     
   1167.0102539062500       0.91106623411178589       0.10031307488679886        1.0000000000000000     
   1167.0401611328125       0.96218454837799072        9.9313542246818542E-002   1.0000000000000000     
   1167.0700683593750        1.1196858882904053       0.10724610835313797        1.0000000000000000     
   1167.0999755859375       0.98326122760772705       0.10169453918933868        1.0000000000000000     
   1167.1298828125000       0.93984979391098022        9.9097155034542084E-002   1.0000000000000000     
   1167.1597900390625       0.97134751081466675       0.10028427094221115        1.0000000000000000     
   1167.1896972656250        1.1967252492904663       0.11429530382156372        1.0000000000000000     
   1167.2196044921875        1.1069803237915039       0.10793977975845337        1.0000000000000000     
   1167.2495117187500       0.96615171432495117        9.9634006619453430E-002   1.0000000000000000     
   1167.2794189453125        1.0162925720214844       0.10257308185100555        1.0000000000000000     
!  ---- tick mark positions for above ----
!      1164.88770     1     1
!      1165.02220     1     2
