      1.00000       0.0000000
      2.00000   6.5256927e-06
      3.00000   6.6859016e-06
      4.00000   6.8147683e-06
      5.00000   6.9379957e-06
      6.00000   7.0451752e-06
      7.00000   7.1535319e-06
      8.00000   7.2737307e-06
      9.00000   7.4064078e-06
      10.0000   7.5380572e-06
      11.0000   7.6438200e-06
      12.0000   7.7060204e-06
      13.0000   7.7284012e-06
      14.0000   7.7354471e-06
      15.0000   7.7569284e-06
      16.0000   7.8155581e-06
      17.0000   7.9254496e-06
      18.0000   8.0820209e-06
      19.0000   8.2687748e-06
      20.0000   8.4769381e-06
      21.0000   8.7060562e-06
      22.0000   8.9544865e-06
      23.0000   9.2049986e-06
      24.0000   9.4303841e-06
      25.0000   9.6135200e-06
      26.0000   9.7484563e-06
      27.0000   9.8387418e-06
      28.0000   9.9000745e-06
      29.0000   9.9547797e-06
      30.0000   1.0013357e-05
      31.0000   1.0067953e-05
      32.0000   1.0120843e-05
      33.0000   1.0198198e-05
      34.0000   1.0322735e-05
      35.0000   1.0490746e-05
      36.0000   1.0688251e-05
      37.0000   1.0921048e-05
      38.0000   1.1206362e-05
      39.0000   1.1543189e-05
      40.0000   1.1918150e-05
      41.0000   1.2322978e-05
      42.0000   1.2742503e-05
      43.0000   1.3142181e-05
      44.0000   1.3488232e-05
      45.0000   1.3777414e-05
      46.0000   1.4036846e-05
      47.0000   1.4307086e-05
      48.0000   1.4607427e-05
      49.0000   1.4912602e-05
      50.0000   1.5179480e-05
      51.0000   1.5381771e-05
      52.0000   1.5536682e-05
      53.0000   1.5706069e-05
      54.0000   1.5946989e-05
      55.0000   1.6271048e-05
      56.0000   1.6659778e-05
      57.0000   1.7100943e-05
      58.0000   1.7594371e-05
      59.0000   1.8133696e-05
      60.0000   1.8697370e-05
      61.0000   1.9249321e-05
      62.0000   1.9753699e-05
      63.0000   2.0214942e-05
      64.0000   2.0711364e-05
      65.0000   2.1360107e-05
      66.0000   2.2219516e-05
      67.0000   2.3228562e-05
      68.0000   2.4234028e-05
      69.0000   2.5091036e-05
      70.0000   2.5770370e-05
      71.0000   2.6336271e-05
      72.0000   2.6857351e-05
      73.0000   2.7365233e-05
      74.0000   2.7851305e-05
      75.0000   2.8293765e-05
      76.0000   2.8670531e-05
      77.0000   2.8992012e-05
      78.0000   2.9357534e-05
      79.0000   2.9896259e-05
      80.0000   3.0626437e-05
      81.0000   3.1460193e-05
      82.0000   3.2335149e-05
      83.0000   3.3246703e-05
      84.0000   3.4182463e-05
      85.0000   3.5102737e-05
      86.0000   3.5995319e-05
      87.0000   3.6979804e-05
      88.0000   3.8294325e-05
      89.0000   4.0153504e-05
      90.0000   4.2670770e-05
      91.0000   4.5836819e-05
      92.0000   4.9538365e-05
      93.0000   5.3634732e-05
      94.0000   5.8058249e-05
      95.0000   6.2819789e-05
      96.0000   6.7896450e-05
      97.0000   7.3223018e-05
      98.0000   7.8758196e-05
      99.0000   8.4448286e-05
      100.000   9.0316884e-05
      101.000   9.6549440e-05
      102.000   0.00010336196
      103.000   0.00011078799
      104.000   0.00011865093
      105.000   0.00012689634
      106.000   0.00013587195
      107.000   0.00014627518
      108.000   0.00015876871
      109.000   0.00017367028
      110.000   0.00019103690
      111.000   0.00021094453
      112.000   0.00023365844
      113.000   0.00025939630
      114.000   0.00028812647
      115.000   0.00031972781
      116.000   0.00035333337
      117.000   0.00038679811
      118.000   0.00041760496
      119.000   0.00044381173
      120.000   0.00046505002
      121.000   0.00048332391
      122.000   0.00050201226
      123.000   0.00052342017
      124.000   0.00054784818
      125.000   0.00057541748
      126.000   0.00060807739
      127.000   0.00065009185
      128.000   0.00070589158
      129.000   0.00077652698
      130.000   0.00086102431
      131.000   0.00096021913
      132.000    0.0010748151
      133.000    0.0012013426
      134.000    0.0013341387
      135.000    0.0014720751
      136.000    0.0016207913
      137.000    0.0017834830
      138.000    0.0019505570
      139.000    0.0021050824
      140.000    0.0022405635
      141.000    0.0023685971
      142.000    0.0025139474
      143.000    0.0027099226
      144.000    0.0029820777
      145.000    0.0033254491
      146.000    0.0037223585
      147.000    0.0041981563
      148.000    0.0048339618
      149.000    0.0056962813
      150.000    0.0067792167
      151.000    0.0080800802
      152.000    0.0097534237
      153.000     0.012182648
      154.000     0.015935337
      155.000     0.021646328
      156.000     0.029781625
      157.000     0.040604539
      158.000     0.054462135
      159.000     0.071082599
      160.000     0.087607339
      161.000     0.098162085
      162.000     0.097472101
      163.000     0.085756280
      164.000     0.068346240
      165.000     0.050980240
      166.000     0.036873247
      167.000     0.026653646
      168.000     0.019580176
      169.000     0.014691051
      170.000     0.011270484
      171.000    0.0088422392
      172.000    0.0070985435
      173.000    0.0058452231
      174.000    0.0049461136
      175.000    0.0042917728
      176.000    0.0037971940
      177.000    0.0034063770
      178.000    0.0030918834
      179.000    0.0028372935
      180.000    0.0026201420
      181.000    0.0024165784
      182.000    0.0022116802
      183.000    0.0019990092
      184.000    0.0017767472
      185.000    0.0015530768
      186.000    0.0013501372
      187.000    0.0011859731
      188.000    0.0010565371
      189.000   0.00094510167
      190.000   0.00083987293
      191.000   0.00073825620
      192.000   0.00064304686
      193.000   0.00055913499
      194.000   0.00049012853
      195.000   0.00043588129
      196.000   0.00039285253
      197.000   0.00035683342
      198.000   0.00032516624
      199.000   0.00029665240
      200.000   0.00027070829
      201.000   0.00024681180
      202.000   0.00022440757
      203.000   0.00020317783
      204.000   0.00018318412
      205.000   0.00016486770
      206.000   0.00014875823
      207.000   0.00013512628
      208.000   0.00012383003
      209.000   0.00011444728
      210.000   0.00010665936
      211.000   0.00010027839
      212.000   9.5247815e-05
      213.000   9.1524336e-05
      214.000   8.8751192e-05
      215.000   8.6259766e-05
      216.000   8.3403887e-05
      217.000   7.9995581e-05
      218.000   7.6298871e-05
      219.000   7.2617258e-05
      220.000   6.9110290e-05
      221.000   6.5824592e-05
      222.000   6.2752624e-05
      223.000   5.9855211e-05
      224.000   5.7035482e-05
      225.000   5.4201617e-05
      226.000   5.1413677e-05
      227.000   4.8878370e-05
      228.000   4.6695732e-05
      229.000   4.4685228e-05
      230.000   4.2597356e-05
      231.000   4.0421684e-05
      232.000   3.8339280e-05
      233.000   3.6457677e-05
      234.000   3.4740620e-05
      235.000   3.3116208e-05
      236.000   3.1566204e-05
      237.000   3.0145206e-05
      238.000   2.8912020e-05
      239.000   2.7900414e-05
      240.000   2.7151116e-05
      241.000   2.6650947e-05
      242.000   2.6324300e-05
      243.000   2.6105890e-05
      244.000   2.5948793e-05
      245.000   2.5808849e-05
      246.000   2.5634588e-05
      247.000   2.5373109e-05
      248.000   2.4994648e-05
      249.000   2.4501385e-05
      250.000   2.3901533e-05
      251.000   2.3193450e-05
      252.000   2.2397600e-05
      253.000   2.1560036e-05
      254.000   2.0715001e-05
      255.000   1.9878415e-05
      256.000   1.9069515e-05
      257.000   1.8326435e-05
      258.000   1.7704549e-05
      259.000   1.7237817e-05
      260.000   1.6907667e-05
      261.000   1.6658501e-05
      262.000   1.6427552e-05
      263.000   1.6172882e-05
      264.000   1.5888560e-05
      265.000   1.5607573e-05
      266.000   1.5372287e-05
      267.000   1.5202551e-05
      268.000   1.5090795e-05
      269.000   1.4987255e-05
      270.000   1.4828191e-05
      271.000   1.4599764e-05
      272.000   1.4333301e-05
      273.000   1.4052911e-05
      274.000   1.3753455e-05
      275.000   1.3408878e-05
      276.000   1.2998547e-05
      277.000   1.2536782e-05
      278.000   1.2057620e-05
      279.000   1.1576787e-05
      280.000   1.1097984e-05
      281.000   1.0642343e-05
      282.000   1.0243783e-05
      283.000   9.9214631e-06
      284.000   9.6763706e-06
      285.000   9.5008909e-06
      286.000   9.3784629e-06
      287.000   9.2842520e-06
      288.000   9.2034379e-06
      289.000   9.1473712e-06
      290.000   9.1359543e-06
      291.000   9.1655893e-06
      292.000   9.2053706e-06
      293.000   9.2199116e-06
      294.000   9.1901957e-06
      295.000   9.1161473e-06
      296.000   9.0104813e-06
      297.000   8.8887791e-06
      298.000   8.7522139e-06
      299.000   8.5889124e-06
      300.000   8.3955692e-06
      301.000   8.1885491e-06
      302.000   7.9867295e-06
      303.000   7.7937711e-06
      304.000   7.6101651e-06
      305.000   7.4467530e-06
      306.000   7.3151050e-06
      307.000   7.2155881e-06
      308.000   7.1443765e-06
      309.000   7.1057971e-06
      310.000   7.0982696e-06
      311.000   7.1007921e-06
      312.000   7.0862625e-06
      313.000   7.0424185e-06
      314.000   6.9787661e-06
      315.000   6.9075641e-06
      316.000   6.8280356e-06
      317.000   6.7346186e-06
      318.000   6.6284720e-06
      319.000   6.5109571e-06
      320.000   6.3931957e-06
      321.000   6.2390950e-06
