! -------------------------
   1277.8326416015625        1.1174085140228271        6.7104473710060120E-002   1.0000000000000000     
   1277.8625488281250        1.0182737112045288        6.4229719340801239E-002   1.0000000000000000     
   1277.8924560546875        1.0263191461563110        6.5005615353584290E-002   1.0000000000000000     
   1277.9223632812500        1.0159693956375122        6.4418166875839233E-002   1.0000000000000000     
   1277.9522705078125        1.0018132925033569        6.3666440546512604E-002   1.0000000000000000     
   1277.9821777343750        1.0087289810180664        6.4693458378314972E-002   1.0000000000000000     
   1278.0120849609375       0.97047901153564453        6.3440538942813873E-002   1.0000000000000000     
   1278.0419921875000        1.0063496828079224        6.3781574368476868E-002   1.0000000000000000     
   1278.0718994140625        1.1521576642990112        6.8414241075515747E-002   1.0000000000000000     
   1278.1018066406250        1.0155278444290161        6.3925601541996002E-002   1.0000000000000000     
   1278.1317138671875       0.99937456846237183        6.4111471176147461E-002   1.0000000000000000     
   1278.1616210937500        1.0052149295806885        6.3756458461284637E-002   1.0000000000000000     
   1278.1915283203125        1.0802630186080933        6.6595926880836487E-002   1.0000000000000000     
   1278.2214355468750       0.99703705310821533        6.3740700483322144E-002   1.0000000000000000     
   1278.2513427734375       0.94601249694824219        6.2348242849111557E-002   1.0000000000000000     
   1278.2812500000000        1.0244398117065430        6.4742304384708405E-002   1.0000000000000000     
   1278.3111572265625       0.99469643831253052        6.3748568296432495E-002   1.0000000000000000     
   1278.3410644531250        1.0676400661468506        6.5857365727424622E-002   1.0000000000000000     
   1278.3709716796875        1.1459985971450806        6.8220630288124084E-002   1.0000000000000000     
   1278.4008789062500        1.0483860969543457        6.6020272672176361E-002   1.0000000000000000     
   1278.4307861328125        1.0867065191268921        6.6643543541431427E-002   1.0000000000000000     
   1278.4606933593750        1.0803411006927490        6.6394001245498657E-002   1.0000000000000000     
   1278.4906005859375       0.96601259708404541        6.2742851674556732E-002   1.0000000000000000     
   1278.5205078125000       0.98225432634353638        6.4803712069988251E-002   1.0000000000000000     
   1278.5504150390625        1.0299807786941528        6.4579620957374573E-002   1.0000000000000000     
   1278.5803222656250        1.0308057069778442        6.5176419913768768E-002   1.0000000000000000     
   1278.6103515625000        1.0652977228164673        6.5729051828384399E-002   1.0000000000000000     
   1278.6402587890625        1.0045951604843140        6.3963115215301514E-002   1.0000000000000000     
   1278.6701660156250       0.92076289653778076        6.1474490910768509E-002   1.0000000000000000     
   1278.7000732421875        1.0953067541122437        6.6740863025188446E-002   1.0000000000000000     
   1278.7299804687500        1.0051338672637939        6.3796192407608032E-002   1.0000000000000000     
   1278.7598876953125        1.0379698276519775        6.4800344407558441E-002   1.0000000000000000     
   1278.7897949218750        1.0141052007675171        6.4234323799610138E-002   1.0000000000000000     
   1278.8197021484375        1.0312482118606567        6.4700886607170105E-002   1.0000000000000000     
   1278.8496093750000       0.98414498567581177        6.3235141336917877E-002   1.0000000000000000     
   1278.8795166015625        1.0008772611618042        6.3465744256973267E-002   1.0000000000000000     
   1278.9094238281250        1.0353078842163086        6.5277032554149628E-002   1.0000000000000000     
   1278.9393310546875        1.0293933153152466        6.4394645392894745E-002   1.0000000000000000     
   1278.9692382812500       0.96417790651321411        6.3481599092483521E-002   1.0000000000000000     
   1278.9991455078125       0.89557212591171265        6.1067711561918259E-002   1.0000000000000000     
   1279.0290527343750       0.98921233415603638        6.3416995108127594E-002   1.0000000000000000     
   1279.0589599609375        1.0383985042572021        6.4977996051311493E-002   1.0000000000000000     
   1279.0888671875000        1.0271034240722656        6.4778357744216919E-002   1.0000000000000000     
   1279.1187744140625        1.0150755643844604        6.4258113503456116E-002   1.0000000000000000     
   1279.1486816406250       0.88147848844528198        5.9753417968750000E-002   1.0000000000000000     
   1279.1785888671875       0.96355211734771729        6.2532439827919006E-002   1.0000000000000000     
   1279.2084960937500       0.88638669252395630        6.0044750571250916E-002   1.0000000000000000     
   1279.2384033203125       0.79630321264266968        5.6940894573926926E-002   1.0000000000000000     
   1279.2683105468750       0.92944252490997314        6.2992706894874573E-002   1.0000000000000000     
   1279.2982177734375        1.0270198583602905        6.4693175256252289E-002   1.0000000000000000     
   1279.3281250000000        1.0569548606872559        6.5647915005683899E-002  0.99825905967793049     
   1279.3580322265625        1.0501407384872437        6.5061658620834351E-002  0.99758467325422318     
   1279.3879394531250       0.92462062835693359        6.1227057129144669E-002  0.99668212544599488     
   1279.4178466796875       0.90345770120620728        6.0513366013765335E-002  0.99549877366768058     
   1279.4477539062500       0.89055758714675903        6.0041528195142746E-002  0.99398132698601493     
   1279.4776611328125       0.95481139421463013        6.2344130128622055E-002  0.99208140157873803     
   1279.5075683593750       0.94477552175521851        6.1922211199998856E-002  0.98976237000316447     
   1279.5374755859375       0.85849571228027344        5.9889532625675201E-002  0.98700737740764366     
   1279.5673828125000       0.93701356649398804        6.1998754739761353E-002  0.98382746284099787     
   1279.5972900390625       0.90579599142074585        6.0519013553857803E-002  0.98026853185443186     
   1279.6271972656250       0.98153841495513916        6.4022928476333618E-002  0.97641576672082275     
   1279.6571044921875        1.0854098796844482        6.6118106245994568E-002  0.97239415143058050     
   1279.6870117187500        1.0434072017669678        6.5022565424442291E-002  0.96836420075346397     
   1279.7169189453125       0.88862842321395874        6.0777794569730759E-002  0.96451265256728735     
   1279.7468261718750       0.88638240098953247        6.0476891696453094E-002  0.96103869084936033     
   1279.7767333984375       0.94376093149185181        6.3169300556182861E-002  0.95813707855522556     
   1279.8066406250000       0.87897473573684692        6.1249125748872757E-002  0.95598021655016430     
   1279.8365478515625       0.88341510295867920        6.0394875705242157E-002  0.95470143087742665     
   1279.8664550781250       0.85034328699111938        5.9591006487607956E-002  0.95438169069680046     
   1279.8963623046875       0.92709034681320190        6.1267662793397903E-002  0.95504135861327899     
   1279.9263916015625       0.88059747219085693        6.0006476938724518E-002  0.95663742984491373     
   1279.9562988281250       0.93947780132293701        6.2211379408836365E-002  0.95906739789511108     
   1279.9862060546875       0.86690795421600342        5.9707898646593094E-002  0.96218090325820460     
   1280.0161132812500       0.74575376510620117        5.5245704948902130E-002  0.96579545990050575     
   1280.0460205078125       0.60290932655334473        5.0628062337636948E-002  0.96971330079167173     
   1280.0759277343750       0.40619423985481262        4.2251087725162506E-002  0.97373888810965326     
   1280.1058349609375       0.23646543920040131        3.2198887318372726E-002  0.97769478955445344     
   1280.1357421875000       0.15359871089458466        2.8214033693075180E-002  0.98143382545561364     
   1280.1656494140625       0.15482042729854584        2.6737775653600693E-002  0.98484643107417957     
   1280.1955566406250       0.14619433879852295        2.6207029819488525E-002  0.98786297791258459     
   1280.2254638671875       0.15438134968280792        2.6926409453153610E-002  0.99045159430809926     
   1280.2553710937500       0.34577661752700806        3.7856962531805038E-002  0.99261259947193115     
   1280.2852783203125       0.48522073030471802        4.5392733067274094E-002  0.99437094507708279     
   1280.3151855468750       0.76117384433746338        5.5681422352790833E-002  0.99576804705498700     
   1280.3450927734375       0.83713966608047485        5.8412987738847733E-002  0.99685414392907035     
   1280.3750000000000       0.81475675106048584        5.9445429593324661E-002  0.99768194546471822     
   1280.4049072265625        1.0607173442840576        6.5705463290214539E-002  0.99830194119986626     
   1280.4348144531250       0.97809040546417236        6.3326142728328705E-002  0.99875939961034577     
   1280.4647216796875       0.99763965606689453        6.3535638153553009E-002  0.99909284861962233     
   1280.4946289062500       0.94720709323883057        6.2396917492151260E-002  0.99933370084154383     
   1280.5245361328125       0.90812182426452637        6.0775134712457657E-002  0.99950665601801170     
   1280.5544433593750       0.95890605449676514        6.2320090830326080E-002  0.99963054742350310     
   1280.5843505859375       0.95261621475219727        6.2469206750392914E-002  0.99971936825585728     
   1280.6142578125000        1.0734504461288452        6.5849103033542633E-002  0.99978329734925586     
   1280.6441650390625        1.0560635328292847        6.5403081476688385E-002  0.99982961917218616     
   1280.6740722656250       0.87660604715347290        5.9865362942218781E-002  0.99986348913774892     
   1280.7039794921875       0.79731714725494385        5.6872464716434479E-002  0.99988853909028030     
   1280.7338867187500       0.94030106067657471        6.1792027205228806E-002  0.99990732801437465     
   1280.7637939453125       0.88108634948730469        6.0156129300594330E-002   1.0000000000000000     
   1280.7937011718750       0.98590052127838135        6.3370577991008759E-002   1.0000000000000000     
   1280.8236083984375       0.97684985399246216        6.2912739813327789E-002   1.0000000000000000     
   1280.8535156250000       0.95305287837982178        6.2100622802972794E-002   1.0000000000000000     
   1280.8834228515625       0.90859341621398926        6.0823634266853333E-002   1.0000000000000000     
   1280.9133300781250       0.90426474809646606        6.0874167829751968E-002   1.0000000000000000     
   1280.9432373046875       0.99958348274230957        6.3735440373420715E-002   1.0000000000000000     
   1280.9731445312500        1.0625389814376831        6.5386623144149780E-002   1.0000000000000000     
   1281.0030517578125        1.0432208776473999        6.4855821430683136E-002   1.0000000000000000     
   1281.0329589843750       0.93552929162979126        6.1892081052064896E-002   1.0000000000000000     
   1281.0628662109375       0.94727903604507446        6.2087733298540115E-002   1.0000000000000000     
   1281.0927734375000       0.94101059436798096        6.1546154320240021E-002   1.0000000000000000     
   1281.1226806640625       0.80286121368408203        5.7175707072019577E-002   1.0000000000000000     
   1281.1525878906250       0.78707796335220337        5.6605298072099686E-002   1.0000000000000000     
   1281.1824951171875       0.72380578517913818        5.5684685707092285E-002   1.0000000000000000     
   1281.2124023437500       0.67655956745147705        5.2744645625352859E-002   1.0000000000000000     
   1281.2424316406250       0.60072416067123413        4.9833334982395172E-002   1.0000000000000000     
   1281.2723388671875       0.62353307008743286        5.0406135618686676E-002   1.0000000000000000     
   1281.3022460937500       0.70300507545471191        5.4411891847848892E-002   1.0000000000000000     
   1281.3321533203125       0.81439858675003052        5.7805079966783524E-002   1.0000000000000000     
   1281.3620605468750       0.80306565761566162        5.7361908257007599E-002   1.0000000000000000     
   1281.3919677734375       0.90307885408401489        6.0580618679523468E-002   1.0000000000000000     
   1281.4218750000000       0.79524379968643188        5.6805498898029327E-002   1.0000000000000000     
   1281.4517822265625       0.92534178495407104        6.2102548778057098E-002   1.0000000000000000     
   1281.4816894531250       0.98091787099838257        6.2841974198818207E-002   1.0000000000000000     
   1281.5115966796875       0.96584063768386841        6.2415216118097305E-002   1.0000000000000000     
   1281.5415039062500       0.86853778362274170        5.9526961296796799E-002   1.0000000000000000     
   1281.5714111328125       0.87569224834442139        5.9541322290897369E-002   1.0000000000000000     
   1281.6013183593750       0.88669282197952271        5.9860885143280029E-002   1.0000000000000000     
   1281.6312255859375       0.85424202680587769        5.9375181794166565E-002   1.0000000000000000     
   1281.6611328125000       0.78901553153991699        5.7462774217128754E-002   1.0000000000000000     
   1281.6910400390625       0.76420974731445312        5.5590551346540451E-002   1.0000000000000000     
   1281.7209472656250       0.84981989860534668        5.9215210378170013E-002   1.0000000000000000     
   1281.7508544921875       0.79253101348876953        5.7124327868223190E-002   1.0000000000000000     
   1281.7807617187500       0.70048338174819946        5.4378736764192581E-002   1.0000000000000000     
   1281.8106689453125       0.75529623031616211        5.5340111255645752E-002   1.0000000000000000     
   1281.8405761718750       0.73670554161071777        5.4637063294649124E-002   1.0000000000000000     
   1281.8704833984375       0.88935887813568115        5.9925511479377747E-002   1.0000000000000000     
   1281.9003906250000       0.93422526121139526        6.1559520661830902E-002   1.0000000000000000     
   1281.9302978515625       0.86364978551864624        5.9032507240772247E-002   1.0000000000000000     
   1281.9602050781250       0.95141565799713135        6.1922963708639145E-002   1.0000000000000000     
   1281.9901123046875       0.86187261343002319        5.9213388711214066E-002   1.0000000000000000     
   1282.0200195312500        1.0231013298034668        6.4556688070297241E-002   1.0000000000000000     
   1282.0499267578125       0.97522503137588501        6.3024885952472687E-002   1.0000000000000000     
   1282.0798339843750       0.96936225891113281        6.2771663069725037E-002   1.0000000000000000     
   1282.1097412109375        1.0084514617919922        6.3764758408069611E-002   1.0000000000000000     
   1282.1396484375000       0.95294094085693359        6.2060497701168060E-002   1.0000000000000000     
   1282.1695556640625        1.0414332151412964        6.4797319471836090E-002   1.0000000000000000     
   1282.1994628906250        1.0342094898223877        6.4519591629505157E-002   1.0000000000000000     
   1282.2293701171875       0.97075206041336060        6.2827631831169128E-002   1.0000000000000000     
!  ---- tick mark positions for above ----
!      1279.86285     4     1
