      1.00000   4.8720258e-06
      2.00000   4.8988654e-06
      3.00000   4.9432679e-06
      4.00000   5.0101971e-06
      5.00000   5.0961798e-06
      6.00000   5.1990123e-06
      7.00000   5.3185981e-06
      8.00000   5.4560333e-06
      9.00000   5.6113427e-06
      10.0000   5.7798093e-06
      11.0000   5.9444014e-06
      12.0000   6.0834645e-06
      13.0000   6.1909973e-06
      14.0000   6.2772151e-06
      15.0000   6.3508992e-06
      16.0000   6.4101482e-06
      17.0000   6.4460419e-06
      18.0000   6.4536466e-06
      19.0000   6.4436431e-06
      20.0000   6.4439696e-06
      21.0000   6.4851765e-06
      22.0000   6.5837753e-06
      23.0000   6.7413343e-06
      24.0000   6.9551129e-06
      25.0000   7.2183793e-06
      26.0000   7.5081230e-06
      27.0000   7.7867198e-06
      28.0000   8.0191367e-06
      29.0000   8.1952994e-06
      30.0000   8.3270616e-06
      31.0000   8.4240010e-06
      32.0000   8.4804833e-06
      33.0000   8.4872227e-06
      34.0000   8.4480771e-06
      35.0000   8.3846162e-06
      36.0000   8.3299510e-06
      37.0000   8.3142213e-06
      38.0000   8.3555251e-06
      39.0000   8.4581943e-06
      40.0000   8.6204163e-06
      41.0000   8.8448087e-06
      42.0000   9.1361117e-06
      43.0000   9.4889901e-06
      44.0000   9.8802630e-06
      45.0000   1.0279442e-05
      46.0000   1.0664111e-05
      47.0000   1.1027518e-05
      48.0000   1.1375115e-05
      49.0000   1.1699559e-05
      50.0000   1.1971624e-05
      51.0000   1.2172190e-05
      52.0000   1.2308669e-05
      53.0000   1.2395967e-05
      54.0000   1.2444578e-05
      55.0000   1.2467107e-05
      56.0000   1.2494304e-05
      57.0000   1.2572017e-05
      58.0000   1.2735359e-05
      59.0000   1.2976753e-05
      60.0000   1.3276161e-05
      61.0000   1.3646318e-05
      62.0000   1.4125804e-05
      63.0000   1.4732441e-05
      64.0000   1.5444943e-05
      65.0000   1.6215883e-05
      66.0000   1.6974980e-05
      67.0000   1.7656606e-05
      68.0000   1.8256786e-05
      69.0000   1.8823252e-05
      70.0000   1.9402398e-05
      71.0000   2.0015055e-05
      72.0000   2.0658534e-05
      73.0000   2.1296361e-05
      74.0000   2.1887310e-05
      75.0000   2.2460659e-05
      76.0000   2.3109125e-05
      77.0000   2.3887411e-05
      78.0000   2.4755558e-05
      79.0000   2.5623982e-05
      80.0000   2.6449219e-05
      81.0000   2.7280039e-05
      82.0000   2.8237526e-05
      83.0000   2.9429199e-05
      84.0000   3.0853666e-05
      85.0000   3.2394804e-05
      86.0000   3.3892531e-05
      87.0000   3.5220062e-05
      88.0000   3.6333000e-05
      89.0000   3.7271071e-05
      90.0000   3.8139300e-05
      91.0000   3.9044440e-05
      92.0000   4.0042101e-05
      93.0000   4.1150986e-05
      94.0000   4.2419437e-05
      95.0000   4.3941156e-05
      96.0000   4.5851069e-05
      97.0000   4.8329977e-05
      98.0000   5.1516152e-05
      99.0000   5.5445700e-05
      100.000   6.0091243e-05
      101.000   6.5274253e-05
      102.000   7.0728362e-05
      103.000   7.6423690e-05
      104.000   8.2701750e-05
      105.000   9.0003807e-05
      106.000   9.8629695e-05
      107.000   0.00010871284
      108.000   0.00012020951
      109.000   0.00013287745
      110.000   0.00014639451
      111.000   0.00016051697
      112.000   0.00017516717
      113.000   0.00019061968
      114.000   0.00020742341
      115.000   0.00022608780
      116.000   0.00024688223
      117.000   0.00026992682
      118.000   0.00029546363
      119.000   0.00032396484
      120.000   0.00035588534
      121.000   0.00039125423
      122.000   0.00042999448
      123.000   0.00047309490
      124.000   0.00052266300
      125.000   0.00057949265
      126.000   0.00064149260
      127.000   0.00070487184
      128.000   0.00076579925
      129.000   0.00082131842
      130.000   0.00087002490
      131.000   0.00091333932
      132.000   0.00095589779
      133.000    0.0010025133
      134.000    0.0010577164
      135.000    0.0011298666
      136.000    0.0012305420
      137.000    0.0013689237
      138.000    0.0015497890
      139.000    0.0017748890
      140.000    0.0020424468
      141.000    0.0023528249
      142.000    0.0027156924
      143.000    0.0031401736
      144.000    0.0036122284
      145.000    0.0040937681
      146.000    0.0045643239
      147.000    0.0050597298
      148.000    0.0056461957
      149.000    0.0063990029
      150.000    0.0074508432
      151.000    0.0089752562
      152.000     0.011089760
      153.000     0.013928847
      154.000     0.017927235
      155.000     0.023894085
      156.000     0.032613289
      157.000     0.044270851
      158.000     0.058230456
      159.000     0.072944380
      160.000     0.085399337
      161.000     0.091406673
      162.000     0.088387899
      163.000     0.077879377
      164.000     0.063822389
      165.000     0.049642745
      166.000     0.037386842
      167.000     0.027843416
      168.000     0.020840608
      169.000     0.015773131
      170.000     0.012082772
      171.000    0.0094242916
      172.000    0.0076012099
      173.000    0.0064387219
      174.000    0.0057260315
      175.000    0.0052338308
      176.000    0.0047843424
      177.000    0.0043036183
      178.000    0.0038026229
      179.000    0.0033184590
      180.000    0.0028767900
      181.000    0.0024878096
      182.000    0.0021565573
      183.000    0.0018833977
      184.000    0.0016637975
      185.000    0.0014880389
      186.000    0.0013378345
      187.000    0.0011907002
      188.000    0.0010365765
      189.000   0.00088396005
      190.000   0.00074854022
      191.000   0.00063955761
      192.000   0.00055716466
      193.000   0.00049602543
      194.000   0.00044876165
      195.000   0.00040826356
      196.000   0.00036968294
      197.000   0.00033122077
      198.000   0.00029353576
      199.000   0.00025896309
      200.000   0.00022984750
      201.000   0.00020704819
      202.000   0.00018980415
      203.000   0.00017651712
      204.000   0.00016567706
      205.000   0.00015615360
      206.000   0.00014708942
      207.000   0.00013797008
      208.000   0.00012863627
      209.000   0.00011930898
      210.000   0.00011036437
      211.000   0.00010200348
      212.000   9.4245304e-05
      213.000   8.7099674e-05
      214.000   8.0656981e-05
      215.000   7.5024669e-05
      216.000   7.0173002e-05
      217.000   6.5897242e-05
      218.000   6.1957959e-05
      219.000   5.8227062e-05
      220.000   5.4684584e-05
      221.000   5.1382540e-05
      222.000   4.8374961e-05
      223.000   4.5697408e-05
      224.000   4.3365242e-05
      225.000   4.1412950e-05
      226.000   3.9847953e-05
      227.000   3.8601702e-05
      228.000   3.7556754e-05
      229.000   3.6629663e-05
      230.000   3.5813788e-05
      231.000   3.5065579e-05
      232.000   3.4220368e-05
      233.000   3.3119199e-05
      234.000   3.1749434e-05
      235.000   3.0237386e-05
      236.000   2.8738765e-05
      237.000   2.7340246e-05
      238.000   2.6077676e-05
      239.000   2.4996902e-05
      240.000   2.4151002e-05
      241.000   2.3542754e-05
      242.000   2.3086004e-05
      243.000   2.2623959e-05
      244.000   2.2045311e-05
      245.000   2.1380865e-05
      246.000   2.0736767e-05
      247.000   2.0172884e-05
      248.000   1.9673769e-05
      249.000   1.9200357e-05
      250.000   1.8733703e-05
      251.000   1.8263094e-05
      252.000   1.7777858e-05
      253.000   1.7260378e-05
      254.000   1.6679056e-05
      255.000   1.6015474e-05
      256.000   1.5273765e-05
      257.000   1.4484824e-05
      258.000   1.3699861e-05
      259.000   1.2969433e-05
      260.000   1.2332077e-05
      261.000   1.1801362e-05
      262.000   1.1382713e-05
      263.000   1.1092741e-05
      264.000   1.0941858e-05
      265.000   1.0908226e-05
      266.000   1.0941261e-05
      267.000   1.0996412e-05
      268.000   1.1056187e-05
      269.000   1.1117323e-05
      270.000   1.1159233e-05
      271.000   1.1141472e-05
      272.000   1.1040757e-05
      273.000   1.0868115e-05
      274.000   1.0640018e-05
      275.000   1.0355944e-05
      276.000   1.0011468e-05
      277.000   9.6098083e-06
      278.000   9.1681013e-06
      279.000   8.7273802e-06
      280.000   8.3424766e-06
      281.000   8.0517048e-06
      282.000   7.8590820e-06
      283.000   7.7519016e-06
      284.000   7.7232153e-06
      285.000   7.7586928e-06
      286.000   7.8293906e-06
      287.000   7.9063611e-06
      288.000   7.9709735e-06
      289.000   8.0046120e-06
      290.000   7.9826159e-06
      291.000   7.8958601e-06
      292.000   7.7579280e-06
      293.000   7.5903322e-06
      294.000   7.4068676e-06
      295.000   7.2114963e-06
      296.000   7.0014453e-06
      297.000   6.7755482e-06
      298.000   6.5502450e-06
      299.000   6.3536054e-06
      300.000   6.2037757e-06
      301.000   6.1003925e-06
      302.000   6.0334601e-06
      303.000   5.9948043e-06
      304.000   5.9801046e-06
      305.000   5.9844238e-06
      306.000   5.9980189e-06
      307.000   6.0094490e-06
      308.000   6.0090138e-06
      309.000   5.9828294e-06
      310.000   5.9171657e-06
      311.000   5.8099336e-06
      312.000   5.6763824e-06
      313.000   5.5410960e-06
      314.000   5.4225407e-06
      315.000   5.3188946e-06
      316.000   5.2153073e-06
      317.000   5.1085890e-06
      318.000   5.0138119e-06
      319.000   4.9454675e-06
      320.000   4.9043806e-06
      321.000       0.0000000
