      1.00000   5.1355605e-06
      2.00000   5.1729980e-06
      3.00000   5.2101177e-06
      4.00000   5.2522778e-06
      5.00000   5.2984183e-06
      6.00000   5.3592507e-06
      7.00000   5.4459952e-06
      8.00000   5.5558107e-06
      9.00000   5.6695376e-06
      10.0000   5.7703778e-06
      11.0000   5.8610531e-06
      12.0000   5.9575518e-06
      13.0000   6.0696616e-06
      14.0000   6.1904275e-06
      15.0000   6.3035259e-06
      16.0000   6.3969756e-06
      17.0000   6.4714282e-06
      18.0000   6.5391478e-06
      19.0000   6.6185157e-06
      20.0000   6.7226697e-06
      21.0000   6.8457070e-06
      22.0000   6.9712214e-06
      23.0000   7.0936776e-06
      24.0000   7.2226849e-06
      25.0000   7.3681331e-06
      26.0000   7.5251510e-06
      27.0000   7.6774259e-06
      28.0000   7.8091198e-06
      29.0000   7.9132788e-06
      30.0000   7.9912097e-06
      31.0000   8.0484770e-06
      32.0000   8.0927803e-06
      33.0000   8.1329990e-06
      34.0000   8.1827666e-06
      35.0000   8.2617225e-06
      36.0000   8.3850318e-06
      37.0000   8.5505135e-06
      38.0000   8.7461476e-06
      39.0000   8.9692467e-06
      40.0000   9.2284617e-06
      41.0000   9.5287705e-06
      42.0000   9.8575065e-06
      43.0000   1.0182971e-05
      44.0000   1.0481119e-05
      45.0000   1.0758414e-05
      46.0000   1.1039365e-05
      47.0000   1.1324993e-05
      48.0000   1.1580262e-05
      49.0000   1.1774438e-05
      50.0000   1.1913070e-05
      51.0000   1.2017152e-05
      52.0000   1.2102096e-05
      53.0000   1.2187016e-05
      54.0000   1.2292097e-05
      55.0000   1.2425680e-05
      56.0000   1.2592987e-05
      57.0000   1.2807220e-05
      58.0000   1.3086209e-05
      59.0000   1.3439935e-05
      60.0000   1.3868030e-05
      61.0000   1.4374456e-05
      62.0000   1.4959550e-05
      63.0000   1.5591791e-05
      64.0000   1.6216305e-05
      65.0000   1.6803131e-05
      66.0000   1.7350056e-05
      67.0000   1.7862270e-05
      68.0000   1.8365052e-05
      69.0000   1.8920051e-05
      70.0000   1.9568326e-05
      71.0000   2.0261083e-05
      72.0000   2.0915435e-05
      73.0000   2.1524544e-05
      74.0000   2.2160142e-05
      75.0000   2.2885702e-05
      76.0000   2.3702840e-05
      77.0000   2.4550787e-05
      78.0000   2.5361420e-05
      79.0000   2.6118936e-05
      80.0000   2.6890537e-05
      81.0000   2.7795055e-05
      82.0000   2.8921106e-05
      83.0000   3.0258911e-05
      84.0000   3.1701169e-05
      85.0000   3.3100048e-05
      86.0000   3.4349814e-05
      87.0000   3.5425175e-05
      88.0000   3.6361616e-05
      89.0000   3.7253703e-05
      90.0000   3.8202230e-05
      91.0000   3.9231771e-05
      92.0000   4.0317260e-05
      93.0000   4.1518877e-05
      94.0000   4.2988737e-05
      95.0000   4.4852761e-05
      96.0000   4.7190526e-05
      97.0000   5.0067356e-05
      98.0000   5.3557251e-05
      99.0000   5.7675843e-05
      100.000   6.2259933e-05
      101.000   6.7098386e-05
      102.000   7.2205810e-05
      103.000   7.7884688e-05
      104.000   8.4520187e-05
      105.000   9.2380978e-05
      106.000   0.00010154803
      107.000   0.00011194082
      108.000   0.00012341321
      109.000   0.00013582161
      110.000   0.00014900391
      111.000   0.00016272778
      112.000   0.00017689126
      113.000   0.00019194483
      114.000   0.00020872145
      115.000   0.00022780862
      116.000   0.00024924063
      117.000   0.00027289809
      118.000   0.00029891924
      119.000   0.00032778701
      120.000   0.00035997550
      121.000   0.00039573404
      122.000   0.00043577416
      123.000   0.00048169971
      124.000   0.00053470238
      125.000   0.00059397426
      126.000   0.00065621501
      127.000   0.00071657391
      128.000   0.00077135756
      129.000   0.00081959675
      130.000   0.00086246576
      131.000   0.00090261095
      132.000   0.00094361603
      133.000   0.00098980754
      134.000    0.0010484601
      135.000    0.0011300837
      136.000    0.0012441287
      137.000    0.0013953960
      138.000    0.0015864630
      139.000    0.0018178778
      140.000    0.0020868608
      141.000    0.0023942029
      142.000    0.0027514617
      143.000    0.0031664721
      144.000    0.0036223526
      145.000    0.0040817927
      146.000    0.0045277267
      147.000    0.0049994430
      148.000    0.0055707097
      149.000    0.0063359388
      150.000    0.0074300789
      151.000    0.0089860065
      152.000     0.011083437
      153.000     0.013879023
      154.000     0.017869884
      155.000     0.023889842
      156.000     0.032671940
      157.000     0.044322379
      158.000     0.058172684
      159.000     0.072727874
      160.000     0.085084237
      161.000     0.091144197
      162.000     0.088272110
      163.000     0.077882864
      164.000     0.063914284
      165.000     0.049813889
      166.000     0.037606582
      167.000     0.028050750
      168.000     0.020990437
      169.000     0.015865494
      170.000     0.012140908
      171.000    0.0094540166
      172.000    0.0075887297
      173.000    0.0063789082
      174.000    0.0056357300
      175.000    0.0051435111
      176.000    0.0047181100
      177.000    0.0042671268
      178.000    0.0037896594
      179.000    0.0033218132
      180.000    0.0028916202
      181.000    0.0025098000
      182.000    0.0021784995
      183.000    0.0018984406
      184.000    0.0016693369
      185.000    0.0014859504
      186.000    0.0013336996
      187.000    0.0011908341
      188.000    0.0010434252
      189.000   0.00089515193
      190.000   0.00076028827
      191.000   0.00064928131
      192.000   0.00056375004
      193.000   0.00049991364
      194.000   0.00045156476
      195.000   0.00041176024
      196.000   0.00037473979
      197.000   0.00033759588
      198.000   0.00030019021
      199.000   0.00026435652
      200.000   0.00023299913
      201.000   0.00020815346
      202.000   0.00018953458
      203.000   0.00017545281
      204.000   0.00016432839
      205.000   0.00015502557
      206.000   0.00014653207
      207.000   0.00013802627
      208.000   0.00012922601
      209.000   0.00012039876
      210.000   0.00011194062
      211.000   0.00010398064
      212.000   9.6446893e-05
      213.000   8.9321875e-05
      214.000   8.2714476e-05
      215.000   7.6787284e-05
      216.000   7.1604954e-05
      217.000   6.7050307e-05
      218.000   6.2961219e-05
      219.000   5.9218801e-05
      220.000   5.5731005e-05
      221.000   5.2457512e-05
      222.000   4.9394959e-05
      223.000   4.6566849e-05
      224.000   4.4044777e-05
      225.000   4.1888783e-05
      226.000   4.0107352e-05
      227.000   3.8651313e-05
      228.000   3.7432259e-05
      229.000   3.6389003e-05
      230.000   3.5512185e-05
      231.000   3.4785189e-05
      232.000   3.4079938e-05
      233.000   3.3207198e-05
      234.000   3.2091779e-05
      235.000   3.0814070e-05
      236.000   2.9496956e-05
      237.000   2.8208076e-05
      238.000   2.6949681e-05
      239.000   2.5728967e-05
      240.000   2.4615929e-05
      241.000   2.3694931e-05
      242.000   2.2985596e-05
      243.000   2.2427936e-05
      244.000   2.1915526e-05
      245.000   2.1354852e-05
      246.000   2.0732306e-05
      247.000   2.0107123e-05
      248.000   1.9541025e-05
      249.000   1.9046778e-05
      250.000   1.8590541e-05
      251.000   1.8149731e-05
      252.000   1.7732094e-05
      253.000   1.7332819e-05
      254.000   1.6914037e-05
      255.000   1.6432477e-05
      256.000   1.5882526e-05
      257.000   1.5283616e-05
      258.000   1.4644103e-05
      259.000   1.3970483e-05
      260.000   1.3300346e-05
      261.000   1.2676821e-05
      262.000   1.2114214e-05
      263.000   1.1616910e-05
      264.000   1.1201886e-05
      265.000   1.0885016e-05
      266.000   1.0671811e-05
      267.000   1.0561272e-05
      268.000   1.0540622e-05
      269.000   1.0584613e-05
      270.000   1.0662379e-05
      271.000   1.0743157e-05
      272.000   1.0800035e-05
      273.000   1.0816469e-05
      274.000   1.0783252e-05
      275.000   1.0683106e-05
      276.000   1.0499304e-05
      277.000   1.0228213e-05
      278.000   9.8841365e-06
      279.000   9.4958714e-06
      280.000   9.0971962e-06
      281.000   8.7245508e-06
      282.000   8.4094636e-06
      283.000   8.1679937e-06
      284.000   7.9903375e-06
      285.000   7.8514422e-06
      286.000   7.7418081e-06
      287.000   7.6713004e-06
      288.000   7.6445376e-06
      289.000   7.6455008e-06
      290.000   7.6475990e-06
      291.000   7.6263191e-06
      292.000   7.5664020e-06
      293.000   7.4713107e-06
      294.000   7.3597948e-06
      295.000   7.2490702e-06
      296.000   7.1420714e-06
      297.000   7.0295387e-06
      298.000   6.8993841e-06
      299.000   6.7479928e-06
      300.000   6.5875902e-06
      301.000   6.4366409e-06
      302.000   6.3024431e-06
      303.000   6.1820560e-06
      304.000   6.0798270e-06
      305.000   6.0044422e-06
      306.000   5.9530389e-06
      307.000   5.9122763e-06
      308.000   5.8721407e-06
      309.000   5.8314731e-06
      310.000   5.7935390e-06
      311.000   5.7562215e-06
      312.000   5.7168081e-06
      313.000   5.6718950e-06
      314.000   5.6150702e-06
      315.000   5.5439223e-06
      316.000   5.4664843e-06
      317.000   5.3841868e-06
      318.000   5.2856062e-06
      319.000   5.1765869e-06
      320.000   5.0741960e-06
      321.000       0.0000000
