      1.00000       0.0000000
      2.00000   6.0931493e-06
      3.00000   6.1166443e-06
      4.00000   6.1881738e-06
      5.00000   6.3084271e-06
      6.00000   6.4783776e-06
      7.00000   6.6938751e-06
      8.00000   6.9414809e-06
      9.00000   7.2059734e-06
      10.0000   7.4751761e-06
      11.0000   7.7410759e-06
      12.0000   8.0011478e-06
      13.0000   8.2530041e-06
      14.0000   8.4914291e-06
      15.0000   8.7087428e-06
      16.0000   8.9002961e-06
      17.0000   9.0563453e-06
      18.0000   9.1555930e-06
      19.0000   9.1818993e-06
      20.0000   9.1416314e-06
      21.0000   9.0655485e-06
      22.0000   8.9821815e-06
      23.0000   8.8993183e-06
      24.0000   8.8152301e-06
      25.0000   8.7331091e-06
      26.0000   8.6612426e-06
      27.0000   8.6118625e-06
      28.0000   8.6074151e-06
      29.0000   8.6745413e-06
      30.0000   8.8329052e-06
      31.0000   9.0941403e-06
      32.0000   9.4575389e-06
      33.0000   9.9116505e-06
      34.0000   1.0440974e-05
      35.0000   1.1031620e-05
      36.0000   1.1671408e-05
      37.0000   1.2332537e-05
      38.0000   1.2968461e-05
      39.0000   1.3531297e-05
      40.0000   1.3994406e-05
      41.0000   1.4359234e-05
      42.0000   1.4631442e-05
      43.0000   1.4817620e-05
      44.0000   1.4943273e-05
      45.0000   1.5036890e-05
      46.0000   1.5094683e-05
      47.0000   1.5081999e-05
      48.0000   1.4983394e-05
      49.0000   1.4836482e-05
      50.0000   1.4706916e-05
      51.0000   1.4643601e-05
      52.0000   1.4682251e-05
      53.0000   1.4870793e-05
      54.0000   1.5240436e-05
      55.0000   1.5760001e-05
      56.0000   1.6345428e-05
      57.0000   1.6916494e-05
      58.0000   1.7453900e-05
      59.0000   1.8005343e-05
      60.0000   1.8636500e-05
      61.0000   1.9383415e-05
      62.0000   2.0260779e-05
      63.0000   2.1275468e-05
      64.0000   2.2395785e-05
      65.0000   2.3542036e-05
      66.0000   2.4586656e-05
      67.0000   2.5410092e-05
      68.0000   2.5982084e-05
      69.0000   2.6353646e-05
      70.0000   2.6617910e-05
      71.0000   2.6841004e-05
      72.0000   2.7032102e-05
      73.0000   2.7183123e-05
      74.0000   2.7304935e-05
      75.0000   2.7420179e-05
      76.0000   2.7526245e-05
      77.0000   2.7650654e-05
      78.0000   2.7896196e-05
      79.0000   2.8374659e-05
      80.0000   2.9134790e-05
      81.0000   3.0140865e-05
      82.0000   3.1309308e-05
      83.0000   3.2537391e-05
      84.0000   3.3742217e-05
      85.0000   3.4956829e-05
      86.0000   3.6361151e-05
      87.0000   3.8141112e-05
      88.0000   4.0371637e-05
      89.0000   4.3056127e-05
      90.0000   4.6135512e-05
      91.0000   4.9495698e-05
      92.0000   5.3053398e-05
      93.0000   5.6806424e-05
      94.0000   6.0807906e-05
      95.0000   6.5040527e-05
      96.0000   6.9406764e-05
      97.0000   7.3798554e-05
      98.0000   7.8142781e-05
      99.0000   8.2564686e-05
      100.000   8.7422522e-05
      101.000   9.3025366e-05
      102.000   9.9263030e-05
      103.000   0.00010570514
      104.000   0.00011221613
      105.000   0.00011921307
      106.000   0.00012751481
      107.000   0.00013803256
      108.000   0.00015125095
      109.000   0.00016692102
      110.000   0.00018453860
      111.000   0.00020413795
      112.000   0.00022632020
      113.000   0.00025169997
      114.000   0.00028040499
      115.000   0.00031168023
      116.000   0.00034375300
      117.000   0.00037420669
      118.000   0.00040123495
      119.000   0.00042453842
      120.000   0.00044530997
      121.000   0.00046544269
      122.000   0.00048646072
      123.000   0.00050881697
      124.000   0.00053233450
      125.000   0.00055807107
      126.000   0.00058982591
      127.000   0.00063304888
      128.000   0.00069049548
      129.000   0.00076004205
      130.000   0.00083949760
      131.000   0.00093158853
      132.000    0.0010401410
      133.000    0.0011630793
      134.000    0.0012943586
      135.000    0.0014326508
      136.000    0.0015835583
      137.000    0.0017503124
      138.000    0.0019242307
      139.000    0.0020859574
      140.000    0.0022207277
      141.000    0.0023345165
      142.000    0.0024562038
      143.000    0.0026268337
      144.000    0.0028766822
      145.000    0.0031979971
      146.000    0.0035638097
      147.000    0.0039932942
      148.000    0.0045639016
      149.000    0.0053465022
      150.000    0.0063538705
      151.000    0.0075985044
      152.000    0.0092274752
      153.000     0.011584061
      154.000     0.015129029
      155.000     0.020376293
      156.000     0.028019054
      157.000     0.039063420
      158.000     0.054468948
      159.000     0.073700368
      160.000     0.092758209
      161.000      0.10444604
      162.000      0.10279124
      163.000     0.088517793
      164.000     0.068446793
      165.000     0.049501400
      166.000     0.034874383
      167.000     0.024604155
      168.000     0.017636841
      169.000     0.012993687
      170.000    0.0099451896
      171.000    0.0079128463
      172.000    0.0064955652
      173.000    0.0054693217
      174.000    0.0047075632
      175.000    0.0041415528
      176.000    0.0037321141
      177.000    0.0034272282
      178.000    0.0031634269
      179.000    0.0028989229
      180.000    0.0026312382
      181.000    0.0023815429
      182.000    0.0021581105
      183.000    0.0019447048
      184.000    0.0017251751
      185.000    0.0015067140
      186.000    0.0013099046
      187.000    0.0011465158
      188.000    0.0010156647
      189.000   0.00091109751
      190.000   0.00082484022
      191.000   0.00074734888
      192.000   0.00067119510
      193.000   0.00059574255
      194.000   0.00052498834
      195.000   0.00046264002
      196.000   0.00041035254
      197.000   0.00036763321
      198.000   0.00033249738
      199.000   0.00030274098
      200.000   0.00027685895
      201.000   0.00025397379
      202.000   0.00023332266
      203.000   0.00021422582
      204.000   0.00019613514
      205.000   0.00017857982
      206.000   0.00016139464
      207.000   0.00014497765
      208.000   0.00013016196
      209.000   0.00011763412
      210.000   0.00010746914
      211.000   9.9250290e-05
      212.000   9.2531882e-05
      213.000   8.7201915e-05
      214.000   8.3291467e-05
      215.000   8.0551828e-05
      216.000   7.8444791e-05
      217.000   7.6418495e-05
      218.000   7.4167954e-05
      219.000   7.1686729e-05
      220.000   6.9152920e-05
      221.000   6.6756271e-05
      222.000   6.4512038e-05
      223.000   6.2303297e-05
      224.000   5.9989554e-05
      225.000   5.7477060e-05
      226.000   5.4801370e-05
      227.000   5.2082927e-05
      228.000   4.9498674e-05
      229.000   4.7198486e-05
      230.000   4.5136840e-05
      231.000   4.3056782e-05
      232.000   4.0727999e-05
      233.000   3.8215236e-05
      234.000   3.5788104e-05
      235.000   3.3661268e-05
      236.000   3.1898249e-05
      237.000   3.0432973e-05
      238.000   2.9154673e-05
      239.000   2.7986192e-05
      240.000   2.6901653e-05
      241.000   2.5911637e-05
      242.000   2.5080593e-05
      243.000   2.4510286e-05
      244.000   2.4249024e-05
      245.000   2.4231054e-05
      246.000   2.4343555e-05
      247.000   2.4518771e-05
      248.000   2.4717641e-05
      249.000   2.4885589e-05
      250.000   2.4945604e-05
      251.000   2.4822239e-05
      252.000   2.4477964e-05
      253.000   2.3925637e-05
      254.000   2.3234579e-05
      255.000   2.2489461e-05
      256.000   2.1714195e-05
      257.000   2.0874309e-05
      258.000   1.9943809e-05
      259.000   1.8952105e-05
      260.000   1.7959619e-05
      261.000   1.7019194e-05
      262.000   1.6174252e-05
      263.000   1.5466007e-05
      264.000   1.4912021e-05
      265.000   1.4486383e-05
      266.000   1.4148076e-05
      267.000   1.3893661e-05
      268.000   1.3751084e-05
      269.000   1.3729052e-05
      270.000   1.3795888e-05
      271.000   1.3898652e-05
      272.000   1.3999407e-05
      273.000   1.4086560e-05
      274.000   1.4159981e-05
      275.000   1.4209199e-05
      276.000   1.4216432e-05
      277.000   1.4164433e-05
      278.000   1.4033876e-05
      279.000   1.3808504e-05
      280.000   1.3479577e-05
      281.000   1.3052640e-05
      282.000   1.2545827e-05
      283.000   1.1981102e-05
      284.000   1.1379040e-05
      285.000   1.0757571e-05
      286.000   1.0135223e-05
      287.000   9.5357618e-06
      288.000   8.9893447e-06
      289.000   8.5231495e-06
      290.000   8.1573980e-06
      291.000   7.9092315e-06
      292.000   7.7798040e-06
      293.000   7.7445120e-06
      294.000   7.7742088e-06
      295.000   7.8540515e-06
      296.000   7.9818965e-06
      297.000   8.1556645e-06
      298.000   8.3550676e-06
      299.000   8.5460324e-06
      300.000   8.7031385e-06
      301.000   8.8181823e-06
      302.000   8.8905226e-06
      303.000   8.9164287e-06
      304.000   8.8831748e-06
      305.000   8.7788139e-06
      306.000   8.6107248e-06
      307.000   8.4046433e-06
      308.000   8.1852004e-06
      309.000   7.9558849e-06
      310.000   7.7070845e-06
      311.000   7.4383743e-06
      312.000   7.1595477e-06
      313.000   6.8875734e-06
      314.000   6.6407461e-06
      315.000   6.4352562e-06
      316.000   6.2850527e-06
      317.000   6.1899073e-06
      318.000   6.1293017e-06
      319.000   6.0785428e-06
      320.000   6.0329821e-06
      321.000   6.0082562e-06
