      1.00000   5.7773523e-06
      2.00000   5.7381349e-06
      3.00000   5.7547650e-06
      4.00000   5.8099231e-06
      5.00000   5.9131589e-06
      6.00000   6.0614998e-06
      7.00000   6.2480935e-06
      8.00000   6.4600558e-06
      9.00000   6.6676084e-06
      10.0000   6.8336494e-06
      11.0000   6.9344151e-06
      12.0000   6.9584362e-06
      13.0000   6.9081302e-06
      14.0000   6.8045706e-06
      15.0000   6.6707771e-06
      16.0000   6.5200570e-06
      17.0000   6.3692446e-06
      18.0000   6.2412505e-06
      19.0000   6.1567894e-06
      20.0000   6.1288879e-06
      21.0000   6.1576188e-06
      22.0000   6.2365284e-06
      23.0000   6.3617294e-06
      24.0000   6.5292015e-06
      25.0000   6.7271653e-06
      26.0000   6.9368157e-06
      27.0000   7.1435179e-06
      28.0000   7.3453116e-06
      29.0000   7.5396028e-06
      30.0000   7.7094383e-06
      31.0000   7.8380172e-06
      32.0000   7.9268148e-06
      33.0000   7.9843867e-06
      34.0000   8.0067521e-06
      35.0000   7.9848396e-06
      36.0000   7.9259980e-06
      37.0000   7.8596422e-06
      38.0000   7.8229905e-06
      39.0000   7.8484272e-06
      40.0000   7.9567044e-06
      41.0000   8.1530870e-06
      42.0000   8.4274625e-06
      43.0000   8.7660264e-06
      44.0000   9.1639195e-06
      45.0000   9.6174417e-06
      46.0000   1.0104018e-05
      47.0000   1.0581847e-05
      48.0000   1.1016328e-05
      49.0000   1.1398876e-05
      50.0000   1.1731518e-05
      51.0000   1.1999751e-05
      52.0000   1.2178730e-05
      53.0000   1.2265256e-05
      54.0000   1.2288978e-05
      55.0000   1.2284319e-05
      56.0000   1.2264566e-05
      57.0000   1.2243293e-05
      58.0000   1.2267640e-05
      59.0000   1.2401881e-05
      60.0000   1.2675031e-05
      61.0000   1.3067272e-05
      62.0000   1.3552303e-05
      63.0000   1.4134830e-05
      64.0000   1.4834536e-05
      65.0000   1.5637626e-05
      66.0000   1.6492158e-05
      67.0000   1.7342289e-05
      68.0000   1.8141196e-05
      69.0000   1.8870822e-05
      70.0000   1.9560348e-05
      71.0000   2.0247749e-05
      72.0000   2.0958720e-05
      73.0000   2.1716254e-05
      74.0000   2.2494271e-05
      75.0000   2.3213533e-05
      76.0000   2.3852093e-05
      77.0000   2.4493860e-05
      78.0000   2.5241725e-05
      79.0000   2.6135343e-05
      80.0000   2.7110094e-05
      81.0000   2.8049320e-05
      82.0000   2.8920007e-05
      83.0000   2.9826235e-05
      84.0000   3.0903291e-05
      85.0000   3.2220389e-05
      86.0000   3.3750483e-05
      87.0000   3.5358924e-05
      88.0000   3.6858994e-05
      89.0000   3.8120084e-05
      90.0000   3.9148686e-05
      91.0000   4.0064966e-05
      92.0000   4.1035404e-05
      93.0000   4.2158241e-05
      94.0000   4.3436274e-05
      95.0000   4.4871991e-05
      96.0000   4.6524798e-05
      97.0000   4.8533777e-05
      98.0000   5.1099447e-05
      99.0000   5.4406599e-05
      100.000   5.8585167e-05
      101.000   6.3650434e-05
      102.000   6.9413312e-05
      103.000   7.5588418e-05
      104.000   8.2071128e-05
      105.000   8.9104455e-05
      106.000   9.7168573e-05
      107.000   0.00010663750
      108.000   0.00011763221
      109.000   0.00013010498
      110.000   0.00014384708
      111.000   0.00015856973
      112.000   0.00017408843
      113.000   0.00019024419
      114.000   0.00020700721
      115.000   0.00022487350
      116.000   0.00024471807
      117.000   0.00026714811
      118.000   0.00029224830
      119.000   0.00031987959
      120.000   0.00035019798
      121.000   0.00038380933
      122.000   0.00042122384
      123.000   0.00046279025
      124.000   0.00050963165
      125.000   0.00056333729
      126.000   0.00062378339
      127.000   0.00068843691
      128.000   0.00075382116
      129.000   0.00081678771
      130.000   0.00087519723
      131.000   0.00092841499
      132.000   0.00097739766
      133.000    0.0010254431
      134.000    0.0010784332
      135.000    0.0011445766
      136.000    0.0012334152
      137.000    0.0013541492
      138.000    0.0015152002
      139.000    0.0017236831
      140.000    0.0019811636
      141.000    0.0022852612
      142.000    0.0026413973
      143.000    0.0030640995
      144.000    0.0035553824
      145.000    0.0040855850
      146.000    0.0046150815
      147.000    0.0051460783
      148.000    0.0057365410
      149.000    0.0064678025
      150.000    0.0074649956
      151.000    0.0089183468
      152.000     0.011001159
      153.000     0.013858006
      154.000     0.017825890
      155.000     0.023630410
      156.000     0.032159343
      157.000     0.043871015
      158.000     0.058322407
      159.000     0.073831946
      160.000     0.086908348
      161.000     0.092834003
      162.000     0.089138426
      163.000     0.077940159
      164.000     0.063425064
      165.000     0.049017753
      166.000     0.036693998
      167.000     0.027172968
      168.000     0.020255357
      169.000     0.015332859
      170.000     0.011818583
      171.000    0.0093225893
      172.000    0.0076239221
      173.000    0.0065459404
      174.000    0.0058784881
      175.000    0.0053919088
      176.000    0.0049167667
      177.000    0.0043946956
      178.000    0.0038498067
      179.000    0.0033287441
      180.000    0.0028637438
      181.000    0.0024664379
      182.000    0.0021361946
      183.000    0.0018692306
      184.000    0.0016598506
      185.000    0.0014947504
      186.000    0.0013485088
      187.000    0.0011968133
      188.000    0.0010348492
      189.000   0.00087708043
      190.000   0.00074058858
      191.000   0.00063329167
      192.000   0.00055419916
      193.000   0.00049688236
      194.000   0.00045214742
      195.000   0.00041181454
      196.000   0.00037167256
      197.000   0.00033103733
      198.000   0.00029177024
      199.000   0.00025702742
      200.000   0.00022904928
      201.000   0.00020772016
      202.000   0.00019144031
      203.000   0.00017857937
      204.000   0.00016785262
      205.000   0.00015817877
      206.000   0.00014873143
      207.000   0.00013911449
      208.000   0.00012933840
      209.000   0.00011960258
      210.000   0.00011012574
      211.000   0.00010116230
      212.000   9.2985989e-05
      213.000   8.5816835e-05
      214.000   7.9706821e-05
      215.000   7.4451469e-05
      216.000   6.9720045e-05
      217.000   6.5296590e-05
      218.000   6.1151848e-05
      219.000   5.7327903e-05
      220.000   5.3847652e-05
      221.000   5.0723240e-05
      222.000   4.7978752e-05
      223.000   4.5626926e-05
      224.000   4.3648804e-05
      225.000   4.2014442e-05
      226.000   4.0719438e-05
      227.000   3.9726190e-05
      228.000   3.8927428e-05
      229.000   3.8172984e-05
      230.000   3.7296446e-05
      231.000   3.6153095e-05
      232.000   3.4709632e-05
      233.000   3.3082542e-05
      234.000   3.1449898e-05
      235.000   2.9948620e-05
      236.000   2.8622859e-05
      237.000   2.7453205e-05
      238.000   2.6430944e-05
      239.000   2.5565476e-05
      240.000   2.4845236e-05
      241.000   2.4210127e-05
      242.000   2.3576136e-05
      243.000   2.2923676e-05
      244.000   2.2308832e-05
      245.000   2.1772261e-05
      246.000   2.1280448e-05
      247.000   2.0763633e-05
      248.000   2.0210839e-05
      249.000   1.9680130e-05
      250.000   1.9193576e-05
      251.000   1.8690887e-05
      252.000   1.8099665e-05
      253.000   1.7397972e-05
      254.000   1.6591852e-05
      255.000   1.5696582e-05
      256.000   1.4762963e-05
      257.000   1.3860374e-05
      258.000   1.3037148e-05
      259.000   1.2320609e-05
      260.000   1.1740964e-05
      261.000   1.1328902e-05
      262.000   1.1093472e-05
      263.000   1.1008113e-05
      264.000   1.1023120e-05
      265.000   1.1092567e-05
      266.000   1.1179665e-05
      267.000   1.1254494e-05
      268.000   1.1288356e-05
      269.000   1.1254435e-05
      270.000   1.1146120e-05
      271.000   1.0971285e-05
      272.000   1.0724757e-05
      273.000   1.0391408e-05
      274.000   9.9779845e-06
      275.000   9.5099886e-06
      276.000   9.0172525e-06
      277.000   8.5413458e-06
      278.000   8.1289345e-06
      279.000   7.8125940e-06
      280.000   7.5928342e-06
      281.000   7.4492036e-06
      282.000   7.3704991e-06
      283.000   7.3577758e-06
      284.000   7.4026584e-06
      285.000   7.4754071e-06
      286.000   7.5419498e-06
      287.000   7.5815401e-06
      288.000   7.5907669e-06
      289.000   7.5663193e-06
      290.000   7.4988534e-06
      291.000   7.3865117e-06
      292.000   7.2390289e-06
      293.000   7.0664628e-06
      294.000   6.8706991e-06
      295.000   6.6582120e-06
      296.000   6.4511546e-06
      297.000   6.2723138e-06
      298.000   6.1253263e-06
      299.000   6.0057100e-06
      300.000   5.9246436e-06
      301.000   5.9018244e-06
      302.000   5.9410886e-06
      303.000   6.0303760e-06
      304.000   6.1548421e-06
      305.000   6.2993217e-06
      306.000   6.4449873e-06
      307.000   6.5762738e-06
      308.000   6.6875223e-06
      309.000   6.7744627e-06
      310.000   6.8224258e-06
      311.000   6.8092495e-06
      312.000   6.7234673e-06
      313.000   6.5746831e-06
      314.000   6.3912275e-06
      315.000   6.2086715e-06
      316.000   6.0514749e-06
      317.000   5.9269632e-06
      318.000   5.8354735e-06
      319.000   5.7773973e-06
      320.000   5.7645457e-06
      321.000       0.0000000
