! -------------------------
   1267.1059570312500        1.0529592037200928        4.1105125099420547E-002   1.0000000000000000     
   1267.1358642578125        1.0614079236984253        4.1187398135662079E-002   1.0000000000000000     
   1267.1657714843750        1.0246280431747437        4.0544804185628891E-002   1.0000000000000000     
   1267.1956787109375       0.98709523677825928        3.9711523801088333E-002   1.0000000000000000     
   1267.2255859375000       0.98841702938079834        3.9719678461551666E-002   1.0000000000000000     
   1267.2554931640625       0.99430483579635620        3.9788946509361267E-002   1.0000000000000000     
   1267.2855224609375       0.97485989332199097        3.9491426199674606E-002   1.0000000000000000     
   1267.3154296875000       0.92395013570785522        3.8389015942811966E-002   1.0000000000000000     
   1267.3453369140625       0.92676299810409546        3.8590811192989349E-002   1.0000000000000000     
   1267.3752441406250       0.89810937643051147        3.7865988910198212E-002   1.0000000000000000     
   1267.4051513671875       0.94611954689025879        3.8844924420118332E-002   1.0000000000000000     
   1267.4350585937500       0.92640542984008789        3.8475003093481064E-002   1.0000000000000000     
   1267.4649658203125       0.91781812906265259        3.8303244858980179E-002   1.0000000000000000     
   1267.4948730468750       0.91604673862457275        3.8277760148048401E-002   1.0000000000000000     
   1267.5247802734375       0.97868841886520386        3.9664492011070251E-002   1.0000000000000000     
   1267.5546875000000       0.95998507738113403        3.9155106991529465E-002   1.0000000000000000     
   1267.5845947265625       0.99363976716995239        3.9828263223171234E-002   1.0000000000000000     
   1267.6145019531250       0.98544448614120483        3.9678689092397690E-002   1.0000000000000000     
   1267.6444091796875       0.91057950258255005        3.8207255303859711E-002   1.0000000000000000     
   1267.6743164062500       0.98852014541625977        3.9730131626129150E-002   1.0000000000000000     
   1267.7042236328125       0.97937315702438354        3.9713039994239807E-002   1.0000000000000000     
   1267.7341308593750       0.97681683301925659        3.9475861936807632E-002   1.0000000000000000     
   1267.7640380859375       0.94263118505477905        3.8908727467060089E-002   1.0000000000000000     
   1267.7939453125000        1.0101822614669800        4.0412414819002151E-002   1.0000000000000000     
   1267.8238525390625        1.0500451326370239        4.0965151041746140E-002   1.0000000000000000     
   1267.8537597656250        1.0760194063186646        4.1453950107097626E-002   1.0000000000000000     
   1267.8836669921875       0.96946638822555542        3.9459329098463058E-002   1.0000000000000000     
   1267.9135742187500        1.0366004705429077        4.0655963122844696E-002   1.0000000000000000     
   1267.9434814453125        1.0014485120773315        3.9975363761186600E-002   1.0000000000000000     
   1267.9733886718750        1.0293240547180176        4.0564794093370438E-002   1.0000000000000000     
   1268.0032958984375        1.0099601745605469        4.0200680494308472E-002   1.0000000000000000     
   1268.0332031250000       0.99852895736694336        4.0196109563112259E-002   1.0000000000000000     
   1268.0631103515625        1.0541805028915405        4.1104946285486221E-002   1.0000000000000000     
   1268.0930175781250       0.98145949840545654        3.9620321244001389E-002   1.0000000000000000     
   1268.1229248046875        1.0467143058776855        4.0928520262241364E-002   1.0000000000000000     
   1268.1528320312500        1.0838615894317627        4.1562460362911224E-002   1.0000000000000000     
   1268.1827392578125        1.0047284364700317        4.0036514401435852E-002   1.0000000000000000     
   1268.2126464843750        1.0696849822998047        4.1337482631206512E-002   1.0000000000000000     
   1268.2425537109375        1.1086379289627075        4.2255189269781113E-002   1.0000000000000000     
   1268.2724609375000       0.95304608345031738        3.9123114198446274E-002   1.0000000000000000     
   1268.3023681640625        1.0652048587799072        4.1207566857337952E-002   1.0000000000000000     
   1268.3322753906250        1.0229613780975342        4.0596067905426025E-002   1.0000000000000000     
   1268.3621826171875       0.96488022804260254        3.9216428995132446E-002   1.0000000000000000     
   1268.3920898437500        1.0350112915039062        4.0655784308910370E-002   1.0000000000000000     
   1268.4219970703125       0.98854619264602661        3.9748135954141617E-002   1.0000000000000000     
   1268.4519042968750       0.96689563989639282        3.9624691009521484E-002   1.0000000000000000     
   1268.4818115234375        1.0053508281707764        4.0393523871898651E-002   1.0000000000000000     
   1268.5117187500000       0.96251302957534790        3.9311368018388748E-002   1.0000000000000000     
   1268.5416259765625       0.95670056343078613        3.9053145796060562E-002   1.0000000000000000     
   1268.5715332031250       0.90994167327880859        3.8121290504932404E-002   1.0000000000000000     
   1268.6015625000000       0.96855443716049194        3.9326801896095276E-002  0.99723738955036512     
   1268.6314697265625       0.93044620752334595        3.8610499352216721E-002  0.99718527077674490     
   1268.6613769531250        1.0052213668823242        4.0094029158353806E-002  0.99713167976952655     
   1268.6912841796875       0.98482471704483032        3.9678763598203659E-002  0.99707654940389634     
   1268.7211914062500        1.0440307855606079        4.0777914226055145E-002  0.99701979675910246     
   1268.7510986328125        1.0052267313003540        4.0039341896772385E-002  0.99696137338095969     
   1268.7810058593750       0.98663127422332764        3.9737287908792496E-002  0.99690121507476093     
   1268.8109130859375       0.99860942363739014        3.9895806461572647E-002  0.99683925203503942     
   1268.8408203125000        1.0130833387374878        4.0335312485694885E-002  0.99677541098774824     
   1268.8707275390625       0.96931755542755127        3.9551757276058197E-002  0.99670961486393861     
   1268.9006347656250        1.0140804052352905        4.0250584483146667E-002  0.99664178260816227     
   1268.9305419921875       0.96608942747116089        3.9257120341062546E-002  0.99657182897200691     
   1268.9604492187500        1.0595285892486572        4.1176829487085342E-002  0.99649966424960557     
   1268.9903564453125       0.95087510347366333        3.8969211280345917E-002  0.99642519393925655     
   1269.0202636718750       0.98220497369766235        3.9612296968698502E-002  0.99634831838485771     
   1269.0501708984375        1.0025237798690796        3.9965517818927765E-002  0.99626893243397419     
   1269.0800781250000       0.97883778810501099        3.9576567709445953E-002  0.99618692508547346     
   1269.1099853515625       0.94127058982849121        3.8793135434389114E-002  0.99610217909287735     
   1269.1398925781250       0.92669981718063354        3.8512744009494781E-002  0.99601457053140441     
   1269.1697998046875        1.0350517034530640        4.0732882916927338E-002  0.99592396832633279     
   1269.1997070312500        1.0121486186981201        4.0227115154266357E-002  0.99583023373709567     
   1269.2296142578125       0.96089321374893188        3.9143081754446030E-002  0.99573321979874352     
   1269.2595214843750       0.96442145109176636        3.9178438484668732E-002  0.99563277072079959     
   1269.2894287109375       0.95133799314498901        3.8929402828216553E-002  0.99552872123067060     
   1269.3193359375000       0.89818453788757324        3.7852622568607330E-002  0.99542089585094529     
   1269.3492431640625       0.91825222969055176        3.8466915488243103E-002  0.99530910810758089     
   1269.3791503906250       0.88770276308059692        3.7623547017574310E-002  0.99519315966553712     
   1269.4090576171875       0.91149741411209106        3.8140259683132172E-002  0.99507283937738877     
   1269.4389648437500       0.94420790672302246        3.8828354328870773E-002  0.99494792223320283     
   1269.4688720703125       0.93084210157394409        3.8520049303770065E-002  0.99481816818450286     
   1269.4987792968750       0.90724146366119385        3.8142483681440353E-002  0.99468332081815214     
   1269.5286865234375       0.88390243053436279        3.7840887904167175E-002  0.99454310591576256     
   1269.5585937500000       0.97440522909164429        3.9379362016916275E-002  0.99439722987539447     
   1269.5885009765625       0.95320022106170654        3.9114896208047867E-002  0.99424537782026423     
   1269.6184082031250       0.92917144298553467        3.8530193269252777E-002  0.99408721133681721     
   1269.6483154296875        1.0314618349075317        4.0540628135204315E-002  0.99392236611192908     
   1269.6782226562500       0.90952193737030029        3.8170699030160904E-002  0.99375044945755941     
   1269.7081298828125       0.96796458959579468        3.9287053048610687E-002  0.99357103688189075     
   1269.7380371093750       0.98203080892562866        3.9646852761507034E-002  0.99338366804054745     
   1269.7679443359375       0.95692807435989380        3.9452392607927322E-002  0.99318784111538516     
   1269.7978515625000       0.96495276689529419        3.9320595562458038E-002  0.99298299819543334     
   1269.8277587890625       0.99066483974456787        3.9923857897520065E-002  0.99276846915548056     
   1269.8576660156250        1.0298672914505005        4.0663607418537140E-002  0.99254319354487797     
   1269.8875732421875        1.0295799970626831        4.0629103779792786E-002  0.99230466371620629     
   1269.9176025390625       0.92528194189071655        3.8461089134216309E-002  0.99204872441719905     
   1269.9475097656250        1.0579444169998169        4.1139390319585800E-002  0.99177647939146230     
   1269.9774169921875        1.1018369197845459        4.1924938559532166E-002  0.99149063211366240     
   1270.0073242187500        1.0265281200408936        4.0573172271251678E-002  0.99119081206409743     
   1270.0372314453125       0.95107692480087280        3.9064683020114899E-002  0.99087618728259130     
   1270.0671386718750        1.0010534524917603        3.9983332157135010E-002  0.99054558725626640     
   1270.0970458984375       0.99282419681549072        3.9872813969850540E-002  0.99019775246734898     
   1270.1269531250000       0.97777539491653442        3.9445422589778900E-002  0.98983160224952937     
   1270.1568603515625       0.97499066591262817        3.9637226611375809E-002  0.98944585021620612     
   1270.1867675781250        1.0123383998870850        4.0168818086385727E-002  0.98903889576882598     
   1270.2166748046875       0.98802620172500610        3.9799373596906662E-002  0.98860880458766420     
   1270.2465820312500        1.0150328874588013        4.0198184549808502E-002  0.98815358102714745     
   1270.2764892578125       0.96054267883300781        3.9182428270578384E-002  0.98767164380307360     
   1270.3063964843750       0.97426807880401611        3.9468131959438324E-002  0.98716161430327498     
   1270.3363037109375        1.0380895137786865        4.0649462491273880E-002  0.98662174407374659     
   1270.3662109375000        1.0906393527984619        4.1655927896499634E-002  0.98604922619492763     
   1270.3961181640625        1.0478368997573853        4.0905069559812546E-002  0.98544033700496592     
   1270.4260253906250        1.0117430686950684        4.0110975503921509E-002  0.98479080754529047     
   1270.4559326171875       0.97875523567199707        3.9475530385971069E-002  0.98409648819504236     
   1270.4858398437500       0.98565095663070679        3.9611261337995529E-002  0.98335371499120505     
   1270.5157470703125       0.95072066783905029        3.9160598069429398E-002  0.98255871856551558     
   1270.5456542968750       0.97559124231338501        3.9627257734537125E-002  0.98170692423334760     
   1270.5755615234375       0.94831055402755737        3.8904294371604919E-002  0.98079267413243676     
   1270.6054687500000       0.97923517227172852        3.9500568062067032E-002  0.97981232560372800     
   1270.6353759765625       0.94479030370712280        3.8765847682952881E-002  0.97876201454864920     
   1270.6652832031250       0.94632351398468018        3.8836091756820679E-002  0.97763048517231566     
   1270.6951904296875       0.97413295507431030        3.9379969239234924E-002  0.97640590061867749     
   1270.7250976562500       0.96202015876770020        3.9193887263536453E-002  0.97507784306224465     
   1270.7550048828125       0.95515680313110352        3.8992006331682205E-002  0.97363586343474806     
   1270.7849121093750       0.97881311178207397        3.9493344724178314E-002  0.97206630820534734     
   1270.8148193359375        1.0012284517288208        3.9994891732931137E-002  0.97035044748116983     
   1270.8447265625000       0.95425122976303101        3.8996148854494095E-002  0.96846630666013434     
   1270.8746337890625        1.0262658596038818        4.0405940264463425E-002  0.96638956034971624     
   1270.9045410156250       0.91578382253646851        3.8337063044309616E-002  0.96409226854271957     
   1270.9344482421875       0.96732503175735474        3.9438374340534210E-002  0.96154075709353481     
   1270.9643554687500        1.0095177888870239        4.0113136172294617E-002  0.95869561918444968     
   1270.9942626953125       0.90708649158477783        3.8050938397645950E-002  0.95551153347381323     
   1271.0241699218750       0.95826256275177002        3.9148241281509399E-002  0.95193522198336533     
   1271.0540771484375       0.90820002555847168        3.8105390965938568E-002  0.94789426303088486     
   1271.0839843750000       0.93931382894515991        3.8683567196130753E-002  0.94327591988562565     
   1271.1138916015625       0.91545182466506958        3.8163378834724426E-002  0.93793382377178147     
   1271.1437988281250       0.95244973897933960        3.9012525230646133E-002  0.93170518174910155     
   1271.1737060546875       0.95002019405364990        3.8872696459293365E-002  0.92435114854336720     
   1271.2036132812500       0.89839214086532593        3.7896186113357544E-002  0.91548631424827143     
   1271.2336425781250       0.91426038742065430        3.8261961191892624E-002  0.90465191013836799     
   1271.2635498046875       0.87296038866043091        3.7275187671184540E-002  0.89131768308639459     
   1271.2934570312500       0.87798213958740234        3.7356626242399216E-002  0.87472810902576892     
   1271.3233642578125       0.82030272483825684        3.6206420511007309E-002  0.85393465489322196     
   1271.3532714843750       0.79199957847595215        3.5487599670886993E-002  0.82705899733422816     
   1271.3831787109375       0.76877510547637939        3.4973595291376114E-002  0.78849821854355817     
   1271.4130859375000       0.57633918523788452        3.0420960858464241E-002  0.72485345618072961     
   1271.4429931640625       0.51333248615264893        2.8774000704288483E-002  0.61481953409075984     
   1271.4729003906250       0.37510305643081665        2.4976646527647972E-002  0.44929833363990007     
   1271.5028076171875       0.20869009196758270        1.9423475489020348E-002  0.27166450822577454     
   1271.5327148437500       0.12786814570426941        1.5472578816115856E-002  0.14816016380568256     
   1271.5626220703125        7.6347969472408295E-002   1.1428769677877426E-002   8.7112385078741264E-002
   1271.5925292968750        5.4320853203535080E-002   9.9200746044516563E-003   5.8806809329171927E-002
   1271.6224365234375        2.6494259014725685E-002   8.4531195461750031E-003   4.3124920804613186E-002
   1271.6523437500000        2.7156123891472816E-002   7.4077844619750977E-003   3.2765912305908175E-002
   1271.6822509765625        1.3349588960409164E-002   6.1904750764369965E-003   2.5346230814654831E-002
   1271.7121582031250        1.1788417585194111E-002   5.5124214850366116E-003   2.0202058141251516E-002
   1271.7420654296875        2.4802859406918287E-003   3.8594792131334543E-003   1.6780148924436088E-002
   1271.7719726562500        8.5677197203040123E-003   4.6374956145882607E-003   1.4497193405702045E-002
   1271.8018798828125        6.8809753283858299E-003   4.2087575420737267E-003   1.2904261279350777E-002
   1271.8317871093750        5.4953005164861679E-003   4.8994752578437328E-003   1.1827229038468272E-002
   1271.8616943359375        2.9818955808877945E-003   3.8218388799577951E-003   1.1315942830500860E-002
   1271.8916015625000        7.7132862061262131E-003   4.5987195335328579E-003   1.1564968940803990E-002
   1271.9215087890625        7.3748067952692509E-003   4.6173180453479290E-003   1.2819298367211442E-002
   1271.9514160156250        6.9868699647486210E-003   4.2790239676833153E-003   1.5295862504351323E-002
   1271.9813232421875        1.3515269383788109E-002   5.6450506672263145E-003   1.9355921034054591E-002
   1272.0112304687500        6.7090252414345741E-003   4.2387819848954678E-003   2.5539180406852224E-002
   1272.0411376953125        7.4197300709784031E-003   4.9599623307585716E-003   3.4379078704632672E-002
   1272.0710449218750        1.2180040590465069E-002   5.5241091176867485E-003   4.7340649970545101E-002
   1272.1009521484375        2.3490376770496368E-002   6.9532566703855991E-003   7.0236490862742085E-002
   1272.1308593750000        3.0422380194067955E-002   7.5644501484930515E-003  0.11901495060614152     
   1272.1607666015625        2.8214862570166588E-002   7.8013613820075989E-003  0.22274430896490907     
   1272.1906738281250        6.3621357083320618E-002   1.0775108821690083E-002  0.39017257745935741     
   1272.2205810546875        9.8241321742534637E-002   1.3346097432076931E-002  0.56601276784680066     
   1272.2504882812500       0.14797404408454895        1.6271194443106651E-002  0.69230881375309838     
   1272.2803955078125       0.18868218362331390        1.7856309190392494E-002  0.76651088124624811     
   1272.3103027343750       0.30947536230087280        2.2347291931509972E-002  0.81074739036792431     
   1272.3402099609375       0.36108192801475525        2.4176737293601036E-002  0.84063218116967287     
   1272.3701171875000       0.41141423583030701        2.5632530450820923E-002  0.86328117650906477     
   1272.4000244140625       0.45395234227180481        2.6900304481387138E-002  0.88130949950077742     
   1272.4299316406250       0.47427585721015930        2.7614526450634003E-002  0.89575952183201668     
   1272.4598388671875       0.47243916988372803        2.7517419308423996E-002  0.90742449270969694     
   1272.4897460937500       0.45190736651420593        2.7049619704484940E-002  0.91707283331043410     
   1272.5196533203125       0.48045092821121216        2.7821993455290794E-002  0.92533015322941248     
   1272.5496826171875       0.47917822003364563        2.7809279039502144E-002  0.93254074113780805     
   1272.5795898437500       0.58873283863067627        3.0684435740113258E-002  0.93882347466448868     
   1272.6094970703125       0.59697544574737549        3.1271874904632568E-002  0.94424372674623269     
   1272.6394042968750       0.69006979465484619        3.3317606896162033E-002  0.94891978791511156     
   1272.6693115234375       0.74646514654159546        3.4486550837755203E-002  0.95298423334219839     
   1272.6992187500000       0.89892619848251343        3.7856604903936386E-002  0.95654785358864114     
   1272.7291259765625       0.92982071638107300        3.8433976471424103E-002  0.95969483406523637     
   1272.7590332031250       0.88181453943252563        3.7731066346168518E-002  0.96248827348404442     
   1272.7889404296875       0.91072219610214233        3.8072653114795685E-002  0.96497797694447962     
   1272.8188476562500       0.93210595846176147        3.8493294268846512E-002  0.96720773427083906     
   1272.8487548828125       0.93756771087646484        3.8716103881597519E-002  0.96921707263105217     
   1272.8786621093750       0.90737557411193848        3.7989083677530289E-002  0.97103762762135870     
   1272.9085693359375       0.95256239175796509        3.9134185761213303E-002  0.97269495093416058     
   1272.9384765625000       0.92138391733169556        3.8248617202043533E-002  0.97421219003739534     
   1272.9683837890625       0.95014536380767822        3.8891192525625229E-002  0.97560795220417729     
   1272.9982910156250       0.98385322093963623        3.9530009031295776E-002  0.97689528715559126     
   1273.0281982421875       0.97899395227432251        3.9550241082906723E-002  0.97808377283916526     
   1273.0581054687500        1.0191205739974976        4.0341988205909729E-002  0.97918288507740991     
   1273.0880126953125       0.98617464303970337        3.9689995348453522E-002  0.98020375882276622     
   1273.1179199218750        1.0270967483520508        4.0454573929309845E-002  0.98115652331970926     
   1273.1478271484375       0.95022940635681152        3.9036653935909271E-002  0.98204494168051903     
   1273.1777343750000       0.97729396820068359        3.9604820311069489E-002  0.98287354095860779     
   1273.2076416015625       0.99674713611602783        3.9797995239496231E-002  0.98364756214816895     
   1273.2375488281250       0.97470343112945557        3.9511051028966904E-002  0.98437104475615633     
   1273.2674560546875       0.99664884805679321        3.9978537708520889E-002  0.98504735325869885     
   1273.2973632812500       0.93845051527023315        3.8660839200019836E-002  0.98568043399177696     
   1273.3272705078125       0.87338787317276001        3.7519194185733795E-002  0.98627463429219608     
   1273.3571777343750       0.98833644390106201        3.9603963494300842E-002  0.98683410052481213     
   1273.3870849609375       0.96991860866546631        3.9305169135332108E-002  0.98736209699079536     
   1273.4169921875000        1.0047873258590698        3.9994139224290848E-002  0.98786071701728551     
   1273.4468994140625        1.0475538969039917        4.0849253535270691E-002  0.98833157646706737     
   1273.4768066406250        1.0856863260269165        4.1498024016618729E-002  0.98877620662857924     
   1273.5067138671875        1.0265223979949951        4.0456432849168777E-002  0.98919621279209746     
   1273.5366210937500       0.98975414037704468        3.9663758128881454E-002  0.98959359998647445     
   1273.5665283203125       0.97958844900131226        3.9450854063034058E-002  0.98997039862557290     
   1273.5964355468750        1.0833764076232910        4.1530642658472061E-002  0.99032825013596815     
   1273.6263427734375       0.94340127706527710        3.8928080350160599E-002  0.99066833723892456     
   1273.6562500000000       0.94817167520523071        3.8899753242731094E-002  0.99099168360640977     
   1273.6861572265625       0.97649192810058594        3.9457347244024277E-002  0.99129941542455891     
   1273.7160644531250        1.0478867292404175        4.0955372154712677E-002  0.99159253702435735     
   1273.7459716796875       0.99937540292739868        3.9878394454717636E-002  0.99187188407331484     
   1273.7758789062500       0.92849224805831909        3.8420852273702621E-002  0.99213757639337130     
   1273.8057861328125        1.0006281137466431        3.9942130446434021E-002  0.99238648800133822     
   1273.8356933593750       0.90525907278060913        3.8369823247194290E-002  0.99261913353814624     
   1273.8657226562500       0.95647042989730835        3.9001081138849258E-002  0.99283956424482589     
   1273.8956298828125       0.87908774614334106        3.7382170557975769E-002  0.99304969943807209     
   1273.9255371093750       0.96757018566131592        3.9308030158281326E-002   1.0000000000000000     
   1273.9554443359375       0.95331662893295288        3.8707457482814789E-002   1.0000000000000000     
   1273.9853515625000       0.97623950242996216        3.9455186575651169E-002   1.0000000000000000     
   1274.0152587890625       0.97874641418457031        3.9441745728254318E-002   1.0000000000000000     
   1274.0451660156250       0.99984884262084961        3.9962805807590485E-002   1.0000000000000000     
   1274.0750732421875       0.98809140920639038        3.9787057787179947E-002   1.0000000000000000     
   1274.1049804687500        1.0909674167633057        5.2824281156063080E-002   1.0000000000000000     
   1274.1348876953125        1.0912398099899292        4.8213746398687363E-002   1.0000000000000000     
   1274.1647949218750       0.99444329738616943        4.5924197882413864E-002   1.0000000000000000     
   1274.1947021484375        1.0411490201950073        4.6971134841442108E-002   1.0000000000000000     
   1274.2246093750000        1.0054117441177368        4.6599373221397400E-002   1.0000000000000000     
   1274.2545166015625        1.0128095149993896        4.6331066638231277E-002   1.0000000000000000     
   1274.2844238281250        1.0263117551803589        4.6634394675493240E-002   1.0000000000000000     
   1274.3143310546875        1.0632537603378296        4.7465097159147263E-002   1.0000000000000000     
   1274.3442382812500        1.0485833883285522        4.7077458351850510E-002   1.0000000000000000     
   1274.3741455078125        1.0523010492324829        4.7176212072372437E-002   1.0000000000000000     
   1274.4040527343750        1.0262513160705566        4.6561226248741150E-002   1.0000000000000000     
   1274.4339599609375       0.98751306533813477        4.5912880450487137E-002   1.0000000000000000     
   1274.4638671875000        1.0047183036804199        4.6194877475500107E-002   1.0000000000000000     
   1274.4937744140625       0.98976927995681763        4.5795544981956482E-002   1.0000000000000000     
   1274.5236816406250       0.98268324136734009        4.5674521476030350E-002   1.0000000000000000     
   1274.5535888671875       0.97430765628814697        4.5426953583955765E-002   1.0000000000000000     
   1274.5834960937500       0.89500033855438232        4.3548729270696640E-002   1.0000000000000000     
   1274.6134033203125       0.91641598939895630        4.4084336608648300E-002   1.0000000000000000     
   1274.6433105468750       0.97840988636016846        4.5497842133045197E-002   1.0000000000000000     
   1274.6732177734375       0.99935472011566162        4.5993141829967499E-002   1.0000000000000000     
   1274.7031250000000       0.95191311836242676        4.4892068952322006E-002   1.0000000000000000     
   1274.7330322265625       0.94275903701782227        4.5020788908004761E-002   1.0000000000000000     
   1274.7629394531250       0.96596968173980713        4.5302484184503555E-002   1.0000000000000000     
   1274.7928466796875        1.0906617641448975        4.8493891954421997E-002   1.0000000000000000     
   1274.8227539062500       0.95083165168762207        4.4927332550287247E-002   1.0000000000000000     
   1274.8526611328125       0.98080176115036011        4.5728888362646103E-002   1.0000000000000000     
   1274.8825683593750       0.94902384281158447        4.4931348413228989E-002   1.0000000000000000     
   1274.9124755859375        1.0125414133071899        4.6426985412836075E-002   1.0000000000000000     
   1274.9423828125000        1.0637019872665405        4.7475937753915787E-002   1.0000000000000000     
   1274.9722900390625       0.98369103670120239        4.5653123408555984E-002   1.0000000000000000     
   1275.0021972656250        1.0209134817123413        4.6499770134687424E-002   1.0000000000000000     
   1275.0321044921875        1.0237420797348022        4.6513795852661133E-002   1.0000000000000000     
   1275.0620117187500        1.0007696151733398        4.6072214841842651E-002   1.0000000000000000     
   1275.0919189453125       0.90800505876541138        4.3939545750617981E-002   1.0000000000000000     
   1275.1218261718750       0.97479784488677979        4.5420832931995392E-002   1.0000000000000000     
   1275.1517333984375       0.99939072132110596        4.6239029616117477E-002   1.0000000000000000     
   1275.1817626953125        1.0240460634231567        4.6527080237865448E-002   1.0000000000000000     
   1275.2116699218750       0.88139885663986206        4.3196626007556915E-002   1.0000000000000000     
   1275.2415771484375        1.0275921821594238        4.6857368201017380E-002   1.0000000000000000     
   1275.2714843750000        1.0022912025451660        4.6079795807600021E-002   1.0000000000000000     
   1275.3013916015625       0.98077672719955444        4.5565098524093628E-002   1.0000000000000000     
   1275.3312988281250        1.0129578113555908        4.6258844435214996E-002   1.0000000000000000     
   1275.3612060546875       0.97804945707321167        4.5469470322132111E-002   1.0000000000000000     
   1275.3911132812500        1.0177935361862183        4.6578422188758850E-002   1.0000000000000000     
!  ---- tick mark positions for above ----
!      1271.83841     1     1
