      1.00000       0.0000000
      2.00000   6.3361590e-06
      3.00000   6.4373876e-06
      4.00000   6.5263062e-06
      5.00000   6.6413490e-06
      6.00000   6.7844771e-06
      7.00000   6.9548146e-06
      8.00000   7.1425634e-06
      9.00000   7.3389738e-06
      10.0000   7.5418488e-06
      11.0000   7.7611921e-06
      12.0000   8.0065047e-06
      13.0000   8.2643701e-06
      14.0000   8.5126221e-06
      15.0000   8.7429535e-06
      16.0000   8.9491032e-06
      17.0000   9.1132788e-06
      18.0000   9.2224509e-06
      19.0000   9.2815653e-06
      20.0000   9.2989867e-06
      21.0000   9.2736755e-06
      22.0000   9.2034979e-06
      23.0000   9.1035663e-06
      24.0000   9.0015719e-06
      25.0000   8.9111245e-06
      26.0000   8.8332044e-06
      27.0000   8.7779581e-06
      28.0000   8.7741319e-06
      29.0000   8.8552988e-06
      30.0000   9.0306276e-06
      31.0000   9.2838945e-06
      32.0000   9.6078447e-06
      33.0000   1.0024306e-05
      34.0000   1.0554891e-05
      35.0000   1.1184965e-05
      36.0000   1.1861472e-05
      37.0000   1.2514291e-05
      38.0000   1.3093737e-05
      39.0000   1.3593285e-05
      40.0000   1.4027983e-05
      41.0000   1.4400723e-05
      42.0000   1.4699604e-05
      43.0000   1.4925379e-05
      44.0000   1.5090041e-05
      45.0000   1.5189809e-05
      46.0000   1.5211177e-05
      47.0000   1.5154079e-05
      48.0000   1.5039156e-05
      49.0000   1.4901069e-05
      50.0000   1.4786510e-05
      51.0000   1.4752813e-05
      52.0000   1.4846887e-05
      53.0000   1.5082034e-05
      54.0000   1.5444675e-05
      55.0000   1.5911231e-05
      56.0000   1.6452572e-05
      57.0000   1.7034252e-05
      58.0000   1.7617047e-05
      59.0000   1.8186192e-05
      60.0000   1.8794795e-05
      61.0000   1.9551226e-05
      62.0000   2.0536356e-05
      63.0000   2.1702639e-05
      64.0000   2.2899949e-05
      65.0000   2.4002587e-05
      66.0000   2.4942408e-05
      67.0000   2.5688409e-05
      68.0000   2.6244765e-05
      69.0000   2.6649752e-05
      70.0000   2.6948137e-05
      71.0000   2.7160813e-05
      72.0000   2.7297921e-05
      73.0000   2.7374581e-05
      74.0000   2.7427654e-05
      75.0000   2.7527554e-05
      76.0000   2.7749633e-05
      77.0000   2.8115495e-05
      78.0000   2.8607124e-05
      79.0000   2.9252677e-05
      80.0000   3.0101341e-05
      81.0000   3.1105952e-05
      82.0000   3.2109983e-05
      83.0000   3.3019816e-05
      84.0000   3.3949807e-05
      85.0000   3.5141518e-05
      86.0000   3.6797981e-05
      87.0000   3.8976312e-05
      88.0000   4.1639461e-05
      89.0000   4.4742734e-05
      90.0000   4.8208989e-05
      91.0000   5.1911473e-05
      92.0000   5.5748489e-05
      93.0000   5.9711278e-05
      94.0000   6.3837768e-05
      95.0000   6.8164940e-05
      96.0000   7.2657203e-05
      97.0000   7.7154131e-05
      98.0000   8.1628888e-05
      99.0000   8.6356078e-05
      100.000   9.1630514e-05
      101.000   9.7429962e-05
      102.000   0.00010353087
      103.000   0.00010990153
      104.000   0.00011681785
      105.000   0.00012482094
      106.000   0.00013457720
      107.000   0.00014661596
      108.000   0.00016111121
      109.000   0.00017796105
      110.000   0.00019722011
      111.000   0.00021918396
      112.000   0.00024400646
      113.000   0.00027159147
      114.000   0.00030148891
      115.000   0.00033241379
      116.000   0.00036218078
      117.000   0.00038871806
      118.000   0.00041096561
      119.000   0.00042954728
      120.000   0.00044690873
      121.000   0.00046570497
      122.000   0.00048655763
      123.000   0.00050846540
      124.000   0.00053195091
      125.000   0.00056063174
      126.000   0.00059945759
      127.000   0.00065157481
      128.000   0.00071665947
      129.000   0.00079382351
      130.000   0.00088460004
      131.000   0.00099006994
      132.000    0.0011068664
      133.000    0.0012292330
      134.000    0.0013558371
      135.000    0.0014927528
      136.000    0.0016445783
      137.000    0.0018021559
      138.000    0.0019469612
      139.000    0.0020691070
      140.000    0.0021753274
      141.000    0.0022851038
      142.000    0.0024269277
      143.000    0.0026325767
      144.000    0.0029138830
      145.000    0.0032483006
      146.000    0.0036207654
      147.000    0.0040810113
      148.000    0.0047200308
      149.000    0.0055781705
      150.000    0.0066212933
      151.000    0.0078549525
      152.000    0.0094697578
      153.000     0.011868337
      154.000     0.015595253
      155.000     0.021237833
      156.000     0.029273754
      157.000     0.040119942
      158.000     0.054335903
      159.000     0.071709886
      160.000     0.089160331
      161.000      0.10033628
      162.000     0.099499695
      163.000     0.086930715
      164.000     0.068540372
      165.000     0.050552420
      166.000     0.036223684
      167.000     0.025995456
      168.000     0.018985864
      169.000     0.014186534
      170.000     0.010873061
      171.000    0.0085544279
      172.000    0.0069022630
      173.000    0.0057094861
      174.000    0.0048402254
      175.000    0.0041984022
      176.000    0.0037127505
      177.000    0.0033297564
      178.000    0.0030168900
      179.000    0.0027572440
      180.000    0.0025370638
      181.000    0.0023428339
      182.000    0.0021616304
      183.000    0.0019791191
      184.000    0.0017843429
      185.000    0.0015773360
      186.000    0.0013725602
      187.000    0.0011931881
      188.000    0.0010520859
      189.000   0.00094218977
      190.000   0.00084789080
      191.000   0.00075868965
      192.000   0.00067174254
      193.000   0.00058920321
      194.000   0.00051554909
      195.000   0.00045418931
      196.000   0.00040523600
      197.000   0.00036603297
      198.000   0.00033341700
      199.000   0.00030523390
      200.000   0.00028013173
      201.000   0.00025700283
      202.000   0.00023516432
      203.000   0.00021457163
      204.000   0.00019522115
      205.000   0.00017687491
      206.000   0.00015960861
      207.000   0.00014391646
      208.000   0.00013020675
      209.000   0.00011853479
      210.000   0.00010871442
      211.000   0.00010055692
      212.000   9.3928211e-05
      213.000   8.8658177e-05
      214.000   8.4569430e-05
      215.000   8.1499675e-05
      216.000   7.9171827e-05
      217.000   7.7131663e-05
      218.000   7.4898919e-05
      219.000   7.2320086e-05
      220.000   6.9602007e-05
      221.000   6.6970591e-05
      222.000   6.4512977e-05
      223.000   6.2220985e-05
      224.000   6.0001759e-05
      225.000   5.7709778e-05
      226.000   5.5262084e-05
      227.000   5.2672647e-05
      228.000   5.0060469e-05
      229.000   4.7605870e-05
      230.000   4.5399560e-05
      231.000   4.3332206e-05
      232.000   4.1183281e-05
      233.000   3.8901449e-05
      234.000   3.6656624e-05
      235.000   3.4601788e-05
      236.000   3.2764419e-05
      237.000   3.1123585e-05
      238.000   2.9645085e-05
      239.000   2.8284237e-05
      240.000   2.7041035e-05
      241.000   2.5985271e-05
      242.000   2.5194744e-05
      243.000   2.4695923e-05
      244.000   2.4445688e-05
      245.000   2.4374114e-05
      246.000   2.4431993e-05
      247.000   2.4571698e-05
      248.000   2.4734569e-05
      249.000   2.4849785e-05
      250.000   2.4850138e-05
      251.000   2.4713678e-05
      252.000   2.4452762e-05
      253.000   2.4058074e-05
      254.000   2.3493785e-05
      255.000   2.2754588e-05
      256.000   2.1905074e-05
      257.000   2.1031761e-05
      258.000   2.0154466e-05
      259.000   1.9243391e-05
      260.000   1.8302919e-05
      261.000   1.7387310e-05
      262.000   1.6560314e-05
      263.000   1.5848820e-05
      264.000   1.5253863e-05
      265.000   1.4787732e-05
      266.000   1.4456132e-05
      267.000   1.4233694e-05
      268.000   1.4081029e-05
      269.000   1.3982167e-05
      270.000   1.3944749e-05
      271.000   1.3965464e-05
      272.000   1.4027436e-05
      273.000   1.4103102e-05
      274.000   1.4169494e-05
      275.000   1.4225585e-05
      276.000   1.4265401e-05
      277.000   1.4257937e-05
      278.000   1.4165046e-05
      279.000   1.3963901e-05
      280.000   1.3646027e-05
      281.000   1.3222181e-05
      282.000   1.2722009e-05
      283.000   1.2167641e-05
      284.000   1.1572469e-05
      285.000   1.0960460e-05
      286.000   1.0366020e-05
      287.000   9.8162891e-06
      288.000   9.3217586e-06
      289.000   8.8834122e-06
      290.000   8.5050006e-06
      291.000   8.2025035e-06
      292.000   7.9998226e-06
      293.000   7.9155088e-06
      294.000   7.9467254e-06
      295.000   8.0565715e-06
      296.000   8.1928611e-06
      297.000   8.3222785e-06
      298.000   8.4398625e-06
      299.000   8.5614920e-06
      300.000   8.6941363e-06
      301.000   8.8186853e-06
      302.000   8.9069881e-06
      303.000   8.9307359e-06
      304.000   8.8651414e-06
      305.000   8.7065418e-06
      306.000   8.4880348e-06
      307.000   8.2587294e-06
      308.000   8.0408818e-06
      309.000   7.8175599e-06
      310.000   7.5613843e-06
      311.000   7.2683411e-06
      312.000   6.9642115e-06
      313.000   6.6848179e-06
      314.000   6.4544147e-06
      315.000   6.2777513e-06
      316.000   6.1480023e-06
      317.000   6.0573238e-06
      318.000   6.0004859e-06
      319.000   5.9798103e-06
      320.000   5.9925605e-06
      321.000   6.0549592e-06
