      1.00000       0.0000000
      2.00000   6.3288035e-06
      3.00000   6.4747942e-06
      4.00000   6.5722807e-06
      5.00000   6.6611874e-06
      6.00000   6.7365377e-06
      7.00000   6.8135141e-06
      8.00000   6.9037092e-06
      9.00000   7.0113197e-06
      10.0000   7.1341951e-06
      11.0000   7.2654502e-06
      12.0000   7.3898350e-06
      13.0000   7.4863465e-06
      14.0000   7.5488101e-06
      15.0000   7.5969206e-06
      16.0000   7.6578017e-06
      17.0000   7.7485529e-06
      18.0000   7.8667481e-06
      19.0000   8.0005857e-06
      20.0000   8.1501275e-06
      21.0000   8.3249852e-06
      22.0000   8.5356833e-06
      23.0000   8.7840444e-06
      24.0000   9.0433086e-06
      25.0000   9.2715736e-06
      26.0000   9.4464231e-06
      27.0000   9.5791502e-06
      28.0000   9.6946260e-06
      29.0000   9.7991106e-06
      30.0000   9.8838418e-06
      31.0000   9.9488889e-06
      32.0000   1.0006486e-05
      33.0000   1.0064794e-05
      34.0000   1.0122800e-05
      35.0000   1.0182432e-05
      36.0000   1.0256156e-05
      37.0000   1.0368331e-05
      38.0000   1.0550475e-05
      39.0000   1.0823614e-05
      40.0000   1.1186130e-05
      41.0000   1.1609554e-05
      42.0000   1.2047842e-05
      43.0000   1.2465348e-05
      44.0000   1.2847904e-05
      45.0000   1.3203166e-05
      46.0000   1.3565395e-05
      47.0000   1.3969315e-05
      48.0000   1.4410024e-05
      49.0000   1.4836227e-05
      50.0000   1.5189736e-05
      51.0000   1.5447149e-05
      52.0000   1.5617097e-05
      53.0000   1.5721447e-05
      54.0000   1.5793970e-05
      55.0000   1.5895830e-05
      56.0000   1.6097545e-05
      57.0000   1.6429769e-05
      58.0000   1.6880003e-05
      59.0000   1.7427035e-05
      60.0000   1.8036166e-05
      61.0000   1.8629971e-05
      62.0000   1.9125544e-05
      63.0000   1.9513955e-05
      64.0000   1.9888319e-05
      65.0000   2.0382649e-05
      66.0000   2.1078820e-05
      67.0000   2.1971648e-05
      68.0000   2.2988454e-05
      69.0000   2.4017052e-05
      70.0000   2.4939538e-05
      71.0000   2.5690921e-05
      72.0000   2.6269783e-05
      73.0000   2.6716876e-05
      74.0000   2.7111286e-05
      75.0000   2.7517235e-05
      76.0000   2.7947593e-05
      77.0000   2.8369541e-05
      78.0000   2.8739551e-05
      79.0000   2.9034345e-05
      80.0000   2.9258246e-05
      81.0000   2.9512101e-05
      82.0000   2.9982550e-05
      83.0000   3.0786050e-05
      84.0000   3.1894007e-05
      85.0000   3.3236454e-05
      86.0000   3.4776127e-05
      87.0000   3.6410369e-05
      88.0000   3.7964226e-05
      89.0000   3.9392060e-05
      90.0000   4.0893006e-05
      91.0000   4.2804139e-05
      92.0000   4.5388926e-05
      93.0000   4.8685561e-05
      94.0000   5.2542582e-05
      95.0000   5.6751865e-05
      96.0000   6.1179635e-05
      97.0000   6.5863926e-05
      98.0000   7.0898779e-05
      99.0000   7.6256532e-05
      100.000   8.1759135e-05
      101.000   8.7237924e-05
      102.000   9.2803166e-05
      103.000   9.8857083e-05
      104.000   0.00010578852
      105.000   0.00011361186
      106.000   0.00012193481
      107.000   0.00013039548
      108.000   0.00013925516
      109.000   0.00014971058
      110.000   0.00016326206
      111.000   0.00018046751
      112.000   0.00020059929
      113.000   0.00022262764
      114.000   0.00024645179
      115.000   0.00027287233
      116.000   0.00030256374
      117.000   0.00033533550
      118.000   0.00037005235
      119.000   0.00040503812
      120.000   0.00043867234
      121.000   0.00046999331
      122.000   0.00049881579
      123.000   0.00052554155
      124.000   0.00055135461
      125.000   0.00057785277
      126.000   0.00060643011
      127.000   0.00063865184
      128.000   0.00067715219
      129.000   0.00072568993
      130.000   0.00078700006
      131.000   0.00086109707
      132.000   0.00094879285
      133.000    0.0010548905
      134.000    0.0011842500
      135.000    0.0013356920
      136.000    0.0015014147
      137.000    0.0016750493
      138.000    0.0018590533
      139.000    0.0020566888
      140.000    0.0022574624
      141.000    0.0024433411
      142.000    0.0026124343
      143.000    0.0027856925
      144.000    0.0029924545
      145.000    0.0032586574
      146.000    0.0035965126
      147.000    0.0040140995
      148.000    0.0045526302
      149.000    0.0052976790
      150.000    0.0063390089
      151.000    0.0077335373
      152.000    0.0095655974
      153.000     0.012055316
      154.000     0.015576807
      155.000     0.020677520
      156.000     0.028289340
      157.000     0.039735913
      158.000     0.055751786
      159.000     0.074860796
      160.000     0.092629388
      161.000      0.10286830
      162.000      0.10098491
      163.000     0.087639853
      164.000     0.068498164
      165.000     0.049848482
      166.000     0.035045449
      167.000     0.024496829
      168.000     0.017375067
      169.000     0.012719152
      170.000    0.0097117322
      171.000    0.0077349027
      172.000    0.0063888822
      173.000    0.0054395534
      174.000    0.0047583277
      175.000    0.0042782100
      176.000    0.0039418191
      177.000    0.0036712566
      178.000    0.0033923872
      179.000    0.0030776490
      180.000    0.0027494805
      181.000    0.0024406696
      182.000    0.0021578034
      183.000    0.0018903277
      184.000    0.0016410578
      185.000    0.0014258368
      186.000    0.0012493406
      187.000    0.0011041310
      188.000   0.00098535884
      189.000   0.00089020404
      190.000   0.00081058813
      191.000   0.00073626736
      192.000   0.00066149991
      193.000   0.00058646715
      194.000   0.00051506987
      195.000   0.00045196654
      196.000   0.00039949105
      197.000   0.00035680897
      198.000   0.00032154928
      199.000   0.00029174835
      200.000   0.00026651955
      201.000   0.00024507317
      202.000   0.00022580443
      203.000   0.00020689300
      204.000   0.00018756722
      205.000   0.00016832341
      206.000   0.00015032581
      207.000   0.00013469098
      208.000   0.00012188185
      209.000   0.00011171697
      210.000   0.00010377538
      211.000   9.7700511e-05
      212.000   9.3174764e-05
      213.000   8.9800400e-05
      214.000   8.7113549e-05
      215.000   8.4662905e-05
      216.000   8.2127503e-05
      217.000   7.9342753e-05
      218.000   7.6318807e-05
      219.000   7.3184572e-05
      220.000   6.9988200e-05
      221.000   6.6735651e-05
      222.000   6.3478852e-05
      223.000   6.0259659e-05
      224.000   5.7119149e-05
      225.000   5.4153796e-05
      226.000   5.1452029e-05
      227.000   4.8976239e-05
      228.000   4.6571677e-05
      229.000   4.4027929e-05
      230.000   4.1254720e-05
      231.000   3.8438517e-05
      232.000   3.5918041e-05
      233.000   3.3908913e-05
      234.000   3.2390399e-05
      235.000   3.1208256e-05
      236.000   3.0176248e-05
      237.000   2.9162033e-05
      238.000   2.8181033e-05
      239.000   2.7357462e-05
      240.000   2.6791842e-05
      241.000   2.6491583e-05
      242.000   2.6375925e-05
      243.000   2.6347901e-05
      244.000   2.6352865e-05
      245.000   2.6347570e-05
      246.000   2.6255078e-05
      247.000   2.5987167e-05
      248.000   2.5504743e-05
      249.000   2.4815910e-05
      250.000   2.3968654e-05
      251.000   2.3061302e-05
      252.000   2.2172833e-05
      253.000   2.1294198e-05
      254.000   2.0364976e-05
      255.000   1.9366669e-05
      256.000   1.8362516e-05
      257.000   1.7460792e-05
      258.000   1.6744798e-05
      259.000   1.6229915e-05
      260.000   1.5869891e-05
      261.000   1.5603511e-05
      262.000   1.5412412e-05
      263.000   1.5303080e-05
      264.000   1.5253248e-05
      265.000   1.5220381e-05
      266.000   1.5173150e-05
      267.000   1.5105784e-05
      268.000   1.5022910e-05
      269.000   1.4927228e-05
      270.000   1.4829927e-05
      271.000   1.4733992e-05
      272.000   1.4613512e-05
      273.000   1.4416980e-05
      274.000   1.4098323e-05
      275.000   1.3653402e-05
      276.000   1.3115819e-05
      277.000   1.2526808e-05
      278.000   1.1919425e-05
      279.000   1.1318704e-05
      280.000   1.0745846e-05
      281.000   1.0213891e-05
      282.000   9.7292959e-06
      283.000   9.3106410e-06
      284.000   8.9884288e-06
      285.000   8.7840390e-06
      286.000   8.6982282e-06
      287.000   8.7111912e-06
      288.000   8.7885483e-06
      289.000   8.8919587e-06
      290.000   8.9981895e-06
      291.000   9.1040465e-06
      292.000   9.2054133e-06
      293.000   9.2873233e-06
      294.000   9.3316085e-06
      295.000   9.3280787e-06
      296.000   9.2724267e-06
      297.000   9.1578777e-06
      298.000   8.9858577e-06
      299.000   8.7700209e-06
      300.000   8.5214979e-06
      301.000   8.2473580e-06
      302.000   7.9559741e-06
      303.000   7.6578572e-06
      304.000   7.3679257e-06
      305.000   7.1036511e-06
      306.000   6.8805548e-06
      307.000   6.7078354e-06
      308.000   6.5877384e-06
      309.000   6.5172640e-06
      310.000   6.4878118e-06
      311.000   6.4862261e-06
      312.000   6.4947517e-06
      313.000   6.4992264e-06
      314.000   6.4994656e-06
      315.000   6.4993410e-06
      316.000   6.4921578e-06
      317.000   6.4572823e-06
      318.000   6.3765510e-06
      319.000   6.2444133e-06
      320.000   6.0882217e-06
      321.000   5.8994924e-06
