# %ECSV 1.0
# ---
# datatype:
# - {name: H, datatype: float64}
# - {name: H+, datatype: float64}
# - {name: C+, datatype: float64}
# - {name: C+2, datatype: float64}
# - {name: C+3, datatype: float64}
# - {name: N+2, datatype: float64}
# - {name: N+4, datatype: float64}
# - {name: O, datatype: float64}
# - {name: O+2, datatype: float64}
# - {name: O+5, datatype: float64}
# - {name: O+6, datatype: float64}
# - {name: Si+, datatype: float64}
# - {name: Si+2, datatype: float64}
# - {name: Si+3, datatype: float64}
# - {name: Si+4, datatype: float64}
# - {name: log_nH, datatype: float64}
# - {name: log_Te, datatype: float64}
# - {name: parameters, datatype: string, subtype: 'float64[1]'}
# schema: astropy-2.0
H H+ C+ C+2 C+3 N+2 N+4 O O+2 O+5 O+6 Si+ Si+2 Si+3 Si+4 log_nH log_Te parameters
3.01994e+16 1.14289e+21 3039800000000.0 501799000000000.0 1676490000000000.0 75359600000000.0 1249830000000000.0 15319100.0 268466000000000.0 1.32576e+16 1.78851e+16 2124790000.0 106061000000.0 518386000000.0 48208100000000.0 -5.0 4.546 [-5.0]
3.01993e+16 1.08202e+21 3283630000000.0 527481000000000.0 1695820000000000.0 79850800000000.0 1226150000000000.0 17087200.0 285053000000000.0 1.25074e+16 1.60969e+16 2510310000.0 122643000000.0 579998000000.0 51115800000000.0 -4.98 4.542 [-4.98]
3.01994e+16 1.0245e+21 3542420000000.0 553707000000000.0 1713110000000000.0 84492900000000.0 1200800000000000.0 19051600.0 302224000000000.0 1.17745e+16 1.44605e+16 2959850000.0 141585000000.0 647937000000.0 54119100000000.0 -4.96 4.537 [-4.96]
3.01993e+16 9.70199e+20 3817150000000.0 580456000000000.0 1728340000000000.0 89283400000000.0 1173900000000000.0 21237600.0 319970000000000.0 1.10612e+16 1.29673e+16 3483100000.0 163186000000.0 722684000000.0 57213200000000.0 -4.94 4.532 [-4.94]
3.01993e+16 9.18908e+20 4108480000000.0 607674000000000.0 1741350000000000.0 94219600000000.0 1145520000000000.0 23671800.0 338285000000000.0 1.03691e+16 1.16075e+16 4090860000.0 187772000000.0 804739000000.0 60392200000000.0 -4.92 4.528 [-4.92]
3.01993e+16 8.70425e+20 4416510000000.0 635320000000000.0 1752240000000000.0 99283100000000.0 1115820000000000.0 26371400.0 357105000000000.0 9699940000000000.0 1.03715e+16 4795250000.0 215715000000.0 894767000000.0 63654400000000.0 -4.9 4.524 [-4.9]
3.01993e+16 8.24575e+20 4741770000000.0 663312000000000.0 1760890000000000.0 104463000000000.0 1084880000000000.0 29369800.0 376399000000000.0 9055020000000000.0 9250170000000000.0 5610030000.0 247420000000.0 993355000000.0 66993000000000.0 -4.88 4.519 [-4.88]
3.01993e+16 7.81181e+20 5084090000000.0 691570000000000.0 1767300000000000.0 109739000000000.0 1052850000000000.0 32690800.0 396088000000000.0 8435380000000000.0 8234980000000000.0 6550420000.0 283335000000.0 1101200000000.0 70402700000000.0 -4.86 4.515 [-4.86]
3.01993e+16 7.40157e+20 5444900000000.0 720077000000000.0 1771430000000000.0 115112000000000.0 1019850000000000.0 36380900.0 416196000000000.0 7842100000000000.0 7318420000000000.0 7633870000.0 323949000000.0 1218860000000.0 73875000000000.0 -4.84 4.511 [-4.84]
3.01994e+16 7.01287e+20 5822120000000.0 748671000000000.0 1773240000000000.0 120544000000000.0 986013000000000.0 40446400.0 436596000000000.0 7275520000000000.0 6491780000000000.0 8877960000.0 369771000000.0 1347240000000.0 77404300000000.0 -4.82 4.506 [-4.82]
3.01994e+16 6.64546e+20 6219350000000.0 777393000000000.0 1772760000000000.0 126046000000000.0 951501000000000.0 44980000.0 457357000000000.0 6736210000000000.0 5748500000000000.0 10306200000.0 421433000000.0 1486790000000.0 80979000000000.0 -4.8 4.502 [-4.8]
3.01993e+16 6.29798e+20 6636080000000.0 806140000000000.0 1769940000000000.0 131597000000000.0 916439000000000.0 50015500.0 478400000000000.0 6224440000000000.0 5081880000000000.0 11941500000.0 479546000000.0 1638220000000.0 84588500000000.0 -4.78 4.498 [-4.78]
3.01994e+16 5.96856e+20 7069200000000.0 834719000000000.0 1764820000000000.0 137151000000000.0 880970000000000.0 55561100.0 499586000000000.0 5740300000000000.0 4484390000000000.0 13807400000.0 544782000000.0 1802710000000.0 88229100000000.0 -4.76 4.494 [-4.76]
3.01994e+16 5.65707e+20 7523330000000.0 863178000000000.0 1757350000000000.0 142725000000000.0 845248000000000.0 61746700.0 520975000000000.0 5283530000000000.0 3950850000000000.0 15936200000.0 617940000000.0 1980480000000.0 91881700000000.0 -4.74 4.49 [-4.74]
3.01994e+16 5.36191e+20 7994860000000.0 891315000000000.0 1747590000000000.0 148274000000000.0 809413000000000.0 68586700.0 542443000000000.0 4853570000000000.0 3474690000000000.0 18356200000.0 699795000000.0 2172740000000.0 95540800000000.0 -4.72 4.486 [-4.72]
3.01994e+16 5.08249e+20 8485240000000.0 919090000000000.0 1735540000000000.0 153790000000000.0 773599000000000.0 76175000.0 563970000000000.0 4450190000000000.0 3050950000000000.0 21102800000.0 791225000000.0 2380070000000.0 99190900000000.0 -4.7 4.482 [-4.7]
3.01994e+16 4.81787e+20 8993280000000.0 946380000000000.0 1721240000000000.0 159248000000000.0 737935000000000.0 84574800.0 585490000000000.0 4072760000000000.0 2674600000000000.0 24211900000.0 893137000000.0 2603360000000.0 102820000000000.0 -4.68 4.478 [-4.68]
3.01994e+16 4.56734e+20 9520540000000.0 973124000000000.0 1704730000000000.0 164635000000000.0 702549000000000.0 93922200.0 606977000000000.0 3720300000000000.0 2340930000000000.0 27727200000.0 1006600000000.0 2843230000000.0 106413000000000.0 -4.66 4.474 [-4.66]
3.01994e+16 4.33003e+20 10065700000000.0 999170000000000.0 1686040000000000.0 169922000000000.0 667565000000000.0 104318000.0 628349000000000.0 3392250000000000.0 2045600000000000.0 31693500000.0 1132730000000.0 3100620000000.0 109960000000000.0 -4.64 4.47 [-4.64]
3.01994e+16 4.10535e+20 10628300000000.0 1024460000000000.0 1665240000000000.0 175098000000000.0 633105000000000.0 115860000.0 649591000000000.0 3087480000000000.0 1784760000000000.0 36156600000.0 1272600000000.0 3376210000000.0 113443000000000.0 -4.62 4.466 [-4.62]
3.01994e+16 3.89237e+20 11206300000000.0 1048810000000000.0 1642350000000000.0 180127000000000.0 599256000000000.0 128673000.0 670582000000000.0 2805070000000000.0 1554740000000000.0 41165600000.0 1427360000000.0 3670760000000.0 116845000000000.0 -4.6 4.462 [-4.6]
3.01994e+16 3.69076e+20 11801400000000.0 1072210000000000.0 1617480000000000.0 185011000000000.0 566139000000000.0 142940000.0 691344000000000.0 2544030000000000.0 1352350000000000.0 46779500000.0 1598380000000.0 3984770000000.0 120152000000000.0 -4.58 4.458 [-4.58]
3.01994e+16 3.49972e+20 12410900000000.0 1094500000000000.0 1590690000000000.0 189718000000000.0 533835000000000.0 158802000.0 711784000000000.0 2303240000000000.0 1174510000000000.0 53054200000.0 1786920000000.0 4319060000000.0 123348000000000.0 -4.56 4.454 [-4.56]
3.01994e+16 3.31849e+20 13031800000000.0 1115500000000000.0 1562090000000000.0 194217000000000.0 502411000000000.0 176415000.0 731818000000000.0 2081580000000000.0 1018420000000000.0 60045200000.0 1994300000000.0 4674550000000.0 126417000000000.0 -4.54 4.45 [-4.54]
3.01994e+16 3.14738e+20 13673700000000.0 1135430000000000.0 1531760000000000.0 198549000000000.0 471964000000000.0 196183000.0 751555000000000.0 1878130000000000.0 881986000000000.0 67847100000.0 2222370000000.0 5050180000000.0 129342000000000.0 -4.52 4.446 [-4.52]
3.01994e+16 2.985e+20 14324400000000.0 1153880000000000.0 1499770000000000.0 202638000000000.0 442523000000000.0 218142000.0 770791000000000.0 1691620000000000.0 762574000000000.0 76503600000.0 2472260000000.0 5447880000000.0 132108000000000.0 -4.5 4.443 [-4.5]
3.01994e+16 2.83092e+20 14982100000000.0 1170760000000000.0 1466250000000000.0 206473000000000.0 414146000000000.0 242558000.0 789487000000000.0 1521000000000000.0 658206000000000.0 86085100000.0 2745510000000.0 5868160000000.0 134700000000000.0 -4.48 4.439 [-4.48]
3.01994e+16 2.68552e+20 15661000000000.0 1186380000000000.0 1431370000000000.0 210106000000000.0 386897000000000.0 270025000.0 807770000000000.0 1365370000000000.0 567444000000000.0 96715400000.0 3044320000000.0 6308960000000.0 137102000000000.0 -4.46 4.435 [-4.46]
3.01994e+16 2.54719e+20 16338400000000.0 1200100000000000.0 1395150000000000.0 213427000000000.0 360763000000000.0 300527000.0 825337000000000.0 1223480000000000.0 488299000000000.0 108412000000.0 3369500000000.0 6773400000000.0 139298000000000.0 -4.44 4.432 [-4.44]
3.01994e+16 2.41634e+20 17027300000000.0 1212240000000000.0 1357800000000000.0 216495000000000.0 335798000000000.0 334665000.0 842319000000000.0 1094570000000000.0 419608000000000.0 121303000000.0 3723230000000.0 7259300000000.0 141274000000000.0 -4.42 4.428 [-4.42]
3.01994e+16 2.29233e+20 17720600000000.0 1222610000000000.0 1319410000000000.0 219276000000000.0 312003000000000.0 372764000.0 858599000000000.0 977778000000000.0 360063000000000.0 135458000000.0 4106940000000.0 7767340000000.0 143018000000000.0 -4.4 4.424 [-4.4]
3.01994e+16 2.17487e+20 18420000000000.0 1231240000000000.0 1280120000000000.0 221776000000000.0 289388000000000.0 415349000.0 874169000000000.0 872174000000000.0 308534000000000.0 150974000000.0 4522310000000.0 8296390000000.0 144515000000000.0 -4.38 4.421 [-4.38]
3.01994e+16 2.06379e+20 19131600000000.0 1238230000000000.0 1240080000000000.0 224005000000000.0 267948000000000.0 463181000.0 889026000000000.0 776880000000000.0 264041000000000.0 167984000000.0 4971520000000.0 8844480000000.0 145751000000000.0 -4.36 4.417 [-4.36]
3.01995e+16 1.95803e+20 19828500000000.0 1242950000000000.0 1199360000000000.0 225873000000000.0 247655000000000.0 516374000.0 902921000000000.0 690943000000000.0 225544000000000.0 186461000000.0 5454530000000.0 9415020000000.0 146712000000000.0 -4.34 4.414 [-4.34]
3.01994e+16 1.85799e+20 20530500000000.0 1245930000000000.0 1158190000000000.0 227456000000000.0 228517000000000.0 575957000.0 916035000000000.0 613684000000000.0 192417000000000.0 206591000000.0 5973990000000.0 10003500000000.0 147394000000000.0 -4.32 4.41 [-4.32]
3.01994e+16 1.76323e+20 21233200000000.0 1247080000000000.0 1116690000000000.0 228737000000000.0 210508000000000.0 642665000.0 928301000000000.0 544328000000000.0 163930000000000.0 228455000000.0 6531210000000.0 10609000000000.0 147789000000000.0 -4.3 4.407 [-4.3]
3.01995e+16 1.67339e+20 21930800000000.0 1246320000000000.0 1075000000000000.0 229706000000000.0 193597000000000.0 717231000.0 939671000000000.0 482154000000000.0 139456000000000.0 252119000000.0 7127000000000.0 11230800000000.0 147886000000000.0 -4.28 4.403 [-4.28]
3.01995e+16 1.58828e+20 22625400000000.0 1243750000000000.0 1033250000000000.0 230374000000000.0 177756000000000.0 800675000.0 950142000000000.0 426521000000000.0 118477000000000.0 277686000000.0 7762630000000.0 11866400000000.0 147681000000000.0 -4.26 4.4 [-4.26]
3.01995e+16 1.50752e+20 23310600000000.0 1239240000000000.0 991578000000000.0 230723000000000.0 162945000000000.0 894088000.0 959640000000000.0 376800000000000.0 100503000000000.0 305209000000.0 8438590000000.0 12514600000000.0 147167000000000.0 -4.24 4.396 [-4.24]
3.01995e+16 1.43095e+20 23986600000000.0 1232920000000000.0 950106000000000.0 230768000000000.0 149132000000000.0 998525000.0 968179000000000.0 332444000000000.0 85137700000000.0 334761000000.0 9155280000000.0 13172500000000.0 146342000000000.0 -4.22 4.393 [-4.22]
3.01995e+16 1.35845e+20 24658900000000.0 1224980000000000.0 908988000000000.0 230527000000000.0 136277000000000.0 1115480000.0 975784000000000.0 292946000000000.0 72030700000000.0 366463000000.0 9913780000000.0 13836300000000.0 145208000000000.0 -4.2 4.389 [-4.2]
3.01995e+16 1.28956e+20 25310200000000.0 1215130000000000.0 868307000000000.0 229965000000000.0 124334000000000.0 1246040000.0 982327000000000.0 257797000000000.0 60850400000000.0 400232000000.0 10711900000000.0 14506100000000.0 143757000000000.0 -4.18 4.386 [-4.18]
3.01995e+16 1.22426e+20 25951800000000.0 1203680000000000.0 828176000000000.0 229120000000000.0 113264000000000.0 1392200000.0 987887000000000.0 226584000000000.0 51340700000000.0 436218000000.0 11550900000000.0 15176000000000.0 142000000000000.0 -4.16 4.382 [-4.16]
3.01995e+16 1.16231e+20 26577300000000.0 1190600000000000.0 788700000000000.0 227987000000000.0 103023000000000.0 1555640000.0 992418000000000.0 198899000000000.0 43258900000000.0 474396000000.0 12428800000000.0 15843400000000.0 139936000000000.0 -4.14 4.379 [-4.14]
3.01995e+16 1.10359e+20 27188600000000.0 1176070000000000.0 749976000000000.0 226587000000000.0 93569600000000.0 1738200000.0 995952000000000.0 174385000000000.0 36403700000000.0 514804000000.0 13344600000000.0 16504000000000.0 137578000000000.0 -4.12 4.375 [-4.12]
3.01995e+16 1.04785e+20 27781600000000.0 1160050000000000.0 712091000000000.0 224913000000000.0 84856700000000.0 1942430000.0 998429000000000.0 152701000000000.0 30593300000000.0 557398000000.0 14295800000000.0 17154300000000.0 134928000000000.0 -4.1 4.372 [-4.1]
3.01995e+16 9.94916e+19 28350000000000.0 1142610000000000.0 675121000000000.0 222974000000000.0 76841700000000.0 2170260000.0 999861000000000.0 133544000000000.0 25674400000000.0 602058000000.0 15278500000000.0 17791000000000.0 131997000000000.0 -4.08 4.369 [-4.08]
3.01995e+16 9.44726e+19 28902700000000.0 1123970000000000.0 639136000000000.0 220794000000000.0 69484100000000.0 2424850000.0 1000270000000000.0 116650000000000.0 21522400000000.0 648862000000.0 16291500000000.0 18407700000000.0 128803000000000.0 -4.06 4.365 [-4.06]
3.01995e+16 8.97036e+19 29428300000000.0 1104090000000000.0 604205000000000.0 218366000000000.0 62739500000000.0 2708940000.0 999627000000000.0 101763000000000.0 18016800000000.0 697557000000.0 17328300000000.0 19002100000000.0 125353000000000.0 -4.04 4.362 [-4.04]
3.01995e+16 8.51844e+19 29940800000000.0 1083270000000000.0 570373000000000.0 215727000000000.0 56571500000000.0 3026430000.0 997993000000000.0 88672600000000.0 15066300000000.0 748262000000.0 18388000000000.0 19565900000000.0 121675000000000.0 -4.02 4.359 [-4.02]
3.01995e+16 8.08831e+19 30415700000000.0 1061270000000000.0 537675000000000.0 212849000000000.0 50935300000000.0 3380040000.0 995267000000000.0 77160900000000.0 12579200000000.0 800444000000.0 19459100000000.0 20100100000000.0 117772000000000.0 -4.0 4.355 [-4.0]
3.01995e+16 7.6805e+19 30873300000000.0 1038490000000000.0 506149000000000.0 209781000000000.0 45798100000000.0 3774520000.0 991564000000000.0 67064000000000.0 10490600000000.0 854272000000.0 20541300000000.0 20595000000000.0 113679000000000.0 -3.98 4.352 [-3.98]
3.01995e+16 7.29333e+19 31306700000000.0 1014960000000000.0 475826000000000.0 206524000000000.0 41122400000000.0 4214280000.0 986865000000000.0 58215600000000.0 8737380000000.0 909436000000.0 21626200000000.0 21047600000000.0 109416000000000.0 -3.96 4.348 [-3.96]
3.01995e+16 6.92583e+19 31717200000000.0 990790000000000.0 446716000000000.0 203093000000000.0 36873800000000.0 4704390000.0 981188000000000.0 50471600000000.0 7267690000000.0 965745000000.0 22707500000000.0 21452800000000.0 105006000000000.0 -3.94 4.345 [-3.94]
3.01993e+16 6.57686e+19 32102200000000.0 966048000000000.0 418828000000000.0 199498000000000.0 33019500000000.0 5249850000.0 974540000000000.0 43702200000000.0 6037090000000.0 1022900000000.0 23776900000000.0 21807000000000.0 100474000000000.0 -3.92 4.341 [-3.92]
3.01995e+16 6.24508e+19 32456900000000.0 940771000000000.0 392166000000000.0 195744000000000.0 29527000000000.0 5857030000.0 966914000000000.0 37789100000000.0 5007180000000.0 1080520000000.0 24824600000000.0 22108200000000.0 95843300000000.0 -3.9 4.338 [-3.9]
3.01995e+16 5.93014e+19 32787700000000.0 915143000000000.0 366730000000000.0 191856000000000.0 26369300000000.0 6532360000.0 958364000000000.0 32634800000000.0 4147410000000.0 1138440000000.0 25845000000000.0 22350600000000.0 91146200000000.0 -3.88 4.334 [-3.88]
3.01995e+16 5.63118e+19 33095600000000.0 889270000000000.0 342506000000000.0 187847000000000.0 23518400000000.0 7283020000.0 948923000000000.0 28146900000000.0 3430510000000.0 1196390000000.0 26830100000000.0 22531400000000.0 86411000000000.0 -3.86 4.331 [-3.86]
3.01995e+16 5.34689e+19 33371900000000.0 863129000000000.0 319481000000000.0 183717000000000.0 20947500000000.0 8116790000.0 938563000000000.0 24242200000000.0 2832980000000.0 1253810000000.0 27767800000000.0 22650500000000.0 81659000000000.0 -3.84 4.328 [-3.84]
3.01995e+16 5.07731e+19 33631800000000.0 836977000000000.0 297633000000000.0 179503000000000.0 18634100000000.0 9043000000.0 927391000000000.0 20852800000000.0 2336500000000.0 1310780000000.0 28656900000000.0 22702400000000.0 76928200000000.0 -3.82 4.324 [-3.82]
3.01993e+16 4.82122e+19 33867700000000.0 810792000000000.0 276936000000000.0 175202000000000.0 16554700000000.0 10070700000.0 915383000000000.0 17912600000000.0 1924130000000.0 1366780000000.0 29486100000000.0 22687700000000.0 72239000000000.0 -3.8 4.32 [-3.8]
3.01993e+16 4.57799e+19 34079700000000.0 784657000000000.0 257367000000000.0 170830000000000.0 14688500000000.0 11210700000.0 902583000000000.0 15365600000000.0 1582100000000.0 1421480000000.0 30248200000000.0 22607100000000.0 67617400000000.0 -3.78 4.317 [-3.78]
3.01995e+16 4.34713e+19 34271000000000.0 758672000000000.0 238895000000000.0 166403000000000.0 13016500000000.0 12473900000.0 889045000000000.0 13162600000000.0 1298920000000.0 1474700000000.0 30938200000000.0 22460200000000.0 63089900000000.0 -3.76 4.313 [-3.76]
3.01994e+16 4.12769e+19 34438300000000.0 732838000000000.0 221481000000000.0 161924000000000.0 11519900000000.0 13873300000.0 874750000000000.0 11258900000000.0 1064690000000.0 1526000000000.0 31547700000000.0 22248700000000.0 58674000000000.0 -3.74 4.31 [-3.74]
3.01993e+16 3.91934e+19 34584400000000.0 707259000000000.0 205094000000000.0 157412000000000.0 10182800000000.0 15421600000.0 859774000000000.0 9616720000000.0 871311000000.0 1575240000000.0 32073500000000.0 21974500000000.0 54393200000000.0 -3.72 4.306 [-3.72]
3.01992e+16 3.72153e+19 34712100000000.0 681998000000000.0 189696000000000.0 152879000000000.0 8989950000000.0 17134100000.0 844154000000000.0 8202130000000.0 711938000000.0 1622260000000.0 32512900000000.0 21639700000000.0 50265500000000.0 -3.7 4.303 [-3.7]
3.01995e+16 3.53391e+19 34824800000000.0 657141000000000.0 175249000000000.0 148343000000000.0 7927460000000.0 19025600000.0 827967000000000.0 6985710000000.0 580845000000.0 1667000000000.0 32865700000000.0 21247100000000.0 46308400000000.0 -3.68 4.299 [-3.68]
3.01993e+16 3.35538e+19 34912000000000.0 632602000000000.0 161711000000000.0 143792000000000.0 6981580000000.0 21115300000.0 811144000000000.0 5939870000000.0 472996000000.0 1708880000000.0 33121400000000.0 20802900000000.0 42525800000000.0 -3.66 4.296 [-3.66]
3.01993e+16 3.18625e+19 34989200000000.0 608585000000000.0 149049000000000.0 139265000000000.0 6141900000000.0 23419200000.0 793863000000000.0 5043770000000.0 384647000000.0 1748360000000.0 33291300000000.0 20308300000000.0 38938700000000.0 -3.64 4.292 [-3.64]
3.01993e+16 3.02545e+19 35045300000000.0 584991000000000.0 137217000000000.0 134748000000000.0 5396580000000.0 25960200000.0 776060000000000.0 4275790000000.0 312224000000.0 1784930000000.0 33366300000000.0 19771000000000.0 35545200000000.0 -3.62 4.289 [-3.62]
3.01993e+16 2.87279e+19 35085700000000.0 561903000000000.0 126179000000000.0 130259000000000.0 4736240000000.0 28758900000.0 757821000000000.0 3619060000000.0 253010000000.0 1818730000000.0 33351800000000.0 19195000000000.0 32353000000000.0 -3.6 4.285 [-3.6]
3.01993e+16 2.72781e+19 35110100000000.0 539336000000000.0 115894000000000.0 125805000000000.0 4151900000000.0 31839000000.0 739178000000000.0 3058240000000.0 204670000000.0 1849740000000.0 33249300000000.0 18585600000000.0 29363300000000.0 -3.58 4.282 [-3.58]
3.01993e+16 2.59022e+19 35120100000000.0 517328000000000.0 106330000000000.0 121396000000000.0 3635760000000.0 35222800000.0 720195000000000.0 2580270000000.0 165290000000.0 1878030000000.0 33063300000000.0 17948800000000.0 26577300000000.0 -3.56 4.278 [-3.56]
3.01993e+16 2.45965e+19 35116800000000.0 495901000000000.0 97444800000000.0 117041000000000.0 3180350000000.0 38936000000.0 700919000000000.0 2173510000000.0 133262000000.0 1903690000000.0 32798300000000.0 17289500000000.0 23992000000000.0 -3.54 4.275 [-3.54]
3.01993e+16 2.33564e+19 35099300000000.0 475042000000000.0 89198600000000.0 112741000000000.0 2778880000000.0 43012900000.0 681370000000000.0 1827750000000.0 107247000000.0 1926770000000.0 32457300000000.0 16613000000000.0 21601700000000.0 -3.52 4.271 [-3.52]
3.01993e+16 2.2179e+19 35069100000000.0 454774000000000.0 81555300000000.0 108503000000000.0 2425470000000.0 47482300000.0 661604000000000.0 1534380000000.0 86157400000.0 1947420000000.0 32046500000000.0 15924400000000.0 19400900000000.0 -3.5 4.268 [-3.5]
3.01993e+16 2.1061e+19 35026500000000.0 435101000000000.0 74479700000000.0 104334000000000.0 2114720000000.0 52378100000.0 641661000000000.0 1285860000000.0 69091000000.0 1965780000000.0 31571100000000.0 15228400000000.0 17382200000000.0 -3.48 4.264 [-3.48]
3.01993e+16 1.99998e+19 34972500000000.0 416034000000000.0 67938400000000.0 100239000000000.0 1841860000000.0 57733600000.0 621596000000000.0 1075720000000.0 55307100000.0 1982040000000.0 31038000000000.0 14529800000000.0 15537900000000.0 -3.46 4.261 [-3.46]
3.01993e+16 1.89933e+19 34908600000000.0 397590000000000.0 61899400000000.0 96226300000000.0 1602620000000.0 63577800000.0 601472000000000.0 898402000000.0 44199600000.0 1996380000000.0 30454600000000.0 13832400000000.0 13859400000000.0 -3.44 4.257 [-3.44]
3.01993e+16 1.80367e+19 34831300000000.0 379726000000000.0 56330500000000.0 92289900000000.0 1392980000000.0 69967100000.0 581276000000000.0 748909000000.0 35254900000.0 2008870000000.0 29822300000000.0 13141100000000.0 12335400000000.0 -3.42 4.254 [-3.42]
3.01993e+16 1.71285e+19 34743600000000.0 362458000000000.0 51200300000000.0 88437400000000.0 1209510000000.0 76936700000.0 561075000000000.0 623127000000.0 28068400000.0 2019780000000.0 29149800000000.0 12458400000000.0 10956600000000.0 -3.4 4.25 [-3.4]
3.01993e+16 1.6266e+19 34645700000000.0 345781000000000.0 46480000000000.0 84671300000000.0 1049110000000.0 84531000000.0 540908000000000.0 517487000000.0 22305300000.0 2029290000000.0 28442900000000.0 11787400000000.0 9712900000000.0 -3.38 4.247 [-3.38]
3.01994e+16 1.54474e+19 34536700000000.0 329693000000000.0 42144900000000.0 80995000000000.0 909119000000.0 92793100000.0 520820000000000.0 428959000000.0 17693700000.0 2037540000000.0 27706800000000.0 11131700000000.0 8594690000000.0 -3.36 4.243 [-3.36]
3.01994e+16 1.46702e+19 34418000000000.0 314186000000000.0 38166800000000.0 77410100000000.0 787027000000.0 101772000000.0 500846000000000.0 354895000000.0 14010000000.0 2044720000000.0 26947600000000.0 10492600000000.0 7591920000000.0 -3.34 4.24 [-3.34]
3.01994e+16 1.39325e+19 34289500000000.0 299251000000000.0 34521700000000.0 73918300000000.0 680679000000.0 111517000000.0 481026000000000.0 293053000000.0 11073300000.0 2050990000000.0 26170300000000.0 9872500000000.0 6695080000000.0 -3.32 4.237 [-3.32]
3.01994e+16 1.32321e+19 34151000000000.0 284878000000000.0 31185900000000.0 70520300000000.0 588135000000.0 122080000000.0 461390000000000.0 241511000000.0 8736170000.0 2056510000000.0 25379400000000.0 9272900000000.0 5894860000000.0 -3.3 4.233 [-3.3]
3.01994e+16 1.25672e+19 34002700000000.0 271054000000000.0 28137100000000.0 67216800000000.0 507689000000.0 133515000000.0 441972000000000.0 198637000000.0 6879810000.0 2061410000000.0 24579200000000.0 8695020000000.0 5182520000000.0 -3.28 4.23 [-3.28]
3.01994e+16 1.1936e+19 33844600000000.0 257769000000000.0 25354200000000.0 64008000000000.0 437831000000.0 145874000000.0 422802000000000.0 163043000000.0 5408080000.0 2065820000000.0 23773900000000.0 8139810000000.0 4549770000000.0 -3.26 4.226 [-3.26]
3.01994e+16 1.13368e+19 33676800000000.0 245010000000000.0 22817700000000.0 60894300000000.0 377230000000.0 159213000000.0 403910000000000.0 133553000000.0 4243520000.0 2069860000000.0 22967100000000.0 7607930000000.0 3988900000000.0 -3.24 4.223 [-3.24]
3.01994e+16 1.0768e+19 33499000000000.0 232764000000000.0 20508600000000.0 57875200000000.0 324710000000.0 173585000000.0 385324000000000.0 109167000000.0 3323700000.0 2073620000000.0 22161900000000.0 7099770000000.0 3492680000000.0 -3.22 4.22 [-3.22]
3.01994e+16 1.0227e+19 33308800000000.0 220998000000000.0 18408300000000.0 54945500000000.0 279207000000.0 189063000000.0 367037000000000.0 89027700000.0 2597870000.0 2077280000000.0 21358600000000.0 6615770000000.0 3054070000000.0 -3.2 4.216 [-3.2]
3.01994e+16 9.71495e+18 33112600000000.0 209753000000000.0 16503900000000.0 52118000000000.0 239902000000.0 205647000000.0 349159000000000.0 72472100000.0 2027840000.0 2080710000000.0 20567000000000.0 6155400000000.0 2668030000000.0 -3.18 4.213 [-3.18]
3.01994e+16 9.22808e+18 32904800000000.0 198964000000000.0 14776300000000.0 49379300000000.0 205913000000.0 223445000000.0 331630000000000.0 58855800000.0 1579690000.0 2084170000000.0 19782700000000.0 5718830000000.0 2327950000000.0 -3.16 4.21 [-3.16]
3.01994e+16 8.76622e+18 32687800000000.0 188643000000000.0 13212900000000.0 46735100000000.0 176580000000.0 242464000000.0 314516000000000.0 47696400000.0 1228560000.0 2087580000000.0 19010900000000.0 5305660000000.0 2029220000000.0 -3.14 4.206 [-3.14]
3.01994e+16 8.32763e+18 32461800000000.0 178764000000000.0 11799100000000.0 44180800000000.0 151270000000.0 262812000000.0 297806000000000.0 38563300000.0 953733000.0 2091030000000.0 18252200000000.0 4915130000000.0 1767000000000.0 -3.12 4.203 [-3.12]
3.01994e+16 7.91124e+18 32224600000000.0 169318000000000.0 10523100000000.0 41717200000000.0 129465000000.0 284454000000.0 281536000000000.0 31108800000.0 739113000.0 2094550000000.0 17507600000000.0 4547370000000.0 1537210000000.0 -3.1 4.2 [-3.1]
3.01994e+16 7.51594e+18 31977600000000.0 160291000000000.0 9372760000000.0 39342500000000.0 110691000000.0 307462000000.0 265717000000000.0 25036900000.0 571795000.0 2098140000000.0 16778900000000.0 4201320000000.0 1336080000000.0 -3.08 4.197 [-3.08]
3.01994e+16 7.14038e+18 31720100000000.0 151663000000000.0 8336920000000.0 37054000000000.0 94537200000.0 331886000000.0 250348000000000.0 20100700000.0 441542000.0 2101850000000.0 16066100000000.0 3876310000000.0 1160170000000.0 -3.06 4.194 [-3.06]
3.01994e+16 6.78348e+18 31450600000000.0 143419000000000.0 7405560000000.0 34850700000000.0 80651100000.0 357690000000.0 235452000000000.0 16097300000.0 340329000.0 2105750000000.0 15369500000000.0 3571810000000.0 1006490000000.0 -3.04 4.19 [-3.04]
3.01994e+16 6.44532e+18 31173800000000.0 135569000000000.0 6570440000000.0 32736800000000.0 68740400000.0 384903000000.0 221070000000000.0 12863100000.0 261960000.0 2109480000000.0 14693500000000.0 3286750000000.0 872610000000.0 -3.02 4.187 [-3.02]
3.01994e+16 6.12416e+18 30886500000000.0 128082000000000.0 5821890000000.0 30706600000000.0 58522900000.0 413526000000.0 207185000000000.0 10253100000.0 201294000.0 2113270000000.0 14035700000000.0 3020470000000.0 755923000000.0 -3.0 4.184 [-3.0]
3.01994e+16 5.81936e+18 30589800000000.0 120949000000000.0 5152120000000.0 28760100000000.0 49768800000.0 443549000000.0 193813000000000.0 8152720000.0 154436000.0 2116970000000.0 13397200000000.0 2772110000000.0 654368000000.0 -2.98 4.181 [-2.98]
3.01994e+16 5.53006e+18 30283500000000.0 114158000000000.0 4553700000000.0 26896000000000.0 42275600000.0 474938000000.0 180959000000000.0 6466570000.0 118303000.0 2120550000000.0 12778100000000.0 2540850000000.0 566057000000.0 -2.96 4.178 [-2.96]
3.01994e+16 5.25533e+18 29967200000000.0 107692000000000.0 4019660000000.0 25112200000000.0 35866900000.0 507659000000.0 168627000000000.0 5116030000.0 90479900.0 2124030000000.0 12178100000000.0 2325860000000.0 489309000000.0 -2.94 4.175 [-2.94]
3.01994e+16 4.99454e+18 29641500000000.0 101542000000000.0 3543870000000.0 23408300000000.0 30392200000.0 541652000000.0 156822000000000.0 4037290000.0 69097200.0 2127270000000.0 11597500000000.0 2126310000000.0 422683000000.0 -2.92 4.172 [-2.92]
3.01994e+16 4.74691e+18 29306200000000.0 95693500000000.0 3120500000000.0 21782500000000.0 25719900000.0 576852000000.0 145547000000000.0 3177770000.0 52689000.0 2130260000000.0 11036100000000.0 1941370000000.0 364881000000.0 -2.9 4.169 [-2.9]
3.01994e+16 4.51184e+18 28961800000000.0 90137300000000.0 2744380000000.0 20234200000000.0 21737300000.0 613169000000.0 134805000000000.0 2494830000.0 0.0 2132880000000.0 10494000000000.0 1770250000000.0 314783000000.0 -2.88 4.166 [-2.88]
3.01995e+16 4.28862e+18 28608200000000.0 84860100000000.0 2410640000000.0 18761700000000.0 18346100000.0 650507000000.0 124593000000000.0 1953550000.0 0.0 2135090000000.0 9970830000000.0 1612140000000.0 271386000000.0 -2.86 4.163 [-2.86]
3.01995e+16 4.07687e+18 28246600000000.0 79855200000000.0 2115110000000.0 17364900000000.0 15463300000.0 688745000000.0 114915000000000.0 1525910000.0 0.0 2136670000000.0 9467150000000.0 1466290000000.0 233844000000.0 -2.84 4.16 [-2.84]
3.01995e+16 3.87555e+18 27875100000000.0 75101900000000.0 1853460000000.0 16040100000000.0 13013300000.0 727777000000.0 105754000000000.0 1188590000.0 0.0 2137880000000.0 8980980000000.0 1331930000000.0 201346000000.0 -2.82 4.157 [-2.82]
3.01995e+16 3.68443e+18 27495500000000.0 70596400000000.0 1622330000000.0 14787700000000.0 10935500000.0 767445000000.0 97114700000000.0 923474000.0 0.0 2138400000000.0 8513270000000.0 1208360000000.0 173261000000.0 -2.8 4.154 [-2.8]
3.01995e+16 3.5029e+18 27107600000000.0 66326400000000.0 1418370000000.0 13605800000000.0 9175170000.0 807609000000.0 88986300000000.0 715619000.0 0.0 2138220000000.0 8063360000000.0 1094870000000.0 148998000000.0 -2.78 4.151 [-2.78]
3.01994e+16 3.33062e+18 26712400000000.0 62284500000000.0 1238720000000.0 12493500000000.0 7686680000.0 848112000000.0 81363400000000.0 553185000.0 0.0 2137150000000.0 7631440000000.0 990815000000.0 128064000000.0 -2.76 4.148 [-2.76]
3.01994e+16 3.16695e+18 26309600000000.0 58458100000000.0 1080610000000.0 11448400000000.0 6429310000.0 888796000000.0 74231100000000.0 426525000.0 0.0 2135250000000.0 7216620000000.0 895533000000.0 110001000000.0 -2.74 4.145 [-2.74]
3.01994e+16 3.01153e+18 25899700000000.0 54838700000000.0 941661000000.0 10469200000000.0 5368990000.0 929498000000.0 67578100000000.0 328053000.0 0.0 2132370000000.0 6818750000000.0 808422000000.0 94428800000.0 -2.72 4.142 [-2.72]
3.01994e+16 2.86392e+18 25483200000000.0 51417000000000.0 819706000000.0 9553960000000.0 4476270000.0 970054000000.0 61389900000000.0 251702000.0 0.0 2128470000000.0 6437440000000.0 728897000000.0 81012800000.0 -2.7 4.139 [-2.7]
3.01994e+16 2.72371e+18 25060500000000.0 48184100000000.0 712801000000.0 8700630000000.0 3725880000.0 1010300000000.0 55650600000000.0 192662000.0 0.0 2123470000000.0 6072310000000.0 656405000000.0 69461500000.0 -2.68 4.137 [-2.68]
3.01994e+16 2.59055e+18 24632100000000.0 45131300000000.0 619203000000.0 7907160000000.0 3096190000.0 1050090000000.0 50343100000000.0 147130000.0 0.0 2117290000000.0 5723020000000.0 590421000000.0 59521900000.0 -2.66 4.134 [-2.66]
3.01994e+16 2.46405e+18 24198400000000.0 42250200000000.0 537350000000.0 7171270000000.0 2568660000.0 1089290000000.0 45448300000000.0 112105000.0 0.0 2109860000000.0 5389190000000.0 530440000000.0 50974300000.0 -2.64 4.131 [-2.64]
3.01994e+16 2.34395e+18 23760200000000.0 39534100000000.0 465890000000.0 6490990000000.0 2127680000.0 1127700000000.0 40950400000000.0 85241000.0 0.0 2101200000000.0 5070500000000.0 476028000000.0 43630500000.0 -2.62 4.128 [-2.62]
3.01994e+16 2.23e+18 23318700000000.0 36976500000000.0 403604000000.0 5864190000000.0 1759850000.0 1165180000000.0 36831500000000.0 64694700.0 0.0 2091280000000.0 4766830000000.0 426756000000.0 37327800000.0 -2.6 4.126 [-2.6]
3.01994e+16 2.12175e+18 22873400000000.0 34567400000000.0 349330000000.0 5287670000000.0 1453350000.0 1201660000000.0 33065900000000.0 49005800.0 0.0 2080050000000.0 4477350000000.0 382172000000.0 31917300000.0 -2.58 4.123 [-2.58]
3.01994e+16 2.01892e+18 22425000000000.0 32299200000000.0 302086000000.0 4758780000000.0 1198360000.0 1237050000000.0 29631800000000.0 37051900.0 0.0 2067390000000.0 4201770000000.0 341873000000.0 27275800000.0 -2.56 4.121 [-2.56]
3.01994e+16 1.92122e+18 21974000000000.0 30165100000000.0 261008000000.0 4274910000000.0 986622000.0 1271260000000.0 26508600000000.0 27964900.0 0.0 2053340000000.0 3939630000000.0 305505000000.0 23296200000.0 -2.54 4.118 [-2.54]
3.01994e+16 1.8284e+18 21520800000000.0 28158300000000.0 225329000000.0 3833420000000.0 811112000.0 1304220000000.0 23675600000000.0 21071700.0 0.0 2037870000000.0 3690540000000.0 272728000000.0 19886400000.0 -2.52 4.115 [-2.52]
3.01994e+16 1.74021e+18 21066100000000.0 26272500000000.0 194371000000.0 3431630000000.0 665882000.0 1335860000000.0 21112200000000.0 0.0 0.0 2020990000000.0 3454110000000.0 243228000000.0 16966400000.0 -2.5 4.113 [-2.5]
3.01994e+16 1.65638e+18 20610100000000.0 24500900000000.0 167532000000.0 3066810000000.0 545890000.0 1366160000000.0 18797600000000.0 0.0 0.0 2002660000000.0 3229850000000.0 216708000000.0 14467100000.0 -2.48 4.11 [-2.48]
3.01994e+16 1.57673e+18 20153600000000.0 22838200000000.0 144292000000.0 2736480000000.0 446938000.0 1395060000000.0 16713200000000.0 0.0 0.0 1982930000000.0 3017450000000.0 192902000000.0 12329500000.0 -2.46 4.108 [-2.46]
3.01994e+16 1.50104e+18 19697200000000.0 21278500000000.0 124188000000.0 2438090000000.0 365470000.0 1422560000000.0 14840100000000.0 0.0 0.0 1961820000000.0 2816490000000.0 171560000000.0 10502500000.0 -2.44 4.105 [-2.44]
3.01994e+16 1.42911e+18 19241500000000.0 19816300000000.0 106811000000.0 2169160000000.0 298496000.0 1448660000000.0 13160400000000.0 0.0 0.0 1939350000000.0 2626560000000.0 152449000000.0 8941720000.0 -2.42 4.103 [-2.42]
3.01994e+16 1.36075e+18 18786900000000.0 18446400000000.0 91806100000.0 1927320000000.0 243525000.0 1473350000000.0 11657200000000.0 0.0 0.0 1915570000000.0 2447270000000.0 135359000000.0 7609310000.0 -2.4 4.101 [-2.4]
3.01994e+16 1.29578e+18 18334000000000.0 17163700000000.0 78859200000.0 1710300000000.0 198469000.0 1496660000000.0 10314400000000.0 0.0 0.0 1890510000000.0 2278210000000.0 120092000000.0 6472480000.0 -2.38 4.098 [-2.38]
3.01994e+16 1.23403e+18 17883400000000.0 15963400000000.0 67697900000.0 1515920000000.0 161589000.0 1518620000000.0 9116960000000.0 0.0 0.0 1864240000000.0 2118970000000.0 106469000000.0 5503030000.0 -2.36 4.096 [-2.36]
3.01994e+16 1.17533e+18 17435600000000.0 14840800000000.0 58084400000.0 1342170000000.0 131442000.0 1539240000000.0 8050830000000.0 0.0 0.0 1836800000000.0 1969170000000.0 94326800000.0 4676880000.0 -2.34 4.094 [-2.34]
3.01994e+16 1.11948e+18 16990500000000.0 13790900000000.0 49806100000.0 1187050000000.0 106821000.0 1558580000000.0 7102900000000.0 0.0 0.0 1808350000000.0 1828200000000.0 83510700000.0 3972700000.0 -2.32 4.091 [-2.32]
3.01994e+16 1.06644e+18 16549600000000.0 12810800000000.0 42690500000.0 1048970000000.0 86751900.0 1576670000000.0 6261970000000.0 0.0 0.0 1778800000000.0 1696100000000.0 73895500000.0 3373760000.0 -2.3 4.089 [-2.3]
3.01994e+16 1.01602e+18 16112900000000.0 11896000000000.0 36575200000.0 926163000000.0 70404300.0 1593550000000.0 5516660000000.0 0.0 0.0 1748290000000.0 1572270000000.0 65351800000.0 2864170000.0 -2.28 4.087 [-2.28]
3.01994e+16 9.68078e+17 15680800000000.0 11042300000000.0 31322600000.0 817101000000.0 57100700.0 1609280000000.0 4856880000000.0 0.0 0.0 1716930000000.0 1456300000000.0 57766400000.0 2430800000.0 -2.26 4.084 [-2.26]
3.01994e+16 9.225e+17 15253800000000.0 10246400000000.0 26814600000.0 720386000000.0 46285300.0 1623900000000.0 4273550000000.0 0.0 0.0 1684780000000.0 1347860000000.0 51038700000.0 2062490000.0 -2.24 4.082 [-2.24]
3.01994e+16 8.79156e+17 14832200000000.0 9504560000000.0 22947200000.0 634715000000.0 37499200.0 1637480000000.0 3758280000000.0 0.0 0.0 1651940000000.0 1246520000000.0 45075400000.0 1749540000.0 -2.22 4.08 [-2.22]
3.01994e+16 8.3795e+17 14416500000000.0 8813670000000.0 19632000000.0 558932000000.0 30368200.0 1650050000000.0 3303640000000.0 0.0 0.0 1618490000000.0 1152000000000.0 39795000000.0 1483840000.0 -2.2 4.078 [-2.2]
3.01994e+16 7.98669e+17 14006000000000.0 8168950000000.0 16786600000.0 491852000000.0 24576700.0 1661700000000.0 2902230000000.0 0.0 0.0 1584430000000.0 1063680000000.0 35113800000.0 1257960000.0 -2.18 4.076 [-2.18]
3.01994e+16 7.6144e+17 13603300000000.0 7571140000000.0 14355800000.0 432764000000.0 19891800.0 1672430000000.0 2549430000000.0 0.0 0.0 1550100000000.0 981699000000.0 30984900000.0 1066720000.0 -2.16 4.073 [-2.16]
3.01994e+16 7.26038e+17 13207400000000.0 7015280000000.0 12275100000.0 380646000000.0 16096500.0 1682320000000.0 2238900000000.0 0.0 0.0 1515430000000.0 905464000000.0 27336000000.0 904527000.0 -2.14 4.071 [-2.14]
3.01994e+16 6.92246e+17 12817300000000.0 6496680000000.0 10489900000.0 334596000000.0 13016700.0 1691440000000.0 1965070000000.0 0.0 0.0 1480340000000.0 834423000000.0 24104000000.0 766689000.0 -2.12 4.069 [-2.12]
3.01994e+16 6.60233e+17 12436000000000.0 6016910000000.0 8967560000.0 294143000000.0 10530100.0 1699790000000.0 1724960000000.0 0.0 0.0 1445320000000.0 768670000000.0 21259500000.0 650122000.0 -2.1 4.067 [-2.1]
3.01994e+16 6.29728e+17 12061600000000.0 5570540000000.0 7663970000.0 258492000000.0 8515880.0 1707460000000.0 1513720000000.0 0.0 0.0 1410110000000.0 707639000000.0 18745900000.0 551233000.0 -2.08 4.065 [-2.08]
3.01994e+16 6.00716e+17 11695000000000.0 5156340000000.0 6549820000.0 227136000000.0 6886950.0 1714460000000.0 1328210000000.0 0.0 0.0 1374900000000.0 651145000000.0 16529100000.0 467471000.0 -2.06 4.063 [-2.06]
3.01994e+16 5.73145e+17 11336800000000.0 4772430000000.0 5598310000.0 199584000000.0 5570370.0 1720840000000.0 1165440000000.0 0.0 0.0 1339780000000.0 598949000000.0 14575900000.0 396567000.0 -2.04 4.061 [-2.04]
3.01994e+16 5.469e+17 10986300000000.0 4416200000000.0 4785010000.0 175359000000.0 4505540.0 1726650000000.0 1022540000000.0 0.0 0.0 1304800000000.0 550662000000.0 12853500000.0 336477000.0 -2.02 4.059 [-2.02]
3.01994e+16 5.21925e+17 10644000000000.0 4085950000000.0 4090200000.0 154072000000.0 3644670.0 1731920000000.0 897160000000.0 0.0 0.0 1270060000000.0 506044000000.0 11335400000.0 285569000.0 -2.0 4.057 [-2.0]
3.01994e+16 4.98162e+17 10310000000000.0 3779940000000.0 3496770000.0 135376000000.0 2948790.0 1736690000000.0 787183000000.0 0.0 0.0 1235620000000.0 464864000000.0 9997950000.0 242446000.0 -1.98 4.055 [-1.98]
3.01994e+16 4.75547e+17 9984210000000.0 3496460000000.0 2989930000.0 118956000000.0 2386260.0 1740990000000.0 690722000000.0 0.0 0.0 1201540000000.0 426883000000.0 8819680000.0 205916000.0 -1.96 4.053 [-1.96]
3.01994e+16 4.53975e+17 9666000000000.0 3233420000000.0 2556520000.0 104518000000.0 1931080.0 1744850000000.0 606049000000.0 0.0 0.0 1167860000000.0 391727000000.0 7780230000.0 174903000.0 -1.94 4.051 [-1.94]
3.01994e+16 4.33495e+17 9356990000000.0 2990490000000.0 2186990000.0 91866000000.0 1563560.0 1748300000000.0 531906000000.0 0.0 0.0 1134660000000.0 359503000000.0 6866330000.0 148689000.0 -1.92 4.049 [-1.92]
3.01994e+16 4.14001e+17 9056360000000.0 2765680000000.0 1871440000.0 80760600000.0 1266420.0 1751360000000.0 466910000000.0 0.0 0.0 1101980000000.0 329847000000.0 6061450000.0 126474000.0 -1.9 4.047 [-1.9]
3.01994e+16 3.95445e+17 8764090000000.0 2557720000000.0 1601950000.0 71013400000.0 1026140.0 1754060000000.0 409932000000.0 0.0 0.0 1069850000000.0 302575000000.0 5352570000.0 107644000.0 -1.88 4.045 [-1.88]
3.01994e+16 3.77824e+17 8480920000000.0 2365760000000.0 1372090000.0 62471900000.0 831972.0 1756420000000.0 360024000000.0 0.0 0.0 1038300000000.0 277668000000.0 4729160000.0 91721000.0 -1.86 4.043 [-1.86]
3.01994e+16 3.61006e+17 8205250000000.0 2187910000000.0 1175440000.0 54961100000.0 674709.0 1758470000000.0 316228000000.0 0.0 0.0 1007410000000.0 254633000000.0 4179080000.0 78172500.0 -1.84 4.042 [-1.84]
3.01994e+16 3.44994e+17 7937780000000.0 2023500000000.0 1007430000.0 48368200000.0 547442.0 1760230000000.0 277833000000.0 0.0 0.0 977170000000.0 233483000000.0 3694480000.0 66676000.0 -1.82 4.04 [-1.82]
3.01994e+16 3.29749e+17 7678460000000.0 1871580000000.0 863875000.0 42580800000.0 444421.0 1761710000000.0 244171000000.0 0.0 0.0 947614000000.0 214079000000.0 3267520000.0 56917400.0 -1.8 4.038 [-1.8]
3.01994e+16 3.15231e+17 7427160000000.0 1731190000000.0 741164000.0 37499000000.0 0.0 1762920000000.0 214650000000.0 0.0 0.0 918759000000.0 196278000000.0 2891230000.0 48628600.0 -1.78 4.036 [-1.78]
3.01994e+16 3.01407e+17 7183800000000.0 1601500000000.0 636253000.0 33036700000.0 0.0 1763900000000.0 188761000000.0 0.0 0.0 890623000000.0 179959000000.0 2559540000.0 41585300.0 -1.76 4.034 [-1.76]
3.01995e+16 2.88252e+17 6948470000000.0 1481780000000.0 546563000.0 29119700000.0 0.0 1764650000000.0 166059000000.0 0.0 0.0 863215000000.0 165042000000.0 2267240000.0 35602300.0 -1.74 4.032 [-1.74]
3.01994e+16 2.75712e+17 6720600000000.0 1371140000000.0 469791000.0 25676200000.0 0.0 1765170000000.0 146135000000.0 0.0 0.0 836549000000.0 151340000000.0 2009300000.0 30506100.0 -1.72 4.031 [-1.72]
3.01994e+16 2.63768e+17 6500290000000.0 1268980000000.0 404083000.0 22650500000.0 0.0 1765500000000.0 128653000000.0 0.0 0.0 810631000000.0 138790000000.0 1781730000.0 26167200.0 -1.7 4.029 [-1.7]
3.01994e+16 2.52365e+17 6286910000000.0 1174450000000.0 347743000.0 19987100000.0 0.0 1765640000000.0 113292000000.0 0.0 0.0 785423000000.0 127257000000.0 1580610000.0 22463600.0 -1.68 4.027 [-1.68]
3.01994e+16 2.41525e+17 6081220000000.0 1087340000000.0 299541000.0 17648700000.0 0.0 1765590000000.0 99820000000.0 0.0 0.0 760994000000.0 116743000000.0 1403280000.0 19311800.0 -1.66 4.025 [-1.66]
3.01994e+16 2.31196e+17 5882620000000.0 1006910000000.0 258221000.0 15591900000.0 0.0 1765370000000.0 87988000000.0 0.0 0.0 737309000000.0 107123000000.0 1246640000.0 16622000.0 -1.64 4.024 [-1.64]
3.01994e+16 2.21354e+17 5690930000000.0 932659000000.0 222784000.0 13782100000.0 0.0 1764990000000.0 77594300000.0 0.0 0.0 714371000000.0 98313200000.0 1108230000.0 14323900.0 -1.62 4.022 [-1.62]
3.01994e+16 2.11987e+17 5506230000000.0 864195000000.0 192400000.0 12190200000.0 0.0 1764460000000.0 68467400000.0 0.0 0.0 692199000000.0 90260100000.0 985947000.0 12360200.0 -1.6 4.02 [-1.6]
3.01995e+16 2.03032e+17 5327560000000.0 800784000000.0 166259000.0 10785800000.0 0.0 1763790000000.0 60430300000.0 0.0 0.0 670686000000.0 82871100000.0 877576000.0 10676600.0 -1.58 4.019 [-1.58]
3.01994e+16 1.94508e+17 5155530000000.0 742323000000.0 143820000.0 9549680000.0 0.0 1762970000000.0 53368700000.0 0.0 0.0 649919000000.0 76118600000.0 781757000.0 9235440.0 -1.56 4.017 [-1.56]
3.01994e+16 1.86381e+17 4989700000000.0 688333000000.0 124525000.0 8460150000.0 0.0 1762020000000.0 47156100000.0 0.0 0.0 629853000000.0 69940600000.0 696904000.0 7999430.0 -1.54 4.015 [-1.54]
3.01995e+16 1.78633e+17 4829920000000.0 638476000000.0 107924000.0 7499430000.0 0.0 1760950000000.0 41688800000.0 0.0 0.0 610480000000.0 64286200000.0 621727000.0 6938200.0 -1.52 4.014 [-1.52]
3.01994e+16 1.71243e+17 4675980000000.0 592425000000.0 93627900.0 6651850000.0 0.0 1759760000000.0 36875100000.0 0.0 0.0 591783000000.0 59111600000.0 555080000.0 6026030.0 -1.5 4.012 [-1.5]
3.01995e+16 1.64196e+17 4527720000000.0 549884000000.0 81307700.0 5903690000.0 0.0 1758460000000.0 32635000000.0 0.0 0.0 573747000000.0 54374800000.0 495958000.0 5241030.0 -1.48 4.01 [-1.48]
3.01995e+16 1.5748e+17 4385100000000.0 510623000000.0 70689200.0 5243350000.0 0.0 1757050000000.0 28901300000.0 0.0 0.0 556379000000.0 50039000000.0 443515000.0 4565000.0 -1.46 4.009 [-1.46]
3.01994e+16 1.51059e+17 4247490000000.0 474258000000.0 61508900.0 4659130000.0 0.0 1755540000000.0 25604400000.0 0.0 0.0 539594000000.0 46068700000.0 396869000.0 3981310.0 -1.44 4.007 [-1.44]
3.01995e+16 1.44943e+17 4115280000000.0 440718000000.0 53588300.0 4143180000.0 0.0 1753930000000.0 22700500000.0 0.0 0.0 523462000000.0 42431200000.0 355464000.0 3477560.0 -1.42 4.006 [-1.42]
3.01995e+16 1.39104e+17 3987970000000.0 409690000000.0 46735800.0 3686650000.0 0.0 1752230000000.0 20136500000.0 0.0 0.0 507911000000.0 39102500000.0 318624000.0 3041910.0 -1.4 4.004 [-1.4]
3.01995e+16 1.33529e+17 3865420000000.0 380992000000.0 40803700.0 3282500000.0 0.0 1750440000000.0 17872500000.0 0.0 0.0 492934000000.0 36050900000.0 285833000.0 2664620.0 -1.38 4.003 [-1.38]
3.01995e+16 1.28206e+17 3747500000000.0 354451000000.0 35664500.0 2924590000.0 0.0 1748560000000.0 15872600000.0 0.0 0.0 478518000000.0 33254300000.0 256629000.0 2337530.0 -1.36 4.001 [-1.36]
3.01995e+16 1.23124e+17 3634040000000.0 329896000000.0 31207900.0 2607440000.0 0.0 1746600000000.0 14105200000.0 0.0 0.0 464645000000.0 30690500000.0 230601000.0 2053570.0 -1.34 3.999 [-1.34]
3.01995e+16 1.18273e+17 3524940000000.0 307184000000.0 27340500.0 2326320000.0 0.0 1744570000000.0 12542700000.0 0.0 0.0 451302000000.0 28341300000.0 207394000.0 1806830.0 -1.32 3.998 [-1.32]
3.01995e+16 1.13635e+17 3419890000000.0 286141000000.0 23978200.0 2076740000.0 0.0 1742460000000.0 11159600000.0 0.0 0.0 438457000000.0 26182100000.0 186669000.0 1591900.0 -1.3 3.996 [-1.3]
3.01995e+16 1.09207e+17 3318880000000.0 266665000000.0 21054700.0 1855260000.0 0.0 1740290000000.0 9935570000.0 0.0 0.0 426109000000.0 24202600000.0 168164000.0 1404650.0 -1.28 3.995 [-1.28]
3.01995e+16 1.04975e+17 3221720000000.0 248627000000.0 18509400.0 1658510000.0 0.0 1738050000000.0 8851390000.0 0.0 0.0 414235000000.0 22385400000.0 151623000.0 1241230.0 -1.26 3.993 [-1.26]
3.01995e+16 1.00931e+17 3128250000000.0 231913000000.0 16290900.0 1483620000.0 0.0 1735750000000.0 7890510000.0 0.0 0.0 402819000000.0 20716100000.0 136826000.0 1098400.0 -1.24 3.992 [-1.24]
3.01995e+16 9.70653e+16 3038340000000.0 216422000000.0 14355300.0 1328060000.0 0.0 1733380000000.0 7038450000.0 0.0 0.0 391843000000.0 19182600000.0 123580000.0 973416.0 -1.22 3.99 [-1.22]
3.01995e+16 9.33691e+16 2951840000000.0 202057000000.0 12664600.0 1189610000.0 0.0 1730970000000.0 6282400000.0 0.0 0.0 381292000000.0 17772600000.0 111711000.0 863882.0 -1.2 3.989 [-1.2]
3.01995e+16 8.98351e+16 2868640000000.0 188734000000.0 11186500.0 1066310000.0 0.0 1728500000000.0 5611200000.0 0.0 0.0 371150000000.0 16476500000.0 101071000.0 767776.0 -1.18 3.988 [-1.18]
3.01995e+16 8.64542e+16 2788570000000.0 176369000000.0 9892450.0 956403000.0 0.0 1725980000000.0 5014900000.0 0.0 0.0 361401000000.0 15283000000.0 91521600.0 683309.0 -1.16 3.986 [-1.16]
3.01995e+16 8.32204e+16 2711550000000.0 164893000000.0 8758630.0 858407000.0 0.0 1723420000000.0 4484900000.0 0.0 0.0 352032000000.0 14185100000.0 82946800.0 608999.0 -1.14 3.985 [-1.14]
3.01995e+16 8.01259e+16 2637430000000.0 154236000000.0 7763960.0 770954000.0 0.0 1720810000000.0 4013510000.0 0.0 0.0 343027000000.0 13173700000.0 75239900.0 543520.0 -1.12 3.983 [-1.12]
3.01995e+16 7.71641e+16 2566100000000.0 144334000000.0 6890390.0 692862000.0 0.0 1718170000000.0 3593970000.0 0.0 0.0 334371000000.0 12241800000.0 68307600.0 485749.0 -1.1 3.982 [-1.1]
3.01995e+16 7.43291e+16 2497450000000.0 135131000000.0 6122360.0 623085000.0 0.0 1715490000000.0 3220380000.0 0.0 0.0 326052000000.0 11382800000.0 62067200.0 434710.0 -1.08 3.98 [-1.08]
3.01995e+16 7.16144e+16 2431360000000.0 126574000000.0 5446320.0 560692000.0 0.0 1712770000000.0 2887470000.0 0.0 0.0 318056000000.0 10590300000.0 56444900.0 389556.0 -1.06 3.979 [-1.06]
3.01995e+16 6.90145e+16 2367740000000.0 118614000000.0 4850610.0 504868000.0 0.0 1710030000000.0 2590650000.0 0.0 0.0 310371000000.0 9858960000.0 51375500.0 349555.0 -1.04 3.978 [-1.04]
3.01995e+16 6.65238e+16 2306470000000.0 111205000000.0 4325070.0 454885000.0 0.0 1707250000000.0 2325830000.0 0.0 0.0 302982000000.0 9183530000.0 46800700.0 314072.0 -1.02 3.976 [-1.02]
3.01995e+16 6.4137e+16 2247460000000.0 104306000000.0 3860890.0 410099000.0 0.0 1704450000000.0 2089400000.0 0.0 0.0 295878000000.0 8559260000.0 42668700.0 282552.0 -1.0 3.975 [-1.0]
3.01995e+16 6.18501e+16 2190620000000.0 97881400000.0 3450530.0 369957000.0 0.0 1701630000000.0 1878210000.0 0.0 0.0 289050000000.0 7982560000.0 38934400.0 254525.0 -0.98 3.973 [-0.98]
3.01995e+16 5.96577e+16 2135870000000.0 91893500000.0 3087280.0 333944000.0 0.0 1698790000000.0 1689440000.0 0.0 0.0 282484000000.0 7449010000.0 35556200.0 229566.0 -0.96 3.972 [-0.96]
3.01995e+16 5.75542e+16 2083070000000.0 86307300000.0 2765300.0 301597000.0 0.0 1695920000000.0 1520530000.0 0.0 0.0 276168000000.0 6954220000.0 32497100.0 207301.0 -0.94 3.971 [-0.94]
3.01995e+16 5.5538e+16 2032200000000.0 81098400000.0 2479730.0 272551000.0 0.0 1693050000000.0 1369330000.0 0.0 0.0 270096000000.0 6496970000.0 29726000.0 187431.0 -0.92 3.969 [-0.92]
3.01995e+16 5.3604e+16 1983160000000.0 76237400000.0 2226100.0 246446000.0 0.0 1690160000000.0 1233950000.0 0.0 0.0 264256000000.0 6073310000.0 27213100.0 169670.0 -0.9 3.968 [-0.9]
3.01995e+16 5.17482e+16 1935880000000.0 71699000000.0 2000600.0 222969000.0 0.0 1687260000000.0 1112650000.0 0.0 0.0 258638000000.0 5680550000.0 24932600.0 153773.0 -0.88 3.966 [-0.88]
3.01995e+16 4.99685e+16 1890300000000.0 67462000000.0 1799950.0 201854000.0 0.0 1684350000000.0 1003920000.0 0.0 0.0 253238000000.0 5317190000.0 22861800.0 139535.0 -0.86 3.965 [-0.86]
3.01995e+16 4.82586e+16 1846290000000.0 63499900000.0 1621090.0 182828000.0 0.0 1681440000000.0 906354000.0 0.0 0.0 248038000000.0 4978960000.0 20979000.0 126753.0 -0.84 3.964 [-0.84]
3.01995e+16 4.66163e+16 1803800000000.0 59794600000.0 1461520.0 165683000.0 0.0 1678530000000.0 818761000.0 0.0 0.0 243033000000.0 4664540000.0 19266000.0 115269.0 -0.82 3.962 [-0.82]
3.01995e+16 4.50398e+16 1762810000000.0 56329700000.0 1319060.0 150230000.0 0.0 1675610000000.0 740089000.0 0.0 0.0 238217000000.0 4372850000.0 17706700.0 104945.0 -0.8 3.961 [-0.8]
3.01995e+16 4.35249e+16 1723220000000.0 53086400000.0 1191690.0 136288000.0 0.0 1672690000000.0 669374000.0 0.0 0.0 233582000000.0 4101400000.0 16285900.0 95647.0 -0.78 3.96 [-0.78]
3.01995e+16 4.20692e+16 1684970000000.0 50049400000.0 1077700.0 123703000.0 0.0 1669780000000.0 605773000.0 0.0 0.0 229118000000.0 3848800000.0 14990300.0 87265.4 -0.76 3.958 [-0.76]
3.01995e+16 4.06702e+16 1648020000000.0 47204700000.0 975587.0 112336000.0 0.0 1666870000000.0 548537000.0 0.0 0.0 224821000000.0 3613740000.0 13808000.0 79702.0 -0.74 3.957 [-0.74]
3.01995e+16 3.9325e+16 1612310000000.0 44538100000.0 884004.0 102064000.0 0.0 1663970000000.0 496994000.0 0.0 0.0 220682000000.0 3394770000.0 12728100.0 72868.1 -0.72 3.956 [-0.72]
3.01995e+16 3.80315e+16 1577780000000.0 42037800000.0 801790.0 92774500.0 0.0 1661080000000.0 450554000.0 0.0 0.0 216695000000.0 3190550000.0 11741200.0 66687.0 -0.7 3.954 [-0.7]
3.01995e+16 3.67872e+16 1544380000000.0 39692000000.0 727904.0 84370100.0 0.0 1658190000000.0 408681000.0 0.0 0.0 212853000000.0 3000150000.0 10838500.0 61090.1 -0.68 3.953 [-0.68]
3.01995e+16 3.55901e+16 1512060000000.0 37490200000.0 661439.0 76761900.0 0.0 1655320000000.0 370907000.0 0.0 0.0 209151000000.0 2822460000.0 10012200.0 56016.9 -0.66 3.951 [-0.66]
3.01995e+16 3.44383e+16 1480790000000.0 35423100000.0 601594.0 69872000.0 0.0 1652470000000.0 336811000.0 0.0 0.0 205585000000.0 2656670000.0 9255310.0 51414.1 -0.64 3.95 [-0.64]
3.01995e+16 3.33294e+16 1450520000000.0 33480900000.0 547650.0 63627100.0 0.0 1649620000000.0 306017000.0 0.0 0.0 202146000000.0 2501630000.0 8561440.0 47232.8 -0.62 3.949 [-0.62]
3.01995e+16 3.22603e+16 1421160000000.0 31653200000.0 498947.0 57960300.0 0.0 1646790000000.0 278168000.0 0.0 0.0 198826000000.0 2356410000.0 7924520.0 43428.5 -0.6 3.947 [-0.6]
3.01995e+16 3.12322e+16 1392750000000.0 29936900000.0 454995.0 52824200.0 0.0 1643980000000.0 253004000.0 0.0 0.0 195629000000.0 2220900000.0 7340160.0 39968.4 -0.58 3.946 [-0.58]
3.01995e+16 3.02432e+16 1365250000000.0 28324100000.0 415286.0 48165700.0 0.0 1641200000000.0 230249000.0 0.0 0.0 192550000000.0 2094280000.0 6803550.0 36817.7 -0.56 3.945 [-0.56]
3.01995e+16 2.92889e+16 1338550000000.0 26804300000.0 379333.0 43932100.0 0.0 1638430000000.0 209636000.0 0.0 0.0 189575000000.0 1975500000.0 6309940.0 33942.6 -0.54 3.943 [-0.54]
3.01995e+16 2.83693e+16 1312660000000.0 25373400000.0 346771.0 40085900.0 0.0 1635680000000.0 190964000.0 0.0 0.0 186704000000.0 1864250000.0 5855810.0 31318.1 -0.52 3.942 [-0.52]
3.01995e+16 2.74828e+16 1287540000000.0 24025500000.0 317256.0 36589700.0 0.0 1632950000000.0 174043000.0 0.0 0.0 183934000000.0 1759890000.0 5437720.0 28920.2 -0.5 3.94 [-0.5]
3.01995e+16 2.6628e+16 1263150000000.0 22755300000.0 290476.0 33409900.0 0.0 1630250000000.0 158700000.0 0.0 0.0 181260000000.0 1661930000.0 5052540.0 26727.1 -0.48 3.939 [-0.48]
3.01995e+16 2.58037e+16 1239470000000.0 21557800000.0 266158.0 30517200.0 0.0 1627570000000.0 144779000.0 0.0 0.0 178679000000.0 1570050000.0 4697450.0 24719.7 -0.46 3.938 [-0.46]
3.01995e+16 2.50071e+16 1216420000000.0 20426400000.0 244035.0 27882600.0 0.0 1624910000000.0 132127000.0 0.0 0.0 176181000000.0 1483850000.0 4369610.0 0.0 -0.44 3.936 [-0.44]
3.01995e+16 2.42404e+16 1194080000000.0 19361700000.0 223941.0 25485200.0 0.0 1622280000000.0 120658000.0 0.0 0.0 173776000000.0 1402580000.0 4067350.0 0.0 -0.42 3.935 [-0.42]
3.01995e+16 2.35e+16 1172350000000.0 18355900000.0 205638.0 23301100.0 0.0 1619680000000.0 110229000.0 0.0 0.0 171450000000.0 1326350000.0 3788040.0 0.0 -0.4 3.933 [-0.4]
3.01995e+16 2.27853e+16 1151220000000.0 17406100000.0 188961.0 21310600.0 0.0 1617110000000.0 100747000.0 0.0 0.0 169203000000.0 1254640000.0 3529860.0 0.0 -0.38 3.932 [-0.38]
3.01995e+16 2.20954e+16 1130660000000.0 16509100000.0 0.0 19496000.0 0.0 1614560000000.0 92121700.0 0.0 0.0 167032000000.0 1187220000.0 3291070.0 0.0 -0.36 3.93 [-0.36]
3.01995e+16 2.14269e+16 1110580000000.0 15659000000.0 0.0 17838000.0 0.0 1612040000000.0 84260100.0 0.0 0.0 164926000000.0 1123480000.0 3069830.0 0.0 -0.34 3.929 [-0.34]
3.01995e+16 2.07841e+16 1091120000000.0 14858600000.0 0.0 16328700.0 0.0 1609550000000.0 77117900.0 0.0 0.0 162900000000.0 1063680000.0 2865290.0 0.0 -0.32 3.927 [-0.32]
3.01995e+16 2.0161e+16 1072100000000.0 14099600000.0 0.0 14948600.0 0.0 1607090000000.0 70601600.0 0.0 0.0 160934000000.0 1007090000.0 2675560.0 0.0 -0.3 3.926 [-0.3]
3.01995e+16 1.95601e+16 1053610000000.0 13382900000.0 0.0 13689900.0 0.0 1604660000000.0 64667900.0 0.0 0.0 159036000000.0 953876000.0 2499760.0 0.0 -0.28 3.924 [-0.28]
3.01995e+16 1.89793e+16 1035580000000.0 12704600000.0 0.0 12539900.0 0.0 1602260000000.0 59257300.0 0.0 0.0 157200000000.0 903631000.0 2336670.0 0.0 -0.26 3.923 [-0.26]
3.01995e+16 1.84185e+16 1018020000000.0 12063300000.0 0.0 11489600.0 0.0 1599900000000.0 54324600.0 0.0 0.0 155426000000.0 856202000.0 2185360.0 0.0 -0.24 3.921 [-0.24]
3.01995e+16 1.78754e+16 1000860000000.0 11455300000.0 0.0 10528900.0 0.0 1597570000000.0 49819000.0 0.0 0.0 153707000000.0 811372000.0 2044750.0 0.0 -0.22 3.92 [-0.22]
3.01995e+16 1.73501e+16 984113000000.0 10879300000.0 0.0 9650390.0 0.0 1595260000000.0 45704900.0 0.0 0.0 152043000000.0 768994000.0 1914080.0 0.0 -0.2 3.918 [-0.2]
3.01995e+16 1.68419e+16 967761000000.0 10333500000.0 0.0 8846680.0 0.0 1592990000000.0 41946400.0 0.0 0.0 150432000000.0 728889000.0 1792580.0 0.0 -0.18 3.917 [-0.18]
3.01995e+16 1.63502e+16 951791000000.0 9816290000.0 0.0 8111360.0 0.0 1590750000000.0 38511400.0 0.0 0.0 148872000000.0 690968000.0 1679550.0 0.0 -0.16 3.915 [-0.16]
3.01995e+16 1.58742e+16 936183000000.0 9325880000.0 0.0 7438250.0 0.0 1588540000000.0 35370700.0 0.0 0.0 147361000000.0 655048000.0 1574340.0 0.0 -0.14 3.913 [-0.14]
3.01995e+16 1.54136e+16 920928000000.0 8860860000.0 0.0 6822000.0 0.0 1586360000000.0 32498000.0 0.0 0.0 145897000000.0 621029000.0 1476360.0 0.0 -0.12 3.912 [-0.12]
3.01995e+16 1.49676e+16 906011000000.0 8419770000.0 0.0 6257690.0 0.0 1584210000000.0 29869200.0 0.0 0.0 144479000000.0 588815000.0 1385070.0 0.0 -0.1 3.91 [-0.1]
3.01995e+16 1.45357e+16 891418000000.0 8001280000.0 0.0 5740820.0 0.0 1582100000000.0 27462400.0 0.0 0.0 143105000000.0 558305000.0 1299950.0 0.0 -0.08 3.908 [-0.08]
3.01995e+16 1.41171e+16 877134000000.0 7604010000.0 0.0 5266780.0 0.0 1580020000000.0 25258400.0 0.0 0.0 141772000000.0 529234000.0 1220570.0 0.0 -0.06 3.906 [-0.06]
3.01995e+16 1.37116e+16 863150000000.0 7226900000.0 0.0 4832390.0 0.0 1577970000000.0 23238900.0 0.0 0.0 140480000000.0 501683000.0 1146490.0 0.0 -0.04 3.905 [-0.04]
3.01995e+16 1.33181e+16 849438000000.0 6868510000.0 0.0 4433950.0 0.0 1575940000000.0 21386900.0 0.0 0.0 139225000000.0 475507000.0 1077300.0 0.0 -0.02 3.903 [-0.02]
3.01995e+16 1.29379e+16 836042000000.0 6528910000.0 0.0 4068990.0 0.0 1573960000000.0 19690900.0 0.0 0.0 138012000000.0 450683000.0 1012720.0 0.0 -0.0 3.901 [-0.0]
3.01995e+16 1.25685e+16 822882000000.0 6205780000.0 0.0 3734230.0 0.0 1572000000000.0 18133200.0 0.0 0.0 136832000000.0 427183000.0 952336.0 0.0 0.02 3.899 [0.02]
3.01995e+16 1.22104e+16 809991000000.0 5898920000.0 0.0 3426740.0 0.0 1570080000000.0 16704800.0 0.0 0.0 135688000000.0 404675000.0 895894.0 0.0 0.04 3.897 [0.04]
3.01995e+16 1.18633e+16 797354000000.0 5607450000.0 0.0 3144730.0 0.0 1568180000000.0 15393800.0 0.0 0.0 134578000000.0 383313000.0 843106.0 0.0 0.06 3.895 [0.06]
3.01995e+16 1.15263e+16 784950000000.0 5330310000.0 0.0 2885670.0 0.0 1566320000000.0 14189700.0 0.0 0.0 133500000000.0 362909000.0 793705.0 0.0 0.08 3.893 [0.08]
3.01995e+16 1.11995e+16 772786000000.0 5066980000.0 0.0 2647830.0 0.0 1564490000000.0 13084000.0 0.0 0.0 132453000000.0 343464000.0 747465.0 0.0 0.1 3.891 [0.1]
3.01995e+16 1.08822e+16 760841000000.0 4816600000.0 0.0 2429470.0 0.0 1562680000000.0 12067800.0 0.0 0.0 131436000000.0 324960000.0 704155.0 0.0 0.12 3.888 [0.12]
3.01995e+16 1.0575e+16 749137000000.0 4578950000.0 0.0 2229250.0 0.0 1560910000000.0 11134400.0 0.0 0.0 130451000000.0 307407000.0 663595.0 0.0 0.14 3.886 [0.14]
3.01995e+16 1.02758e+16 737616000000.0 4352520000.0 0.0 2044810.0 0.0 1559170000000.0 10275500.0 0.0 0.0 129490000000.0 290496000.0 625561.0 0.0 0.16 3.884 [0.16]
3.01995e+16 9985150000000000.0 726297000000.0 4137160000.0 0.0 1875280.0 0.0 1557460000000.0 9485470.0 0.0 0.0 128556000000.0 274329000.0 589897.0 0.0 0.18 3.881 [0.18]
3.01995e+16 9702680000000000.0 715169000000.0 3932290000.0 0.0 1719450.0 0.0 1555770000000.0 8758480.0 0.0 0.0 127648000000.0 258876000.0 556440.0 0.0 0.2 3.879 [0.2]
3.01995e+16 9427730000000000.0 704219000000.0 3737220000.0 0.0 1576000.0 0.0 1554110000000.0 8089160.0 0.0 0.0 126763000000.0 244028000.0 525040.0 0.0 0.22 3.876 [0.22]
3.01995e+16 9160730000000000.0 693462000000.0 3551800000.0 0.0 1444190.0 0.0 1552480000000.0 7473190.0 0.0 0.0 125903000000.0 229842000.0 495568.0 0.0 0.24 3.873 [0.24]
3.01995e+16 8901010000000000.0 682882000000.0 3375380000.0 0.0 1322920.0 0.0 1550880000000.0 6905940.0 0.0 0.0 125065000000.0 216235000.0 467893.0 0.0 0.26 3.87 [0.26]
3.01995e+16 8648200000000000.0 672470000000.0 3207490000.0 0.0 1211290.0 0.0 1549300000000.0 6383360.0 0.0 0.0 124249000000.0 203163000.0 441894.0 0.0 0.28 3.867 [0.28]
3.01995e+16 8402560000000000.0 662237000000.0 3047890000.0 0.0 1108720.0 0.0 1547750000000.0 5902000.0 0.0 0.0 123455000000.0 190677000.0 417467.0 0.0 0.3 3.864 [0.3]
3.01995e+16 8162820000000000.0 652155000000.0 2895870000.0 0.0 1014070.0 0.0 1546230000000.0 5458230.0 0.0 0.0 122679000000.0 178569000.0 394501.0 0.0 0.32 3.86 [0.32]
3.01995e+16 7928650000000000.0 642210000000.0 2750990000.0 0.0 926746.0 0.0 1544730000000.0 5048810.0 0.0 0.0 121920000000.0 166857000.0 372899.0 0.0 0.34 3.857 [0.34]
3.01995e+16 7700810000000000.0 632444000000.0 2613370000.0 0.0 846340.0 0.0 1543250000000.0 4671700.0 0.0 0.0 121181000000.0 155564000.0 352592.0 0.0 0.36 3.853 [0.36]
3.01995e+16 7479190000000000.0 622850000000.0 2482640000.0 0.0 772420.0 0.0 1541810000000.0 4324100.0 0.0 0.0 120461000000.0 144748000.0 333490.0 0.0 0.38 3.849 [0.38]
3.01995e+16 7260430000000000.0 613306000000.0 2357380000.0 0.0 703801.0 0.0 1540370000000.0 4002210.0 0.0 0.0 119748000000.0 134126000.0 315483.0 0.0 0.4 3.844 [0.4]
3.01995e+16 7046880000000000.0 603942000000.0 2238480000.0 0.0 640367.0 0.0 1538960000000.0 3705770.0 0.0 0.0 119051000000.0 123739000.0 298549.0 0.0 0.42 3.839 [0.42]
3.01995e+16 6837070000000000.0 594713000000.0 2125260000.0 0.0 581506.0 0.0 1537560000000.0 3432220.0 0.0 0.0 118364000000.0 113506000.0 282606.0 0.0 0.44 3.833 [0.44]
3.01995e+16 6630240000000000.0 585582000000.0 2017270000.0 0.0 526877.0 0.0 1536180000000.0 3179360.0 0.0 0.0 117685000000.0 103459000.0 267585.0 0.0 0.46 3.827 [0.46]
3.01995e+16 6427740000000000.0 576635000000.0 1914930000.0 0.0 476340.0 0.0 1534820000000.0 2946460.0 0.0 0.0 117018000000.0 93656400.0 253452.0 0.0 0.48 3.819 [0.48]
3.01995e+16 6225980000000000.0 567807000000.0 1817420000.0 0.0 428778.0 0.0 1533470000000.0 2731540.0 0.0 0.0 116351000000.0 83682300.0 240146.0 0.0 0.5 3.811 [0.5]
3.01995e+16 6022280000000000.0 559001000000.0 1723990000.0 0.0 383790.0 0.0 1532110000000.0 2532310.0 0.0 0.0 115672000000.0 73538800.0 227597.0 0.0 0.52 3.8 [0.52]
3.01995e+16 5816940000000000.0 550407000000.0 1635720000.0 0.0 340816.0 0.0 1530750000000.0 2349480.0 0.0 0.0 114982000000.0 63010200.0 215818.0 0.0 0.54 3.786 [0.54]
3.01995e+16 5599960000000000.0 541832000000.0 1551310000.0 0.0 298233.0 0.0 1529340000000.0 2180550.0 0.0 0.0 114242000000.0 51575400.0 204746.0 0.0 0.56 3.768 [0.56]
3.01995e+16 4025150000000000.0 502732000000.0 1178970000.0 0.0 78639.3 0.0 1524020000000.0 1942640.0 0.0 0.0 107675000000.0 196617.0 194493.0 0.0 0.58 3.416 [0.58]
3.01995e+16 3865300000000000.0 492251000000.0 1109040000.0 0.0 69053.0 0.0 1522990000000.0 1789730.0 0.0 0.0 107036000000.0 161987.0 184432.0 0.0 0.6 3.399 [0.6]
3.01995e+16 3718330000000000.0 482123000000.0 1045140000.0 0.0 61099.6 0.0 1522000000000.0 1649390.0 0.0 0.0 106446000000.0 140533.0 174934.0 0.0 0.62 3.383 [0.62]
3.01995e+16 3582390000000000.0 472338000000.0 986465000.0 0.0 54366.4 0.0 1521050000000.0 1520810.0 0.0 0.0 105898000000.0 125986.0 165970.0 0.0 0.64 3.367 [0.64]
3.01995e+16 3453930000000000.0 462727000000.0 931714000.0 0.0 48556.0 0.0 1520130000000.0 1402210.0 0.0 0.0 105376000000.0 115230.0 157489.0 0.0 0.66 3.353 [0.66]
3.01995e+16 3332280000000000.0 453299000000.0 880558000.0 0.0 43498.2 0.0 1519240000000.0 1292960.0 0.0 0.0 104877000000.0 106763.0 149466.0 0.0 0.68 3.339 [0.68]
3.01995e+16 3217020000000000.0 444063000000.0 832729000.0 0.0 39066.1 0.0 1518380000000.0 1192420.0 0.0 0.0 104400000000.0 99776.9 141879.0 0.0 0.7 3.326 [0.7]
3.01995e+16 3106410000000000.0 434918000000.0 787609000.0 0.0 35153.4 0.0 1517540000000.0 1099460.0 0.0 0.0 103937000000.0 93778.0 134690.0 0.0 0.72 3.313 [0.72]
3.01995e+16 3000260000000000.0 425873000000.0 745038000.0 0.0 31686.7 0.0 1516730000000.0 1013560.0 0.0 0.0 103487000000.0 88482.7 127879.0 0.0 0.74 3.301 [0.74]
3.01995e+16 2898660000000000.0 416957000000.0 704936000.0 0.0 28608.3 0.0 1515930000000.0 934331.0 0.0 0.0 103050000000.0 83711.6 121427.0 0.0 0.76 3.288 [0.76]
3.01995e+16 2801110000000000.0 408153000000.0 667070000.0 0.0 25865.1 0.0 1515170000000.0 861186.0 0.0 0.0 102626000000.0 79344.2 115312.0 0.0 0.78 3.276 [0.78]
3.01995e+16 2708860000000000.0 399593000000.0 631727000.0 0.0 23423.4 0.0 1514430000000.0 794128.0 0.0 0.0 102220000000.0 75308.8 109529.0 0.0 0.8 3.264 [0.8]
3.01995e+16 2618830000000000.0 391016000000.0 597887000.0 0.0 21227.7 0.0 1513710000000.0 731807.0 0.0 0.0 101817000000.0 71533.7 104034.0 0.0 0.82 3.252 [0.82]
3.01995e+16 2532560000000000.0 382584000000.0 566012000.0 0.0 19261.4 0.0 1513010000000.0 674388.0 0.0 0.0 101425000000.0 67993.2 98827.0 0.0 0.84 3.24 [0.84]
3.01995e+16 2448590000000000.0 374171000000.0 535621000.0 0.0 17491.3 0.0 1512320000000.0 621141.0 0.0 0.0 101035000000.0 64653.2 93880.5 0.0 0.86 3.228 [0.86]
3.01995e+16 2369430000000000.0 366039000000.0 507309000.0 0.0 15906.4 0.0 1511670000000.0 572452.0 0.0 0.0 100663000000.0 61507.2 89202.0 0.0 0.88 3.217 [0.88]
3.01995e+16 2292220000000000.0 357917000000.0 480223000.0 0.0 14473.1 0.0 1511030000000.0 527278.0 0.0 0.0 100293000000.0 58524.6 84755.0 0.0 0.9 3.205 [0.9]
3.01995e+16 2217580000000000.0 349881000000.0 454517000.0 0.0 13179.5 0.0 1510410000000.0 485549.0 0.0 0.0 99927700000.0 55697.3 80533.3 0.0 0.92 3.194 [0.92]
3.01995e+16 2145680000000000.0 341960000000.0 430165000.0 0.0 12010.9 0.0 1509800000000.0 447075.0 0.0 0.0 99568900000.0 53015.7 76527.1 0.0 0.94 3.182 [0.94]
3.01995e+16 2076180000000000.0 334128000000.0 407041000.0 0.0 10955.6 0.0 1509210000000.0 411501.0 0.0 0.0 99214400000.0 50469.6 72723.1 0.0 0.96 3.171 [0.96]
3.01995e+16 2009310000000000.0 326426000000.0 385155000.0 0.0 10015.5 0.0 1508640000000.0 378397.0 0.0 0.0 98866500000.0 48052.4 69112.9 0.0 0.98 3.16 [0.98]
3.01995e+16 1944660000000000.0 318819000000.0 364374000.0 0.0 9172.54 0.0 1508090000000.0 347720.0 0.0 0.0 98522000000.0 45755.5 65684.1 0.0 1.0 3.148 [1.0]
