! -------------------------
   1604.6945800781250       0.94783002138137817        9.7577743232250214E-002   1.0000000000000000     
   1604.7312011718750        1.1149339675903320       0.10523959994316101        1.0000000000000000     
   1604.7679443359375       0.92259138822555542        9.6037693321704865E-002   1.0000000000000000     
   1604.8045654296875       0.80321741104125977        9.4047389924526215E-002   1.0000000000000000     
   1604.8413085937500        1.1822600364685059       0.10929324477910995        1.0000000000000000     
   1604.8779296875000        1.0088821649551392       0.11034066230058670        1.0000000000000000     
   1604.9146728515625       0.85658872127532959        8.3218015730381012E-002   1.0000000000000000     
   1604.9514160156250       0.78584730625152588        7.9528272151947021E-002   1.0000000000000000     
   1604.9880371093750       0.83868366479873657        8.0666698515415192E-002   1.0000000000000000     
   1605.0247802734375       0.98650181293487549        8.6994878947734833E-002   1.0000000000000000     
   1605.0614013671875        1.0763857364654541        9.1215603053569794E-002   1.0000000000000000     
   1605.0981445312500        1.1006065607070923        9.2369109392166138E-002   1.0000000000000000     
   1605.1347656250000       0.97565138339996338        8.6648330092430115E-002   1.0000000000000000     
   1605.1715087890625       0.97228813171386719        8.5924834012985229E-002   1.0000000000000000     
   1605.2081298828125        1.1313362121582031        9.3078225851058960E-002   1.0000000000000000     
   1605.2448730468750       0.88032436370849609        8.2106932997703552E-002   1.0000000000000000     
   1605.2816162109375       0.90518832206726074        8.3189748227596283E-002   1.0000000000000000     
   1605.3182373046875       0.92378199100494385        8.4438182413578033E-002   1.0000000000000000     
   1605.3549804687500        1.0423928499221802        8.9960746467113495E-002   1.0000000000000000     
   1605.3916015625000       0.96283161640167236        8.5675902664661407E-002   1.0000000000000000     
   1605.4283447265625        1.0830502510070801        9.1366462409496307E-002   1.0000000000000000     
   1605.4649658203125        1.1118687391281128        9.3050226569175720E-002   1.0000000000000000     
   1605.5017089843750        1.0463151931762695        8.9362040162086487E-002   1.0000000000000000     
   1605.5384521484375        1.0676660537719727        9.1508828103542328E-002   1.0000000000000000     
   1605.5750732421875       0.95022433996200562        8.5245646536350250E-002   1.0000000000000000     
   1605.6118164062500        1.0704404115676880        8.9971691370010376E-002   1.0000000000000000     
   1605.6484375000000        1.0339285135269165        8.9090049266815186E-002   1.0000000000000000     
   1605.6851806640625       0.95938074588775635        8.5839465260505676E-002   1.0000000000000000     
   1605.7218017578125       0.93977302312850952        8.6042754352092743E-002   1.0000000000000000     
   1605.7585449218750       0.91207468509674072        8.4224462509155273E-002   1.0000000000000000     
   1605.7952880859375        1.0546466112136841        8.9465789496898651E-002   1.0000000000000000     
   1605.8319091796875       0.88341212272644043        8.4177106618881226E-002   1.0000000000000000     
   1605.8686523437500        1.0027238130569458        8.7450526654720306E-002   1.0000000000000000     
   1605.9052734375000       0.98287218809127808        8.6335018277168274E-002   1.0000000000000000     
   1605.9420166015625        1.0528509616851807        9.0129479765892029E-002   1.0000000000000000     
   1605.9786376953125       0.94857132434844971        8.6184442043304443E-002   1.0000000000000000     
   1606.0153808593750       0.92989081144332886        8.4274783730506897E-002   1.0000000000000000     
   1606.0520019531250       0.88769090175628662        8.3086095750331879E-002   1.0000000000000000     
   1606.0887451171875        1.0586051940917969        8.9799493551254272E-002   1.0000000000000000     
   1606.1254882812500        1.0007214546203613        8.8402487337589264E-002   1.0000000000000000     
   1606.1621093750000        1.0490467548370361        8.9523106813430786E-002   1.0000000000000000     
   1606.1988525390625       0.96615332365036011        8.6572647094726562E-002   1.0000000000000000     
   1606.2354736328125        1.0722458362579346        9.0448170900344849E-002   1.0000000000000000     
   1606.2722167968750       0.96022933721542358        8.5604391992092133E-002   1.0000000000000000     
   1606.3088378906250        1.1776226758956909        9.4918698072433472E-002   1.0000000000000000     
   1606.3455810546875        1.0397742986679077        8.9058712124824524E-002   1.0000000000000000     
   1606.3823242187500        1.1121629476547241        9.2281840741634369E-002   1.0000000000000000     
   1606.4189453125000        1.0468814373016357        8.9615464210510254E-002   1.0000000000000000     
   1606.4556884765625       0.88734334707260132        8.3431176841259003E-002   1.0000000000000000     
   1606.4923095703125        1.0575845241546631        8.9791722595691681E-002   1.0000000000000000     
   1606.5290527343750       0.80300128459930420        8.0237790942192078E-002  0.99976396744507168     
   1606.5656738281250       0.96737486124038696        8.6148582398891449E-002  0.99973656299122393     
   1606.6024169921875       0.98450511693954468        8.6743094027042389E-002  0.99971066366252248     
   1606.6391601562500        1.0164906978607178        8.8154502213001251E-002  0.99968693992152990     
   1606.6757812500000       0.92888897657394409        8.6013339459896088E-002  0.99966516663621829     
   1606.7125244140625        1.1417776346206665        9.4390608370304108E-002  0.99964438127110056     
   1606.7491455078125        1.0687973499298096        9.0539544820785522E-002  0.99962331116581338     
   1606.7858886718750        1.1138061285018921        9.2288486659526825E-002  0.99960080484756775     
   1606.8225097656250       0.98561853170394897        8.6943387985229492E-002  0.99957613361875930     
   1606.8592529296875        1.0065186023712158        8.7655931711196899E-002  0.99954915077707007     
   1606.8958740234375        1.1495920419692993        9.3609049916267395E-002  0.99952025596879424     
   1606.9326171875000       0.92791897058486938        8.4618285298347473E-002  0.99949012717015384     
   1606.9693603515625        1.0134297609329224        8.8390290737152100E-002  0.99945928234653947     
   1607.0059814453125       0.89079052209854126        8.4667846560478210E-002  0.99942763975974802     
   1607.0427246093750       0.94919931888580322        8.5624091327190399E-002  0.99939427475585807     
   1607.0793457031250       0.77940577268600464        7.8610956668853760E-002  0.99935749844080635     
   1607.1160888671875       0.87921041250228882        8.2953453063964844E-002  0.99931522817992435     
   1607.1527099609375       0.98111349344253540        8.8662363588809967E-002  0.99926546007543660     
   1607.1894531250000       0.90241426229476929        8.3781048655509949E-002  0.99920660896211544     
   1607.2261962890625       0.86247318983078003        8.1752680242061615E-002  0.99913757146439097     
   1607.2628173828125       0.84162157773971558        8.1183321774005890E-002  0.99905748415552953     
   1607.2995605468750        1.0910078287124634        9.1313287615776062E-002  0.99896524122632002     
   1607.3361816406250       0.96543282270431519        8.6841896176338196E-002  0.99885884183209839     
   1607.3729248046875        1.0010968446731567        8.8564291596412659E-002  0.99873454269095474     
   1607.4095458984375       0.96938484907150269        8.6341261863708496E-002  0.99858575845397313     
   1607.4462890625000       0.87496495246887207        8.2622058689594269E-002  0.99840177062847013     
   1607.4829101562500       0.96359813213348389        8.6501173675060272E-002  0.99816645755567757     
   1607.5196533203125       0.87815868854522705        8.2675002515316010E-002  0.99785708836841291     
   1607.5563964843750       0.93184214830398560        8.5266344249248505E-002  0.99744254974399249     
   1607.5930175781250        1.0032474994659424        8.8413819670677185E-002  0.99687969450428315     
   1607.6297607421875       0.90824347734451294        8.3495229482650757E-002  0.99610657228940325     
   1607.6663818359375       0.87572616338729858        8.2220897078514099E-002  0.99503241448404989     
   1607.7031250000000        1.0278898477554321        9.0440057218074799E-002  0.99352472721260721     
   1607.7397460937500       0.99901014566421509        8.8271081447601318E-002  0.99139011020645951     
   1607.7764892578125        1.0578091144561768        9.0157382190227509E-002  0.98833440089683178     
   1607.8132324218750       0.92100781202316284        8.5016176104545593E-002  0.98386802828827402     
   1607.8498535156250       0.97932225465774536        8.7066285312175751E-002  0.97709962432338349     
   1607.8865966796875        1.0614351034164429        9.1026514768600464E-002  0.96635632694055140     
   1607.9232177734375       0.92579257488250732        8.5100412368774414E-002  0.94863706622554567     
   1607.9599609375000       0.96210068464279175        8.7783902883529663E-002  0.91912099187038387     
   1607.9965820312500       0.86731535196304321        8.3459407091140747E-002  0.87133768540132761     
   1608.0333251953125       0.63453453779220581        7.4025057256221771E-002  0.79894228775444320     
   1608.0700683593750       0.58828014135360718        7.0042632520198822E-002  0.69956129984197846     
   1608.1066894531250       0.61544770002365112        6.9363333284854889E-002  0.57902943040155097     
   1608.1434326171875       0.43229067325592041        5.9966493397951126E-002  0.45208824706702844     
   1608.1800537109375       0.45245009660720825        6.1052083969116211E-002  0.33690812530868880     
   1608.2167968750000       0.29556161165237427        5.4312560707330704E-002  0.24669838357236495     
   1608.2534179687500       0.19542396068572998        4.3730888515710831E-002  0.18537328331147665     
   1608.2901611328125       0.17054349184036255        3.8544844835996628E-002  0.14983252955391249     
   1608.3267822265625       0.13409118354320526        3.4942645579576492E-002  0.13515373274490769     
   1608.3635253906250        9.5704600214958191E-002   3.0137918889522552E-002  0.13852080543564288     
   1608.4002685546875       0.14908878505229950        3.7751801311969757E-002  0.16079634310197530     
   1608.4368896484375       0.20366166532039642        4.2847655713558197E-002  0.20611786922823017     
   1608.4736328125000       0.25652894377708435        4.9731329083442688E-002  0.27928661107987485     
   1608.5102539062500       0.29025480151176453        5.3856514394283295E-002  0.38086663200970761     
   1608.5469970703125       0.53091549873352051        7.2456397116184235E-002  0.50263493759240874     
   1608.5836181640625       0.66785264015197754        7.5084827840328217E-002  0.62820576332110767     
   1608.6203613281250       0.81006288528442383        7.9768575727939606E-002  0.74000265469409021     
   1608.6571044921875       0.75713080167770386        7.6946116983890533E-002  0.82706693632753758     
   1608.6937255859375       0.71334266662597656        7.5606986880302429E-002  0.88768744356842655     
   1608.7304687500000       0.80570828914642334        7.9417087137699127E-002  0.92654371388850931     
   1608.7670898437500       0.89248359203338623        8.3921842277050018E-002  0.95030850485621998     
   1608.8038330078125        1.0520776510238647        9.0172559022903442E-002  0.96477224779067727     
   1608.8404541015625       0.97589904069900513        9.0560220181941986E-002  0.97390728928092818     
   1608.8771972656250        1.0417213439941406        9.0020164847373962E-002  0.98005494955081962     
   1608.9139404296875        1.0334894657135010        9.1527812182903290E-002  0.98445805456701674     
   1608.9505615234375       0.82493519783020020        8.2121290266513824E-002  0.98774550549793461     
   1608.9873046875000       0.91701567173004150        8.4453023970127106E-002  0.99025257027326263     
   1609.0239257812500       0.85687392950057983        8.2262426614761353E-002  0.99218872717719275     
   1609.0606689453125       0.86447852849960327        8.3053551614284515E-002  0.99370469263647598     
   1609.0972900390625       0.99888050556182861        8.8366612792015076E-002  0.99491041944511982     
   1609.1340332031250       0.94850820302963257        8.7901286780834198E-002  0.99587534302390512     
   1609.1706542968750       0.89646464586257935        8.3684146404266357E-002  0.99665123261200472     
   1609.2073974609375        1.0889647006988525        9.2079423367977142E-002  0.99726759419714039     
   1609.2441406250000        1.1587258577346802        9.5748893916606903E-002  0.99774680937804217     
   1609.2807617187500       0.95269644260406494        8.6958102881908417E-002  0.99811345190996492     
   1609.3175048828125       0.84244936704635620        8.1223241984844208E-002  0.99839221391153554     
   1609.3541259765625       0.82877779006958008        8.0296203494071960E-002  0.99860528891553890     
   1609.3908691406250        1.0104397535324097        8.8611483573913574E-002  0.99876995495270504     
   1609.4274902343750        1.0659481287002563        9.1627597808837891E-002  0.99889902619049264     
   1609.4642333984375       0.93681162595748901        8.7560534477233887E-002  0.99900166462745243     
   1609.5009765625000        1.0107514858245850        9.0261235833168030E-002  0.99908409362629269     
   1609.5375976562500        1.1141127347946167        9.5517747104167938E-002  0.99915160376846313     
   1609.5743408203125        1.1432296037673950        9.4608157873153687E-002  0.99920794745008301     
   1609.6109619140625        1.0017138719558716        8.8145628571510315E-002  0.99925601004940390     
   1609.6477050781250       0.90947562456130981        8.5391953587532043E-002  0.99929824851769367     
   1609.6843261718750       0.93893152475357056        8.7070830166339874E-002  0.99933607735975027     
   1609.7210693359375       0.97476655244827271        8.7745204567909241E-002  0.99937100851146299     
   1609.7576904296875       0.74970757961273193        7.8243955969810486E-002  0.99940385439543922     
   1609.7944335937500        1.0635824203491211        9.1150604188442230E-002  0.99943451183586463     
   1609.8311767578125        1.0806859731674194        9.2249810695648193E-002  0.99946320343632689     
   1609.8677978515625        1.0592211484909058        9.0910837054252625E-002  0.99949002814697829     
   1609.9045410156250       0.92738717794418335        8.5307054221630096E-002  0.99951464974154824     
   1609.9411621093750       0.91919350624084473        8.4626108407974243E-002  0.99953744893462604     
   1609.9779052734375        1.0359561443328857        8.9755393564701080E-002  0.99955885836247305     
   1610.0145263671875       0.96177154779434204        8.6832404136657715E-002  0.99957878443172454     
   1610.0512695312500        1.0517255067825317        9.1547675430774689E-002  0.99959784056521583     
   1610.0880126953125        1.0294965505599976        8.9762225747108459E-002  0.99961702762098970     
   1610.1246337890625       0.91565084457397461        8.5159786045551300E-002  0.99963639458608078     
   1610.1613769531250       0.87015122175216675        8.5780635476112366E-002  0.99965484180120046     
   1610.1979980468750       0.98085129261016846        8.7482318282127380E-002  0.99967213900211915     
   1610.2347412109375        1.0252395868301392        9.0190306305885315E-002  0.99968550151589985     
   1610.2713623046875        1.0319310426712036        9.0562075376510620E-002  0.99969472592194553     
   1610.3081054687500       0.93572717905044556        8.6420051753520966E-002   1.0000000000000000     
   1610.3448486328125       0.90361297130584717        8.4285207092761993E-002   1.0000000000000000     
   1610.3814697265625       0.96179348230361938        8.7252691388130188E-002   1.0000000000000000     
   1610.4182128906250       0.98400056362152100        8.8407687842845917E-002   1.0000000000000000     
   1610.4548339843750        1.0227172374725342        8.9305773377418518E-002   1.0000000000000000     
   1610.4915771484375       0.81685996055603027        8.0239765346050262E-002   1.0000000000000000     
   1610.5281982421875       0.85462820529937744        8.1994980573654175E-002   1.0000000000000000     
   1610.5649414062500       0.96215188503265381        8.8463574647903442E-002   1.0000000000000000     
   1610.6015625000000       0.89507991075515747        8.4964588284492493E-002   1.0000000000000000     
   1610.6383056640625       0.90304231643676758        8.5527762770652771E-002   1.0000000000000000     
   1610.6750488281250       0.96050578355789185        8.7625794112682343E-002   1.0000000000000000     
   1610.7116699218750        1.1189088821411133        9.3585617840290070E-002   1.0000000000000000     
   1610.7484130859375        1.0615044832229614        9.1425858438014984E-002   1.0000000000000000     
   1610.7850341796875       0.85601913928985596        8.2167044281959534E-002   1.0000000000000000     
   1610.8217773437500       0.77991688251495361        7.8874319791793823E-002   1.0000000000000000     
   1610.8583984375000        1.0140017271041870        9.0142264962196350E-002   1.0000000000000000     
   1610.8951416015625       0.89483982324600220        8.4767490625381470E-002   1.0000000000000000     
   1610.9318847656250       0.95746320486068726        8.6868792772293091E-002   1.0000000000000000     
   1610.9685058593750        1.0747503042221069        9.2889368534088135E-002   1.0000000000000000     
   1611.0052490234375        1.0531624555587769        9.0579606592655182E-002   1.0000000000000000     
   1611.0418701171875        1.0590299367904663        9.1101676225662231E-002   1.0000000000000000     
   1611.0786132812500        1.0785192251205444        9.2885650694370270E-002   1.0000000000000000     
   1611.1152343750000       0.96192973852157593        8.7911784648895264E-002   1.0000000000000000     
   1611.1519775390625        1.0429524183273315        9.0787932276725769E-002   1.0000000000000000     
   1611.1887207031250       0.96204656362533569        8.7749347090721130E-002   1.0000000000000000     
   1611.2253417968750       0.96780288219451904        8.8263817131519318E-002   1.0000000000000000     
   1611.2620849609375        1.0346091985702515        8.9935392141342163E-002   1.0000000000000000     
   1611.2987060546875       0.88067597150802612        8.3779357373714447E-002   1.0000000000000000     
   1611.3354492187500       0.94213145971298218        8.5827104747295380E-002   1.0000000000000000     
   1611.3720703125000       0.86005085706710815        8.3331070840358734E-002   1.0000000000000000     
   1611.4088134765625       0.96249109506607056        8.7753377854824066E-002   1.0000000000000000     
   1611.4454345703125        1.0359619855880737        9.1926306486129761E-002   1.0000000000000000     
   1611.4821777343750       0.94528901576995850        9.0153805911540985E-002   1.0000000000000000     
   1611.5189208984375       0.82702881097793579        8.4312677383422852E-002   1.0000000000000000     
   1611.5555419921875       0.92823535203933716        8.5514225065708160E-002   1.0000000000000000     
   1611.5922851562500       0.94016063213348389        8.6030021309852600E-002   1.0000000000000000     
   1611.6289062500000        1.1381185054779053        9.4440221786499023E-002   1.0000000000000000     
   1611.6656494140625        1.0103783607482910        8.9588873088359833E-002   1.0000000000000000     
   1611.7022705078125       0.97300070524215698        8.8857166469097137E-002   1.0000000000000000     
   1611.7390136718750       0.99854379892349243        8.8668204843997955E-002   1.0000000000000000     
   1611.7757568359375       0.98642683029174805        8.8022075593471527E-002   1.0000000000000000     
   1611.8123779296875       0.95265060663223267        8.6975947022438049E-002   1.0000000000000000     
   1611.8491210937500        1.0081785917282104        8.9487008750438690E-002   1.0000000000000000     
   1611.8857421875000        1.0091766119003296        8.9355356991291046E-002   1.0000000000000000     
   1611.9224853515625       0.92117136716842651        8.5124500095844269E-002   1.0000000000000000     
   1611.9591064453125       0.99424666166305542        8.9024066925048828E-002   1.0000000000000000     
   1611.9958496093750       0.76094871759414673        7.7667683362960815E-002   1.0000000000000000     
   1612.0324707031250       0.98486745357513428        8.9166916906833649E-002   1.0000000000000000     
   1612.0692138671875       0.92851638793945312        8.5649453103542328E-002   1.0000000000000000     
   1612.1059570312500       0.84398281574249268        8.1598900258541107E-002   1.0000000000000000     
!  ---- tick mark positions for above ----
!      1611.09064    11     1
!      1608.34134    12     1
