H	H+	C+	C+2	C+3	N+	N+2	N+4	O	O+2	O+5	O+6	P+	Si+	Si+2	Si+3	Si+4
3.98107e+13	1.03934e+18	6.04866e+10	2.42368e+13	1.64932e+14	3.88831e+09	3.50652e+12	1.42671e+14	1.77424e+05	9.84987e+12	1.64876e+15	1.73741e+15	1.79411e+06	7.01309e+07	7.41934e+09	9.32748e+10	6.64162e+12
3.98107e+13	9.76109e+17	6.40734e+10	2.50738e+13	1.66992e+14	4.28810e+09	3.77798e+12	1.40210e+14	2.13491e+05	1.08135e+13	1.55637e+15	1.54877e+15	2.06578e+06	7.96664e+07	8.42289e+09	1.06316e+11	7.08269e+12
3.98107e+13	9.16472e+17	6.79575e+10	2.59155e+13	1.68868e+14	4.73850e+09	4.06919e+12	1.37519e+14	2.57854e+05	1.18568e+13	1.46488e+15	1.37646e+15	2.37984e+06	9.03206e+07	9.53973e+09	1.21027e+11	7.54003e+12
3.98107e+13	8.60203e+17	7.21821e+10	2.67636e+13	1.70552e+14	5.24698e+09	4.38124e+12	1.34598e+14	3.12505e+05	1.29823e+13	1.37450e+15	1.21964e+15	2.74348e+06	1.02218e+08	1.07798e+10	1.37604e+11	8.01294e+12
3.98107e+13	8.07085e+17	7.68002e+10	2.76209e+13	1.72036e+14	5.82241e+09	4.71522e+12	1.31450e+14	3.79946e+05	1.41927e+13	1.28557e+15	1.07726e+15	3.16532e+06	1.15506e+08	1.21537e+10	1.56260e+11	8.50043e+12
3.98107e+13	7.56808e+17	8.18535e+10	2.84867e+13	1.73312e+14	6.47460e+09	5.07224e+12	1.28072e+14	4.63409e+05	1.54931e+13	1.19846e+15	9.47786e+14	3.65458e+06	1.30309e+08	1.36716e+10	1.77282e+11	9.00236e+12
3.98107e+13	7.09241e+17	8.74282e+10	2.93685e+13	1.74372e+14	7.21627e+09	5.45348e+12	1.24468e+14	5.66816e+05	1.68838e+13	1.11335e+15	8.30698e+14	4.22411e+06	1.46851e+08	1.53467e+10	2.00931e+11	9.51702e+12
3.98107e+13	6.64176e+17	9.36092e+10	3.02716e+13	1.75203e+14	8.06194e+09	5.86009e+12	1.20638e+14	6.95161e+05	1.83662e+13	1.03048e+15	7.25064e+14	4.88860e+06	1.65372e+08	1.71933e+10	2.27536e+11	1.00433e+13
3.98107e+13	6.21412e+17	1.00505e+11	3.12036e+13	1.75792e+14	9.02890e+09	6.29315e+12	1.16583e+14	8.54750e+05	1.99405e+13	9.50036e+14	6.29987e+14	5.66623e+06	1.86178e+08	1.92283e+10	2.57476e+11	1.05797e+13
3.98107e+13	5.80808e+17	1.08261e+11	3.21773e+13	1.76122e+14	1.01383e+10	6.75378e+12	1.12305e+14	1.05352e+06	2.16054e+13	8.72255e+14	5.44729e+14	6.58026e+06	2.09707e+08	2.14744e+10	2.91162e+11	1.11244e+13
3.98107e+13	5.42086e+17	1.17044e+11	3.32035e+13	1.76171e+14	1.14158e+10	7.24314e+12	1.07795e+14	1.30195e+06	2.33601e+13	7.97187e+14	4.68285e+14	7.65824e+06	2.36452e+08	2.39573e+10	3.29180e+11	1.16764e+13
3.98107e+13	5.05047e+17	1.27105e+11	3.43041e+13	1.75913e+14	1.28945e+10	7.76275e+12	1.03043e+14	1.61360e+06	2.52010e+13	7.24898e+14	3.99947e+14	8.93764e+06	2.67191e+08	2.67169e+10	3.72204e+11	1.22342e+13
3.98107e+13	4.69539e+17	1.38784e+11	3.55104e+13	1.75310e+14	1.46144e+10	8.31339e+12	9.80468e+13	2.00586e+06	2.71202e+13	6.55524e+14	3.39080e+14	1.04688e+07	3.03117e+08	2.98138e+10	4.20990e+11	1.27950e+13
3.98107e+13	4.35397e+17	1.52554e+11	3.68653e+13	1.74313e+14	1.66252e+10	8.89548e+12	9.27968e+13	2.50159e+06	2.91058e+13	5.89159e+14	2.85044e+14	1.23202e+07	3.46041e+08	3.33412e+10	4.76471e+11	1.33556e+13
3.98107e+13	4.02375e+17	1.69086e+11	3.84272e+13	1.72850e+14	1.89922e+10	9.50925e+12	8.72722e+13	3.13208e+06	3.11403e+13	5.25765e+14	2.37187e+14	1.45879e+07	3.98739e+08	3.74437e+10	5.39942e+11	1.39130e+13
3.98107e+13	3.70169e+17	1.89406e+11	4.02826e+13	1.70816e+14	2.18027e+10	1.01543e+13	8.14376e+13	3.94140e+06	3.31975e+13	4.65219e+14	1.94857e+14	1.74151e+07	4.65784e+08	4.23597e+10	6.13238e+11	1.44635e+13
3.98107e+13	3.38335e+17	2.15174e+11	4.25644e+13	1.68037e+14	2.51803e+10	1.08282e+13	7.52272e+13	4.99530e+06	3.52324e+13	4.07228e+14	1.57382e+14	2.10309e+07	5.55173e+08	4.84997e+10	6.99176e+11	1.50030e+13
3.98107e+13	3.06280e+17	2.49248e+11	4.54861e+13	1.64224e+14	2.93038e+10	1.15240e+13	6.85394e+13	6.39744e+06	3.71654e+13	3.51323e+14	1.24127e+14	2.58349e+07	6.82084e+08	5.66102e+10	8.02278e+11	1.55243e+13
3.98107e+13	2.72882e+17	2.97287e+11	4.94262e+13	1.58808e+14	3.44674e+10	1.22227e+13	6.11661e+13	8.33665e+06	3.88378e+13	2.96407e+14	9.42917e+13	3.26360e+07	8.79303e+08	6.81861e+10	9.31377e+11	1.60148e+13
3.98106e+13	2.35725e+17	3.73068e+11	5.51494e+13	1.50435e+14	4.12195e+10	1.28599e+13	5.26504e+13	1.12413e+07	3.98700e+13	2.39722e+14	6.66809e+13	4.35120e+07	1.23616e+09	8.67410e+10	1.10759e+12	1.64408e+13
3.98106e+13	2.04888e+17	4.63239e+11	6.08877e+13	1.41175e+14	4.80664e+10	1.32785e+13	4.53288e+13	1.48267e+07	4.03662e+13	1.93090e+14	4.72559e+13	5.81263e+07	1.75704e+09	1.09598e+11	1.29033e+12	1.66416e+13
3.98106e+13	1.79334e+17	5.65428e+11	6.60885e+13	1.31477e+14	5.47893e+10	1.34916e+13	3.91736e+13	1.92203e+07	4.05408e+13	1.54585e+14	3.35634e+13	7.71388e+07	2.47857e+09	1.35573e+11	1.47456e+12	1.66315e+13
3.98106e+13	1.55070e+17	6.95738e+11	7.11046e+13	1.20106e+14	6.17971e+10	1.34457e+13	3.34474e+13	2.52320e+07	4.02574e+13	1.19018e+14	2.27513e+13	1.04884e+08	3.60029e+09	1.67172e+11	1.68219e+12	1.63863e+13
3.98107e+13	1.32209e+17	8.60915e+11	7.53526e+13	1.07113e+14	6.88467e+10	1.30802e+13	2.82381e+13	3.38387e+07	3.96823e+13	8.66944e+13	1.44871e+13	1.47297e+08	5.37660e+09	2.04021e+11	1.91173e+12	1.58430e+13
3.98106e+13	1.11751e+17	1.05518e+12	7.79874e+13	9.33974e+13	7.56790e+10	1.24212e+13	2.36926e+13	4.64236e+07	3.92330e+13	5.96753e+13	8.70802e+12	2.12121e+08	8.08326e+09	2.43616e+11	2.14679e+12	1.49865e+13
3.98107e+13	9.54029e+16	1.24548e+12	7.85596e+13	8.09748e+13	8.22734e+10	1.16860e+13	1.99752e+13	6.36268e+07	3.93317e+13	4.05416e+13	5.23140e+12	2.99716e+08	1.16960e+10	2.81588e+11	2.35195e+12	1.39585e+13
3.98107e+13	8.31304e+16	1.40587e+12	7.76205e+13	7.08219e+13	8.89098e+10	1.10602e+13	1.70016e+13	8.51120e+07	3.98897e+13	2.83329e+13	3.29180e+12	4.02412e+08	1.59978e+10	3.16306e+11	2.51076e+12	1.29320e+13
3.98107e+13	7.37154e+16	1.53501e+12	7.58460e+13	6.25837e+13	9.57846e+10	1.05624e+13	1.45738e+13	1.10795e+08	4.06247e+13	2.04806e+13	2.17306e+12	5.15059e+08	2.09226e+10	3.48521e+11	2.62999e+12	1.19684e+13
3.98107e+13	6.61913e+16	1.63877e+12	7.36267e+13	5.57475e+13	1.02957e+11	1.01600e+13	1.25491e+13	1.40984e+08	4.13633e+13	1.52115e+13	1.48848e+12	6.35752e+08	2.65059e+10	3.78986e+11	2.71901e+12	1.10743e+13
3.98107e+13	5.99523e+16	1.72260e+12	7.11567e+13	4.99334e+13	1.10435e+11	9.82020e+12	1.08338e+13	1.76277e+08	4.20259e+13	1.15225e+13	1.04676e+12	7.64083e+08	3.28249e+10	4.08109e+11	2.78458e+12	1.02413e+13
3.98107e+13	5.46474e+16	1.79025e+12	6.85482e+13	4.49060e+13	1.18210e+11	9.52219e+12	9.36857e+12	2.17341e+08	4.25781e+13	8.85859e+12	7.50736e+11	8.99601e+08	3.99471e+10	4.36000e+11	2.83086e+12	9.46311e+12
3.98107e+13	5.00569e+16	1.84450e+12	6.58742e+13	4.05103e+13	1.26261e+11	9.25282e+12	8.11138e+12	2.64900e+08	4.30071e+13	6.89060e+12	5.46752e+11	1.04174e+09	4.79300e+10	4.62650e+11	2.86069e+12	8.73546e+12
3.98107e+13	4.60354e+16	1.88753e+12	6.31873e+13	3.66373e+13	1.34571e+11	9.00376e+12	7.03013e+12	3.19721e+08	4.33101e+13	5.41162e+12	4.03220e+11	1.18972e+09	5.68182e+10	4.87998e+11	2.87615e+12	8.05529e+12
3.98107e+13	4.24778e+16	1.92115e+12	6.05233e+13	3.32040e+13	1.43115e+11	8.76916e+12	6.09845e+12	3.82636e+08	4.34904e+13	4.28440e+12	3.00485e+11	1.34270e+09	6.66494e+10	5.11962e+11	2.87889e+12	7.41985e+12
3.98107e+13	3.92998e+16	1.94673e+12	5.78999e+13	3.01407e+13	1.51882e+11	8.54388e+12	5.29316e+12	4.54708e+08	4.35538e+13	3.41370e+12	2.25782e+11	1.49993e+09	7.74766e+10	5.34461e+11	2.87020e+12	6.82549e+12
3.98107e+13	3.64410e+16	1.96543e+12	5.53328e+13	2.73955e+13	1.60857e+11	8.32478e+12	4.59588e+12	5.37053e+08	4.35068e+13	2.73436e+12	1.70811e+11	1.66047e+09	8.93380e+10	5.55403e+11	2.85115e+12	6.26971e+12
3.98107e+13	3.38584e+16	1.97831e+12	5.28373e+13	2.49293e+13	1.70014e+11	8.11021e+12	3.99206e+12	6.30778e+08	4.33567e+13	2.20060e+12	1.30011e+11	1.82312e+09	1.02247e+11	5.74696e+11	2.82272e+12	5.75109e+12
3.98107e+13	3.15139e+16	1.98623e+12	5.04208e+13	2.27068e+13	1.79335e+11	7.89854e+12	3.46851e+12	7.37180e+08	4.31102e+13	1.77814e+12	9.94655e+10	1.98680e+09	1.16223e+11	5.92259e+11	2.78576e+12	5.26754e+12
3.98107e+13	2.93775e+16	1.98996e+12	4.80888e+13	2.06990e+13	1.88775e+11	7.68881e+12	3.01427e+12	8.57666e+08	4.27744e+13	1.44181e+12	7.64370e+10	2.15035e+09	1.31270e+11	6.08019e+11	2.74108e+12	4.81730e+12
3.98107e+13	2.74249e+16	1.99014e+12	4.58452e+13	1.88819e+13	1.98276e+11	7.48039e+12	2.62006e+12	9.93728e+08	4.23560e+13	1.17273e+12	5.89727e+10	2.31259e+09	1.47376e+11	6.21902e+11	2.68944e+12	4.39877e+12
3.98107e+13	2.56355e+16	1.98747e+12	4.36926e+13	1.72341e+13	2.07865e+11	7.27305e+12	2.27779e+12	1.14685e+09	4.18614e+13	9.56502e+11	4.56595e+10	2.47249e+09	1.64517e+11	6.33868e+11	2.63155e+12	4.01038e+12
3.98107e+13	2.39909e+16	1.98236e+12	4.16298e+13	1.57371e+13	2.17522e+11	7.06642e+12	1.98043e+12	1.31881e+09	4.12972e+13	7.81982e+11	3.54579e+10	2.62899e+09	1.82670e+11	6.43875e+11	2.56806e+12	3.65036e+12
3.98107e+13	2.24749e+16	1.97518e+12	3.96543e+13	1.43745e+13	2.27228e+11	6.86019e+12	1.72187e+12	1.51153e+09	4.06682e+13	6.40546e+11	2.76043e+10	2.78116e+09	2.01794e+11	6.51848e+11	2.49960e+12	3.31696e+12
3.98107e+13	2.10754e+16	1.96633e+12	3.77661e+13	1.31332e+13	2.36958e+11	6.65465e+12	1.49713e+12	1.72688e+09	3.99807e+13	5.25628e+11	2.15395e+10	2.92803e+09	2.21822e+11	6.57771e+11	2.42681e+12	3.00891e+12
3.98107e+13	1.97804e+16	1.95608e+12	3.59618e+13	1.20009e+13	2.46698e+11	6.44983e+12	1.30166e+12	1.96709e+09	3.92399e+13	4.31957e+11	1.68390e+10	3.06884e+09	2.42688e+11	6.61619e+11	2.35028e+12	2.72460e+12
3.98107e+13	1.85796e+16	1.94463e+12	3.42378e+13	1.09666e+13	2.56434e+11	6.24578e+12	1.13157e+12	2.23456e+09	3.84505e+13	3.55382e+11	1.31841e+10	3.20284e+09	2.64316e+11	6.63369e+11	2.27052e+12	2.46255e+12
3.98107e+13	1.74640e+16	1.93214e+12	3.25910e+13	1.00210e+13	2.66150e+11	6.04270e+12	9.83531e+11	2.53181e+09	3.76172e+13	2.92644e+11	1.03349e+10	3.32938e+09	2.86611e+11	6.63017e+11	2.18809e+12	2.22139e+12
3.98107e+13	1.64260e+16	1.91878e+12	3.10184e+13	9.15588e+12	2.75830e+11	5.84087e+12	8.54674e+11	2.86152e+09	3.67446e+13	2.41145e+11	8.10908e+09	3.44791e+09	3.09459e+11	6.60570e+11	2.10349e+12	1.99986e+12
3.98107e+13	1.54587e+16	1.90468e+12	2.95169e+13	8.36397e+12	2.85461e+11	5.64054e+12	7.42512e+11	3.22659e+09	3.58370e+13	1.98803e+11	6.36719e+09	3.55794e+09	3.32735e+11	6.56052e+11	2.01724e+12	1.79671e+12
3.98107e+13	1.45559e+16	1.88989e+12	2.80826e+13	7.63852e+12	2.95031e+11	5.44188e+12	6.44851e+11	3.63020e+09	3.48982e+13	1.63931e+11	5.00143e+09	3.65909e+09	3.56311e+11	6.49489e+11	1.92979e+12	1.61072e+12
3.98107e+13	1.37124e+16	1.87454e+12	2.67134e+13	6.97389e+12	3.04529e+11	5.24528e+12	5.59855e+11	4.07558e+09	3.39327e+13	1.35191e+11	3.92976e+09	3.75107e+09	3.80028e+11	6.40948e+11	1.84165e+12	1.44084e+12
3.98107e+13	1.29225e+16	1.85856e+12	2.54044e+13	6.36439e+12	3.13949e+11	5.05069e+12	4.85810e+11	4.56673e+09	3.29430e+13	1.11456e+11	3.08709e+09	3.83357e+09	4.03757e+11	6.30459e+11	1.75314e+12	1.28582e+12
3.98107e+13	1.21830e+16	1.84214e+12	2.41548e+13	5.80581e+12	3.23271e+11	4.85869e+12	4.21394e+11	5.10693e+09	3.19343e+13	9.18683e+10	2.42491e+09	3.90652e+09	4.27300e+11	6.18143e+11	1.66482e+12	1.14485e+12
3.98107e+13	1.14906e+16	1.82557e+12	2.29648e+13	5.29260e+12	3.32503e+11	4.66989e+12	3.65247e+11	5.70156e+09	3.09200e+13	7.56716e+10	1.90373e+09	3.97036e+09	4.50654e+11	6.04360e+11	1.57784e+12	1.01607e+12
3.98107e+13	1.08410e+16	1.80864e+12	2.18288e+13	4.82203e+12	3.41616e+11	4.48410e+12	3.16416e+11	6.35367e+09	2.98934e+13	6.22932e+10	1.49384e+09	4.02467e+09	4.73483e+11	5.88953e+11	1.49174e+12	8.99469e+11
3.98107e+13	1.02308e+16	1.79135e+12	2.07436e+13	4.39056e+12	3.50605e+11	4.30145e+12	2.73956e+11	7.06792e+09	2.88567e+13	5.12401e+10	1.17138e+09	4.06948e+09	4.95602e+11	5.72028e+11	1.40682e+12	7.94187e+11
3.98107e+13	9.65761e+15	1.77377e+12	1.97078e+13	3.99516e+12	3.59453e+11	4.12224e+12	2.37068e+11	7.84854e+09	2.78139e+13	4.21143e+10	9.17882e+08	4.10497e+09	5.16820e+11	5.53748e+11	1.32347e+12	6.99432e+11
3.98107e+13	9.11901e+15	1.75599e+12	1.87198e+13	3.63295e+12	3.68148e+11	3.94680e+12	2.05045e+11	8.69989e+09	2.67688e+13	3.45856e+10	7.18754e+08	4.13146e+09	5.36947e+11	5.34295e+11	1.24206e+12	6.14430e+11
3.98107e+13	8.61177e+15	1.73788e+12	1.77756e+13	3.30092e+12	3.76685e+11	3.77493e+12	1.77218e+11	9.62811e+09	2.57228e+13	2.83681e+10	5.62170e+08	4.14901e+09	5.55850e+11	5.13787e+11	1.16274e+12	5.38281e+11
3.98107e+13	8.13465e+15	1.71967e+12	1.68753e+13	2.99692e+12	3.85046e+11	3.60714e+12	1.53084e+11	1.06370e+10	2.46807e+13	2.32448e+10	4.39318e+08	4.15818e+09	5.73339e+11	4.92459e+11	1.08590e+12	4.70373e+11
3.98107e+13	7.68562e+15	1.70136e+12	1.60168e+13	2.71870e+12	3.93220e+11	3.44354e+12	1.32161e+11	1.17319e+10	2.36455e+13	1.90259e+10	3.42990e+08	4.15934e+09	5.89279e+11	4.70491e+11	1.01177e+12	4.09992e+11
3.98107e+13	7.26318e+15	1.68307e+12	1.51989e+13	2.46428e+12	4.01190e+11	3.28439e+12	1.14042e+11	1.29170e+10	2.26208e+13	1.55569e+10	2.67565e+08	4.15302e+09	6.03536e+11	4.48097e+11	9.40583e+11	3.56501e+11
3.98107e+13	6.86555e+15	1.66481e+12	1.44199e+13	2.23173e+12	4.08947e+11	3.12975e+12	9.83570e+10	1.41976e+10	2.16090e+13	1.27063e+10	2.08541e+08	4.13964e+09	6.16018e+11	4.25450e+11	8.72484e+11	3.09251e+11
3.98107e+13	6.49135e+15	1.64667e+12	1.36782e+13	2.01933e+12	4.16474e+11	2.97976e+12	8.47900e+10	1.55779e+10	2.06133e+13	1.03672e+10	1.62410e+08	4.11975e+09	6.26644e+11	4.02746e+11	8.07621e+11	2.67658e+11
3.98107e+13	6.13924e+15	1.62870e+12	1.29727e+13	1.82551e+12	4.23759e+11	2.83455e+12	7.30643e+10	1.70626e+10	1.96364e+13	8.45021e+09	1.26395e+08	4.09391e+09	6.35365e+11	3.80162e+11	7.46094e+11	2.31165e+11
3.98107e+13	5.80797e+15	1.61097e+12	1.23019e+13	1.64879e+12	4.30790e+11	2.69419e+12	6.29371e+10	1.86555e+10	1.86808e+13	6.88113e+09	9.83060e+07	4.06266e+09	6.42159e+11	3.57866e+11	6.87964e+11	1.99250e+11
3.98107e+13	5.49635e+15	1.59353e+12	1.16644e+13	1.48782e+12	4.37553e+11	2.55876e+12	5.41965e+10	2.03606e+10	1.77488e+13	5.59842e+09	7.64213e+07	4.02655e+09	6.47030e+11	3.36005e+11	6.33253e+11	1.71426e+11
3.98107e+13	5.20326e+15	1.57642e+12	1.10589e+13	1.34134e+12	4.44035e+11	2.42827e+12	4.66573e+10	2.21811e+10	1.68424e+13	4.55106e+09	5.93851e+07	3.98610e+09	6.50013e+11	3.14712e+11	5.81951e+11	1.47240e+11
3.98107e+13	4.92762e+15	1.55967e+12	1.04841e+13	1.20819e+12	4.50227e+11	2.30273e+12	4.01575e+10	2.41203e+10	1.59631e+13	3.69679e+09	4.61329e+07	3.94180e+09	6.51162e+11	2.94095e+11	5.34007e+11	1.26274e+11
3.98107e+13	4.66841e+15	1.54331e+12	9.93853e+12	1.08729e+12	4.56115e+11	2.18211e+12	3.45570e+10	2.61810e+10	1.51125e+13	3.00080e+09	3.58316e+07	3.89415e+09	6.50555e+11	2.74249e+11	4.89352e+11	1.08147e+11
3.98107e+13	4.42469e+15	1.52736e+12	9.42105e+12	9.77628e+11	4.61689e+11	2.06639e+12	2.97336e+10	2.83649e+10	1.42917e+13	2.43435e+09	2.78290e+07	3.84359e+09	6.48287e+11	2.55246e+11	4.47889e+11	9.25139e+10
3.98107e+13	4.19554e+15	1.51183e+12	8.93031e+12	8.78279e+11	4.66939e+11	1.95550e+12	2.55809e+10	3.06739e+10	1.35015e+13	1.97375e+09	2.16147e+07	3.79052e+09	6.44469e+11	2.37139e+11	4.09497e+11	7.90613e+10
3.98107e+13	3.98005e+15	1.49671e+12	8.46503e+12	7.88370e+11	4.71855e+11	1.84935e+12	2.20064e+10	3.31094e+10	1.27426e+13	1.59950e+09	1.67903e+07	3.73531e+09	6.39221e+11	2.19961e+11	3.74040e+11	6.75077e+10
3.98107e+13	3.77741e+15	1.48198e+12	8.02396e+12	7.07097e+11	4.76429e+11	1.74784e+12	1.89304e+10	3.56721e+10	1.20151e+13	1.29564e+09	1.30456e+07	3.67829e+09	6.32671e+11	2.03729e+11	3.41369e+11	5.76024e+10
3.98107e+13	3.58679e+15	1.46765e+12	7.60589e+12	6.33710e+11	4.80653e+11	1.65085e+12	1.62837e+10	3.83627e+10	1.13191e+13	1.04908e+09	1.01390e+07	3.61976e+09	6.24950e+11	1.88449e+11	3.11328e+11	4.91233e+10
3.98107e+13	3.40693e+15	1.45361e+12	7.20847e+12	5.67352e+11	4.84513e+11	1.55799e+12	1.40007e+10	4.11862e+10	1.06525e+13	8.48696e+08	7.87793e+06	3.55975e+09	6.16153e+11	1.74070e+11	2.83682e+11	4.18584e+10
3.98107e+13	3.23865e+15	1.44001e+12	6.83406e+12	5.07865e+11	4.88020e+11	1.46991e+12	1.20473e+10	4.41263e+10	1.00206e+13	6.87036e+08	6.13110e+06	3.49912e+09	6.06520e+11	1.60694e+11	2.58490e+11	3.56844e+10
3.98107e+13	3.07972e+15	1.42665e+12	6.47806e+12	4.54171e+11	4.91149e+11	1.38568e+12	1.03618e+10	4.71981e+10	9.41727e+12	5.55701e+08	4.77078e+06	3.43746e+09	5.96064e+11	1.48173e+11	2.35371e+11	3.04031e+10
3.98107e+13	2.93001e+15	1.41356e+12	6.14059e+12	4.05881e+11	4.93901e+11	1.30543e+12	8.91150e+09	5.03951e+10	8.84362e+12	4.49320e+08	3.71403e+06	3.37512e+09	5.84942e+11	1.36515e+11	2.14239e+11	2.59006e+10
3.98107e+13	2.78891e+15	1.40069e+12	5.82064e+12	3.62491e+11	4.96268e+11	1.22899e+12	7.66360e+09	5.37153e+10	8.29888e+12	3.63179e+08	2.89278e+06	3.31228e+09	5.73264e+11	1.25680e+11	1.94945e+11	2.20642e+10
3.98107e+13	2.65587e+15	1.38801e+12	5.51725e+12	3.23537e+11	4.98245e+11	1.15623e+12	6.58973e+09	5.71565e+10	7.78219e+12	2.93448e+08	0	3.24906e+09	5.61134e+11	1.15628e+11	1.77344e+11	1.87968e+10
3.98107e+13	2.53034e+15	1.37548e+12	5.22953e+12	2.88594e+11	4.99827e+11	1.08700e+12	5.66557e+09	6.07162e+10	7.29261e+12	2.37016e+08	0	3.18557e+09	5.48646e+11	1.06317e+11	1.61297e+11	1.60149e+10
3.98107e+13	2.41183e+15	1.36307e+12	4.95660e+12	2.57272e+11	5.01008e+11	1.02116e+12	4.87015e+09	6.43913e+10	6.82914e+12	1.91358e+08	0	3.12194e+09	5.35885e+11	9.77027e+10	1.46676e+11	1.36466e+10
3.98107e+13	2.29987e+15	1.35074e+12	4.69766e+12	2.29217e+11	5.01784e+11	9.58572e+11	4.18552e+09	6.81784e+10	6.39077e+12	1.54428e+08	0	3.05823e+09	5.22929e+11	8.97414e+10	1.33360e+11	1.16308e+10
3.98107e+13	2.19404e+15	1.33846e+12	4.45193e+12	2.04105e+11	5.02151e+11	8.99096e+11	3.59621e+09	7.20735e+10	5.97645e+12	1.24566e+08	0	2.99455e+09	5.09847e+11	8.23905e+10	1.21237e+11	9.91488e+09
3.98107e+13	2.09391e+15	1.32619e+12	4.21869e+12	1.81641e+11	5.02103e+11	8.42606e+11	3.08892e+09	7.60724e+10	5.58515e+12	1.00425e+08	0	2.93096e+09	4.96699e+11	7.56083e+10	1.10202e+11	8.45419e+09
3.98107e+13	1.99913e+15	1.31391e+12	3.99726e+12	1.61560e+11	5.01637e+11	7.88976e+11	2.65225e+09	8.01704e+10	5.21583e+12	8.09158e+07	0	2.86752e+09	4.83539e+11	6.93549e+10	1.00159e+11	7.21057e+09
3.98107e+13	1.90933e+15	1.30157e+12	3.78698e+12	1.43618e+11	5.00749e+11	7.38088e+11	2.27638e+09	8.43624e+10	4.86747e+12	6.51558e+07	0	2.80431e+09	4.70412e+11	6.35923e+10	9.10212e+10	6.15157e+09
3.98107e+13	1.82420e+15	1.28916e+12	3.58725e+12	1.27597e+11	4.99438e+11	6.89827e+11	1.95287e+09	8.86429e+10	4.53906e+12	5.24291e+07	0	2.74136e+09	4.57359e+11	5.82840e+10	8.27061e+10	5.24956e+09
3.98107e+13	1.74342e+15	1.27664e+12	3.39751e+12	1.13300e+11	4.97699e+11	6.44084e+11	1.67446e+09	9.30061e+10	4.22965e+12	4.21567e+07	0	2.67874e+09	4.44413e+11	5.33964e+10	7.51403e+10	4.48108e+09
3.98107e+13	1.66672e+15	1.26399e+12	3.21721e+12	1.00547e+11	4.95533e+11	6.00755e+11	1.43491e+09	9.74459e+10	3.93828e+12	3.38692e+07	0	2.61648e+09	4.31603e+11	4.88974e+10	6.82562e+10	3.82616e+09
3.98107e+13	1.59384e+15	1.25118e+12	3.04586e+12	8.91775e+10	4.92936e+11	5.59741e+11	1.22885e+09	1.01956e+11	3.66404e+12	2.71868e+07	0	2.55463e+09	4.18953e+11	4.47571e+10	6.19921e+10	3.26785e+09
3.98107e+13	1.52453e+15	1.23819e+12	2.88298e+12	7.90472e+10	4.89910e+11	5.20945e+11	1.05163e+09	1.06529e+11	3.40605e+12	2.18020e+07	0	2.49322e+09	4.06483e+11	4.09479e+10	5.62918e+10	2.79175e+09
3.98107e+13	1.45857e+15	1.22499e+12	2.72812e+12	7.00251e+10	4.86455e+11	4.84276e+11	8.99283e+08	1.11158e+11	3.16348e+12	1.74655e+07	0	2.43228e+09	3.94208e+11	3.74438e+10	5.11043e+10	2.38561e+09
3.98107e+13	1.39548e+15	1.21149e+12	2.58026e+12	6.19684e+10	4.82531e+11	4.49524e+11	7.67937e+08	1.15847e+11	2.93466e+12	1.39666e+07	0	2.37158e+09	3.82085e+11	3.42097e+10	4.63664e+10	2.03806e+09
3.98107e+13	1.33561e+15	1.19781e+12	2.44026e+12	5.48260e+10	4.78222e+11	4.16858e+11	6.55548e+08	1.20567e+11	2.72059e+12	1.11627e+07	0	2.31168e+09	3.70237e+11	3.12474e+10	4.20708e+10	1.74237e+09
3.98107e+13	1.27849e+15	1.18387e+12	2.30712e+12	4.84752e+10	4.73494e+11	3.86070e+11	5.59072e+08	1.25321e+11	2.51965e+12	8.91038e+06	0	2.25234e+09	3.58616e+11	2.85243e+10	3.81612e+10	1.48990e+09
3.98107e+13	1.22422e+15	1.16971e+12	2.18105e+12	4.28501e+10	4.68399e+11	3.57188e+11	4.76590e+08	1.30090e+11	2.33188e+12	7.10796e+06	0	2.19387e+09	3.47282e+11	2.60310e+10	3.46160e+10	1.27491e+09
3.98107e+13	1.17213e+15	1.15517e+12	2.06060e+12	3.78351e+10	4.62851e+11	3.29919e+11	4.05603e+08	1.34888e+11	2.15511e+12	5.65805e+06	0	2.13572e+09	3.36129e+11	2.37309e+10	3.13765e+10	1.09060e+09
3.98107e+13	1.12235e+15	1.14032e+12	1.94605e+12	3.33833e+10	4.56904e+11	3.04306e+11	3.44796e+08	1.39695e+11	1.98951e+12	4.49709e+06	0	2.07820e+09	3.25213e+11	2.16184e+10	2.84282e+10	9.33099e+08
3.98107e+13	1.07449e+15	1.12505e+12	1.83659e+12	2.94193e+10	4.50514e+11	2.80184e+11	2.92567e+08	1.44515e+11	1.83383e+12	3.56587e+06	0	2.02105e+09	3.14481e+11	1.96710e+10	2.57347e+10	7.98039e+08
3.98107e+13	1.02890e+15	1.10953e+12	1.73301e+12	2.59187e+10	4.43800e+11	2.57678e+11	2.48093e+08	1.49318e+11	1.68884e+12	2.82488e+06	0	1.96485e+09	3.04044e+11	1.78914e+10	2.32943e+10	6.82991e+08
3.98107e+13	9.85270e+14	1.09368e+12	1.63458e+12	2.28178e+10	4.36731e+11	2.36632e+11	2.10118e+08	1.54104e+11	1.55341e+12	2.23415e+06	0	1.90938e+09	2.93853e+11	1.62597e+10	2.10752e+10	5.84646e+08
3.98107e+13	9.43634e+14	1.07755e+12	1.54143e+12	2.00810e+10	4.29367e+11	2.17040e+11	1.77818e+08	1.58859e+11	1.42741e+12	1.76496e+06	0	1.85486e+09	2.83947e+11	1.47688e+10	1.90638e+10	5.00764e+08
3.98107e+13	9.03325e+14	1.06091e+12	1.45203e+12	1.76408e+10	4.21561e+11	1.98628e+11	1.50083e+08	1.63603e+11	1.30894e+12	1.38955e+06	0	1.80054e+09	2.74177e+11	1.33920e+10	1.72203e+10	4.28532e+08
3.98107e+13	8.64853e+14	1.04401e+12	1.36754e+12	1.54918e+10	4.13504e+11	1.81556e+11	1.26574e+08	1.68297e+11	1.19904e+12	1.09272e+06	0	1.74725e+09	2.64695e+11	1.21367e+10	1.55518e+10	3.66963e+08
3.98107e+13	8.27939e+14	1.02678e+12	1.28730e+12	1.35933e+10	4.05160e+11	1.65690e+11	1.06593e+08	1.72944e+11	1.09680e+12	8.57597e+05	0	1.69475e+09	2.55449e+11	1.09885e+10	1.40360e+10	3.14290e+08
3.98107e+13	7.92509e+14	1.00922e+12	1.21115e+12	1.19172e+10	3.96554e+11	1.50973e+11	8.96341e+07	1.77536e+11	1.00181e+12	6.71714e+05	0	1.64307e+09	2.46438e+11	9.93912e+09	1.26597e+10	2.69223e+08
3.98107e+13	7.58494e+14	9.91351e+11	1.13889e+12	1.04389e+10	3.87711e+11	1.37346e+11	7.52618e+07	1.82065e+11	9.13681e+11	5.25051e+05	0	1.59223e+09	2.37661e+11	8.98102e+09	1.14106e+10	2.30664e+08
3.98107e+13	7.25835e+14	9.73199e+11	1.07039e+12	9.13614e+09	3.78657e+11	1.24755e+11	6.31007e+07	1.86523e+11	8.32052e+11	0	0	1.54226e+09	2.29116e+11	8.10720e+09	1.02778e+10	1.97672e+08
3.98107e+13	6.94474e+14	9.54785e+11	1.00548e+12	7.98913e+09	3.69422e+11	1.13143e+11	5.28269e+07	1.90904e+11	7.56564e+11	0	0	1.49320e+09	2.20804e+11	7.31114e+09	9.25105e+09	1.69443e+08
3.98107e+13	6.64360e+14	9.36137e+11	9.44003e+11	6.98019e+09	3.60035e+11	1.02456e+11	4.41616e+07	1.95199e+11	6.86874e+11	0	0	1.44507e+09	2.12723e+11	6.58677e+09	8.32118e+09	1.45288e+08
3.98107e+13	6.35445e+14	9.17284e+11	8.85830e+11	6.09356e+09	3.50526e+11	9.26400e+10	3.68651e+07	1.99403e+11	6.22653e+11	0	0	1.39791e+09	2.04872e+11	5.92845e+09	7.47970e+09	1.24619e+08
3.98107e+13	6.07687e+14	8.98263e+11	8.30822e+11	5.31522e+09	3.40925e+11	8.36436e+10	3.07317e+07	2.03509e+11	5.63583e+11	0	0	1.35174e+09	1.97252e+11	5.33094e+09	6.71885e+09	1.06933e+08
3.98107e+13	5.81261e+14	8.79258e+11	7.79279e+11	4.63678e+09	3.31361e+11	7.54643e+10	2.56132e+07	2.07499e+11	5.09696e+11	0	0	1.30696e+09	1.89924e+11	4.79262e+09	6.03577e+09	9.18761e+07
3.98107e+13	5.55476e+14	8.59857e+11	7.29770e+11	4.03454e+09	3.21573e+11	6.79042e+10	2.12722e+07	2.11403e+11	4.59662e+11	0	0	1.26250e+09	1.82698e+11	4.29902e+09	5.41106e+09	7.88442e+07
3.98107e+13	5.30949e+14	8.40548e+11	6.83472e+11	3.51109e+09	3.11881e+11	6.10625e+10	1.76651e+07	2.15181e+11	4.14220e+11	0	0	1.21949e+09	1.75763e+11	3.85574e+09	4.85154e+09	6.77562e+07
3.98107e+13	5.07430e+14	8.21222e+11	6.39831e+11	3.05342e+09	3.02218e+11	5.48429e+10	1.46530e+07	2.18840e+11	3.72747e+11	0	0	1.17757e+09	1.69053e+11	3.45552e+09	4.34745e+09	5.82638e+07
3.98107e+13	4.84884e+14	8.01916e+11	5.98725e+11	2.65364e+09	2.92611e+11	4.91996e+10	1.21415e+07	2.22376e+11	3.34968e+11	0	0	1.13676e+09	1.62568e+11	3.09463e+09	3.89366e+09	5.01352e+07
3.98107e+13	4.63408e+14	7.82776e+11	5.60278e+11	2.30633e+09	2.83152e+11	4.41106e+10	1.00587e+07	2.25782e+11	3.00775e+11	0	0	1.09733e+09	1.56344e+11	2.77099e+09	3.48735e+09	4.31981e+07
3.98107e+13	4.42712e+14	7.63627e+11	5.23890e+11	2.00202e+09	2.73733e+11	3.94889e+10	8.31902e+06	2.29064e+11	2.69598e+11	0	0	1.05880e+09	1.50301e+11	2.47850e+09	3.12046e+09	3.72285e+07
3.98107e+13	4.22896e+14	7.44608e+11	4.89695e+11	1.73694e+09	2.64443e+11	3.53181e+10	6.87458e+06	2.32216e+11	2.41359e+11	0	0	1.02141e+09	1.44475e+11	2.21569e+09	2.79104e+09	3.21109e+07
3.98107e+13	4.03928e+14	7.25778e+11	4.57557e+11	1.50616e+09	2.55301e+11	3.15596e+10	5.67663e+06	2.35237e+11	2.15822e+11	0	0	9.85188e+08	1.38862e+11	1.97978e+09	2.49548e+09	2.77212e+07
3.98107e+13	3.85782e+14	7.07119e+11	4.27426e+11	1.30556e+09	2.46325e+11	2.81794e+10	4.68450e+06	2.38123e+11	1.92779e+11	0	0	9.50111e+08	1.33460e+11	1.76827e+09	2.23054e+09	2.39543e+07
3.98107e+13	3.68429e+14	6.88684e+11	3.99172e+11	1.13125e+09	2.37530e+11	2.51431e+10	3.86362e+06	2.40877e+11	1.72018e+11	0	0	9.16181e+08	1.28264e+11	1.57880e+09	1.99319e+09	2.07195e+07
3.98107e+13	3.51651e+14	6.70295e+11	3.72394e+11	9.78682e+08	2.28824e+11	2.23983e+10	3.18025e+06	2.43504e+11	1.53187e+11	0	0	8.83017e+08	1.23213e+11	1.40785e+09	1.77898e+09	1.79204e+07
3.98107e+13	3.35876e+14	6.52476e+11	3.47722e+11	8.47927e+08	2.20476e+11	1.99681e+10	2.62228e+06	2.45986e+11	1.36485e+11	0	0	8.51516e+08	1.18441e+11	1.25684e+09	1.58969e+09	1.55395e+07
3.98107e+13	3.20731e+14	6.34862e+11	3.24519e+11	7.34119e+08	2.12299e+11	1.77858e+10	2.16022e+06	2.48342e+11	1.21448e+11	0	0	8.20972e+08	1.13838e+11	1.12137e+09	1.41978e+09	1.34834e+07
3.98107e+13	3.06265e+14	6.17563e+11	3.02812e+11	6.35487e+08	2.04345e+11	1.58352e+10	1.77917e+06	2.50567e+11	1.07980e+11	0	0	7.91526e+08	1.09422e+11	1.00040e+09	1.26795e+09	1.17124e+07
3.98107e+13	2.92454e+14	6.00595e+11	2.82516e+11	5.50049e+08	1.96620e+11	1.40934e+10	1.46513e+06	2.52663e+11	9.59341e+10	0	0	7.63159e+08	1.05189e+11	8.92419e+08	1.13231e+09	1.01855e+07
3.98107e+13	2.79369e+14	5.84092e+11	2.63696e+11	4.76477e+08	1.89186e+11	1.25473e+10	1.20765e+06	2.54634e+11	8.52306e+10	0	0	7.36056e+08	1.01163e+11	7.96597e+08	1.01184e+09	8.87402e+06
3.98107e+13	2.66704e+14	5.67732e+11	2.45848e+11	4.12100e+08	1.81879e+11	1.11553e+10	9.93594e+05	2.56478e+11	7.55808e+10	0	0	7.09613e+08	9.72515e+10	7.10288e+08	9.03196e+08	7.73070e+06
3.98107e+13	2.54698e+14	5.51835e+11	2.29300e+11	3.56699e+08	1.74856e+11	9.92122e+09	8.18232e+05	2.58203e+11	6.70216e+10	0	0	6.84350e+08	9.35316e+10	6.33725e+08	8.06728e+08	6.74650e+06
3.98107e+13	2.43246e+14	5.36314e+11	2.13855e+11	3.08779e+08	1.68069e+11	8.82265e+09	6.73922e+05	2.59809e+11	5.94007e+10	0	0	6.60074e+08	8.99719e+10	5.65504e+08	7.20674e+08	5.89464e+06
3.98107e+13	2.32416e+14	5.21296e+11	1.99569e+11	2.67589e+08	1.61573e+11	7.85075e+09	5.55788e+05	2.61302e+11	5.26609e+10	0	0	6.36953e+08	8.65959e+10	5.05080e+08	6.44370e+08	5.16033e+06
3.98107e+13	2.21936e+14	5.06457e+11	1.86039e+11	2.31582e+08	1.55213e+11	6.97767e+09	4.57655e+05	2.62678e+11	4.66071e+10	0	0	6.14433e+08	8.33197e+10	4.50705e+08	5.75614e+08	4.51742e+06
3.98107e+13	2.12004e+14	4.92091e+11	1.73498e+11	2.00596e+08	1.49120e+11	6.20487e+09	3.77254e+05	2.63944e+11	4.12552e+10	0	0	5.92952e+08	8.02068e+10	4.02495e+08	5.14578e+08	3.96139e+06
3.98107e+13	2.02535e+14	4.78116e+11	1.61806e+11	1.73809e+08	1.43251e+11	5.51816e+09	3.11100e+05	2.65104e+11	3.65059e+10	0	0	5.72348e+08	7.72318e+10	3.59567e+08	4.60161e+08	3.47804e+06
3.98107e+13	1.93483e+14	4.64495e+11	1.50872e+11	1.50602e+08	1.37587e+11	4.90694e+09	2.56569e+05	2.66155e+11	3.22865e+10	0	0	5.52536e+08	7.43811e+10	3.21272e+08	4.11551e+08	3.05669e+06
3.98107e+13	1.84906e+14	4.51336e+11	1.40751e+11	1.30632e+08	1.32171e+11	4.36631e+09	2.11860e+05	2.67114e+11	2.85623e+10	0	0	5.33659e+08	7.16746e+10	2.87309e+08	3.68395e+08	2.69098e+06
3.98107e+13	1.76707e+14	4.38527e+11	1.31287e+11	1.13323e+08	1.26949e+11	3.88517e+09	1.74974e+05	2.67971e+11	2.52567e+10	0	0	5.15518e+08	6.90819e+10	2.57001e+08	3.29831e+08	2.37137e+06
3.98107e+13	1.68926e+14	4.26154e+11	1.22503e+11	9.83951e+07	1.21952e+11	3.45904e+09	1.44667e+05	2.68731e+11	2.23389e+10	0	0	4.98214e+08	6.66167e+10	2.30028e+08	2.95535e+08	2.09296e+06
3.98107e+13	1.61504e+14	4.14155e+11	1.14307e+11	8.54675e+07	1.17150e+11	3.08033e+09	1.19673e+05	2.69392e+11	1.97556e+10	0	0	4.81633e+08	6.42612e+10	2.05890e+08	2.64923e+08	1.84937e+06
3.98107e+13	1.54410e+14	4.02495e+11	1.06649e+11	7.42587e+07	1.12526e+11	2.74336e+09	9.90312e+04	2.69961e+11	1.74656e+10	0	0	4.65711e+08	6.20061e+10	1.84350e+08	2.37559e+08	1.63578e+06
3.98107e+13	1.47673e+14	3.91237e+11	9.95405e+10	6.45811e+07	1.08102e+11	2.44475e+09	8.20408e+04	2.70447e+11	1.54451e+10	0	0	4.50523e+08	5.98609e+10	1.65202e+08	2.13195e+08	1.44901e+06
3.98107e+13	1.41275e+14	3.80375e+11	9.29423e+10	5.62206e+07	1.03871e+11	2.18005e+09	6.80441e+04	2.70852e+11	1.36627e+10	0	0	4.36037e+08	5.78204e+10	1.48174e+08	1.91493e+08	1.28547e+06
3.98107e+13	1.35139e+14	3.69798e+11	8.67564e+10	4.89455e+07	9.97871e+10	1.94390e+09	5.64397e+04	2.71171e+11	1.20802e+10	0	0	4.22087e+08	5.58606e+10	1.32928e+08	1.72032e+08	1.14126e+06
3.98107e+13	1.29312e+14	3.59602e+11	8.10161e+10	4.26575e+07	9.58832e+10	1.73454e+09	4.68716e+04	2.71416e+11	1.06850e+10	0	0	4.08790e+08	5.39970e+10	1.19364e+08	1.54688e+08	1.01473e+06
3.98107e+13	1.23761e+14	3.49744e+11	7.56707e+10	3.72063e+07	9.21399e+10	1.54846e+09	3.89598e+04	2.71587e+11	9.45234e+09	0	0	3.96072e+08	5.22190e+10	1.07262e+08	1.39191e+08	9.03344e+05
3.98107e+13	1.18471e+14	3.40215e+11	7.06929e+10	3.24781e+07	8.85510e+10	1.38303e+09	3.24127e+04	2.71687e+11	8.36327e+09	0	0	3.83911e+08	5.05225e+10	9.64607e+07	1.25337e+08	8.05180e+05
3.98107e+13	1.13447e+14	3.31040e+11	6.60735e+10	2.83842e+07	8.51219e+10	1.23622e+09	2.70009e+04	2.71722e+11	7.40331e+09	0	0	3.72323e+08	4.89096e+10	8.68354e+07	1.12973e+08	7.18737e+05
3.98107e+13	1.08627e+14	3.22115e+11	6.17406e+10	2.48118e+07	8.18121e+10	1.10503e+09	2.24974e+04	2.71683e+11	6.55129e+09	0	0	3.61166e+08	4.73598e+10	7.81971e+07	1.01860e+08	6.42064e+05
3.98107e+13	1.04050e+14	3.13525e+11	5.77200e+10	2.17158e+07	7.86502e+10	9.88546e+08	1.87701e+04	2.71584e+11	5.80047e+09	0	0	3.50538e+08	4.58864e+10	7.04928e+07	9.19343e+07	5.74406e+05
3.98107e+13	9.96762e+13	3.05210e+11	5.39657e+10	1.90195e+07	7.56122e+10	8.84679e+08	1.56717e+04	2.71421e+11	5.13618e+09	0	0	3.40353e+08	4.44771e+10	6.35915e+07	8.30296e+07	5.14424e+05
3.98107e+13	9.55289e+13	2.97221e+11	5.04870e+10	1.66817e+07	7.27136e+10	7.92455e+08	1.31046e+04	2.71210e+11	4.55114e+09	0	0	3.30666e+08	4.31390e+10	5.74334e+07	7.50733e+07	4.61412e+05
3.98107e+13	9.15652e+13	2.89489e+11	4.72375e+10	1.46423e+07	6.99279e+10	7.10131e+08	0	2.70938e+11	4.03331e+09	0	0	3.21382e+08	4.18587e+10	5.19092e+07	6.79257e+07	4.14298e+05
3.98107e+13	8.77866e+13	2.82025e+11	4.42098e+10	1.28652e+07	6.72570e+10	6.36732e+08	0	2.70614e+11	3.57567e+09	0	0	3.12507e+08	4.06368e+10	4.69582e+07	6.15111e+07	3.72442e+05
3.98107e+13	8.41839e+13	2.74820e+11	4.13886e+10	1.13154e+07	6.46961e+10	5.71258e+08	0	2.70240e+11	3.17116e+09	0	0	3.04023e+08	3.94704e+10	4.25180e+07	5.57506e+07	3.35216e+05
3.98107e+13	8.07486e+13	2.67866e+11	3.87594e+10	9.96278e+06	6.22403e+10	5.12822e+08	0	2.69818e+11	2.81354e+09	0	0	2.95913e+08	3.83570e+10	3.85329e+07	5.05740e+07	3.02070e+05
3.98107e+13	7.74724e+13	2.61152e+11	3.63088e+10	8.78120e+06	5.98849e+10	4.60640e+08	0	2.69351e+11	2.49729e+09	0	0	2.88159e+08	3.72938e+10	3.49536e+07	4.59185e+07	2.72522e+05
3.98107e+13	7.43476e+13	2.54672e+11	3.40241e+10	7.74815e+06	5.76257e+10	4.14017e+08	0	2.68841e+11	2.21756e+09	0	0	2.80746e+08	3.62786e+10	3.17364e+07	4.17289e+07	2.46153e+05
3.98107e+13	7.13666e+13	2.48415e+11	3.18939e+10	6.84413e+06	5.54583e+10	3.72337e+08	0	2.68291e+11	1.97005e+09	0	0	2.73659e+08	3.53089e+10	2.88423e+07	3.79554e+07	2.22593e+05
3.98107e+13	6.85224e+13	2.42374e+11	2.99072e+10	6.05231e+06	5.33788e+10	3.35054e+08	0	2.67703e+11	1.75099e+09	0	0	2.66882e+08	3.43827e+10	2.62368e+07	3.45544e+07	2.01521e+05
3.98107e+13	6.58081e+13	2.36541e+11	2.80539e+10	5.35808e+06	5.13832e+10	3.01685e+08	0	2.67080e+11	1.55704e+09	0	0	2.60400e+08	3.34976e+10	2.38891e+07	3.14864e+07	1.82651e+05
3.98107e+13	6.32110e+13	2.30894e+11	2.63204e+10	4.74789e+06	4.94634e+10	2.71759e+08	0	2.66418e+11	1.38501e+09	0	0	2.54185e+08	3.26496e+10	2.17691e+07	2.87130e+07	1.65713e+05
3.98107e+13	6.07538e+13	2.25486e+11	2.47170e+10	4.21485e+06	4.76356e+10	2.45080e+08	0	2.65741e+11	1.23339e+09	0	0	2.48294e+08	3.18462e+10	1.98652e+07	2.62195e+07	1.50582e+05
3.98107e+13	5.83832e+13	2.20209e+11	2.32047e+10	3.74302e+06	4.58638e+10	2.21014e+08	0	2.65018e+11	1.09814e+09	0	0	2.42599e+08	3.10700e+10	1.81352e+07	2.39517e+07	1.36913e+05
3.98107e+13	5.61281e+13	2.15128e+11	2.17981e+10	3.32875e+06	4.41685e+10	1.99472e+08	0	2.64274e+11	9.78501e+08	0	0	2.37171e+08	3.03306e+10	1.65747e+07	2.19038e+07	1.24644e+05
3.98107e+13	5.39687e+13	2.10205e+11	2.04811e+10	2.96318e+06	4.25368e+10	1.80108e+08	0	2.63501e+11	8.72224e+08	0	0	2.31963e+08	2.96215e+10	1.51607e+07	2.00466e+07	1.13583e+05
3.98107e+13	5.19110e+13	2.05457e+11	1.92539e+10	2.64126e+06	4.09730e+10	1.62741e+08	0	2.62710e+11	7.78046e+08	0	0	2.26992e+08	2.89448e+10	1.38819e+07	1.83653e+07	1.03625e+05
3.98107e+13	4.99493e+13	2.00876e+11	1.81096e+10	2.35739e+06	3.94737e+10	1.47152e+08	0	2.61903e+11	6.94528e+08	0	0	2.22245e+08	2.82986e+10	1.27241e+07	1.68418e+07	9.46500e+04
3.98107e+13	4.80695e+13	1.96433e+11	1.70372e+10	2.10606e+06	3.80298e+10	1.33111e+08	0	2.61073e+11	6.20223e+08	0	0	2.17688e+08	2.76783e+10	1.16722e+07	1.54563e+07	8.65311e+04
3.98107e+13	4.62722e+13	1.92132e+11	1.60342e+10	1.88364e+06	3.66422e+10	1.20476e+08	0	2.60226e+11	5.54179e+08	0	0	2.13324e+08	2.70842e+10	1.07168e+07	1.41971e+07	7.91885e+04
3.98107e+13	4.45535e+13	1.87970e+11	1.50960e+10	1.68660e+06	3.53084e+10	1.09099e+08	0	2.59363e+11	4.95450e+08	0	0	2.09144e+08	2.65150e+10	9.84843e+06	1.30516e+07	7.25410e+04
3.98107e+13	4.29095e+13	1.83938e+11	1.42179e+10	1.51186e+06	3.40261e+10	9.88490e+07	0	2.58488e+11	4.43197e+08	0	0	2.05139e+08	2.59695e+10	9.05837e+06	1.20087e+07	6.65164e+04
3.98107e+13	4.13366e+13	1.80032e+11	1.33958e+10	1.35670e+06	3.27932e+10	8.96088e+07	0	2.57600e+11	3.96682e+08	0	0	2.01302e+08	2.54465e+10	8.33894e+06	1.10583e+07	6.10506e+04
3.98107e+13	3.98314e+13	1.76245e+11	1.26258e+10	1.21879e+06	3.16073e+10	8.12732e+07	0	2.56703e+11	3.55255e+08	0	0	1.97623e+08	2.49450e+10	7.68323e+06	1.01914e+07	5.60866e+04
3.98107e+13	3.83904e+13	1.72573e+11	1.19044e+10	1.09609e+06	3.04671e+10	7.37507e+07	0	2.55797e+11	3.18337e+08	0	0	1.94097e+08	2.44638e+10	7.08504e+06	9.40017e+06	5.15738e+04
3.98107e+13	3.70105e+13	1.69011e+11	1.12281e+10	9.86769e+05	2.93701e+10	6.69570e+07	0	2.54883e+11	2.85418e+08	0	0	1.90715e+08	2.40019e+10	6.53882e+06	8.67718e+06	4.74668e+04
3.98107e+13	3.56883e+13	1.65552e+11	1.05937e+10	8.89259e+05	2.83145e+10	6.08172e+07	0	2.53964e+11	2.56044e+08	0	0	1.87470e+08	2.35583e+10	6.03952e+06	8.01592e+06	4.37247e+04
3.98107e+13	3.44235e+13	1.62198e+11	9.99937e+09	8.02276e+05	2.73001e+10	5.52708e+07	0	2.53042e+11	2.29845e+08	0	0	1.84361e+08	2.31328e+10	5.58313e+06	7.41115e+06	4.03146e+04
3.98107e+13	3.32105e+13	1.58938e+11	9.44123e+09	7.24503e+05	2.63235e+10	5.02518e+07	0	2.52116e+11	2.06437e+08	0	0	1.81375e+08	2.27237e+10	5.16514e+06	6.85699e+06	3.72010e+04
3.98107e+13	3.20440e+13	1.55760e+11	8.91558e+09	6.54802e+05	2.53809e+10	4.57020e+07	0	2.51184e+11	1.85483e+08	0	0	1.78500e+08	2.23291e+10	4.78157e+06	6.34822e+06	3.43525e+04
3.98107e+13	3.09294e+13	1.52679e+11	8.42346e+09	5.92491e+05	2.44765e+10	4.15897e+07	0	2.50255e+11	1.66784e+08	0	0	1.75748e+08	2.19510e+10	4.43036e+06	5.88217e+06	3.17515e+04
3.98107e+13	2.98605e+13	1.49682e+11	7.96103e+09	5.36622e+05	2.36060e+10	3.78640e+07	0	2.49328e+11	1.50055e+08	0	0	1.73106e+08	2.15872e+10	4.10799e+06	5.45420e+06	2.93706e+04
3.98107e+13	2.88381e+13	1.46774e+11	7.52752e+09	4.86551e+05	2.27703e+10	3.44918e+07	0	2.48407e+11	1.35103e+08	0	0	1.70576e+08	2.12382e+10	3.81221e+06	5.06139e+06	2.71918e+04
3.98107e+13	2.78540e+13	1.43933e+11	7.11859e+09	4.41486e+05	2.19636e+10	3.14288e+07	0	2.47483e+11	1.21689e+08	0	0	1.68138e+08	2.09011e+10	3.53989e+06	4.69959e+06	2.51911e+04
3.98107e+13	2.69094e+13	1.41166e+11	6.73384e+09	4.00953e+05	2.11870e+10	2.86496e+07	0	2.46563e+11	1.09668e+08	0	0	1.65794e+08	2.05764e+10	3.28929e+06	4.36656e+06	2.33549e+04
3.98107e+13	2.60026e+13	1.38468e+11	6.37167e+09	3.64459e+05	2.04394e+10	2.61267e+07	0	2.45647e+11	9.88889e+07	0	0	1.63540e+08	2.02635e+10	3.05850e+06	4.05977e+06	2.16680e+04
3.98107e+13	2.51354e+13	1.35851e+11	6.03213e+09	3.31644e+05	1.97237e+10	2.38407e+07	0	2.44733e+11	8.92534e+07	0	0	1.61384e+08	1.99633e+10	2.84621e+06	3.77741e+06	2.01196e+04
3.98107e+13	2.43043e+13	1.33305e+11	5.71302e+09	3.02071e+05	1.90369e+10	2.17659e+07	0	2.43824e+11	8.06191e+07	0	0	1.59315e+08	1.96744e+10	2.65056e+06	3.51712e+06	1.86958e+04
3.98107e+13	2.35055e+13	1.30819e+11	5.41212e+09	2.75354e+05	1.83753e+10	1.98791e+07	0	2.42921e+11	7.28588e+07	0	0	1.57325e+08	1.93957e+10	2.46989e+06	3.27670e+06	1.73840e+04
3.98107e+13	2.27374e+13	1.28391e+11	5.12828e+09	2.51194e+05	1.77378e+10	1.81625e+07	0	2.42026e+11	6.58799e+07	0	0	1.55408e+08	1.91265e+10	2.30291e+06	3.05448e+06	1.61746e+04
3.98107e+13	2.19986e+13	1.26018e+11	4.86039e+09	2.29325e+05	1.71235e+10	1.65999e+07	0	2.41138e+11	5.95999e+07	0	0	1.53563e+08	1.88664e+10	2.14847e+06	2.84893e+06	1.50586e+04
3.98107e+13	2.12880e+13	1.23697e+11	4.60751e+09	2.09513e+05	1.65317e+10	1.51771e+07	0	2.40260e+11	5.39464e+07	0	0	1.51785e+08	1.86150e+10	2.00553e+06	2.65868e+06	1.40280e+04
3.98107e+13	2.06043e+13	1.21427e+11	4.36871e+09	1.91550e+05	1.59614e+10	1.38812e+07	0	2.39391e+11	4.88543e+07	0	0	1.50073e+08	1.83720e+10	1.87315e+06	2.48248e+06	1.30756e+04
3.98107e+13	1.99462e+13	1.19206e+11	4.14308e+09	1.75247e+05	1.54119e+10	1.27001e+07	0	2.38531e+11	4.42648e+07	0	0	1.48423e+08	1.81369e+10	1.75046e+06	2.31916e+06	1.21949e+04
3.98107e+13	1.93127e+13	1.17031e+11	3.92985e+09	1.60439e+05	1.48823e+10	1.16233e+07	0	2.37682e+11	4.01266e+07	0	0	1.46832e+08	1.79094e+10	1.63666e+06	2.16768e+06	1.13797e+04
3.98107e+13	1.87027e+13	1.14901e+11	3.72826e+09	1.46978e+05	1.43719e+10	1.06414e+07	0	2.36842e+11	3.63932e+07	0	0	1.45299e+08	1.76891e+10	1.53105e+06	2.02711e+06	1.06248e+04
3.98107e+13	1.81135e+13	1.12809e+11	3.53713e+09	1.34716e+05	1.38788e+10	9.74433e+06	0	2.36010e+11	3.30188e+07	0	0	1.43815e+08	1.74751e+10	1.43287e+06	1.89644e+06	9.92446e+03
3.98107e+13	1.75475e+13	1.10763e+11	3.35677e+09	1.23566e+05	1.34047e+10	8.92668e+06	0	2.35193e+11	2.99755e+07	0	0	1.42389e+08	1.72683e+10	1.34173e+06	1.77514e+06	9.27563e+03
3.98107e+13	1.70021e+13	1.08757e+11	3.18608e+09	1.13405e+05	1.29477e+10	8.18014e+06	0	2.34386e+11	2.72257e+07	0	0	1.41013e+08	1.70678e+10	1.25698e+06	1.66235e+06	8.67348e+03
3.98107e+13	1.64764e+13	1.06788e+11	3.02447e+09	1.04138e+05	1.25072e+10	7.49825e+06	0	2.33590e+11	2.47395e+07	0	0	1.39684e+08	1.68733e+10	1.17812e+06	1.55742e+06	8.11431e+03
3.98107e+13	1.59695e+13	1.04857e+11	2.87145e+09	9.56821e+04	1.20825e+10	6.87524e+06	0	2.32806e+11	2.24909e+07	0	0	1.38402e+08	1.66846e+10	1.10470e+06	1.45975e+06	7.59473e+03
3.98107e+13	1.54807e+13	1.02961e+11	2.72649e+09	8.79593e+04	1.16731e+10	6.30580e+06	0	2.32034e+11	2.04559e+07	0	0	1.37164e+08	1.65013e+10	1.03630e+06	1.36877e+06	7.11163e+03
3.98107e+13	1.50105e+13	1.01103e+11	2.58945e+09	8.09085e+04	1.12792e+10	5.78570e+06	0	2.31276e+11	1.86155e+07	0	0	1.35972e+08	1.63237e+10	9.72603e+05	1.28405e+06	6.66251e+03
3.98107e+13	1.45556e+13	9.92739e+10	2.45924e+09	7.44527e+04	1.08985e+10	5.30944e+06	0	2.30527e+11	1.69463e+07	0	0	1.34817e+08	1.61507e+10	9.13138e+05	1.20498e+06	6.24408e+03
3.98107e+13	1.41172e+13	9.74778e+10	2.33585e+09	6.85466e+04	1.05317e+10	4.87383e+06	0	2.30102e+11	1.52972e+07	0	0	1.33702e+08	1.59826e+10	8.57668e+05	1.13124e+06	5.85448e+03
3.98107e+13	1.36933e+13	9.57089e+10	2.21861e+09	6.31333e+04	1.01774e+10	4.47480e+06	0	2.29777e+11	1.37642e+07	0	0	1.32623e+08	1.58188e+10	8.05844e+05	1.06236e+06	5.49116e+03
3.98107e+13	1.32849e+13	9.39735e+10	2.10764e+09	5.81781e+04	9.83636e+09	4.10986e+06	0	2.29438e+11	1.23886e+07	0	0	1.31582e+08	1.56597e+10	7.57469e+05	9.98081e+05	5.15262e+03
3.98107e+13	1.28906e+13	9.22667e+10	2.00236e+09	5.36344e+04	9.50742e+09	3.77562e+06	0	2.29082e+11	1.11528e+07	0	0	1.30576e+08	1.55048e+10	7.12252e+05	9.38016e+05	4.83676e+03
3.98107e+13	1.25105e+13	9.05908e+10	1.90263e+09	4.94690e+04	9.19065e+09	3.46968e+06	0	2.28692e+11	1.00511e+07	0	0	1.29604e+08	1.53542e+10	6.69992e+05	8.81895e+05	4.54206e+03
3.98107e+13	1.21405e+13	8.89315e+10	1.80743e+09	4.56349e+04	8.88343e+09	3.18854e+06	0	2.28065e+11	9.13143e+06	0	0	1.28657e+08	1.52063e+10	6.30370e+05	8.29295e+05	4.26627e+03
3.98107e+13	1.17846e+13	8.73049e+10	1.71739e+09	4.21196e+04	8.58810e+09	2.93131e+06	0	2.27449e+11	8.30011e+06	0	0	1.27744e+08	1.50627e+10	5.93332e+05	7.80140e+05	4.00890e+03
3.98107e+13	1.14406e+13	8.57039e+10	1.63189e+09	3.88892e+04	8.30319e+09	2.69546e+06	0	2.26840e+11	7.54698e+06	0	0	1.26862e+08	1.49226e+10	5.58648e+05	7.34124e+05	3.76830e+03
3.98107e+13	1.11080e+13	8.41277e+10	1.55070e+09	3.59191e+04	8.02831e+09	2.47915e+06	0	2.26238e+11	6.86445e+06	0	0	1.26007e+08	1.47859e+10	5.26152e+05	6.91028e+05	3.54327e+03
3.98107e+13	1.07865e+13	8.25759e+10	1.47358e+09	3.31869e+04	7.76309e+09	2.28072e+06	0	2.25644e+11	6.24569e+06	0	0	1.25179e+08	1.46523e+10	4.95695e+05	6.50650e+05	3.33270e+03
3.98107e+13	1.04768e+13	8.10532e+10	1.40058e+09	3.06760e+04	7.50797e+09	2.09890e+06	0	2.25060e+11	5.68544e+06	0	0	1.24382e+08	1.45224e+10	4.67166e+05	6.12841e+05	3.13579e+03
3.98107e+13	1.01760e+13	7.95480e+10	1.33096e+09	2.83603e+04	7.26097e+09	1.93173e+06	0	2.24481e+11	5.17630e+06	0	0	1.23606e+08	1.43949e+10	4.40372e+05	5.77348e+05	2.95118e+03
3.98107e+13	9.88399e+12	7.80602e+10	1.26459e+09	2.62241e+04	7.02188e+09	1.77804e+06	0	2.23907e+11	4.71359e+06	0	0	1.22850e+08	1.42696e+10	4.15201e+05	5.44018e+05	2.77805e+03
3.98107e+13	9.60252e+12	7.65998e+10	1.20173e+09	2.42584e+04	6.79183e+09	1.63711e+06	0	2.23344e+11	4.29424e+06	0	0	1.22122e+08	1.41475e+10	3.91596e+05	5.12774e+05	2.61594e+03
3.98107e+13	9.33110e+12	7.51659e+10	1.14218e+09	2.24485e+04	6.57042e+09	1.50783e+06	0	2.22791e+11	3.91398e+06	0	0	1.21419e+08	1.40285e+10	3.69447e+05	4.83471e+05	2.46408e+03
3.98107e+13	9.06645e+12	7.37434e+10	1.08520e+09	2.07745e+04	6.35541e+09	1.38871e+06	0	2.22241e+11	3.56753e+06	0	0	1.20731e+08	1.39110e+10	3.48597e+05	4.55897e+05	2.32136e+03
3.98107e+13	8.81210e+12	7.23512e+10	1.03137e+09	1.92340e+04	6.14903e+09	1.27954e+06	0	2.21704e+11	3.25364e+06	0	0	1.20070e+08	1.37968e+10	3.29037e+05	4.30042e+05	2.18767e+03
3.98107e+13	8.56405e+12	7.09700e+10	9.79880e+08	1.78082e+04	5.94862e+09	1.17891e+06	0	2.21170e+11	2.96751e+06	0	0	1.19424e+08	1.36839e+10	3.10612e+05	4.05699e+05	2.06196e+03
3.98107e+13	8.32465e+12	6.96135e+10	9.31072e+08	0	5.75565e+09	1.08651e+06	0	2.20647e+11	2.70769e+06	0	0	1.18799e+08	1.35736e+10	2.93298e+05	3.82835e+05	0
3.98107e+13	8.09281e+12	6.82768e+10	8.84664e+08	0	5.56931e+09	1.00153e+06	0	2.20131e+11	2.47140e+06	0	0	1.18194e+08	1.34653e+10	2.77009e+05	3.61334e+05	0
3.98107e+13	7.86820e+12	6.69595e+10	8.40533e+08	0	5.38934e+09	9.23363e+05	0	2.19624e+11	2.25642e+06	0	0	1.17606e+08	1.33590e+10	2.61678e+05	3.41108e+05	0
3.98107e+13	7.65058e+12	6.56613e+10	7.98563e+08	0	5.21550e+09	8.51441e+05	0	2.19125e+11	2.06076e+06	0	0	1.17036e+08	1.32546e+10	2.47244e+05	3.22075e+05	0
3.98107e+13	7.43968e+12	6.43820e+10	7.58649e+08	0	5.04757e+09	7.85252e+05	0	2.18634e+11	1.88262e+06	0	0	1.16482e+08	1.31520e+10	2.33651e+05	3.04160e+05	0
3.98107e+13	7.23527e+12	6.31211e+10	7.20686e+08	0	4.88533e+09	7.24326e+05	0	2.18152e+11	1.72040e+06	0	0	1.15945e+08	1.30510e+10	2.20846e+05	2.87293e+05	0
3.98107e+13	7.03711e+12	6.18786e+10	6.84580e+08	0	4.72858e+09	6.68233e+05	0	2.17677e+11	1.57261e+06	0	0	1.15423e+08	1.29518e+10	2.08779e+05	2.71407e+05	0
3.98107e+13	6.84498e+12	6.06540e+10	6.50237e+08	0	4.57710e+09	6.16578e+05	0	2.17210e+11	1.43793e+06	0	0	1.14916e+08	1.28540e+10	1.97406e+05	2.56441e+05	0
3.98107e+13	6.65867e+12	5.94473e+10	6.17571e+08	0	4.43071e+09	5.69002e+05	0	2.16751e+11	1.31517e+06	0	0	1.14424e+08	1.27578e+10	1.86683e+05	2.42339e+05	0
3.98107e+13	6.47798e+12	5.82581e+10	5.86500e+08	0	4.28923e+09	5.25173e+05	0	2.16301e+11	1.20323e+06	0	0	1.13946e+08	1.26630e+10	1.76570e+05	2.29047e+05	0
3.98107e+13	6.30271e+12	5.70863e+10	5.56947e+08	0	4.15246e+09	4.84790e+05	0	2.15858e+11	1.10113e+06	0	0	1.13481e+08	1.25696e+10	1.67030e+05	2.16515e+05	0
3.98107e+13	6.13268e+12	5.59317e+10	5.28835e+08	0	4.02025e+09	4.47573e+05	0	2.15423e+11	1.00798e+06	0	0	1.13029e+08	1.24774e+10	1.58029e+05	2.04698e+05	0
3.98107e+13	5.96779e+12	5.47890e+10	5.02060e+08	0	3.89221e+09	4.13244e+05	0	2.14995e+11	9.23030e+05	0	0	1.12590e+08	1.23865e+10	1.49534e+05	1.93551e+05	0
3.98107e+13	5.80770e+12	5.36680e+10	4.76628e+08	0	3.76861e+09	3.81621e+05	0	2.14576e+11	8.45416e+05	0	0	1.12163e+08	1.22967e+10	1.41515e+05	1.83034e+05	0
3.98107e+13	5.65232e+12	5.25636e+10	4.52438e+08	0	3.64909e+09	3.52462e+05	0	2.14164e+11	7.74540e+05	0	0	1.11748e+08	1.22080e+10	1.33942e+05	1.73110e+05	0
3.98107e+13	5.50149e+12	5.14756e+10	4.29430e+08	0	3.53349e+09	3.25570e+05	0	2.13759e+11	7.09796e+05	0	0	1.11345e+08	1.21204e+10	1.26791e+05	1.63743e+05	0
3.98107e+13	5.35587e+12	5.04091e+10	4.07644e+08	0	3.42214e+09	3.00812e+05	0	2.13365e+11	6.50753e+05	0	0	1.10955e+08	1.20344e+10	1.20043e+05	1.54911e+05	0
3.98107e+13	5.21366e+12	4.93532e+10	3.86827e+08	0	3.31396e+09	2.77925e+05	0	2.12976e+11	5.96672e+05	0	0	1.10573e+08	1.19487e+10	1.13660e+05	1.46560e+05	0
3.98107e+13	5.07558e+12	4.83134e+10	3.67028e+08	0	3.20931e+09	2.56809e+05	0	2.12594e+11	5.47227e+05	0	0	1.10201e+08	1.18639e+10	1.07627e+05	1.38673e+05	0
3.98107e+13	4.94145e+12	4.72892e+10	3.48201e+08	0	3.10806e+09	2.37323e+05	0	2.12219e+11	5.02008e+05	0	0	1.09839e+08	1.17799e+10	1.01926e+05	1.31223e+05	0
3.98107e+13	4.81054e+12	4.62761e+10	3.30225e+08	0	3.00972e+09	2.19309e+05	0	2.11849e+11	4.60571e+05	0	0	1.09484e+08	1.16962e+10	9.65294e+04	1.24176e+05	0
3.98107e+13	4.68465e+12	4.52876e+10	3.13274e+08	0	2.91527e+09	2.02738e+05	0	2.11491e+11	4.22797e+05	0	0	1.09144e+08	1.16143e+10	9.14384e+04	1.17532e+05	0
3.98107e+13	4.56172e+12	4.43100e+10	2.97088e+08	0	2.82352e+09	1.87412e+05	0	2.11138e+11	3.88156e+05	0	0	1.08810e+08	1.15325e+10	8.66182e+04	1.11246e+05	0
3.98107e+13	4.44170e+12	4.33434e+10	2.81647e+08	0	2.73440e+09	1.73240e+05	0	2.10789e+11	3.56389e+05	0	0	1.08482e+08	1.14509e+10	8.20544e+04	1.05297e+05	0
3.98107e+13	4.32564e+12	4.23961e+10	2.67022e+08	0	2.64845e+09	1.60175e+05	0	2.10449e+11	3.27352e+05	0	0	1.08165e+08	1.13704e+10	7.77416e+04	9.96795e+04	0
3.98107e+13	4.21285e+12	4.14637e+10	2.53119e+08	0	2.56525e+09	1.48109e+05	0	2.10116e+11	3.00754e+05	0	0	1.07857e+08	1.12905e+10	7.36608e+04	9.43677e+04	0
3.98107e+13	4.10321e+12	4.05461e+10	2.39904e+08	0	2.48469e+09	1.36963e+05	0	2.09790e+11	2.76382e+05	0	0	1.07556e+08	1.12110e+10	6.97991e+04	8.93441e+04	0
3.98107e+13	3.99663e+12	3.96431e+10	2.27344e+08	0	2.40669e+09	1.26667e+05	0	2.09470e+11	2.54045e+05	0	0	1.07263e+08	1.11321e+10	6.61441e+04	8.45926e+04	0
3.98107e+13	3.89301e+12	3.87545e+10	2.15407e+08	0	2.33117e+09	1.17154e+05	0	2.09157e+11	2.33567e+05	0	0	1.06978e+08	1.10536e+10	6.26842e+04	8.00977e+04	0
3.98107e+13	3.79225e+12	3.78803e+10	2.04064e+08	0	2.25803e+09	1.08364e+05	0	2.08850e+11	2.14790e+05	0	0	1.06699e+08	1.09754e+10	5.94087e+04	7.58451e+04	0
3.98107e+13	3.69428e+12	3.70203e+10	1.93287e+08	0	2.18719e+09	1.00241e+05	0	2.08549e+11	1.97566e+05	0	0	1.06427e+08	1.08976e+10	5.63072e+04	7.18212e+04	0
3.98107e+13	3.59899e+12	3.61744e+10	1.83047e+08	0	2.11858e+09	9.27338e+04	0	2.08255e+11	1.81765e+05	0	0	1.06163e+08	1.08202e+10	5.33702e+04	6.80132e+04	0
3.98107e+13	3.50631e+12	3.53424e+10	1.73320e+08	0	2.05212e+09	8.57947e+04	0	2.07966e+11	1.67264e+05	0	0	1.05904e+08	1.07430e+10	5.05885e+04	6.44091e+04	0
3.98107e+13	3.41616e+12	3.45241e+10	1.64080e+08	0	1.98774e+09	7.93803e+04	0	2.07683e+11	1.53953e+05	0	0	1.05652e+08	1.06661e+10	4.79537e+04	6.09975e+04	0
3.98107e+13	3.32846e+12	3.37196e+10	1.55304e+08	0	1.92537e+09	7.34502e+04	0	2.07406e+11	1.41731e+05	0	0	1.05406e+08	1.05893e+10	4.54577e+04	5.77680e+04	0
3.98107e+13	3.24313e+12	3.29285e+10	1.46971e+08	0	1.86494e+09	6.79675e+04	0	2.07135e+11	1.30508e+05	0	0	1.05166e+08	1.05128e+10	4.30930e+04	5.47104e+04	0
3.98107e+13	3.16039e+12	3.21531e+10	1.39078e+08	0	1.80653e+09	6.29028e+04	0	2.06871e+11	1.20209e+05	0	0	1.04933e+08	1.04368e+10	4.08540e+04	5.18175e+04	0
3.98107e+13	3.07958e+12	3.13886e+10	1.31565e+08	0	1.74979e+09	5.82142e+04	0	2.06611e+11	1.10735e+05	0	0	1.04704e+08	1.03605e+10	3.87307e+04	4.90759e+04	0
3.98107e+13	3.00094e+12	3.06372e+10	1.24432e+08	0	1.69481e+09	5.38781e+04	0	2.06356e+11	1.02028e+05	0	0	1.04480e+08	1.02842e+10	3.67185e+04	4.64796e+04	0
3.98107e+13	2.92439e+12	2.98987e+10	1.17662e+08	0	1.64152e+09	4.98677e+04	0	2.06107e+11	9.40238e+04	0	0	1.04262e+08	1.02080e+10	3.48113e+04	4.40206e+04	0
3.98107e+13	2.84988e+12	2.91731e+10	1.11237e+08	0	1.58988e+09	4.61583e+04	0	2.05863e+11	8.66653e+04	0	0	1.04048e+08	1.01319e+10	3.30036e+04	4.16915e+04	0
3.98107e+13	2.77735e+12	2.84601e+10	1.05141e+08	0	1.53983e+09	4.27269e+04	0	2.05624e+11	7.98973e+04	0	0	1.03840e+08	1.00557e+10	3.12901e+04	3.94853e+04	0
3.98107e+13	2.70674e+12	2.77596e+10	9.93573e+07	0	1.49132e+09	3.95526e+04	0	2.05391e+11	7.36718e+04	0	0	1.03636e+08	9.97947e+09	2.96656e+04	3.73953e+04	0
3.98107e+13	2.63799e+12	2.70716e+10	9.38711e+07	0	1.44430e+09	3.66158e+04	0	2.05162e+11	6.79442e+04	0	0	1.03436e+08	9.90318e+09	2.81255e+04	3.54153e+04	0
3.98107e+13	2.57104e+12	2.63959e+10	8.86679e+07	0	1.39872e+09	3.38987e+04	0	2.04938e+11	6.26729e+04	0	0	1.03241e+08	9.82680e+09	2.66654e+04	3.35396e+04	0
3.98107e+13	2.50585e+12	2.57323e+10	8.37338e+07	0	1.35454e+09	3.13846e+04	0	2.04718e+11	5.78215e+04	0	0	1.03050e+08	9.75031e+09	2.52808e+04	3.17623e+04	0
3.98107e+13	2.44235e+12	2.50810e+10	7.90569e+07	0	1.31172e+09	2.90585e+04	0	2.04504e+11	5.33545e+04	0	0	1.02864e+08	9.67369e+09	2.39680e+04	3.00784e+04	0
3.98107e+13	2.38051e+12	2.44413e+10	7.46222e+07	0	1.27019e+09	2.69057e+04	0	2.04294e+11	4.92410e+04	0	0	1.02681e+08	9.59690e+09	2.27230e+04	2.84827e+04	0
3.98107e+13	2.32028e+12	2.38133e+10	7.04193e+07	0	1.22994e+09	2.49134e+04	0	2.04088e+11	4.54529e+04	0	0	1.02502e+08	9.51993e+09	2.15424e+04	2.69707e+04	0
3.98107e+13	2.26161e+12	2.31968e+10	6.64365e+07	0	1.19091e+09	2.30696e+04	0	2.03887e+11	4.19630e+04	0	0	1.02327e+08	9.44276e+09	2.04227e+04	2.55379e+04	0
3.98107e+13	2.20445e+12	2.25918e+10	6.26630e+07	0	1.15307e+09	2.13631e+04	0	2.03691e+11	3.87475e+04	0	0	1.02155e+08	9.36536e+09	1.93608e+04	2.41801e+04	0
3.98107e+13	2.14876e+12	2.19980e+10	5.90884e+07	0	1.11638e+09	1.97836e+04	0	2.03498e+11	3.57838e+04	0	0	1.01987e+08	9.28772e+09	1.83536e+04	2.28934e+04	0
3.98107e+13	2.09449e+12	2.14155e+10	5.57032e+07	0	1.08081e+09	1.83216e+04	0	2.03310e+11	3.30521e+04	0	0	1.01822e+08	9.20983e+09	1.73984e+04	2.16740e+04	0
3.98107e+13	2.04148e+12	2.08428e+10	5.24923e+07	0	1.04627e+09	1.69674e+04	0	2.03125e+11	3.05319e+04	0	0	1.01659e+08	9.13137e+09	1.64919e+04	2.05178e+04	0
3.98107e+13	1.99009e+12	2.02835e+10	4.94634e+07	0	1.01288e+09	1.57155e+04	0	2.02945e+11	2.82115e+04	0	0	1.01501e+08	9.05323e+09	1.56330e+04	1.94233e+04	0
3.98107e+13	1.93987e+12	1.97336e+10	4.65913e+07	0	9.80451e+08	1.45557e+04	0	2.02769e+11	2.60696e+04	0	0	1.01345e+08	8.97449e+09	1.48178e+04	1.83854e+04	0
3.98107e+13	1.89092e+12	1.91944e+10	4.38733e+07	0	9.49010e+08	1.34821e+04	0	2.02596e+11	2.40937e+04	0	0	1.01192e+08	8.89545e+09	1.40446e+04	1.74019e+04	0
3.98107e+13	1.84322e+12	1.86658e+10	4.13022e+07	0	9.18525e+08	1.24881e+04	0	2.02427e+11	2.22708e+04	0	0	1.01042e+08	8.81610e+09	1.33112e+04	1.64698e+04	0
3.98107e+13	1.79671e+12	1.81476e+10	3.88702e+07	0	8.88965e+08	1.15678e+04	0	2.02262e+11	2.05885e+04	0	0	1.00895e+08	8.73642e+09	1.26156e+04	1.55864e+04	0
3.98107e+13	1.75127e+12	1.76387e+10	3.65670e+07	0	8.60266e+08	1.07153e+04	0	2.02100e+11	1.90350e+04	0	0	1.00748e+08	8.65614e+09	1.19554e+04	1.47489e+04	0
3.98107e+13	1.70707e+12	1.71409e+10	3.43931e+07	0	8.32477e+08	9.92646e+03	0	2.01942e+11	1.76019e+04	0	0	1.00606e+08	8.57581e+09	1.13295e+04	1.39557e+04	0
3.98107e+13	1.66407e+12	1.66540e+10	3.23418e+07	0	8.05565e+08	9.19640e+03	0	2.01788e+11	1.62794e+04	0	0	1.00466e+08	8.49540e+09	1.07361e+04	1.32044e+04	0
3.98107e+13	1.62205e+12	1.61762e+10	3.04001e+07	0	7.79440e+08	8.52004e+03	0	2.01636e+11	1.50576e+04	0	0	1.00328e+08	8.41440e+09	1.01731e+04	1.24922e+04	0
3.98107e+13	1.58108e+12	1.57080e+10	2.85657e+07	0	7.54108e+08	7.89374e+03	0	2.01488e+11	1.39290e+04	0	0	1.00191e+08	8.33305e+09	9.63897e+03	1.18173e+04	0
3.98107e+13	1.54111e+12	1.52496e+10	2.68334e+07	0	7.29548e+08	7.31380e+03	0	2.01344e+11	1.28866e+04	0	0	1.00057e+08	8.25138e+09	9.13242e+03	1.11779e+04	0
3.98107e+13	1.50214e+12	1.48008e+10	2.51978e+07	0	7.05738e+08	6.77676e+03	0	2.01202e+11	1.19236e+04	0	0	9.99243e+07	8.16938e+09	8.65198e+03	1.05721e+04	0
3.98107e+13	1.46413e+12	1.43615e+10	2.36540e+07	0	6.82654e+08	6.27945e+03	0	2.01063e+11	1.10338e+04	0	0	9.97935e+07	8.08706e+09	8.19635e+03	9.99815e+03	0
3.98107e+13	1.42706e+12	1.39315e+10	2.21973e+07	0	6.60274e+08	5.81891e+03	0	2.00928e+11	1.02115e+04	0	0	9.96644e+07	8.00441e+09	7.76423e+03	9.45445e+03	0
3.98107e+13	1.39089e+12	1.35107e+10	2.08231e+07	0	6.38579e+08	5.39241e+03	0	2.00795e+11	9.45144e+03	0	0	9.95367e+07	7.92146e+09	7.35444e+03	8.93942e+03	0
3.98107e+13	1.35561e+12	1.30990e+10	1.95271e+07	0	6.17549e+08	4.99743e+03	0	2.00665e+11	8.74893e+03	0	0	9.94106e+07	7.83821e+09	6.96585e+03	8.45159e+03	0
3.98107e+13	1.32119e+12	1.26964e+10	1.83055e+07	0	5.97163e+08	4.63164e+03	0	2.00538e+11	8.09943e+03	0	0	9.92857e+07	7.75466e+09	6.59737e+03	7.98956e+03	0
3.98107e+13	1.28761e+12	1.23028e+10	1.71541e+07	0	5.77404e+08	4.29287e+03	0	2.00414e+11	7.49891e+03	0	0	9.91621e+07	7.67085e+09	6.24798e+03	7.55199e+03	0
3.98107e+13	1.25485e+12	1.19180e+10	1.60695e+07	0	5.58253e+08	3.97912e+03	0	2.00293e+11	6.94359e+03	0	0	9.90395e+07	7.58677e+09	5.91671e+03	7.13763e+03	0
3.98107e+13	1.22288e+12	1.15419e+10	1.50480e+07	0	5.39693e+08	3.68853e+03	0	2.00174e+11	6.43002e+03	0	0	9.89180e+07	7.50245e+09	5.60263e+03	6.74527e+03	0
3.98107e+13	1.19168e+12	1.11746e+10	1.40863e+07	0	5.21706e+08	3.41939e+03	0	2.00058e+11	5.95500e+03	0	0	9.87974e+07	7.41790e+09	5.30488e+03	6.37379e+03	0
3.98107e+13	1.16123e+12	1.08163e+10	1.31872e+07	0	5.04282e+08	3.17017e+03	0	1.99944e+11	5.51547e+03	0	0	9.86776e+07	7.33317e+09	5.02264e+03	6.02219e+03	0
