! -------------------------
   1181.4052734375000       0.98187434673309326        7.5951658189296722E-002   1.0000000000000000     
   1181.4351806640625       0.93447923660278320        7.4575662612915039E-002   1.0000000000000000     
   1181.4650878906250        1.0891869068145752        8.0372512340545654E-002   1.0000000000000000     
   1181.4949951171875        1.1645215749740601        8.2899898290634155E-002   1.0000000000000000     
   1181.5249023437500        1.0877544879913330        7.9826980829238892E-002   1.0000000000000000     
   1181.5548095703125       0.95537889003753662        7.4943244457244873E-002   1.0000000000000000     
   1181.5847167968750        1.0803729295730591        8.0071479082107544E-002   1.0000000000000000     
   1181.6146240234375        1.0843307971954346        8.0065838992595673E-002   1.0000000000000000     
   1181.6445312500000        1.0896663665771484        7.9953022301197052E-002   1.0000000000000000     
   1181.6744384765625        1.0686821937561035        7.9459391534328461E-002   1.0000000000000000     
   1181.7043457031250       0.96809840202331543        7.5896099209785461E-002   1.0000000000000000     
   1181.7342529296875       0.95123642683029175        7.5119070708751678E-002   1.0000000000000000     
   1181.7641601562500        1.0384719371795654        7.8703828155994415E-002   1.0000000000000000     
   1181.7940673828125       0.89323568344116211        7.4678726494312286E-002   1.0000000000000000     
   1181.8239746093750        1.0853732824325562        8.0505721271038055E-002   1.0000000000000000     
   1181.8538818359375       0.98306608200073242        7.6246589422225952E-002   1.0000000000000000     
   1181.8837890625000        1.0011880397796631        7.7215366065502167E-002   1.0000000000000000     
   1181.9136962890625        1.1301480531692505        8.1479988992214203E-002   1.0000000000000000     
   1181.9437255859375       0.88075238466262817        7.2529114782810211E-002   1.0000000000000000     
   1181.9736328125000       0.98247987031936646        7.5984716415405273E-002   1.0000000000000000     
   1182.0035400390625        1.0060192346572876        7.6629132032394409E-002   1.0000000000000000     
   1182.0334472656250       0.98940217494964600        7.6362825930118561E-002   1.0000000000000000     
   1182.0633544921875        1.0469007492065430        7.8380309045314789E-002   1.0000000000000000     
   1182.0932617187500        1.1909617185592651        8.3586618304252625E-002   1.0000000000000000     
   1182.1231689453125        1.0303285121917725        7.8694351017475128E-002   1.0000000000000000     
   1182.1530761718750        1.0003309249877930        7.8007906675338745E-002   1.0000000000000000     
   1182.1829833984375        1.1766123771667480        8.3186715841293335E-002   1.0000000000000000     
   1182.2128906250000        1.1245641708374023        8.0984711647033691E-002   1.0000000000000000     
   1182.2427978515625       0.90658366680145264        9.2740811407566071E-002   1.0000000000000000     
   1182.2727050781250       0.88685435056686401        8.5595525801181793E-002   1.0000000000000000     
   1182.3026123046875        1.1100152730941772        9.4353109598159790E-002   1.0000000000000000     
   1182.3325195312500       0.93489086627960205        8.6675077676773071E-002   1.0000000000000000     
   1182.3624267578125        1.1060277223587036        9.4159699976444244E-002   1.0000000000000000     
   1182.3923339843750       0.99847954511642456        8.9704461395740509E-002   1.0000000000000000     
   1182.4222412109375        1.1275472640991211        9.4802692532539368E-002   1.0000000000000000     
   1182.4521484375000        1.0248255729675293        9.0516425669193268E-002   1.0000000000000000     
   1182.4820556640625        1.1721514463424683        9.6804879605770111E-002   1.0000000000000000     
   1182.5119628906250        1.0481972694396973        9.1423429548740387E-002   1.0000000000000000     
   1182.5418701171875       0.88934433460235596        8.4463007748126984E-002   1.0000000000000000     
   1182.5717773437500       0.95479983091354370        8.7309822440147400E-002   1.0000000000000000     
   1182.6016845703125       0.89139235019683838        8.4485910832881927E-002   1.0000000000000000     
   1182.6315917968750       0.92531746625900269        8.6119346320629120E-002   1.0000000000000000     
   1182.6614990234375       0.87312805652618408        8.3428487181663513E-002   1.0000000000000000     
   1182.6914062500000        1.0806666612625122        9.2825017869472504E-002   1.0000000000000000     
   1182.7213134765625       0.90272045135498047        8.4950260818004608E-002   1.0000000000000000     
   1182.7512207031250       0.83658164739608765        8.3380281925201416E-002   1.0000000000000000     
   1182.7811279296875        1.0521559715270996        9.1651029884815216E-002   1.0000000000000000     
   1182.8110351562500        1.0993142127990723        9.3324914574623108E-002   1.0000000000000000     
   1182.8409423828125        1.0031348466873169        8.9268304407596588E-002   1.0000000000000000     
   1182.8708496093750       0.97719424962997437        8.9098833501338959E-002   1.0000000000000000     
   1182.9007568359375       0.98343122005462646        8.8702924549579620E-002  0.99955845826974332     
   1182.9306640625000        1.0944869518280029        9.3984916806221008E-002  0.99951250790294888     
   1182.9605712890625        1.0332412719726562        9.2058241367340088E-002  0.99946123638304840     
   1182.9904785156250        1.0799404382705688        9.2478603124618530E-002  0.99940387172937195     
   1183.0203857421875       0.93185168504714966        8.6488321423530579E-002  0.99933778873639423     
   1183.0502929687500       0.88889092206954956        8.4653511643409729E-002  0.99925785874799899     
   1183.0802001953125        1.0854283571243286        9.3174420297145844E-002  0.99915684507822944     
   1183.1101074218750        1.0075098276138306        8.9860327541828156E-002  0.99902634537167312     
   1183.1400146484375        1.1008692979812622        9.1825723648071289E-002  0.99885693932912900     
   1183.1699218750000       0.98350691795349121        7.5860254466533661E-002  0.99863754306651042     
   1183.1998291015625       0.95066821575164795        7.5074046850204468E-002  0.99835416983330505     
   1183.2297363281250        1.0476179122924805        7.7423565089702606E-002  0.99798422365023676     
   1183.2597656250000        1.0075803995132446        7.6109603047370911E-002  0.99748592746378983     
   1183.2896728515625       0.95654118061065674        7.4787683784961700E-002  0.99679039816882886     
   1183.3195800781250       0.96789711713790894        7.4619419872760773E-002  0.99579093103419059     
   1183.3494873046875        1.1210429668426514        8.0823458731174469E-002  0.99431487632320292     
   1183.3793945312500        1.0843119621276855        7.9192280769348145E-002  0.99210330246835754     
   1183.4093017578125       0.89466041326522827        7.2020113468170166E-002  0.98880605320809811     
   1183.4392089843750        1.0877568721771240        7.9061537981033325E-002  0.98389564539561991     
   1183.4691162109375       0.97244745492935181        7.5295001268386841E-002  0.97649124444586433     
   1183.4990234375000       0.98829174041748047        7.5259432196617126E-002  0.96507199183591619     
   1183.5289306640625       0.83880555629730225        6.9291725754737854E-002  0.94636113281513057     
   1183.5588378906250       0.82871651649475098        6.9905616343021393E-002  0.91252447957783822     
   1183.5887451171875       0.82483255863189697        6.8780399858951569E-002  0.84875493108234557     
   1183.6186523437500       0.75404858589172363        6.6114068031311035E-002  0.73858013826413060     
   1183.6485595703125       0.50042152404785156        5.4313670843839645E-002  0.58250329382742116     
   1183.6784667968750       0.36421954631805420        4.8012223094701767E-002  0.41370710567227786     
   1183.7083740234375       0.25044628977775574        3.8609609007835388E-002  0.27913706026069079     
   1183.7382812500000       0.18376159667968750        3.4485179930925369E-002  0.20167163356605003     
   1183.7681884765625       0.14052930474281311        3.1212102621793747E-002  0.17660852310720987     
   1183.7980957031250       0.16846151649951935        3.3745363354682922E-002  0.19751185834129917     
   1183.8280029296875       0.18150535225868225        3.6980591714382172E-002  0.27013881707674825     
   1183.8579101562500       0.34275600314140320        4.6159218996763229E-002  0.40016695096046834     
   1183.8878173828125       0.55472087860107422        5.7463791221380234E-002  0.56775329398942287     
   1183.9177246093750       0.67954897880554199        6.4404919743537903E-002  0.72678832413222738     
   1183.9476318359375       0.84788054227828979        7.0703066885471344E-002  0.84116632368944655     
   1183.9775390625000       0.84156197309494019        6.9172851741313934E-002  0.90790759795803933     
   1184.0074462890625       0.87889266014099121        7.0539318025112152E-002  0.94308756592389076     
   1184.0373535156250        1.0347986221313477        7.6476670801639557E-002  0.96204540111801506     
   1184.0672607421875        1.0957517623901367        7.8863412141799927E-002  0.97324385525167401     
   1184.0971679687500        1.1211321353912354        7.9742416739463806E-002  0.98037430137884352     
   1184.1270751953125        1.0492495298385620        7.8225851058959961E-002  0.98514767071178866     
   1184.1569824218750        1.0326230525970459        7.6814882457256317E-002  0.98855268169513522     
   1184.1868896484375        1.0956033468246460        7.8713133931159973E-002  0.99115911170904691     
   1184.2167968750000       0.96693301200866699        7.4504293501377106E-002  0.99322281913017119     
   1184.2467041015625       0.96953266859054565        7.4555449187755585E-002  0.99483909920838298     
   1184.2766113281250        1.1349564790725708        8.0096282064914703E-002  0.99607252071156172     
   1184.3065185546875        1.0749166011810303        7.8137010335922241E-002  0.99699587963404401     
   1184.3364257812500       0.96109074354171753        7.3720037937164307E-002  0.99767979007923246     
   1184.3663330078125       0.94096165895462036        7.2888419032096863E-002  0.99818276747396351     
   1184.3962402343750       0.98528456687927246        7.4559129774570465E-002  0.99854965809108398     
   1184.4261474609375       0.94365912675857544        7.3077142238616943E-002  0.99881460699599789     
   1184.4560546875000       0.84807968139648438        6.9429174065589905E-002  0.99900483370044724     
   1184.4859619140625       0.96850949525833130        7.3900893330574036E-002  0.99914182736028045     
   1184.5158691406250        1.0285511016845703        7.5954429805278778E-002  0.99924238815197064     
   1184.5457763671875       0.90903270244598389        7.1871921420097351E-002  0.99932018037935155     
   1184.5758056640625       0.94625777006149292        7.3252111673355103E-002  0.99938533400776708     
   1184.6057128906250       0.92910051345825195        7.2421081364154816E-002   1.0000000000000000     
   1184.6356201171875        1.1054351329803467        7.9082824289798737E-002   1.0000000000000000     
   1184.6655273437500       0.90284597873687744        7.1118585765361786E-002   1.0000000000000000     
   1184.6954345703125       0.99790096282958984        7.4906602501869202E-002   1.0000000000000000     
   1184.7253417968750        1.0621892213821411        7.7586956322193146E-002   1.0000000000000000     
   1184.7552490234375        1.0206694602966309        7.6066978275775909E-002   1.0000000000000000     
   1184.7851562500000       0.95148384571075439        7.3553323745727539E-002   1.0000000000000000     
   1184.8150634765625        1.0163037776947021        7.5691744685173035E-002   1.0000000000000000     
   1184.8449707031250       0.97472262382507324        7.3880501091480255E-002   1.0000000000000000     
   1184.8748779296875        1.0357058048248291        7.6205387711524963E-002   1.0000000000000000     
   1184.9047851562500       0.94701850414276123        7.3159851133823395E-002   1.0000000000000000     
   1184.9346923828125        1.0852771997451782        7.8059487044811249E-002   1.0000000000000000     
   1184.9645996093750       0.98766827583312988        7.4628725647926331E-002   1.0000000000000000     
   1184.9945068359375        1.0236538648605347        7.5670272111892700E-002   1.0000000000000000     
   1185.0244140625000        1.0191729068756104        7.5469799339771271E-002   1.0000000000000000     
   1185.0543212890625        1.0288668870925903        7.6069094240665436E-002   1.0000000000000000     
   1185.0842285156250        1.0812244415283203        7.7688351273536682E-002   1.0000000000000000     
   1185.1141357421875       0.95149624347686768        7.3502197861671448E-002   1.0000000000000000     
   1185.1440429687500       0.99758279323577881        7.4892632663249969E-002   1.0000000000000000     
   1185.1739501953125       0.95131230354309082        7.3227956891059875E-002   1.0000000000000000     
   1185.2038574218750       0.96477508544921875        7.3179155588150024E-002   1.0000000000000000     
   1185.2337646484375       0.91007536649703979        7.1366682648658752E-002   1.0000000000000000     
   1185.2636718750000        1.0881797075271606        7.7739194035530090E-002   1.0000000000000000     
   1185.2935791015625        1.0806252956390381        7.7677384018898010E-002   1.0000000000000000     
   1185.3234863281250       0.96133542060852051        7.3257975280284882E-002   1.0000000000000000     
   1185.3533935546875       0.88758736848831177        7.0305198431015015E-002   1.0000000000000000     
   1185.3833007812500        1.0337975025177002        7.6392956078052521E-002   1.0000000000000000     
   1185.4132080078125       0.94859057664871216        7.2571389377117157E-002   1.0000000000000000     
   1185.4431152343750       0.95754384994506836        7.2968684136867523E-002   1.0000000000000000     
   1185.4730224609375        1.0477877855300903        7.6221570372581482E-002   1.0000000000000000     
   1185.5029296875000        1.0009859800338745        7.4454255402088165E-002   1.0000000000000000     
   1185.5328369140625       0.97841250896453857        7.4188493192195892E-002   1.0000000000000000     
   1185.5627441406250        1.0243885517120361        7.5184121727943420E-002   1.0000000000000000     
   1185.5926513671875       0.97326099872589111        7.3626719415187836E-002   1.0000000000000000     
   1185.6225585937500       0.88944381475448608        7.0205979049205780E-002   1.0000000000000000     
   1185.6524658203125        1.0022878646850586        7.4855141341686249E-002   1.0000000000000000     
   1185.6823730468750        1.0462683439254761        7.6385140419006348E-002   1.0000000000000000     
   1185.7122802734375       0.93676161766052246        7.2853974997997284E-002   1.0000000000000000     
   1185.7421875000000        1.0450223684310913        7.6905839145183563E-002   1.0000000000000000     
   1185.7720947265625       0.98363620042800903        7.3701195418834686E-002   1.0000000000000000     
   1185.8020019531250        1.0151276588439941        7.5159549713134766E-002   1.0000000000000000     
   1185.8319091796875       0.92737776041030884        7.1614049375057220E-002   1.0000000000000000     
   1185.8618164062500       0.99183839559555054        7.4607804417610168E-002   1.0000000000000000     
   1185.8918457031250        1.0560640096664429        7.6422601938247681E-002   1.0000000000000000     
   1185.9217529296875       0.99628764390945435        7.4438251554965973E-002   1.0000000000000000     
   1185.9516601562500        1.0110641717910767        7.5035303831100464E-002   1.0000000000000000     
   1185.9815673828125       0.95962637662887573        7.3333434760570526E-002   1.0000000000000000     
   1186.0114746093750       0.95876193046569824        7.4048608541488647E-002   1.0000000000000000     
   1186.0413818359375        1.0150952339172363        7.4637062847614288E-002   1.0000000000000000     
   1186.0712890625000       0.91371542215347290        7.0856928825378418E-002   1.0000000000000000     
!  ---- tick mark positions for above ----
!      1183.77102     8     1
