      1.00000       0.0000000
      2.00000   7.0967358e-06
      3.00000   7.2457929e-06
      4.00000   7.3939141e-06
      5.00000   7.5520147e-06
      6.00000   7.6951965e-06
      7.00000   7.8237381e-06
      8.00000   7.9437350e-06
      9.00000   8.0583832e-06
      10.0000   8.1638527e-06
      11.0000   8.2612878e-06
      12.0000   8.3647110e-06
      13.0000   8.4963031e-06
      14.0000   8.6769141e-06
      15.0000   8.9076602e-06
      16.0000   9.1717102e-06
      17.0000   9.4463958e-06
      18.0000   9.7166467e-06
      19.0000   9.9836361e-06
      20.0000   1.0261571e-05
      21.0000   1.0561318e-05
      22.0000   1.0875701e-05
      23.0000   1.1191186e-05
      24.0000   1.1497779e-05
      25.0000   1.1783844e-05
      26.0000   1.2046545e-05
      27.0000   1.2298061e-05
      28.0000   1.2554936e-05
      29.0000   1.2810501e-05
      30.0000   1.3025133e-05
      31.0000   1.3159269e-05
      32.0000   1.3205693e-05
      33.0000   1.3192222e-05
      34.0000   1.3169059e-05
      35.0000   1.3191408e-05
      36.0000   1.3293293e-05
      37.0000   1.3482520e-05
      38.0000   1.3747224e-05
      39.0000   1.4056393e-05
      40.0000   1.4390665e-05
      41.0000   1.4740996e-05
      42.0000   1.5099302e-05
      43.0000   1.5456941e-05
      44.0000   1.5787284e-05
      45.0000   1.6066209e-05
      46.0000   1.6302258e-05
      47.0000   1.6543694e-05
      48.0000   1.6861286e-05
      49.0000   1.7322365e-05
      50.0000   1.7952254e-05
      51.0000   1.8708221e-05
      52.0000   1.9502695e-05
      53.0000   2.0243784e-05
      54.0000   2.0875055e-05
      55.0000   2.1391594e-05
      56.0000   2.1810989e-05
      57.0000   2.2159682e-05
      58.0000   2.2470742e-05
      59.0000   2.2765780e-05
      60.0000   2.3037497e-05
      61.0000   2.3260936e-05
      62.0000   2.3421850e-05
      63.0000   2.3524419e-05
      64.0000   2.3583130e-05
      65.0000   2.3631872e-05
      66.0000   2.3713334e-05
      67.0000   2.3865756e-05
      68.0000   2.4113493e-05
      69.0000   2.4464907e-05
      70.0000   2.4910416e-05
      71.0000   2.5419155e-05
      72.0000   2.5940404e-05
      73.0000   2.6437629e-05
      74.0000   2.6914153e-05
      75.0000   2.7434300e-05
      76.0000   2.8104963e-05
      77.0000   2.8992956e-05
      78.0000   3.0130395e-05
      79.0000   3.1575917e-05
      80.0000   3.3378346e-05
      81.0000   3.5480669e-05
      82.0000   3.7736023e-05
      83.0000   4.0023315e-05
      84.0000   4.2327571e-05
      85.0000   4.4694803e-05
      86.0000   4.7154954e-05
      87.0000   4.9732491e-05
      88.0000   5.2419520e-05
      89.0000   5.5101791e-05
      90.0000   5.7677025e-05
      91.0000   6.0233069e-05
      92.0000   6.2997475e-05
      93.0000   6.6072324e-05
      94.0000   6.9339811e-05
      95.0000   7.2635186e-05
      96.0000   7.5938216e-05
      97.0000   7.9436672e-05
      98.0000   8.3549705e-05
      99.0000   8.8820329e-05
      100.000   9.5670279e-05
      101.000   0.00010416720
      102.000   0.00011404605
      103.000   0.00012515513
      104.000   0.00013773712
      105.000   0.00015210742
      106.000   0.00016836027
      107.000   0.00018658333
      108.000   0.00020679977
      109.000   0.00022840159
      110.000   0.00024998389
      111.000   0.00027000820
      112.000   0.00028743793
      113.000   0.00030220009
      114.000   0.00031548418
      115.000   0.00032907195
      116.000   0.00034406758
      117.000   0.00035996689
      118.000   0.00037546776
      119.000   0.00039079745
      120.000   0.00040862930
      121.000   0.00043283109
      122.000   0.00046636909
      123.000   0.00050956203
      124.000   0.00056023936
      125.000   0.00061713526
      126.000   0.00068201614
      127.000   0.00075704989
      128.000   0.00084062380
      129.000   0.00092767138
      130.000    0.0010146404
      131.000    0.0011047059
      132.000    0.0012056414
      133.000    0.0013197282
      134.000    0.0014366544
      135.000    0.0015392909
      136.000    0.0016175273
      137.000    0.0016758497
      138.000    0.0017295519
      139.000    0.0017964570
      140.000    0.0018965992
      141.000    0.0020496165
      142.000    0.0022543971
      143.000    0.0024798892
      144.000    0.0026993335
      145.000    0.0029393735
      146.000    0.0032829763
      147.000    0.0038040031
      148.000    0.0045026289
      149.000    0.0053239674
      150.000    0.0062533463
      151.000    0.0074058641
      152.000    0.0090374118
      153.000     0.011522458
      154.000     0.015342582
      155.000     0.020977978
      156.000     0.028813984
      157.000     0.039441142
      158.000     0.053894330
      159.000     0.072328292
      160.000     0.091393173
      161.000      0.10374587
      162.000      0.10267470
      163.000     0.088653043
      164.000     0.068726949
      165.000     0.049950942
      166.000     0.035490446
      167.000     0.025293685
      168.000     0.018256843
      169.000     0.013420300
      170.000     0.010147637
      171.000    0.0079708081
      172.000    0.0064855102
      173.000    0.0054080300
      174.000    0.0046007582
      175.000    0.0039943974
      176.000    0.0035279088
      177.000    0.0031479069
      178.000    0.0028211398
      179.000    0.0025359094
      180.000    0.0022972631
      181.000    0.0021078172
      182.000    0.0019545478
      183.000    0.0018207566
      184.000    0.0016982704
      185.000    0.0015807425
      186.000    0.0014566358
      187.000    0.0013190988
      188.000    0.0011710859
      189.000    0.0010231487
      190.000   0.00089208438
      191.000   0.00079041888
      192.000   0.00071614102
      193.000   0.00065671303
      194.000   0.00060054509
      195.000   0.00054249732
      196.000   0.00048271508
      197.000   0.00042494672
      198.000   0.00037420343
      199.000   0.00033353089
      200.000   0.00030255513
      201.000   0.00027841417
      202.000   0.00025802650
      203.000   0.00023955319
      204.000   0.00022231031
      205.000   0.00020619517
      206.000   0.00019107174
      207.000   0.00017665324
      208.000   0.00016277298
      209.000   0.00014941765
      210.000   0.00013665763
      211.000   0.00012456125
      212.000   0.00011332641
      213.000   0.00010321868
      214.000   9.4455063e-05
      215.000   8.7078908e-05
      216.000   8.0875827e-05
      217.000   7.5587013e-05
      218.000   7.1019647e-05
      219.000   6.7082059e-05
      220.000   6.3872023e-05
      221.000   6.1528415e-05
      222.000   6.0019320e-05
      223.000   5.9110294e-05
      224.000   5.8425550e-05
      225.000   5.7604564e-05
      226.000   5.6502631e-05
      227.000   5.5184828e-05
      228.000   5.3745447e-05
      229.000   5.2243911e-05
      230.000   5.0738396e-05
      231.000   4.9270060e-05
      232.000   4.7786409e-05
      233.000   4.6199719e-05
      234.000   4.4534576e-05
      235.000   4.2839205e-05
      236.000   4.1137562e-05
      237.000   3.9488259e-05
      238.000   3.7953119e-05
      239.000   3.6514419e-05
      240.000   3.5045636e-05
      241.000   3.3419550e-05
      242.000   3.1667285e-05
      243.000   2.9976289e-05
      244.000   2.8525094e-05
      245.000   2.7384182e-05
      246.000   2.6522785e-05
      247.000   2.5835576e-05
      248.000   2.5178366e-05
      249.000   2.4468165e-05
      250.000   2.3720351e-05
      251.000   2.2993872e-05
      252.000   2.2366610e-05
      253.000   2.1909116e-05
      254.000   2.1637034e-05
      255.000   2.1521531e-05
      256.000   2.1523263e-05
      257.000   2.1594282e-05
      258.000   2.1682299e-05
      259.000   2.1741893e-05
      260.000   2.1749518e-05
      261.000   2.1706957e-05
      262.000   2.1612179e-05
      263.000   2.1439058e-05
      264.000   2.1149406e-05
      265.000   2.0717889e-05
      266.000   2.0157086e-05
      267.000   1.9515206e-05
      268.000   1.8844959e-05
      269.000   1.8190416e-05
      270.000   1.7565777e-05
      271.000   1.6952565e-05
      272.000   1.6333390e-05
      273.000   1.5719068e-05
      274.000   1.5149406e-05
      275.000   1.4669109e-05
      276.000   1.4293574e-05
      277.000   1.4008180e-05
      278.000   1.3796514e-05
      279.000   1.3641506e-05
      280.000   1.3526417e-05
      281.000   1.3438826e-05
      282.000   1.3367938e-05
      283.000   1.3308761e-05
      284.000   1.3264520e-05
      285.000   1.3233652e-05
      286.000   1.3202103e-05
      287.000   1.3137224e-05
      288.000   1.3008610e-05
      289.000   1.2822223e-05
      290.000   1.2609158e-05
      291.000   1.2397306e-05
      292.000   1.2196250e-05
      293.000   1.1989152e-05
      294.000   1.1748250e-05
      295.000   1.1450494e-05
      296.000   1.1094246e-05
      297.000   1.0701579e-05
      298.000   1.0302316e-05
      299.000   9.9225445e-06
      300.000   9.5813230e-06
      301.000   9.2926384e-06
      302.000   9.0626672e-06
      303.000   8.8747793e-06
      304.000   8.6998225e-06
      305.000   8.5256515e-06
      306.000   8.3716859e-06
      307.000   8.2742845e-06
      308.000   8.2467186e-06
      309.000   8.2522274e-06
      310.000   8.2305678e-06
      311.000   8.1499602e-06
      312.000   8.0200407e-06
      313.000   7.8698440e-06
      314.000   7.7247487e-06
      315.000   7.5953972e-06
      316.000   7.4834884e-06
      317.000   7.3887913e-06
      318.000   7.3092706e-06
      319.000   7.2298917e-06
      320.000   7.1460740e-06
      321.000   7.0115402e-06
