      1.00000   7.0068213e-06
      2.00000   7.0954961e-06
      3.00000   7.1407794e-06
      4.00000   7.1838058e-06
      5.00000   7.2153666e-06
      6.00000   7.2293528e-06
      7.00000   7.2274070e-06
      8.00000   7.2155749e-06
      9.00000   7.1965069e-06
      10.0000   7.1757672e-06
      11.0000   7.1668765e-06
      12.0000   7.1838767e-06
      13.0000   7.2249395e-06
      14.0000   7.2744115e-06
      15.0000   7.3207093e-06
      16.0000   7.3612496e-06
      17.0000   7.3993319e-06
      18.0000   7.4409154e-06
      19.0000   7.4872182e-06
      20.0000   7.5331727e-06
      21.0000   7.5746539e-06
      22.0000   7.6191141e-06
      23.0000   7.6875185e-06
      24.0000   7.7997156e-06
      25.0000   7.9626479e-06
      26.0000   8.1665048e-06
      27.0000   8.3922132e-06
      28.0000   8.6313748e-06
      29.0000   8.8863308e-06
      30.0000   9.1495303e-06
      31.0000   9.4031020e-06
      32.0000   9.6413251e-06
      33.0000   9.8759456e-06
      34.0000   1.0115624e-05
      35.0000   1.0348539e-05
      36.0000   1.0553301e-05
      37.0000   1.0720764e-05
      38.0000   1.0858891e-05
      39.0000   1.0985346e-05
      40.0000   1.1125727e-05
      41.0000   1.1303104e-05
      42.0000   1.1519475e-05
      43.0000   1.1758553e-05
      44.0000   1.2001972e-05
      45.0000   1.2240177e-05
      46.0000   1.2474347e-05
      47.0000   1.2713504e-05
      48.0000   1.2976429e-05
      49.0000   1.3288419e-05
      50.0000   1.3663349e-05
      51.0000   1.4093760e-05
      52.0000   1.4559429e-05
      53.0000   1.5030354e-05
      54.0000   1.5487209e-05
      55.0000   1.5935688e-05
      56.0000   1.6390517e-05
      57.0000   1.6863378e-05
      58.0000   1.7357726e-05
      59.0000   1.7865383e-05
      60.0000   1.8385861e-05
      61.0000   1.8926792e-05
      62.0000   1.9492900e-05
      63.0000   2.0090733e-05
      64.0000   2.0721145e-05
      65.0000   2.1352018e-05
      66.0000   2.1924654e-05
      67.0000   2.2432088e-05
      68.0000   2.2951121e-05
      69.0000   2.3553956e-05
      70.0000   2.4238430e-05
      71.0000   2.4941850e-05
      72.0000   2.5597094e-05
      73.0000   2.6192432e-05
      74.0000   2.6784332e-05
      75.0000   2.7435550e-05
      76.0000   2.8152270e-05
      77.0000   2.8907059e-05
      78.0000   2.9670100e-05
      79.0000   3.0431076e-05
      80.0000   3.1245087e-05
      81.0000   3.2217653e-05
      82.0000   3.3436503e-05
      83.0000   3.4933870e-05
      84.0000   3.6686270e-05
      85.0000   3.8598544e-05
      86.0000   4.0461360e-05
      87.0000   4.2035703e-05
      88.0000   4.3316657e-05
      89.0000   4.4648506e-05
      90.0000   4.6515350e-05
      91.0000   4.9225360e-05
      92.0000   5.2778945e-05
      93.0000   5.7012669e-05
      94.0000   6.1741055e-05
      95.0000   6.6829314e-05
      96.0000   7.2328206e-05
      97.0000   7.8440789e-05
      98.0000   8.5250984e-05
      99.0000   9.2598981e-05
      100.000   0.00010034583
      101.000   0.00010873548
      102.000   0.00011826897
      103.000   0.00012901898
      104.000   0.00014037240
      105.000   0.00015170910
      106.000   0.00016313788
      107.000   0.00017555004
      108.000   0.00019007042
      109.000   0.00020733710
      110.000   0.00022737499
      111.000   0.00025030202
      112.000   0.00027665551
      113.000   0.00030657754
      114.000   0.00033927607
      115.000   0.00037350319
      116.000   0.00040777284
      117.000   0.00043992951
      118.000   0.00046784268
      119.000   0.00049098762
      120.000   0.00051078247
      121.000   0.00052943465
      122.000   0.00054844521
      123.000   0.00056859571
      124.000   0.00059169391
      125.000   0.00062165887
      126.000   0.00066247419
      127.000   0.00071526127
      128.000   0.00077915896
      129.000   0.00085558166
      130.000   0.00094777771
      131.000    0.0010563574
      132.000    0.0011788649
      133.000    0.0013145622
      134.000    0.0014690664
      135.000    0.0016460180
      136.000    0.0018335120
      137.000    0.0020086179
      138.000    0.0021598209
      139.000    0.0023023421
      140.000    0.0024720798
      141.000    0.0027043002
      142.000    0.0030034855
      143.000    0.0033496015
      144.000    0.0037468784
      145.000    0.0042400626
      146.000    0.0048790029
      147.000    0.0056996807
      148.000    0.0067583895
      149.000    0.0081758294
      150.000     0.010156621
      151.000     0.012982164
      152.000     0.016967664
      153.000     0.022278180
      154.000     0.028774604
      155.000     0.036142521
      156.000     0.043786269
      157.000     0.050407991
      158.000     0.054412793
      159.000     0.055372801
      160.000     0.054442767
      161.000     0.053144239
      162.000     0.052519619
      163.000     0.052858360
      164.000     0.053342681
      165.000     0.052294474
      166.000     0.048493993
      167.000     0.042283036
      168.000     0.035064105
      169.000     0.028129866
      170.000     0.022109952
      171.000     0.017084954
      172.000     0.012975685
      173.000    0.0097745191
      174.000    0.0074607343
      175.000    0.0058871703
      176.000    0.0048342985
      177.000    0.0041043921
      178.000    0.0035672979
      179.000    0.0031562923
      180.000    0.0028388242
      181.000    0.0025920488
      182.000    0.0023959244
      183.000    0.0022328384
      184.000    0.0020826641
      185.000    0.0019244581
      186.000    0.0017429221
      187.000    0.0015376268
      188.000    0.0013270093
      189.000    0.0011372743
      190.000   0.00098471623
      191.000   0.00086766970
      192.000   0.00077405397
      193.000   0.00069372781
      194.000   0.00062158139
      195.000   0.00055462524
      196.000   0.00049121823
      197.000   0.00043116647
      198.000   0.00037561453
      199.000   0.00032673214
      200.000   0.00028621178
      201.000   0.00025413142
      202.000   0.00022918540
      203.000   0.00020918445
      204.000   0.00019188953
      205.000   0.00017609735
      206.000   0.00016159542
      207.000   0.00014839842
      208.000   0.00013644771
      209.000   0.00012570272
      210.000   0.00011629851
      211.000   0.00010830736
      212.000   0.00010145030
      213.000   9.5284311e-05
      214.000   8.9550340e-05
      215.000   8.4220395e-05
      216.000   7.9361213e-05
      217.000   7.5026735e-05
      218.000   7.1300914e-05
      219.000   6.8232046e-05
      220.000   6.5564876e-05
      221.000   6.2815474e-05
      222.000   5.9703078e-05
      223.000   5.6379351e-05
      224.000   5.3279422e-05
      225.000   5.0755469e-05
      226.000   4.8779359e-05
      227.000   4.7049019e-05
      228.000   4.5333247e-05
      229.000   4.3558313e-05
      230.000   4.1722546e-05
      231.000   3.9882845e-05
      232.000   3.8140879e-05
      233.000   3.6580786e-05
      234.000   3.5208865e-05
      235.000   3.3986238e-05
      236.000   3.2893015e-05
      237.000   3.1897100e-05
      238.000   3.0933028e-05
      239.000   2.9956051e-05
      240.000   2.8977107e-05
      241.000   2.8075248e-05
      242.000   2.7337808e-05
      243.000   2.6761320e-05
      244.000   2.6260735e-05
      245.000   2.5756901e-05
      246.000   2.5218693e-05
      247.000   2.4645782e-05
      248.000   2.4033394e-05
      249.000   2.3361035e-05
      250.000   2.2635197e-05
      251.000   2.1932767e-05
      252.000   2.1351896e-05
      253.000   2.0921247e-05
      254.000   2.0576636e-05
      255.000   2.0211919e-05
      256.000   1.9740262e-05
      257.000   1.9137495e-05
      258.000   1.8443608e-05
      259.000   1.7721755e-05
      260.000   1.7026452e-05
      261.000   1.6414495e-05
      262.000   1.5923288e-05
      263.000   1.5527270e-05
      264.000   1.5166537e-05
      265.000   1.4793932e-05
      266.000   1.4397463e-05
      267.000   1.3996682e-05
      268.000   1.3618419e-05
      269.000   1.3278616e-05
      270.000   1.2973437e-05
      271.000   1.2680955e-05
      272.000   1.2382036e-05
      273.000   1.2077462e-05
      274.000   1.1777774e-05
      275.000   1.1486473e-05
      276.000   1.1198008e-05
      277.000   1.0913866e-05
      278.000   1.0652924e-05
      279.000   1.0434685e-05
      280.000   1.0259302e-05
      281.000   1.0108616e-05
      282.000   9.9671079e-06
      283.000   9.8335258e-06
      284.000   9.7078864e-06
      285.000   9.5776004e-06
      286.000   9.4334637e-06
      287.000   9.2795690e-06
      288.000   9.1236043e-06
      289.000   8.9726636e-06
      290.000   8.8214229e-06
      291.000   8.6440259e-06
      292.000   8.4192307e-06
      293.000   8.1593344e-06
      294.000   7.9024167e-06
      295.000   7.6818887e-06
      296.000   7.5076373e-06
      297.000   7.3708825e-06
      298.000   7.2640992e-06
      299.000   7.1873224e-06
      300.000   7.1424129e-06
      301.000   7.1274926e-06
      302.000   7.1333830e-06
      303.000   7.1501158e-06
      304.000   7.1720692e-06
      305.000   7.1945228e-06
      306.000   7.2152739e-06
      307.000   7.2313846e-06
      308.000   7.2353819e-06
      309.000   7.2224516e-06
      310.000   7.1895679e-06
      311.000   7.1337072e-06
      312.000   7.0636211e-06
      313.000   7.0018614e-06
      314.000   6.9611833e-06
      315.000   6.9359753e-06
      316.000   6.9082662e-06
      317.000   6.8511949e-06
      318.000   6.7547376e-06
      319.000   6.6496796e-06
      320.000   6.5480008e-06
      321.000       0.0000000
