      1.00000       0.0000000
      2.00000   7.0403157e-06
      3.00000   7.1244272e-06
      4.00000   7.2372713e-06
      5.00000   7.3942560e-06
      6.00000   7.5889138e-06
      7.00000   7.8143403e-06
      8.00000   8.0613372e-06
      9.00000   8.3298883e-06
      10.0000   8.6315922e-06
      11.0000   8.9733385e-06
      12.0000   9.3495519e-06
      13.0000   9.7438433e-06
      14.0000   1.0139393e-05
      15.0000   1.0527740e-05
      16.0000   1.0906123e-05
      17.0000   1.1271911e-05
      18.0000   1.1616153e-05
      19.0000   1.1917927e-05
      20.0000   1.2152703e-05
      21.0000   1.2312479e-05
      22.0000   1.2409268e-05
      23.0000   1.2470965e-05
      24.0000   1.2522672e-05
      25.0000   1.2561026e-05
      26.0000   1.2554937e-05
      27.0000   1.2462763e-05
      28.0000   1.2268826e-05
      29.0000   1.2013779e-05
      30.0000   1.1769865e-05
      31.0000   1.1602666e-05
      32.0000   1.1551538e-05
      33.0000   1.1618197e-05
      34.0000   1.1782879e-05
      35.0000   1.2028505e-05
      36.0000   1.2349603e-05
      37.0000   1.2749268e-05
      38.0000   1.3226553e-05
      39.0000   1.3762949e-05
      40.0000   1.4334478e-05
      41.0000   1.4935895e-05
      42.0000   1.5582918e-05
      43.0000   1.6290662e-05
      44.0000   1.7064807e-05
      45.0000   1.7899094e-05
      46.0000   1.8762556e-05
      47.0000   1.9600382e-05
      48.0000   2.0348603e-05
      49.0000   2.0974801e-05
      50.0000   2.1497988e-05
      51.0000   2.1940659e-05
      52.0000   2.2293587e-05
      53.0000   2.2547416e-05
      54.0000   2.2702545e-05
      55.0000   2.2770051e-05
      56.0000   2.2773580e-05
      57.0000   2.2733320e-05
      58.0000   2.2664448e-05
      59.0000   2.2572040e-05
      60.0000   2.2442842e-05
      61.0000   2.2276343e-05
      62.0000   2.2114862e-05
      63.0000   2.2032076e-05
      64.0000   2.2102227e-05
      65.0000   2.2358900e-05
      66.0000   2.2792194e-05
      67.0000   2.3356382e-05
      68.0000   2.3960813e-05
      69.0000   2.4502106e-05
      70.0000   2.4942499e-05
      71.0000   2.5359293e-05
      72.0000   2.5919968e-05
      73.0000   2.6766256e-05
      74.0000   2.7931590e-05
      75.0000   2.9388724e-05
      76.0000   3.1109998e-05
      77.0000   3.3029410e-05
      78.0000   3.5031742e-05
      79.0000   3.6987276e-05
      80.0000   3.8810231e-05
      81.0000   4.0525429e-05
      82.0000   4.2215339e-05
      83.0000   4.3918320e-05
      84.0000   4.5635916e-05
      85.0000   4.7335598e-05
      86.0000   4.8953912e-05
      87.0000   5.0499391e-05
      88.0000   5.2126910e-05
      89.0000   5.4049011e-05
      90.0000   5.6356825e-05
      91.0000   5.8931237e-05
      92.0000   6.1516279e-05
      93.0000   6.3923537e-05
      94.0000   6.6163433e-05
      95.0000   6.8513720e-05
      96.0000   7.1558010e-05
      97.0000   7.5982338e-05
      98.0000   8.2187602e-05
      99.0000   9.0050547e-05
      100.000   9.9103614e-05
      101.000   0.00010896668
      102.000   0.00011963716
      103.000   0.00013144471
      104.000   0.00014480340
      105.000   0.00016007551
      106.000   0.00017739790
      107.000   0.00019632511
      108.000   0.00021573076
      109.000   0.00023436120
      110.000   0.00025139548
      111.000   0.00026659929
      112.000   0.00028043304
      113.000   0.00029379467
      114.000   0.00030750129
      115.000   0.00032161421
      116.000   0.00033524708
      117.000   0.00034784933
      118.000   0.00036054611
      119.000   0.00037608753
      120.000   0.00039807952
      121.000   0.00042952562
      122.000   0.00047044334
      123.000   0.00051790342
      124.000   0.00056963862
      125.000   0.00062655454
      126.000   0.00069157954
      127.000   0.00076620228
      128.000   0.00084772066
      129.000   0.00093074469
      130.000    0.0010141052
      131.000    0.0011048587
      132.000    0.0012103783
      133.000    0.0013262749
      134.000    0.0014366851
      135.000    0.0015258254
      136.000    0.0015877128
      137.000    0.0016289274
      138.000    0.0016661460
      139.000    0.0017212224
      140.000    0.0018197747
      141.000    0.0019789326
      142.000    0.0021827323
      143.000    0.0023894839
      144.000    0.0025828467
      145.000    0.0028087415
      146.000    0.0031469357
      147.000    0.0036409474
      148.000    0.0042701103
      149.000    0.0050016441
      150.000    0.0058690244
      151.000    0.0070095779
      152.000    0.0086476868
      153.000     0.011064978
      154.000     0.014609236
      155.000     0.019756397
      156.000     0.027236436
      157.000     0.038201567
      158.000     0.053959709
      159.000     0.074333094
      160.000     0.095176049
      161.000      0.10836405
      162.000      0.10680015
      163.000     0.091202326
      164.000     0.069392309
      165.000     0.049185183
      166.000     0.034016322
      167.000     0.023676524
      168.000     0.016775418
      169.000     0.012153300
      170.000    0.0091086105
      171.000    0.0071610273
      172.000    0.0058942651
      173.000    0.0049995771
      174.000    0.0043237922
      175.000    0.0038088106
      176.000    0.0034073470
      177.000    0.0030715368
      178.000    0.0027768610
      179.000    0.0025221598
      180.000    0.0023100788
      181.000    0.0021335164
      182.000    0.0019738427
      183.000    0.0018160556
      184.000    0.0016645363
      185.000    0.0015320346
      186.000    0.0014157915
      187.000    0.0012986579
      188.000    0.0011703849
      189.000    0.0010378570
      190.000   0.00091494899
      191.000   0.00080947491
      192.000   0.00072202814
      193.000   0.00065008301
      194.000   0.00059063511
      195.000   0.00054033921
      196.000   0.00049472466
      197.000   0.00044935185
      198.000   0.00040320080
      199.000   0.00035917462
      200.000   0.00032055494
      201.000   0.00028862141
      202.000   0.00026288559
      203.000   0.00024221578
      204.000   0.00022534965
      205.000   0.00021070070
      206.000   0.00019699642
      207.000   0.00018386317
      208.000   0.00017136181
      209.000   0.00015951473
      210.000   0.00014828591
      211.000   0.00013770493
      212.000   0.00012770710
      213.000   0.00011800177
      214.000   0.00010837891
      215.000   9.8970217e-05
      216.000   9.0221540e-05
      217.000   8.2616076e-05
      218.000   7.6350618e-05
      219.000   7.1256109e-05
      220.000   6.6992819e-05
      221.000   6.3298052e-05
      222.000   6.0147428e-05
      223.000   5.7699770e-05
      224.000   5.6036435e-05
      225.000   5.5016622e-05
      226.000   5.4321390e-05
      227.000   5.3624677e-05
      228.000   5.2784861e-05
      229.000   5.1818781e-05
      230.000   5.0806088e-05
      231.000   4.9838465e-05
      232.000   4.8944217e-05
      233.000   4.8016951e-05
      234.000   4.6965775e-05
      235.000   4.5777204e-05
      236.000   4.4432651e-05
      237.000   4.2945241e-05
      238.000   4.1399442e-05
      239.000   3.9868173e-05
      240.000   3.8404327e-05
      241.000   3.7073609e-05
      242.000   3.5886696e-05
      243.000   3.4736033e-05
      244.000   3.3419292e-05
      245.000   3.1792111e-05
      246.000   2.9940926e-05
      247.000   2.8126562e-05
      248.000   2.6572441e-05
      249.000   2.5344734e-05
      250.000   2.4382240e-05
      251.000   2.3565106e-05
      252.000   2.2788952e-05
      253.000   2.2007827e-05
      254.000   2.1214923e-05
      255.000   2.0431391e-05
      256.000   1.9745170e-05
      257.000   1.9278523e-05
      258.000   1.9081581e-05
      259.000   1.9122846e-05
      260.000   1.9341447e-05
      261.000   1.9665824e-05
      262.000   2.0006344e-05
      263.000   2.0295951e-05
      264.000   2.0529325e-05
      265.000   2.0734004e-05
      266.000   2.0909732e-05
      267.000   2.1015858e-05
      268.000   2.1008171e-05
      269.000   2.0869400e-05
      270.000   2.0604031e-05
      271.000   2.0228648e-05
      272.000   1.9756195e-05
      273.000   1.9191330e-05
      274.000   1.8535568e-05
      275.000   1.7782068e-05
      276.000   1.6941776e-05
      277.000   1.6065367e-05
      278.000   1.5216560e-05
      279.000   1.4452621e-05
      280.000   1.3799032e-05
      281.000   1.3233524e-05
      282.000   1.2727844e-05
      283.000   1.2274501e-05
      284.000   1.1874801e-05
      285.000   1.1535923e-05
      286.000   1.1270269e-05
      287.000   1.1090263e-05
      288.000   1.1000630e-05
      289.000   1.1004615e-05
      290.000   1.1100979e-05
      291.000   1.1273105e-05
      292.000   1.1487592e-05
      293.000   1.1700347e-05
      294.000   1.1878818e-05
      295.000   1.2012716e-05
      296.000   1.2103074e-05
      297.000   1.2167509e-05
      298.000   1.2214867e-05
      299.000   1.2214916e-05
      300.000   1.2121910e-05
      301.000   1.1910264e-05
      302.000   1.1597240e-05
      303.000   1.1237137e-05
      304.000   1.0868117e-05
      305.000   1.0484759e-05
      306.000   1.0067711e-05
      307.000   9.6179174e-06
      308.000   9.1591210e-06
      309.000   8.7211047e-06
      310.000   8.3300429e-06
      311.000   7.9992515e-06
      312.000   7.7266550e-06
      313.000   7.5027078e-06
      314.000   7.3226292e-06
      315.000   7.1864611e-06
      316.000   7.0910519e-06
      317.000   7.0275755e-06
      318.000   6.9838115e-06
      319.000   6.9479411e-06
      320.000   6.9180123e-06
      321.000   6.8820314e-06
