      1.00000   5.9047052e-06
      2.00000   6.0546072e-06
      3.00000   6.1721039e-06
      4.00000   6.2907543e-06
      5.00000   6.3974271e-06
      6.00000   6.4971441e-06
      7.00000   6.5946574e-06
      8.00000   6.6863490e-06
      9.00000   6.7539454e-06
      10.0000   6.7857368e-06
      11.0000   6.7853575e-06
      12.0000   6.7706756e-06
      13.0000   6.7689311e-06
      14.0000   6.7946207e-06
      15.0000   6.8461154e-06
      16.0000   6.9270127e-06
      17.0000   7.0445508e-06
      18.0000   7.1978520e-06
      19.0000   7.3842384e-06
      20.0000   7.6004558e-06
      21.0000   7.8413323e-06
      22.0000   8.1066837e-06
      23.0000   8.4016565e-06
      24.0000   8.7202743e-06
      25.0000   9.0341728e-06
      26.0000   9.3093531e-06
      27.0000   9.5327023e-06
      28.0000   9.7173943e-06
      29.0000   9.8837008e-06
      30.0000   1.0029522e-05
      31.0000   1.0129518e-05
      32.0000   1.0171008e-05
      33.0000   1.0164823e-05
      34.0000   1.0124245e-05
      35.0000   1.0062111e-05
      36.0000   9.9979570e-06
      37.0000   9.9554272e-06
      38.0000   9.9551416e-06
      39.0000   1.0007542e-05
      40.0000   1.0122609e-05
      41.0000   1.0311497e-05
      42.0000   1.0571130e-05
      43.0000   1.0888902e-05
      44.0000   1.1254452e-05
      45.0000   1.1667053e-05
      46.0000   1.2146555e-05
      47.0000   1.2714461e-05
      48.0000   1.3349013e-05
      49.0000   1.3984140e-05
      50.0000   1.4548730e-05
      51.0000   1.4996584e-05
      52.0000   1.5322268e-05
      53.0000   1.5558991e-05
      54.0000   1.5751624e-05
      55.0000   1.5930376e-05
      56.0000   1.6113843e-05
      57.0000   1.6312830e-05
      58.0000   1.6514396e-05
      59.0000   1.6697028e-05
      60.0000   1.6870785e-05
      61.0000   1.7082804e-05
      62.0000   1.7412187e-05
      63.0000   1.7925599e-05
      64.0000   1.8594197e-05
      65.0000   1.9309859e-05
      66.0000   1.9983818e-05
      67.0000   2.0597614e-05
      68.0000   2.1203521e-05
      69.0000   2.1882975e-05
      70.0000   2.2699902e-05
      71.0000   2.3692008e-05
      72.0000   2.4853198e-05
      73.0000   2.6085183e-05
      74.0000   2.7221435e-05
      75.0000   2.8140495e-05
      76.0000   2.8815362e-05
      77.0000   2.9282639e-05
      78.0000   2.9612891e-05
      79.0000   2.9900970e-05
      80.0000   3.0223437e-05
      81.0000   3.0591516e-05
      82.0000   3.0977884e-05
      83.0000   3.1363503e-05
      84.0000   3.1778145e-05
      85.0000   3.2315544e-05
      86.0000   3.3078348e-05
      87.0000   3.4133849e-05
      88.0000   3.5526373e-05
      89.0000   3.7269645e-05
      90.0000   3.9335457e-05
      91.0000   4.1634983e-05
      92.0000   4.4050346e-05
      93.0000   4.6560443e-05
      94.0000   4.9293922e-05
      95.0000   5.2421678e-05
      96.0000   5.6044093e-05
      97.0000   6.0197290e-05
      98.0000   6.4890140e-05
      99.0000   7.0092326e-05
      100.000   7.5740376e-05
      101.000   8.1819097e-05
      102.000   8.8319728e-05
      103.000   9.5076066e-05
      104.000   0.00010190318
      105.000   0.00010890398
      106.000   0.00011650347
      107.000   0.00012515819
      108.000   0.00013498196
      109.000   0.00014580588
      110.000   0.00015757571
      111.000   0.00017058123
      112.000   0.00018549971
      113.000   0.00020306741
      114.000   0.00022345403
      115.000   0.00024623401
      116.000   0.00027129657
      117.000   0.00029954521
      118.000   0.00033227014
      119.000   0.00036975028
      120.000   0.00041088910
      121.000   0.00045390578
      122.000   0.00049660308
      123.000   0.00053671072
      124.000   0.00057270244
      125.000   0.00060443697
      126.000   0.00063328038
      127.000   0.00066116900
      128.000   0.00068919588
      129.000   0.00071835716
      130.000   0.00075258326
      131.000   0.00079949724
      132.000   0.00086654519
      133.000   0.00095756573
      134.000    0.0010746231
      135.000    0.0012195730
      136.000    0.0013903864
      137.000    0.0015807610
      138.000    0.0017884857
      139.000    0.0020220652
      140.000    0.0022917786
      141.000    0.0025890898
      142.000    0.0028809924
      143.000    0.0031373822
      144.000    0.0033699600
      145.000    0.0036281501
      146.000    0.0039496496
      147.000    0.0043551871
      148.000    0.0049052811
      149.000    0.0057043694
      150.000    0.0068194121
      151.000    0.0082548130
      152.000     0.010080997
      153.000     0.012630330
      154.000     0.016576210
      155.000     0.022756394
      156.000     0.031799302
      157.000     0.043835942
      158.000     0.058518641
      159.000     0.074633703
      160.000     0.088932633
      161.000     0.096252285
      162.000     0.093024984
      163.000     0.080816232
      164.000     0.064681262
      165.000     0.049067274
      166.000     0.036159325
      167.000     0.026391175
      168.000     0.019376943
      169.000     0.014483542
      170.000     0.011112784
      171.000    0.0087706530
      172.000    0.0070904815
      173.000    0.0058687534
      174.000    0.0050116335
      175.000    0.0044458481
      176.000    0.0040760785
      177.000    0.0037947595
      178.000    0.0035170121
      179.000    0.0032110901
      180.000    0.0028908756
      181.000    0.0025749593
      182.000    0.0022710182
      183.000    0.0019862144
      184.000    0.0017315748
      185.000    0.0015152959
      186.000    0.0013376314
      187.000    0.0011927396
      188.000    0.0010732688
      189.000   0.00097221031
      190.000   0.00088104128
      191.000   0.00079114165
      192.000   0.00069891749
      193.000   0.00060779473
      194.000   0.00052512105
      195.000   0.00045608063
      196.000   0.00040109517
      197.000   0.00035805668
      198.000   0.00032463102
      199.000   0.00029817061
      200.000   0.00027525917
      201.000   0.00025299983
      202.000   0.00023029196
      203.000   0.00020733630
      204.000   0.00018491861
      205.000   0.00016424392
      206.000   0.00014666600
      207.000   0.00013298285
      208.000   0.00012293627
      209.000   0.00011568636
      210.000   0.00011032330
      211.000   0.00010599280
      212.000   0.00010205487
      213.000   9.8149590e-05
      214.000   9.4066352e-05
      215.000   8.9729489e-05
      216.000   8.5292013e-05
      217.000   8.1003971e-05
      218.000   7.6928525e-05
      219.000   7.2883093e-05
      220.000   6.8723908e-05
      221.000   6.4550208e-05
      222.000   6.0578812e-05
      223.000   5.6986071e-05
      224.000   5.3842297e-05
      225.000   5.1027539e-05
      226.000   4.8312198e-05
      227.000   4.5609886e-05
      228.000   4.3002026e-05
      229.000   4.0588995e-05
      230.000   3.8438018e-05
      231.000   3.6577636e-05
      232.000   3.4998906e-05
      233.000   3.3649274e-05
      234.000   3.2447067e-05
      235.000   3.1338459e-05
      236.000   3.0318892e-05
      237.000   2.9416631e-05
      238.000   2.8678540e-05
      239.000   2.8144457e-05
      240.000   2.7818269e-05
      241.000   2.7648810e-05
      242.000   2.7527371e-05
      243.000   2.7308619e-05
      244.000   2.6857211e-05
      245.000   2.6138941e-05
      246.000   2.5247879e-05
      247.000   2.4313289e-05
      248.000   2.3432929e-05
      249.000   2.2643570e-05
      250.000   2.1894317e-05
      251.000   2.1108739e-05
      252.000   2.0286847e-05
      253.000   1.9499183e-05
      254.000   1.8808038e-05
      255.000   1.8236213e-05
      256.000   1.7766011e-05
      257.000   1.7347233e-05
      258.000   1.6940119e-05
      259.000   1.6550468e-05
      260.000   1.6209920e-05
      261.000   1.5940735e-05
      262.000   1.5735268e-05
      263.000   1.5561574e-05
      264.000   1.5395261e-05
      265.000   1.5238007e-05
      266.000   1.5095743e-05
      267.000   1.4945021e-05
      268.000   1.4742269e-05
      269.000   1.4452108e-05
      270.000   1.4070354e-05
      271.000   1.3624709e-05
      272.000   1.3145367e-05
      273.000   1.2651862e-05
      274.000   1.2160748e-05
      275.000   1.1680017e-05
      276.000   1.1207073e-05
      277.000   1.0740847e-05
      278.000   1.0298303e-05
      279.000   9.9127701e-06
      280.000   9.6166832e-06
      281.000   9.4247098e-06
      282.000   9.3194649e-06
      283.000   9.2662431e-06
      284.000   9.2367245e-06
      285.000   9.2119717e-06
      286.000   9.1891634e-06
      287.000   9.1840384e-06
      288.000   9.2086320e-06
      289.000   9.2495429e-06
      290.000   9.2745358e-06
      291.000   9.2572582e-06
      292.000   9.1970396e-06
      293.000   9.1137754e-06
      294.000   9.0219401e-06
      295.000   8.9136447e-06
      296.000   8.7678691e-06
      297.000   8.5736037e-06
      298.000   8.3411287e-06
      299.000   8.0917189e-06
      300.000   7.8449784e-06
      301.000   7.6139013e-06
      302.000   7.4043774e-06
      303.000   7.2180715e-06
      304.000   7.0472593e-06
      305.000   6.8792583e-06
      306.000   6.7180836e-06
      307.000   6.5811410e-06
      308.000   6.4779306e-06
      309.000   6.4063424e-06
      310.000   6.3590246e-06
      311.000   6.3266825e-06
      312.000   6.2936815e-06
      313.000   6.2407494e-06
      314.000   6.1597580e-06
      315.000   6.0607113e-06
      316.000   5.9650633e-06
      317.000   5.8953419e-06
      318.000   5.8627834e-06
      319.000   5.8606624e-06
      320.000   5.8579099e-06
      321.000       0.0000000
