      1.00000       0.0000000
      2.00000   6.3178118e-06
      3.00000   6.4538403e-06
      4.00000   6.5797371e-06
      5.00000   6.7221790e-06
      6.00000   6.8681184e-06
      7.00000   7.0245924e-06
      8.00000   7.2019484e-06
      9.00000   7.4071500e-06
      10.0000   7.6388133e-06
      11.0000   7.8821713e-06
      12.0000   8.1088765e-06
      13.0000   8.2969627e-06
      14.0000   8.4518497e-06
      15.0000   8.5968468e-06
      16.0000   8.7479066e-06
      17.0000   8.9043060e-06
      18.0000   9.0531703e-06
      19.0000   9.1708844e-06
      20.0000   9.2308173e-06
      21.0000   9.2248119e-06
      22.0000   9.1693128e-06
      23.0000   9.0894864e-06
      24.0000   9.0027524e-06
      25.0000   8.9142577e-06
      26.0000   8.8404840e-06
      27.0000   8.8186407e-06
      28.0000   8.8754268e-06
      29.0000   9.0098220e-06
      30.0000   9.2079426e-06
      31.0000   9.4636816e-06
      32.0000   9.7772836e-06
      33.0000   1.0146598e-05
      34.0000   1.0571785e-05
      35.0000   1.1054424e-05
      36.0000   1.1590828e-05
      37.0000   1.2168221e-05
      38.0000   1.2758809e-05
      39.0000   1.3325471e-05
      40.0000   1.3834117e-05
      41.0000   1.4262778e-05
      42.0000   1.4610111e-05
      43.0000   1.4883572e-05
      44.0000   1.5076490e-05
      45.0000   1.5174558e-05
      46.0000   1.5186543e-05
      47.0000   1.5150317e-05
      48.0000   1.5114471e-05
      49.0000   1.5102798e-05
      50.0000   1.5109397e-05
      51.0000   1.5138278e-05
      52.0000   1.5222946e-05
      53.0000   1.5410813e-05
      54.0000   1.5725018e-05
      55.0000   1.6162143e-05
      56.0000   1.6709235e-05
      57.0000   1.7330065e-05
      58.0000   1.7960629e-05
      59.0000   1.8536073e-05
      60.0000   1.9060251e-05
      61.0000   1.9633708e-05
      62.0000   2.0367614e-05
      63.0000   2.1290296e-05
      64.0000   2.2329064e-05
      65.0000   2.3359518e-05
      66.0000   2.4280978e-05
      67.0000   2.5064179e-05
      68.0000   2.5721105e-05
      69.0000   2.6261459e-05
      70.0000   2.6689826e-05
      71.0000   2.7007603e-05
      72.0000   2.7221209e-05
      73.0000   2.7353610e-05
      74.0000   2.7474585e-05
      75.0000   2.7696082e-05
      76.0000   2.8113418e-05
      77.0000   2.8740653e-05
      78.0000   2.9470353e-05
      79.0000   3.0184499e-05
      80.0000   3.0882700e-05
      81.0000   3.1599298e-05
      82.0000   3.2294036e-05
      83.0000   3.2938551e-05
      84.0000   3.3689503e-05
      85.0000   3.4846009e-05
      86.0000   3.6591558e-05
      87.0000   3.8879851e-05
      88.0000   4.1593772e-05
      89.0000   4.4708122e-05
      90.0000   4.8236259e-05
      91.0000   5.2102838e-05
      92.0000   5.6184974e-05
      93.0000   6.0421549e-05
      94.0000   6.4801847e-05
      95.0000   6.9321140e-05
      96.0000   7.3967516e-05
      97.0000   7.8741119e-05
      98.0000   8.3768209e-05
      99.0000   8.9277914e-05
      100.000   9.5358475e-05
      101.000   0.00010184503
      102.000   0.00010853028
      103.000   0.00011552539
      104.000   0.00012336194
      105.000   0.00013273227
      106.000   0.00014406951
      107.000   0.00015733929
      108.000   0.00017242457
      109.000   0.00018971277
      110.000   0.00020997071
      111.000   0.00023355626
      112.000   0.00026005573
      113.000   0.00028882441
      114.000   0.00031907106
      115.000   0.00034916968
      116.000   0.00037682022
      117.000   0.00040028527
      118.000   0.00041954510
      119.000   0.00043651430
      120.000   0.00045381137
      121.000   0.00047285244
      122.000   0.00049347355
      123.000   0.00051573850
      124.000   0.00054201263
      125.000   0.00057654257
      126.000   0.00062257727
      127.000   0.00068050972
      128.000   0.00074967503
      129.000   0.00083186181
      130.000   0.00092977798
      131.000    0.0010410590
      132.000    0.0011580668
      133.000    0.0012761394
      134.000    0.0014003303
      135.000    0.0015376889
      136.000    0.0016826540
      137.000    0.0018179353
      138.000    0.0019321331
      139.000    0.0020326716
      140.000    0.0021402505
      141.000    0.0022753277
      142.000    0.0024562960
      143.000    0.0026975453
      144.000    0.0029957045
      145.000    0.0033393721
      146.000    0.0037472672
      147.000    0.0042797672
      148.000    0.0049959798
      149.000    0.0059075849
      150.000    0.0070001874
      151.000    0.0083233807
      152.000     0.010084106
      153.000     0.012686559
      154.000     0.016714174
      155.000     0.022752482
      156.000     0.031114338
      157.000     0.041887432
      158.000     0.055074353
      159.000     0.069914229
      160.000     0.083832234
      161.000     0.092590272
      162.000     0.092539936
      163.000     0.083390869
      164.000     0.068518095
      165.000     0.052516639
      166.000     0.038725726
      167.000     0.028372431
      168.000     0.021068817
      169.000     0.015906626
      170.000     0.012168431
      171.000    0.0094484985
      172.000    0.0074886805
      173.000    0.0060797171
      174.000    0.0050625214
      175.000    0.0043165139
      176.000    0.0037452283
      177.000    0.0032909857
      178.000    0.0029369099
      179.000    0.0026804120
      180.000    0.0024986819
      181.000    0.0023456172
      182.000    0.0021867107
      183.000    0.0020153050
      184.000    0.0018321136
      185.000    0.0016341342
      186.000    0.0014307994
      187.000    0.0012465762
      188.000    0.0010979888
      189.000   0.00097938185
      190.000   0.00087355677
      191.000   0.00077024015
      192.000   0.00067138084
      193.000   0.00058286107
      194.000   0.00050874567
      195.000   0.00045019086
      196.000   0.00040489214
      197.000   0.00036842554
      198.000   0.00033697023
      199.000   0.00030851847
      200.000   0.00028218864
      201.000   0.00025754145
      202.000   0.00023442831
      203.000   0.00021283026
      204.000   0.00019256870
      205.000   0.00017354274
      206.000   0.00015620248
      207.000   0.00014121116
      208.000   0.00012862412
      209.000   0.00011791412
      210.000   0.00010863778
      211.000   0.00010078445
      212.000   9.4418690e-05
      213.000   8.9327921e-05
      214.000   8.5303829e-05
      215.000   8.2205384e-05
      216.000   7.9661171e-05
      217.000   7.7140772e-05
      218.000   7.4334057e-05
      219.000   7.1284281e-05
      220.000   6.8182271e-05
      221.000   6.5240492e-05
      222.000   6.2657178e-05
      223.000   6.0447972e-05
      224.000   5.8377500e-05
      225.000   5.6183464e-05
      226.000   5.3809170e-05
      227.000   5.1361665e-05
      228.000   4.8955186e-05
      229.000   4.6657780e-05
      230.000   4.4493783e-05
      231.000   4.2428648e-05
      232.000   4.0407991e-05
      233.000   3.8431986e-05
      234.000   3.6536181e-05
      235.000   3.4716100e-05
      236.000   3.2953794e-05
      237.000   3.1272728e-05
      238.000   2.9692659e-05
      239.000   2.8235772e-05
      240.000   2.6981870e-05
      241.000   2.6018468e-05
      242.000   2.5360954e-05
      243.000   2.4956666e-05
      244.000   2.4722278e-05
      245.000   2.4593244e-05
      246.000   2.4532648e-05
      247.000   2.4495666e-05
      248.000   2.4430126e-05
      249.000   2.4299559e-05
      250.000   2.4109268e-05
      251.000   2.3877496e-05
      252.000   2.3587641e-05
      253.000   2.3199475e-05
      254.000   2.2682052e-05
      255.000   2.2038699e-05
      256.000   2.1306929e-05
      257.000   2.0544518e-05
      258.000   1.9790090e-05
      259.000   1.9022571e-05
      260.000   1.8209905e-05
      261.000   1.7381390e-05
      262.000   1.6619113e-05
      263.000   1.6006748e-05
      264.000   1.5574002e-05
      265.000   1.5260624e-05
      266.000   1.4967132e-05
      267.000   1.4652396e-05
      268.000   1.4353938e-05
      269.000   1.4121739e-05
      270.000   1.3965302e-05
      271.000   1.3871982e-05
      272.000   1.3828769e-05
      273.000   1.3822063e-05
      274.000   1.3842478e-05
      275.000   1.3874183e-05
      276.000   1.3893929e-05
      277.000   1.3874828e-05
      278.000   1.3781868e-05
      279.000   1.3581202e-05
      280.000   1.3261229e-05
      281.000   1.2845274e-05
      282.000   1.2371132e-05
      283.000   1.1866601e-05
      284.000   1.1347638e-05
      285.000   1.0820101e-05
      286.000   1.0290538e-05
      287.000   9.7731408e-06
      288.000   9.2798655e-06
      289.000   8.8251645e-06
      290.000   8.4364128e-06
      291.000   8.1520802e-06
      292.000   7.9976608e-06
      293.000   7.9628780e-06
      294.000   8.0077389e-06
      295.000   8.0866294e-06
      296.000   8.1745893e-06
      297.000   8.2709075e-06
      298.000   8.3826553e-06
      299.000   8.5083066e-06
      300.000   8.6373966e-06
      301.000   8.7564804e-06
      302.000   8.8455618e-06
      303.000   8.8812812e-06
      304.000   8.8450979e-06
      305.000   8.7329699e-06
      306.000   8.5616375e-06
      307.000   8.3610830e-06
      308.000   8.1599383e-06
      309.000   7.9652091e-06
      310.000   7.7640307e-06
      311.000   7.5520302e-06
      312.000   7.3418059e-06
      313.000   7.1445324e-06
      314.000   6.9569642e-06
      315.000   6.7759138e-06
      316.000   6.6119178e-06
      317.000   6.4788819e-06
      318.000   6.3799735e-06
      319.000   6.3069765e-06
      320.000   6.2560293e-06
      321.000   6.2120816e-06
