# %ECSV 1.0
# ---
# datatype:
# - {name: H, datatype: float64}
# - {name: H+, datatype: float64}
# - {name: C+, datatype: float64}
# - {name: C+2, datatype: float64}
# - {name: C+3, datatype: float64}
# - {name: N+, datatype: float64}
# - {name: N+2, datatype: float64}
# - {name: N+4, datatype: float64}
# - {name: O, datatype: float64}
# - {name: O+2, datatype: float64}
# - {name: O+5, datatype: float64}
# - {name: O+6, datatype: float64}
# - {name: P+, datatype: float64}
# - {name: Si+, datatype: float64}
# - {name: Si+2, datatype: float64}
# - {name: Si+3, datatype: float64}
# - {name: Si+4, datatype: float64}
# - {name: log_nH, datatype: float64}
# - {name: log_Te, datatype: float64}
# - {name: parameters, datatype: string, subtype: 'float64[1]'}
# schema: astropy-2.0
H H+ C+ C+2 C+3 N+ N+2 N+4 O O+2 O+5 O+6 P+ Si+ Si+2 Si+3 Si+4 log_nH log_Te parameters
1445440000000000.0 8.9328e+19 43026500000.0 9058610000000.0 50172500000000.0 2909850000.0 1317640000000.0 59234500000000.0 165598.0 3452620000000.0 933186000000000.0 2189090000000000.0 992283.0 15367100.0 976684000.0 6497340000.0 1105730000000.0 -5.0 4.59 [-5.0]
1445440000000000.0 8.44619e+19 47090200000.0 9659650000000.0 51440200000000.0 3198390000.0 1414820000000.0 59171900000000.0 185549.0 3725140000000.0 901864000000000.0 2010810000000000.0 1185880.0 18551500.0 1149780000.0 7393210000.0 1190480000000.0 -4.98 4.584 [-4.98]
1445440000000000.0 7.98804e+19 51474500000.0 10286300000000.0 52671200000000.0 3513660000.0 1517880000000.0 59027100000000.0 207956.0 4015560000000.0 869858000000000.0 1844000000000000.0 1414580.0 22347900.0 1351150000.0 8398150000.0 1279770000000.0 -4.96 4.579 [-4.96]
1445440000000000.0 7.55648e+19 56201300000.0 10938700000000.0 53862400000000.0 3857840000.0 1627020000000.0 58800000000000.0 233115.0 4324500000000.0 837302000000000.0 1688180000000000.0 1684300.0 26864700.0 1584980000.0 9523480000.0 1373680000000.0 -4.94 4.574 [-4.94]
1445440000000000.0 7.14981e+19 61291100000.0 11617100000000.0 55011500000000.0 4233270000.0 1742480000000.0 58491000000000.0 261357.0 4652560000000.0 804334000000000.0 1542900000000000.0 2001830.0 32227600.0 1856070000.0 10781500000.0 1472270000000.0 -4.92 4.569 [-4.92]
1445440000000000.0 6.76644e+19 66766700000.0 12321700000000.0 56116000000000.0 4642420000.0 1864430000000.0 58100500000000.0 293051.0 5000270000000.0 771085000000000.0 1407680000000000.0 2375050.0 38582500.0 2169820000.0 12185600000.0 1575580000000.0 -4.9 4.564 [-4.9]
1445440000000000.0 6.4044e+19 72635900000.0 13051800000000.0 57174200000000.0 5086050000.0 1992720000000.0 57628600000000.0 328399.0 5366970000000.0 737678000000000.0 1281940000000000.0 2812190.0 46096500.0 2532400000.0 13751600000.0 1683710000000.0 -4.88 4.559 [-4.88]
1445440000000000.0 6.06334e+19 78952200000.0 13808800000000.0 58182500000000.0 5570120000.0 2128100000000.0 57077200000000.0 368239.0 5755200000000.0 704279000000000.0 1165430000000000.0 3324930.0 54965700.0 2950590000.0 15492000000.0 1796520000000.0 -4.86 4.555 [-4.86]
1445440000000000.0 5.74143e+19 85726800000.0 14592000000000.0 59139600000000.0 6095780000.0 2270390000000.0 56446900000000.0 412879.0 6164130000000.0 670989000000000.0 1057590000000000.0 3924420.0 65412800.0 3432200000.0 17424900000.0 1914070000000.0 -4.84 4.55 [-4.84]
1445440000000000.0 5.43751e+19 92985000000.0 15401000000000.0 60043100000000.0 6665800000.0 2419660000000.0 55739000000000.0 462870.0 6593880000000.0 637932000000000.0 957979000000000.0 4624130.0 77693800.0 3985920000.0 19568100000.0 2036330000000.0 -4.82 4.546 [-4.82]
1445440000000000.0 5.15046e+19 100753000000.0 16235800000000.0 60891300000000.0 7282990000.0 2575930000000.0 54955300000000.0 518820.0 7044540000000.0 605228000000000.0 866137000000000.0 5439360.0 92102100.0 4621520000.0 21940500000.0 2163220000000.0 -4.8 4.541 [-4.8]
1445440000000000.0 4.87933e+19 109063000000.0 17096200000000.0 61682300000000.0 7950780000.0 2739290000000.0 54098100000000.0 581462.0 7516300000000.0 572989000000000.0 781651000000000.0 6387860.0 108974000.0 5349930000.0 24562000000.0 2294650000000.0 -4.78 4.537 [-4.78]
1445440000000000.0 4.62316e+19 117943000000.0 17981600000000.0 62414500000000.0 8672140000.0 2909690000000.0 53169400000000.0 651557.0 8009030000000.0 541322000000000.0 704088000000000.0 7489510.0 128692000.0 6183320000.0 27454200000.0 2430500000000.0 -4.76 4.533 [-4.76]
1445440000000000.0 4.38095e+19 127415000000.0 18891400000000.0 63085900000000.0 9449410000.0 3086930000000.0 52171700000000.0 729868.0 8522170000000.0 510323000000000.0 633006000000000.0 8766190.0 151688000.0 7135260000.0 30640500000.0 2570640000000.0 -4.74 4.528 [-4.74]
1445440000000000.0 4.15189e+19 137506000000.0 19824500000000.0 63694900000000.0 10285300000.0 3270810000000.0 51107900000000.0 817298.0 9055310000000.0 480084000000000.0 568001000000000.0 10242900.0 178452000.0 8220810000.0 34145200000.0 2714890000000.0 -4.72 4.524 [-4.72]
1445440000000000.0 3.93521e+19 148244000000.0 20780300000000.0 64240000000000.0 11182700000.0 3461130000000.0 49981100000000.0 914862.0 9607880000000.0 450680000000000.0 508692000000000.0 11948000.0 209541000.0 9456710000.0 37993900000.0 2863040000000.0 -4.7 4.52 [-4.7]
1445440000000000.0 3.73018e+19 159656000000.0 21757600000000.0 64719800000000.0 12144300000.0 3657590000000.0 48795100000000.0 1023670.0 10179200000000.0 422183000000000.0 454697000000000.0 13912900.0 245578000.0 10861400000.0 42213800000.0 3014860000000.0 -4.68 4.516 [-4.68]
1445440000000000.0 3.53613e+19 171766000000.0 22755100000000.0 65132800000000.0 13172300000.0 3859820000000.0 47553800000000.0 1144950.0 10768700000000.0 394658000000000.0 405637000000000.0 16173000.0 287267000.0 12455400000.0 46833400000.0 3170070000000.0 -4.66 4.512 [-4.66]
1445440000000000.0 3.35244e+19 184601000000.0 23771400000000.0 65477600000000.0 14269200000.0 4067420000000.0 46261600000000.0 1280070.0 11375200000000.0 368155000000000.0 361167000000000.0 18767400.0 335394000.0 14261100000.0 51882500000.0 3328370000000.0 -4.64 4.508 [-4.64]
1445440000000000.0 3.1785e+19 198185000000.0 24805100000000.0 65753200000000.0 15437200000.0 4279890000000.0 44922900000000.0 1430550.0 11998000000000.0 342715000000000.0 320948000000000.0 21740100.0 390838000.0 16303200000.0 57392100000.0 3489410000000.0 -4.62 4.504 [-4.62]
1445440000000000.0 3.01377e+19 212546000000.0 25854500000000.0 65958300000000.0 16678700000.0 4496760000000.0 43542500000000.0 1598170.0 12636100000000.0 318370000000000.0 284647000000000.0 25140300.0 454594000.0 18609000000.0 63395100000.0 3652830000000.0 -4.6 4.5 [-4.6]
1445440000000000.0 2.85774e+19 227693000000.0 26917000000000.0 66091700000000.0 17994100000.0 4717280000000.0 42125900000000.0 1784650.0 13287900000000.0 295149000000000.0 251965000000000.0 29019600.0 527722000.0 21207500000.0 69924300000.0 3818170000000.0 -4.58 4.496 [-4.58]
1445440000000000.0 2.70991e+19 243648000000.0 27990600000000.0 66152600000000.0 19385200000.0 4940810000000.0 40678100000000.0 1992140.0 13952300000000.0 273062000000000.0 222607000000000.0 33437500.0 611437000.0 24131100000.0 77014800000.0 3985000000000.0 -4.56 4.492 [-4.56]
1445440000000000.0 2.56984e+19 260433000000.0 29073200000000.0 66140200000000.0 20853400000.0 5166700000000.0 39204900000000.0 2223020.0 14628000000000.0 252117000000000.0 196296000000000.0 38459400.0 707072000.0 27414700000.0 84701600000.0 4152830000000.0 -4.54 4.488 [-4.54]
1445440000000000.0 2.43712e+19 278062000000.0 30162100000000.0 66053700000000.0 22399700000.0 5394190000000.0 37712000000000.0 2479970.0 15313800000000.0 232312000000000.0 172769000000000.0 44156700.0 816088000.0 31096300000.0 93020900000.0 4321140000000.0 -4.52 4.484 [-4.52]
1445440000000000.0 2.31134e+19 296549000000.0 31254600000000.0 65892500000000.0 24024700000.0 5622500000000.0 36205100000000.0 2765960.0 16008300000000.0 213639000000000.0 151778000000000.0 50607400.0 940094000.0 35216700000.0 102009000000.0 4489360000000.0 -4.5 4.48 [-4.5]
1445440000000000.0 2.19214e+19 315904000000.0 32347800000000.0 65656200000000.0 25728700000.0 5850800000000.0 34689900000000.0 3084360.0 16710100000000.0 196082000000000.0 133091000000000.0 57896700.0 1080850000.0 39820000000.0 111703000000.0 4656900000000.0 -4.48 4.476 [-4.48]
1445440000000000.0 2.07915e+19 336134000000.0 33438400000000.0 65344500000000.0 27511900000.0 6078270000000.0 33172300000000.0 3438940.0 17417700000000.0 179621000000000.0 116492000000000.0 66116700.0 1240260000.0 44953600000.0 122140000000.0 4823140000000.0 -4.46 4.473 [-4.46]
1445440000000000.0 1.97206e+19 357244000000.0 34523100000000.0 64957200000000.0 29374300000.0 6304050000000.0 31658000000000.0 3833970.0 18129600000000.0 164228000000000.0 101779000000000.0 75367500.0 1420420000.0 50667900000.0 133355000000.0 4987420000000.0 -4.44 4.469 [-4.44]
1445440000000000.0 1.87054e+19 379234000000.0 35598500000000.0 64494500000000.0 31315400000.0 6527280000000.0 30152600000000.0 4274280.0 18844500000000.0 149871000000000.0 88765300000000.0 85758900.0 1623590000.0 57017100000.0 145386000000.0 5149070000000.0 -4.42 4.465 [-4.42]
1445440000000000.0 1.7743e+19 402101000000.0 36660800000000.0 63956600000000.0 33334600000.0 6747090000000.0 28661200000000.0 4765340.0 19560700000000.0 136516000000000.0 77280400000000.0 97408900.0 1852190000.0 64058400000.0 158266000000.0 5307380000000.0 -4.4 4.461 [-4.4]
1445440000000000.0 1.68307e+19 425838000000.0 37706300000000.0 63344100000000.0 35431400000.0 6962640000000.0 27189100000000.0 5313280.0 20276800000000.0 124124000000000.0 67169400000000.0 110444000.0 2108850000.0 71852500000.0 172028000000.0 5461630000000.0 -4.38 4.457 [-4.38]
1445440000000000.0 1.59658e+19 450434000000.0 38731000000000.0 62657700000000.0 37604800000.0 7173100000000.0 25741100000000.0 5925070.0 20991400000000.0 112653000000000.0 58285800000000.0 125001000.0 2396380000.0 80463700000.0 186706000000.0 5611110000000.0 -4.36 4.454 [-4.36]
1445440000000000.0 1.51459e+19 475874000000.0 39730900000000.0 61898400000000.0 39853900000.0 7377670000000.0 24321700000000.0 6608610.0 21702900000000.0 102061000000000.0 50496100000000.0 141224000.0 2717770000.0 89958500000.0 202325000000.0 5755020000000.0 -4.34 4.45 [-4.34]
1445440000000000.0 1.43686e+19 502137000000.0 40701800000000.0 61067500000000.0 42177300000.0 7575560000000.0 22934800000000.0 7372800.0 22409900000000.0 92303400000000.0 43678800000000.0 159269000.0 3076220000.0 100407000000.0 218912000000.0 5892640000000.0 -4.32 4.446 [-4.32]
1445440000000000.0 1.36317e+19 529196000000.0 41639600000000.0 60166400000000.0 44574000000.0 7766040000000.0 21584400000000.0 8227720.0 23111000000000.0 83335800000000.0 37723500000000.0 179298000.0 3475100000.0 111883000000.0 236490000000.0 6023220000000.0 -4.3 4.442 [-4.3]
1445440000000000.0 1.29331e+19 557024000000.0 42540200000000.0 59197200000000.0 47042700000.0 7948420000000.0 20273500000000.0 9184850.0 23804900000000.0 75112600000000.0 32531000000000.0 201488000.0 3917980000.0 124460000000.0 255075000000.0 6145990000000.0 -4.28 4.439 [-4.28]
1445440000000000.0 1.22708e+19 585589000000.0 43399300000000.0 58162000000000.0 49582600000.0 8122070000000.0 19005200000000.0 10257200.0 24490200000000.0 67588900000000.0 28011700000000.0 226020000.0 4408610000.0 138217000000.0 274680000000.0 6260210000000.0 -4.26 4.435 [-4.26]
1445440000000000.0 1.16429e+19 614851000000.0 44213000000000.0 57063200000000.0 52192400000.0 8286390000000.0 17781800000000.0 11459300.0 25165600000000.0 60719800000000.0 24085200000000.0 253086000.0 4950920000.0 153232000000.0 295312000000.0 6365180000000.0 -4.24 4.431 [-4.24]
1445440000000000.0 1.10476e+19 644762000000.0 44977100000000.0 55903700000000.0 54870500000.0 8440820000000.0 16605200000000.0 12807600.0 25829600000000.0 54461700000000.0 20679600000000.0 282883000.0 5548960000.0 169586000000.0 316971000000.0 6460170000000.0 -4.22 4.428 [-4.22]
1445440000000000.0 1.04833e+19 675273000000.0 45687700000000.0 54686600000000.0 57616100000.0 8584890000000.0 15477200000000.0 14321000.0 26481100000000.0 48771800000000.0 17730900000000.0 315614000.0 6206900000.0 187357000000.0 339648000000.0 6544510000000.0 -4.2 4.424 [-4.2]
1445440000000000.0 9.94827e+18 706329000000.0 46341000000000.0 53415200000000.0 60427900000.0 8718150000000.0 14398700000000.0 16020300.0 27118600000000.0 43609100000000.0 15181800000000.0 351490000.0 6929100000.0 206626000000.0 363330000000.0 6617560000000.0 -4.18 4.421 [-4.18]
1445440000000000.0 9.44103e+18 737869000000.0 46933600000000.0 52093400000000.0 63304800000.0 8840220000000.0 13370500000000.0 17929600.0 27741100000000.0 38933700000000.0 12981800000000.0 390721000.0 7719910000.0 227471000000.0 387992000000.0 6678710000000.0 -4.16 4.417 [-4.16]
1445440000000000.0 8.96003e+18 769817000000.0 47461500000000.0 50724800000000.0 66245000000.0 8950690000000.0 12392800000000.0 20075500.0 28346900000000.0 34707300000000.0 11085800000000.0 433527000.0 8583740000.0 249964000000.0 413600000000.0 6727360000000.0 -4.14 4.413 [-4.14]
1445440000000000.0 8.504e+18 802111000000.0 47922300000000.0 49314000000000.0 69248100000.0 9049390000000.0 11465800000000.0 22488400.0 28935200000000.0 30894500000000.0 9454460000000.0 480108000.0 9525070000.0 274180000000.0 440112000000.0 6763050000000.0 -4.12 4.41 [-4.12]
1445440000000000.0 8.07163e+18 834677000000.0 48313400000000.0 47865700000000.0 72313100000.0 9136090000000.0 10589200000000.0 25202000.0 29504700000000.0 27460800000000.0 8052900000000.0 530664000.0 10548200000.0 300183000000.0 467471000000.0 6785330000000.0 -4.1 4.406 [-4.1]
1445440000000000.0 7.66167e+18 867433000000.0 48632200000000.0 46384600000000.0 75438900000.0 9210640000000.0 9762360000000.0 28254700.0 30054500000000.0 24374100000000.0 6850500000000.0 585387000.0 11657500000.0 328032000000.0 495609000000.0 6793830000000.0 -4.08 4.403 [-4.08]
1445440000000000.0 7.27295e+18 900296000000.0 48876900000000.0 44875700000000.0 78624700000.0 9272920000000.0 8984370000000.0 31689600.0 30583300000000.0 21604100000000.0 5820420000000.0 644453000.0 12857000000.0 357778000000.0 524450000000.0 6788220000000.0 -4.06 4.4 [-4.06]
1445440000000000.0 6.90433e+18 933175000000.0 49045900000000.0 43344100000000.0 81869100000.0 9322850000000.0 8254120000000.0 35554800.0 31090000000000.0 19122500000000.0 4939160000000.0 708016000.0 14150600000.0 389459000000.0 553898000000.0 6768240000000.0 -4.04 4.396 [-4.04]
1445440000000000.0 6.55475e+18 965976000000.0 49137900000000.0 41795000000000.0 85170800000.0 9360400000000.0 7570310000000.0 39904500.0 31573700000000.0 16902900000000.0 4186230000000.0 776201000.0 15541500000.0 423100000000.0 583853000000.0 6733750000000.0 -4.02 4.393 [-4.02]
1445440000000000.0 6.22337e+18 998567000000.0 49152000000000.0 40234500000000.0 88525500000.0 9385570000000.0 6931840000000.0 44796400.0 32033000000000.0 14921900000000.0 3544110000000.0 849045000.0 17031800000.0 458695000000.0 614184000000.0 6684690000000.0 -4.0 4.389 [-4.0]
1445440000000000.0 5.90862e+18 1030900000000.0 49087500000000.0 38665100000000.0 91936900000.0 9398370000000.0 6335970000000.0 50307000.0 32467300000000.0 13153500000000.0 2996240000000.0 926726000.0 18626700000.0 496282000000.0 644794000000.0 6620880000000.0 -3.98 4.386 [-3.98]
1445440000000000.0 5.61016e+18 1062790000000.0 48944200000000.0 37094900000000.0 95394900000.0 9398780000000.0 5782080000000.0 56503700.0 32875200000000.0 11580100000000.0 2530190000000.0 1009090000.0 20324700000.0 535782000000.0 675513000000.0 6542570000000.0 -3.96 4.383 [-3.96]
1445440000000000.0 5.32727e+18 1094380000000.0 48727700000000.0 35528300000000.0 98918600000.0 9387680000000.0 5268100000000.0 63478100.0 33256900000000.0 10181900000000.0 2134250000000.0 1096390000.0 22130300000.0 577199000000.0 706140000000.0 6450060000000.0 -3.94 4.379 [-3.94]
1445440000000000.0 5.05889e+18 1125420000000.0 48436000000000.0 33970200000000.0 102495000000.0 9364760000000.0 4792100000000.0 71323500.0 33610800000000.0 8940860000000.0 1798130000000.0 1188390000.0 24042300000.0 620439000000.0 736537000000.0 6343530000000.0 -3.92 4.376 [-3.92]
1445440000000000.0 4.80425e+18 1155840000000.0 48070800000000.0 32425500000000.0 106122000000.0 9330260000000.0 4352170000000.0 80146500.0 33936000000000.0 7841000000000.0 1513110000000.0 1284940000.0 26060000000.0 665404000000.0 766517000000.0 6223360000000.0 -3.9 4.373 [-3.9]
1445440000000000.0 4.56263e+18 1185520000000.0 47634200000000.0 30898800000000.0 109800000000.0 9284420000000.0 3946410000000.0 90066300.0 34231700000000.0 6867590000000.0 1271730000000.0 1385850000.0 28181400000.0 711963000000.0 795881000000.0 6090040000000.0 -3.88 4.369 [-3.88]
1445440000000000.0 4.33332e+18 1214400000000.0 47128700000000.0 29394600000000.0 113526000000.0 9227530000000.0 3572880000000.0 101216000.0 34497100000000.0 6007280000000.0 1067550000000.0 1490840000.0 30403600000.0 759963000000.0 824424000000.0 5944160000000.0 -3.86 4.366 [-3.86]
1445440000000000.0 4.11569e+18 1242390000000.0 46557600000000.0 27916900000000.0 117301000000.0 9159930000000.0 3229700000000.0 113743000.0 34731400000000.0 5248000000000.0 895048000000.0 1599580000.0 32722300000.0 809211000000.0 851934000000.0 5786410000000.0 -3.84 4.363 [-3.84]
1445440000000000.0 3.90911e+18 1269420000000.0 45924100000000.0 26469700000000.0 121122000000.0 9081950000000.0 2915000000000.0 127812000.0 34934000000000.0 4578790000000.0 749480000000.0 1711670000.0 35131800000.0 859490000000.0 878192000000.0 5617590000000.0 -3.82 4.36 [-3.82]
1445440000000000.0 3.71303e+18 1295420000000.0 45232100000000.0 25056400000000.0 124991000000.0 8993990000000.0 2626960000000.0 143607000.0 35104100000000.0 3989750000000.0 626794000000.0 1826670000.0 37625500000.0 910552000000.0 902973000000.0 5438580000000.0 -3.8 4.356 [-3.8]
1445440000000000.0 3.52687e+18 1320340000000.0 44485400000000.0 23680100000000.0 128905000000.0 8896430000000.0 2363800000000.0 161331000.0 35241200000000.0 3471970000000.0 523512000000.0 1944050000.0 40194400000.0 962108000000.0 926060000000.0 5250370000000.0 -3.78 4.353 [-3.78]
1445440000000000.0 3.35012e+18 1344100000000.0 43688000000000.0 22343500000000.0 132864000000.0 8789680000000.0 2123810000000.0 181210000.0 35344500000000.0 3017420000000.0 436672000000.0 2063220000.0 42828800000.0 1013840000000.0 947239000000.0 5053990000000.0 -3.76 4.35 [-3.76]
1445440000000000.0 3.18228e+18 1366670000000.0 42844300000000.0 21048900000000.0 136868000000.0 8674190000000.0 1905330000000.0 203494000.0 35413400000000.0 2618920000000.0 363747000000.0 2183580000.0 45517500000.0 1065420000000.0 966299000000.0 4850590000000.0 -3.74 4.347 [-3.74]
1445440000000000.0 3.02289e+18 1388020000000.0 41958900000000.0 19798400000000.0 140916000000.0 8550410000000.0 1706790000000.0 228460000.0 35447500000000.0 2269990000000.0 302585000000.0 2304480000.0 48248000000.0 1116480000000.0 983045000000.0 4641370000000.0 -3.72 4.344 [-3.72]
1445440000000000.0 2.87152e+18 1408120000000.0 41036300000000.0 18593500000000.0 145009000000.0 8418840000000.0 1526680000000.0 256415000.0 35446400000000.0 1964890000000.0 251354000000.0 2425240000.0 51006900000.0 1166640000000.0 997297000000.0 4427590000000.0 -3.7 4.34 [-3.7]
1445440000000000.0 2.72776e+18 1426940000000.0 40081000000000.0 17435500000000.0 149148000000.0 8279940000000.0 1363570000000.0 287695000.0 35409500000000.0 1698460000000.0 208498000000.0 2545190000.0 53779700000.0 1215510000000.0 1008890000000.0 4210520000000.0 -3.68 4.337 [-3.68]
1445440000000000.0 2.59121e+18 1444480000000.0 39097500000000.0 16325300000000.0 153332000000.0 8134180000000.0 1216120000000.0 322671000.0 35336700000000.0 1466110000000.0 172695000000.0 2663620000.0 56551400000.0 1262680000000.0 1017680000000.0 3991490000000.0 -3.66 4.334 [-3.66]
1445440000000000.0 2.46152e+18 1460750000000.0 38090800000000.0 15263300000000.0 157565000000.0 7982200000000.0 1083040000000.0 361757000.0 35227500000000.0 1263750000000.0 142827000000.0 2779900000.0 59306500000.0 1307780000000.0 1023570000000.0 3771790000000.0 -3.64 4.331 [-3.64]
1445440000000000.0 2.33832e+18 1475740000000.0 37064900000000.0 14249700000000.0 161847000000.0 7824420000000.0 963128000000.0 405401000.0 35081800000000.0 1087760000000.0 117943000000.0 2893340000.0 62028800000.0 1350400000000.0 1026470000000.0 3552730000000.0 -3.62 4.327 [-3.62]
1445440000000000.0 2.22129e+18 1489460000000.0 36024100000000.0 13284500000000.0 166180000000.0 7661400000000.0 855266000000.0 454095000.0 34899500000000.0 934899000000.0 97241900000.0 3003330000.0 64703000000.0 1390170000000.0 1026340000000.0 3335560000000.0 -3.6 4.324 [-3.6]
1445440000000000.0 2.11012e+18 1501950000000.0 34972700000000.0 12367400000000.0 170567000000.0 7493670000000.0 758403000000.0 508380000.0 34680500000000.0 802325000000.0 80046200000.0 3109290000.0 67314100000.0 1426750000000.0 1023150000000.0 3121500000000.0 -3.58 4.321 [-3.58]
1445440000000000.0 2.00452e+18 1513240000000.0 33914600000000.0 11497800000000.0 175012000000.0 7321760000000.0 671560000000.0 568845000.0 34425000000000.0 687508000000.0 65783800000.0 3210720000.0 69848000000.0 1459830000000.0 1016930000000.0 2911700000000.0 -3.56 4.318 [-3.56]
1445440000000000.0 1.90421e+18 1523350000000.0 32853600000000.0 10674800000000.0 179517000000.0 7146210000000.0 593829000000.0 636132000.0 34133300000000.0 588213000000.0 53972800000.0 3307140000.0 72291300000.0 1489130000000.0 1007730000000.0 2707190000000.0 -3.54 4.314 [-3.54]
1445440000000000.0 1.80891e+18 1532320000000.0 31793000000000.0 9897390000000.0 184086000000.0 6967530000000.0 524365000000.0 710941000.0 33805500000000.0 502468000000.0 44207200000.0 3398130000.0 74631900000.0 1514430000000.0 995651000000.0 2508930000000.0 -3.52 4.311 [-3.52]
1445440000000000.0 1.71848e+18 1540040000000.0 30736700000000.0 9165700000000.0 188708000000.0 6786380000000.0 462468000000.0 793936000.0 33442500000000.0 428621000000.0 36153500000.0 3482880000.0 76849400000.0 1535460000000.0 980907000000.0 2317940000000.0 -3.5 4.308 [-3.5]
1445440000000000.0 1.6324e+18 1546970000000.0 29685700000000.0 8474940000000.0 193429000000.0 6602780000000.0 407180000000.0 886228000.0 33043700000000.0 364884000000.0 29502200000.0 3562440000.0 78965000000.0 1552310000000.0 963363000000.0 2134370000000.0 -3.48 4.304 [-3.48]
1445440000000000.0 1.55072e+18 1552750000000.0 28644900000000.0 7827090000000.0 198214000000.0 6417760000000.0 358079000000.0 988423000.0 32610900000000.0 310172000000.0 24036600000.0 3635260000.0 80942100000.0 1564690000000.0 943490000000.0 1959370000000.0 -3.46 4.301 [-3.46]
1445440000000000.0 1.47313e+18 1557570000000.0 27616100000000.0 7219560000000.0 203066000000.0 6231620000000.0 314479000000.0 1101570000.0 32144700000000.0 263220000000.0 19548000000.0 3701640000.0 82786300000.0 1572660000000.0 921387000000.0 1793230000000.0 -3.44 4.298 [-3.44]
1445440000000000.0 1.39943e+18 1561450000000.0 26601300000000.0 6650800000000.0 207990000000.0 6044790000000.0 275824000000.0 1226710000.0 31645900000000.0 222991000000.0 15868100000.0 3761430000.0 84493900000.0 1576230000000.0 897280000000.0 1636250000000.0 -3.42 4.295 [-3.42]
1445440000000000.0 1.32942e+18 1564440000000.0 25602600000000.0 6119150000000.0 213002000000.0 5857750000000.0 241604000000.0 1364960000.0 31115600000000.0 188580000000.0 12856800000.0 3814580000.0 86064000000.0 1575500000000.0 871408000000.0 1488640000000.0 -3.4 4.291 [-3.4]
1445440000000000.0 1.26292e+18 1566590000000.0 24621700000000.0 5622990000000.0 218103000000.0 5670900000000.0 211358000000.0 1517510000.0 30555200000000.0 159196000000.0 10397000000.0 3861080000.0 87497600000.0 1570570000000.0 844009000000.0 1350480000000.0 -3.38 4.288 [-3.38]
1445440000000000.0 1.19975e+18 1567920000000.0 23660100000000.0 5160670000000.0 223298000000.0 5484650000000.0 184663000000.0 1685630000.0 29965800000000.0 134148000000.0 8391580000.0 3900950000.0 88796800000.0 1561630000000.0 815334000000.0 1221760000000.0 -3.36 4.284 [-3.36]
1445440000000000.0 1.13975e+18 1568490000000.0 22719000000000.0 4730540000000.0 228592000000.0 5299370000000.0 161138000000.0 1870680000.0 29349100000000.0 112833000000.0 6759720000.0 3934250000.0 89965900000.0 1548860000000.0 785628000000.0 1102340000000.0 -3.34 4.281 [-3.34]
1445440000000000.0 1.08276e+18 1568320000000.0 21799700000000.0 4330900000000.0 233989000000.0 5115430000000.0 140437000000.0 2074120000.0 28706500000000.0 94727500000.0 5434440000.0 3961120000.0 91010200000.0 1532510000000.0 755133000000.0 992018000000.0 -3.32 4.278 [-3.32]
1445440000000000.0 1.02862e+18 1567460000000.0 20902900000000.0 3960160000000.0 239492000000.0 4933180000000.0 122246000000.0 2297470000.0 28040000000000.0 79377500000.0 4360290000.0 3981680000.0 91936400000.0 1512830000000.0 724085000000.0 890516000000.0 -3.3 4.274 [-3.3]
1445440000000000.0 9.77187e+17 1565890000000.0 20029000000000.0 3616700000000.0 245102000000.0 4752820000000.0 106284000000.0 2542400000.0 27351000000000.0 66384800000.0 3491220000.0 3995990000.0 92750900000.0 1490060000000.0 692708000000.0 797465000000.0 -3.28 4.271 [-3.28]
1445440000000000.0 9.28351e+17 1563740000000.0 19179500000000.0 3299000000000.0 250829000000.0 4574830000000.0 92299300000.0 2810560000.0 26642100000000.0 55413200000.0 2789870000.0 4004480000.0 93464500000.0 1464570000000.0 661198000000.0 712516000000.0 -3.26 4.268 [-3.26]
1445440000000000.0 8.81964e+17 1560980000000.0 18354200000000.0 3005530000000.0 256672000000.0 4399360000000.0 80063300000.0 3103790000.0 25914900000000.0 46164000000.0 2224870000.0 4007220000.0 94084400000.0 1436600000000.0 629755000000.0 635218000000.0 -3.24 4.264 [-3.24]
1445440000000000.0 8.37906e+17 1557640000000.0 17553500000000.0 2734790000000.0 262634000000.0 4226670000000.0 69371500000.0 3423990000.0 25171600000000.0 38382100000.0 1770680000.0 4004440000.0 94619800000.0 1406440000000.0 598553000000.0 565119000000.0 -3.22 4.261 [-3.22]
1445440000000000.0 7.96061e+17 1553750000000.0 16777500000000.0 2485380000000.0 268715000000.0 4056970000000.0 60041400000.0 3773120000.0 24414400000000.0 31847900000.0 1406310000.0 3996360000.0 95079900000.0 1374400000000.0 567750000000.0 501751000000.0 -3.2 4.257 [-3.2]
1445440000000000.0 7.56316e+17 1549330000000.0 16026400000000.0 2255930000000.0 274916000000.0 3890440000000.0 51910100000.0 4153260000.0 23645400000000.0 26372500000.0 1114640000.0 3983230000.0 95473700000.0 1340750000000.0 537486000000.0 444640000000.0 -3.18 4.254 [-3.18]
1445440000000000.0 7.18567e+17 1544380000000.0 15300000000000.0 2045130000000.0 281236000000.0 3727260000000.0 44832500000.0 4566530000.0 22866800000000.0 21793500000.0 881639000.0 3965270000.0 95810000000.0 1305760000000.0 507879000000.0 393317000000.0 -3.16 4.251 [-3.16]
1445440000000000.0 6.82713e+17 1538950000000.0 14598200000000.0 1851710000000.0 287675000000.0 3567580000000.0 38679900000.0 5015170000.0 22080900000000.0 17972300000.0 695914000.0 3942760000.0 96097500000.0 1269700000000.0 479032000000.0 347320000000.0 -3.14 4.247 [-3.14]
1445440000000000.0 6.48749e+17 1533070000000.0 13922700000000.0 1674880000000.0 294230000000.0 3411930000000.0 33349000000.0 5500540000.0 21292100000000.0 14796300000.0 548470000.0 3916060000.0 96340500000.0 1232930000000.0 451104000000.0 306280000000.0 -3.12 4.244 [-3.12]
1445440000000000.0 6.16366e+17 1526620000000.0 13268600000000.0 1512580000000.0 300891000000.0 3259400000000.0 28711300000.0 6026980000.0 20497000000000.0 12148900000.0 431076000.0 3884970000.0 96554900000.0 1195330000000.0 424007000000.0 269577000000.0 -3.1 4.24 [-3.1]
1445440000000000.0 5.8567e+17 1519820000000.0 12639800000000.0 1364450000000.0 307667000000.0 3110990000000.0 24699400000.0 6595160000.0 19702900000000.0 9956630000.0 338239000.0 3850370000.0 96741800000.0 1157470000000.0 397900000000.0 236964000000.0 -3.08 4.237 [-3.08]
1445440000000000.0 5.5652e+17 1512590000000.0 12034400000000.0 1229270000000.0 314545000000.0 2966470000000.0 21227700000.0 7207960000.0 18910100000000.0 8142550000.0 264865000.0 3812300000.0 96908700000.0 1119410000000.0 372795000000.0 208010000000.0 -3.06 4.233 [-3.06]
1445440000000000.0 5.28811e+17 1504870000000.0 11451500000000.0 1106030000000.0 321507000000.0 2825770000000.0 18225600000.0 7867970000.0 18120000000000.0 6643910000.0 206963000.0 3770720000.0 97061800000.0 1081250000000.0 348727000000.0 182341000000.0 -3.04 4.23 [-3.04]
1445440000000000.0 5.02488e+17 1496700000000.0 10891100000000.0 993884000000.0 328545000000.0 2688990000000.0 15633400000.0 8577410000.0 17335000000000.0 5409150000.0 161392000.0 3725960000.0 97205700000.0 1043180000000.0 325724000000.0 159637000000.0 -3.02 4.227 [-3.02]
1445440000000000.0 4.77444e+17 1488120000000.0 10351800000000.0 891790000000.0 335651000000.0 2555990000000.0 13394100000.0 9339510000.0 16555800000000.0 4392830000.0 125561000.0 3678380000.0 97346800000.0 1005310000000.0 303729000000.0 139568000000.0 -3.0 4.223 [-3.0]
1445440000000000.0 4.53714e+17 1479120000000.0 9835390000000.0 799349000000.0 342805000000.0 2427290000000.0 11468800000.0 10154300000.0 15787400000000.0 3560920000.0 97539100.0 3628210000.0 97483100000.0 967901000000.0 282862000000.0 121914000000.0 -2.98 4.22 [-2.98]
1445440000000000.0 4.31176e+17 1469710000000.0 9340020000000.0 715581000000.0 349990000000.0 2302610000000.0 9811580000.0 11025000000.0 15029700000000.0 2880150000.0 75625600.0 3575620000.0 97620500000.0 930966000000.0 263055000000.0 106379000000.0 -2.96 4.217 [-2.96]
1445440000000000.0 4.0977e+17 1459870000000.0 8865130000000.0 639779000000.0 357185000000.0 2181920000000.0 8386390000.0 11953600000.0 14284200000000.0 2324300000.0 58523900.0 3520800000.0 97761400000.0 894592000000.0 244295000000.0 92729500000.0 -2.94 4.213 [-2.94]
1445440000000000.0 3.89498e+17 1449660000000.0 8411510000000.0 571439000000.0 364372000000.0 2065540000000.0 7164520000.0 12939900000.0 13554700000000.0 1872370000.0 45230500.0 3464170000.0 97903500000.0 858981000000.0 226608000000.0 80777300000.0 -2.92 4.21 [-2.92]
1445440000000000.0 3.70188e+17 1439000000000.0 7975950000000.0 509617000000.0 371516000000.0 1952790000000.0 6113130000.0 13988900000.0 12838200000000.0 1504200000.0 34873500.0 3405560000.0 98055000000.0 823961000000.0 209873000000.0 70281100000.0 -2.9 4.207 [-2.9]
1445440000000000.0 3.51848e+17 1427940000000.0 7559220000000.0 453906000000.0 378591000000.0 1843980000000.0 5211400000.0 15100300000.0 12138300000000.0 1205670000.0 26839700.0 3345340000.0 98212500000.0 789703000000.0 194114000000.0 61095400000.0 -2.88 4.203 [-2.88]
1445440000000000.0 3.34431e+17 1416470000000.0 7160760000000.0 403779000000.0 385565000000.0 1739060000000.0 4438730000.0 16274900000.0 11456000000000.0 964152000.0 20620300.0 3283700000.0 98376000000.0 756253000000.0 179299000000.0 53065800000.0 -2.86 4.2 [-2.86]
1445440000000000.0 3.17889e+17 1404590000000.0 6779990000000.0 358741000000.0 392405000000.0 1638010000000.0 3777240000.0 17513100000.0 10792400000000.0 769235000.0 15814800.0 3220820000.0 98544300000.0 723646000000.0 165397000000.0 46054700000.0 -2.84 4.197 [-2.84]
1445440000000000.0 3.02182e+17 1392330000000.0 6416400000000.0 318335000000.0 399073000000.0 1540790000000.0 3211450000.0 18814900000.0 10148600000000.0 612305000.0 12109200.0 3156890000.0 98715900000.0 691915000000.0 152372000000.0 39939800000.0 -2.82 4.193 [-2.82]
1445440000000000.0 2.8726e+17 1379650000000.0 6069280000000.0 282129000000.0 405526000000.0 1447330000000.0 2727810000.0 20180100000.0 9525170000000.0 486229000.0 9256280.0 3092010000.0 98890900000.0 661059000000.0 140191000000.0 34610400000.0 -2.8 4.19 [-2.8]
1445440000000000.0 2.73087e+17 1366570000000.0 5738140000000.0 249735000000.0 411724000000.0 1357590000000.0 2314790000.0 21607800000.0 8922980000000.0 385199000.0 7064180.0 3026380000.0 99066100000.0 631104000000.0 128816000000.0 29970600000.0 -2.78 4.187 [-2.78]
1445440000000000.0 2.59625e+17 1353100000000.0 5422420000000.0 220793000000.0 417624000000.0 1271530000000.0 1962380000.0 23096400000.0 8342660000000.0 304434000.0 5382850.0 2960130000.0 99239400000.0 602057000000.0 118211000000.0 25934700000.0 -2.76 4.184 [-2.76]
1445440000000000.0 2.4684e+17 1339240000000.0 5121600000000.0 194972000000.0 423178000000.0 1189110000000.0 1661950000.0 24643900000.0 7784760000000.0 240029000.0 4095560.0 2893440000.0 99407700000.0 573924000000.0 108339000000.0 22427300000.0 -2.74 4.181 [-2.74]
1445440000000000.0 2.34697e+17 1325000000000.0 4835110000000.0 171967000000.0 428341000000.0 1110270000000.0 1406040000.0 26247600000.0 7249700000000.0 188796000.0 3111630.0 2826420000.0 99568200000.0 546703000000.0 99164100000.0 19381400000.0 -2.72 4.177 [-2.72]
1445440000000000.0 2.23163e+17 1310390000000.0 4562460000000.0 151499000000.0 433066000000.0 1034970000000.0 1188270000.0 27903900000.0 6737840000000.0 148144000.0 2360850.0 2759230000.0 99717200000.0 520394000000.0 90650100000.0 16738700000.0 -2.7 4.174 [-2.7]
1445440000000000.0 2.12207e+17 1295390000000.0 4303080000000.0 133312000000.0 437304000000.0 963152000000.0 1003110000.0 29609200000.0 6249330000000.0 115964000.0 0.0 2691950000.0 99852000000.0 494983000000.0 82761200000.0 14447200000.0 -2.68 4.171 [-2.68]
1445440000000000.0 2.01801e+17 1280030000000.0 4056470000000.0 117173000000.0 441013000000.0 894765000000.0 845820000.0 31358900000.0 5784300000000.0 90556300.0 0.0 2624730000.0 99968700000.0 470466000000.0 75462600000.0 12461700000.0 -2.66 4.168 [-2.66]
1445440000000000.0 1.91915e+17 1264320000000.0 3822140000000.0 102872000000.0 444147000000.0 829751000000.0 712346000.0 33148100000.0 5342750000000.0 70545400.0 0.0 2557660000.0 100064000000.0 446829000000.0 68720400000.0 10742500000.0 -2.64 4.165 [-2.64]
1445440000000000.0 1.82524e+17 1248250000000.0 3599580000000.0 90216300000.0 446667000000.0 768055000000.0 599194000.0 34971000000.0 4924600000000.0 54824700.0 0.0 2490860000.0 100134000000.0 424059000000.0 62501300000.0 9255000000.0 -2.62 4.162 [-2.62]
1445440000000000.0 1.73603e+17 1231850000000.0 3388340000000.0 79031100000.0 448534000000.0 709621000000.0 503380000.0 36821500000.0 4529670000000.0 42506500.0 0.0 2424430000.0 100174000000.0 402146000000.0 56773600000.0 7968780000.0 -2.6 4.159 [-2.6]
1445440000000000.0 1.65128e+17 1215120000000.0 3187940000000.0 69158300000.0 449715000000.0 654384000000.0 422335000.0 38693400000.0 4157680000000.0 32878400.0 0.0 2358450000.0 100181000000.0 381072000000.0 51506200000.0 6857290000.0 -2.58 4.156 [-2.58]
1445440000000000.0 1.57076e+17 1198070000000.0 2997900000000.0 60454100000.0 450184000000.0 602275000000.0 353858000.0 40580000000.0 3808210000000.0 25371300.0 0.0 2293020000.0 100151000000.0 360821000000.0 46668800000.0 5897350000.0 -2.56 4.153 [-2.56]
1445440000000000.0 1.49427e+17 1180720000000.0 2817860000000.0 52791700000.0 449920000000.0 553235000000.0 296085000.0 42474000000.0 3480880000000.0 19534100.0 0.0 2228220000.0 100081000000.0 341379000000.0 42234400000.0 5068960000.0 -2.54 4.15 [-2.54]
1445440000000000.0 1.42136e+17 1163010000000.0 2646760000000.0 46036700000.0 448871000000.0 507057000000.0 247289000.0 44371900000.0 3174310000000.0 14997100.0 0.0 2163900000.0 99968200000.0 322662000000.0 38162700000.0 4352820000.0 -2.52 4.148 [-2.52]
1445440000000000.0 1.35253e+17 1145160000000.0 2485870000000.0 40134200000.0 447132000000.0 464024000000.0 206414000.0 46256700000.0 2890190000000.0 11501500.0 0.0 2100790000.0 99805100000.0 304846000000.0 34462000000.0 3738400000.0 -2.5 4.145 [-2.5]
1445440000000000.0 1.28691e+17 1126980000000.0 2333130000000.0 34941800000.0 444600000000.0 423694000000.0 171973000.0 48131300000.0 2625540000000.0 8796550.0 0.0 2038310000.0 99592500000.0 287721000000.0 31073500000.0 3207730000.0 -2.48 4.142 [-2.48]
1445440000000000.0 1.22435e+17 1108500000000.0 2188230000000.0 30380500000.0 441276000000.0 385995000000.0 143006000.0 49988900000.0 2379740000000.0 6709620.0 0.0 1976510000.0 99327400000.0 271274000000.0 27976100000.0 2749780000.0 -2.46 4.139 [-2.46]
1445440000000000.0 1.16531e+17 1089920000000.0 2052220000000.0 26409300000.0 437294000000.0 351128000000.0 118848000.0 51813200000.0 2153860000000.0 5113450.0 0.0 1916090000.0 99004200000.0 255663000000.0 25173700000.0 2357660000.0 -2.44 4.136 [-2.44]
1445440000000000.0 1.109e+17 1071070000000.0 1923310000000.0 22927400000.0 432555000000.0 318699000000.0 98582200.0 53607800000.0 1945190000000.0 3887030.0 0.0 1856480000.0 98622500000.0 240696000000.0 22618800000.0 2019560000.0 -2.42 4.134 [-2.42]
1445440000000000.0 1.05547e+17 1052020000000.0 1801600000000.0 19886300000.0 427124000000.0 288695000000.0 81649800.0 55364000000.0 1753440000000.0 2949060.0 0.0 1797900000.0 98180100000.0 226407000000.0 20299700000.0 1728930000.0 -2.4 4.131 [-2.4]
1445440000000000.0 1.00462e+17 1032820000000.0 1686820000000.0 17234300000.0 421043000000.0 261022000000.0 67530800.0 57076000000.0 1577780000000.0 2233540.0 0.0 1740440000.0 97674600000.0 212788000000.0 18198800000.0 1479370000.0 -2.38 4.128 [-2.38]
1445440000000000.0 9.56285e+16 1013460000000.0 1578570000000.0 14922900000.0 414345000000.0 235552000000.0 55771200.0 58739900000.0 1417220000000.0 1688650.0 0.0 1684100000.0 97104900000.0 199812000000.0 16297200000.0 1265100000.0 -2.36 4.126 [-2.36]
1445440000000000.0 9.10169e+16 993890000000.0 1476180000000.0 12905300000.0 407027000000.0 212114000000.0 45971600.0 60354300000.0 1270460000000.0 1273760.0 0.0 1628710000.0 96468600000.0 187415000000.0 14573500000.0 1080810000.0 -2.34 4.123 [-2.34]
1445440000000000.0 8.66499e+16 974290000000.0 1380120000000.0 11156100000.0 399236000000.0 190721000000.0 37859400.0 61909800000.0 1137390000000.0 959952.0 0.0 1574720000.0 95767200000.0 175675000000.0 13023200000.0 923248000.0 -2.32 4.121 [-2.32]
1445440000000000.0 8.24986e+16 954603000000.0 1289690000000.0 9636400000.0 390975000000.0 171189000000.0 31136500.0 63406700000.0 1016670000000.0 722408.0 0.0 1521940000.0 94999500000.0 164524000000.0 11625900000.0 788229000.0 -2.3 4.118 [-2.3]
1445440000000000.0 7.85525e+16 934853000000.0 1204630000000.0 8317470000.0 382300000000.0 153402000000.0 25573900.0 64842800000.0 907425000000.0 542921.0 0.0 1470390000.0 94165000000.0 153946000000.0 10368500000.0 672607000.0 -2.28 4.116 [-2.28]
1445440000000000.0 7.48008e+16 915059000000.0 1124660000000.0 7173780000.0 373265000000.0 137242000000.0 20978400.0 66216600000.0 808774000000.0 0.0 0.0 1420090000.0 93264900000.0 143920000000.0 9238270000.0 573646000.0 -2.26 4.113 [-2.26]
1445440000000000.0 7.12339e+16 895243000000.0 1049510000000.0 6182960000.0 363925000000.0 122596000000.0 17187600.0 67527100000.0 719882000000.0 0.0 0.0 1371050000.0 92300100000.0 134426000000.0 8223700000.0 488995000.0 -2.24 4.111 [-2.24]
1445440000000000.0 6.78427e+16 875429000000.0 978934000000.0 5325380000.0 354338000000.0 109353000000.0 14065500.0 68773800000.0 639953000000.0 0.0 0.0 1323270000.0 91271500000.0 125449000000.0 7314130000.0 416631000.0 -2.22 4.108 [-2.22]
1445440000000000.0 6.46183e+16 855639000000.0 912699000000.0 4583760000.0 344555000000.0 97406100000.0 11497600.0 69956800000.0 568221000000.0 0.0 0.0 1276770000.0 90180800000.0 116968000000.0 6499680000.0 354807000.0 -2.2 4.106 [-2.2]
1445440000000000.0 6.15523e+16 835895000000.0 850572000000.0 3942930000.0 334629000000.0 86650800000.0 9388740.0 71076500000.0 503966000000.0 0.0 0.0 1231540000.0 89030200000.0 108965000000.0 5771280000.0 302018000.0 -2.18 4.103 [-2.18]
1445440000000000.0 5.86368e+16 816219000000.0 792332000000.0 3389640000.0 324610000000.0 76988200000.0 7659030.0 72133800000.0 446509000000.0 0.0 0.0 1187580000.0 87822000000.0 101422000000.0 5120600000.0 256970000.0 -2.16 4.101 [-2.16]
1445440000000000.0 5.58642e+16 796630000000.0 737767000000.0 2912330000.0 314544000000.0 68324200000.0 6242170.0 73129900000.0 395218000000.0 0.0 0.0 1144890000.0 86559000000.0 94319800000.0 4539990000.0 218549000.0 -2.14 4.099 [-2.14]
1445440000000000.0 5.32277e+16 777153000000.0 686677000000.0 2500910000.0 304476000000.0 60570600000.0 5083050.0 74066200000.0 349505000000.0 0.0 0.0 1103460000.0 85243800000.0 87642000000.0 4022490000.0 185801000.0 -2.12 4.096 [-2.12]
1445440000000000.0 5.07327e+16 757907000000.0 639104000000.0 2147780000.0 294506000000.0 53667400000.0 4138660.0 74942400000.0 308959000000.0 0.0 0.0 1063490000.0 83886200000.0 81401900000.0 3563510000.0 157997000.0 -2.1 4.094 [-2.1]
1445440000000000.0 4.83476e+16 738714000000.0 594382000000.0 1842600000.0 284548000000.0 47487000000.0 3365040.0 75764700000.0 272792000000.0 0.0 0.0 1024550000.0 82477800000.0 75515600000.0 3153490000.0 134229000.0 -2.08 4.092 [-2.08]
1445440000000000.0 4.6079e+16 719690000000.0 552579000000.0 1580090000.0 274696000000.0 41982900000.0 2734190.0 76533000000.0 240689000000.0 0.0 0.0 986839000.0 81027900000.0 69999000000.0 2789130000.0 114001000.0 -2.06 4.09 [-2.06]
1445440000000000.0 4.39214e+16 700857000000.0 513530000000.0 1354430000.0 264980000000.0 37088700000.0 2220280.0 77249400000.0 212231000000.0 0.0 0.0 950342000.0 79540200000.0 64835700000.0 2465650000.0 96796300.0 -2.04 4.087 [-2.04]
1445440000000000.0 4.18687e+16 682228000000.0 477068000000.0 1160560000.0 255423000000.0 32741900000.0 1801960.0 77916300000.0 187028000000.0 0.0 0.0 915036000.0 78019100000.0 60007200000.0 2178680000.0 82166700.0 -2.02 4.085 [-2.02]
1445440000000000.0 3.99162e+16 663825000000.0 443045000000.0 994103000.0 246050000000.0 28886700000.0 1461760.0 78535800000.0 164734000000.0 0.0 0.0 880905000.0 76468300000.0 55497900000.0 1924340000.0 69734600.0 -2.0 4.083 [-2.0]
1445440000000000.0 3.80581e+16 645655000000.0 411304000000.0 851231000.0 236874000000.0 25470500000.0 1185250.0 79110400000.0 145026000000.0 0.0 0.0 847919000.0 74891900000.0 51289200000.0 1699010000.0 59170900.0 -1.98 4.081 [-1.98]
1445440000000000.0 3.62912e+16 627749000000.0 381731000000.0 728733000.0 227920000000.0 22448100000.0 960744.0 79642400000.0 127628000000.0 0.0 0.0 816081000.0 73294300000.0 47369700000.0 1499670000.0 50204300.0 -1.96 4.079 [-1.96]
1445440000000000.0 3.45999e+16 610002000000.0 354014000000.0 623271000.0 219136000000.0 19765000000.0 777897.0 80135200000.0 112217000000.0 0.0 0.0 785162000.0 71670300000.0 43697700000.0 1322570000.0 42561000.0 -1.94 4.077 [-1.94]
1445440000000000.0 3.30108e+16 592761000000.0 328527000000.0 533740000.0 210711000000.0 17415600000.0 630737.0 80587300000.0 98744300000.0 0.0 0.0 755716000.0 70052700000.0 40327700000.0 1167540000.0 36134400.0 -1.92 4.074 [-1.92]
1445440000000000.0 3.14785e+16 575582000000.0 304490000000.0 456297000.0 202413000000.0 15322600000.0 510431.0 81005900000.0 86766100000.0 0.0 0.0 726939000.0 68405600000.0 37153200000.0 1029190000.0 30629500.0 -1.9 4.072 [-1.9]
1445440000000000.0 3.00303e+16 558826000000.0 282283000000.0 390341000.0 194427000000.0 13485700000.0 413376.0 81389400000.0 76268600000.0 0.0 0.0 699396000.0 66763800000.0 34228400000.0 907689000.0 25985300.0 -1.88 4.07 [-1.88]
1445440000000000.0 2.86523e+16 542387000000.0 261637000000.0 333893000.0 186698000000.0 11866600000.0 334753.0 81741000000.0 67029900000.0 0.0 0.0 672867000.0 65120800000.0 31517100000.0 800473000.0 22047800.0 -1.86 4.068 [-1.86]
1445440000000000.0 2.73409e+16 526273000000.0 242450000000.0 285592000.0 179228000000.0 10440400000.0 271077.0 82062700000.0 58902500000.0 0.0 0.0 647325000.0 63480400000.0 29006000000.0 705895000.0 18709900.0 -1.84 4.066 [-1.84]
1445440000000000.0 2.60928e+16 510493000000.0 224628000000.0 244276000.0 172015000000.0 9184620000.0 219518.0 82356300000.0 51755700000.0 0.0 0.0 622743000.0 61846000000.0 26682400000.0 622494000.0 15880600.0 -1.82 4.064 [-1.82]
1445440000000000.0 2.49057e+16 495063000000.0 208088000000.0 208957000.0 165064000000.0 8079890000.0 177789.0 82623500000.0 45475200000.0 0.0 0.0 599110000.0 60220500000.0 24537100000.0 549003000.0 13484100.0 -1.8 4.062 [-1.8]
1445440000000000.0 2.37758e+16 479979000000.0 192737000000.0 178758000.0 158367000000.0 7107990000.0 144011.0 82865900000.0 39956300000.0 0.0 0.0 576383000.0 58607600000.0 22555300000.0 484232000.0 11452900.0 -1.78 4.06 [-1.78]
1445440000000000.0 2.27003e+16 465246000000.0 178496000000.0 152943000.0 151922000000.0 6253240000.0 116671.0 83085200000.0 35108000000.0 0.0 0.0 554536000.0 57010600000.0 20726300000.0 427163000.0 9731330.0 -1.76 4.058 [-1.76]
1445440000000000.0 2.16763e+16 450862000000.0 165286000000.0 130873000.0 145722000000.0 5501560000.0 94540.2 83282900000.0 30849100000.0 0.0 0.0 533537000.0 55431900000.0 19038700000.0 376875000.0 8271740.0 -1.74 4.056 [-1.74]
1445440000000000.0 2.07017e+16 436838000000.0 153042000000.0 112011000.0 139765000000.0 4840850000.0 76628.3 83460200000.0 27109300000.0 0.0 0.0 513368000.0 53874000000.0 17483900000.0 332583000.0 7034590.0 -1.72 4.054 [-1.72]
1445440000000000.0 1.97737e+16 423172000000.0 141694000000.0 95890600.0 134044000000.0 4260110000.0 62128.8 83618500000.0 23825500000.0 0.0 0.0 493998000.0 52339200000.0 16051900000.0 293567000.0 5985620.0 -1.7 4.053 [-1.7]
1445440000000000.0 1.88976e+16 409979000000.0 131268000000.0 82191100.0 128601000000.0 3752480000.0 50443.9 83758800000.0 20957600000.0 0.0 0.0 475558000.0 50842200000.0 14745200000.0 259401000.0 5101080.0 -1.68 4.051 [-1.68]
1445440000000000.0 1.80563e+16 397032000000.0 121529000000.0 70406000.0 123334000000.0 3303710000.0 40930.4 83882700000.0 18425200000.0 0.0 0.0 457709000.0 49359900000.0 13532500000.0 229114000.0 4345860.0 -1.66 4.049 [-1.66]
1445440000000000.0 1.72553e+16 384444000000.0 112511000000.0 60332100.0 118285000000.0 2909340000.0 33225.2 83990900000.0 16201900000.0 0.0 0.0 440582000.0 47906200000.0 12417700000.0 202435000.0 3705000.0 -1.64 4.047 [-1.64]
1445440000000000.0 1.64836e+16 372069000000.0 104070000000.0 51652800.0 113389000000.0 2560200000.0 26943.9 84084500000.0 14236000000.0 0.0 0.0 423961000.0 46466000000.0 11381800000.0 178746000.0 3156810.0 -1.62 4.045 [-1.62]
1445440000000000.0 1.57572e+16 360192000000.0 96349200000.0 44297200.0 108755000000.0 2255840000.0 21891.9 84164200000.0 12523700000.0 0.0 0.0 408206000.0 45073300000.0 10441900000.0 158055000.0 2695330.0 -1.6 4.043 [-1.6]
1445440000000000.0 1.5068e+16 348712000000.0 89234000000.0 38023900.0 104335000000.0 1988990000.0 17805.5 84231100000.0 11024000000.0 0.0 0.0 393159000.0 43718600000.0 9582360000.0 139869000.0 2304240.0 -1.58 4.042 [-1.58]
1445440000000000.0 1.44147e+16 337632000000.0 82681300000.0 32672800.0 100124000000.0 1755050000.0 0.0 84285800000.0 9710630000.0 0.0 0.0 378802000.0 42402700000.0 8797680000.0 123885000.0 1972750.0 -1.56 4.04 [-1.56]
1445440000000000.0 1.37869e+16 326799000000.0 76567200000.0 28064100.0 96058500000.0 1548130000.0 0.0 84329200000.0 8550340000.0 0.0 0.0 364920000.0 41109300000.0 8071340000.0 109704000.0 1688930.0 -1.54 4.038 [-1.54]
1445440000000000.0 1.31833e+16 316208000000.0 70863600000.0 24095900.0 92132800000.0 1365120000.0 0.0 84361400000.0 7525570000.0 0.0 0.0 351496000.0 39838800000.0 7399110000.0 97122200.0 1445890.0 -1.52 4.036 [-1.52]
1445440000000000.0 1.26188e+16 306141000000.0 65685000000.0 20742100.0 88446600000.0 1206070000.0 0.0 84384100000.0 6635840000.0 0.0 0.0 338869000.0 38625300000.0 6794600000.0 86162300.0 1241560.0 -1.5 4.035 [-1.5]
1445440000000000.0 1.20758e+16 296309000000.0 60852400000.0 17849700.0 84887900000.0 1065250000.0 0.0 84396900000.0 5849150000.0 0.0 0.0 326660000.0 37435300000.0 6235390000.0 76426300.0 1066210.0 -1.48 4.033 [-1.48]
1445440000000000.0 1.15587e+16 286804000000.0 56387000000.0 15371900.0 81486300000.0 941356000.0 0.0 84400700000.0 5157890000.0 0.0 0.0 314970000.0 36280300000.0 5723530000.0 67833900.0 916708.0 -1.46 4.031 [-1.46]
1445440000000000.0 1.10604e+16 277512000000.0 52215500000.0 13232300.0 78197700000.0 831530000.0 0.0 84395500000.0 4546170000.0 0.0 0.0 303651000.0 35148100000.0 5249180000.0 60191500.0 788130.0 -1.44 4.029 [-1.44]
1445440000000000.0 1.05952e+16 268717000000.0 48437100000.0 11423300.0 75117800000.0 736095000.0 0.0 84383200000.0 4015220000.0 0.0 0.0 293033000.0 34072800000.0 4823900000.0 53531700.0 679835.0 -1.42 4.028 [-1.42]
1445440000000000.0 1.01426e+16 260045000000.0 44874100000.0 9848810.0 72112500000.0 650906000.0 0.0 84362100000.0 3542120000.0 0.0 0.0 282656000.0 33010100000.0 4426310000.0 47564600.0 585918.0 -1.4 4.026 [-1.4]
1445440000000000.0 9720550000000000.0 251855000000.0 41651700000.0 8517340.0 69302300000.0 576890000.0 0.0 84335100000.0 3131600000.0 0.0 0.0 272938000.0 32003900000.0 4070540000.0 42363900.0 506742.0 -1.38 4.024 [-1.38]
1445440000000000.0 9308620000000000.0 243762000000.0 38603500000.0 7354790.0 66551800000.0 510636000.0 0.0 84299700000.0 2764910000.0 0.0 0.0 263413000.0 31007900000.0 3736650000.0 37690700.0 437787.0 -1.36 4.023 [-1.36]
1445440000000000.0 8920430000000000.0 236044000000.0 35819200000.0 6363950.0 63953100000.0 452660000.0 0.0 84258600000.0 2444560000.0 0.0 0.0 254401000.0 30056300000.0 3434770000.0 33587000.0 379152.0 -1.34 4.021 [-1.34]
1445440000000000.0 8550270000000000.0 228600000000.0 33245600000.0 5511660.0 61469000000.0 401504000.0 0.0 84211100000.0 2162410000.0 0.0 0.0 245776000.0 29137200000.0 3158400000.0 29952300.0 328810.0 -1.32 4.019 [-1.32]
1445440000000000.0 8197220000000000.0 221421000000.0 30866400000.0 4777960.0 59093800000.0 356340000.0 0.0 84157900000.0 1913800000.0 0.0 0.0 237519000.0 28249800000.0 2905330000.0 26731000.0 285538.0 -1.3 4.018 [-1.3]
1445440000000000.0 7860460000000000.0 214501000000.0 28666800000.0 4145940.0 56822900000.0 316450000.0 0.0 84099000000.0 1694660000.0 0.0 0.0 229616000.0 27393400000.0 2673600000.0 23874400.0 248302.0 -1.28 4.016 [-1.28]
1445440000000000.0 7539170000000000.0 207831000000.0 26632800000.0 3601050.0 54651300000.0 281199000.0 0.0 84034800000.0 1501410000.0 0.0 0.0 222051000.0 26567400000.0 2461350000.0 21339700.0 216222.0 -1.26 4.015 [-1.26]
1445440000000000.0 7234270000000000.0 201439000000.0 24761700000.0 3132570.0 52585700000.0 250131000.0 0.0 83966000000.0 1331490000.0 0.0 0.0 214849000.0 25775400000.0 2267840000.0 19096600.0 188642.0 -1.24 4.013 [-1.24]
1445440000000000.0 6940060000000000.0 195212000000.0 23011900000.0 2724980.0 50588200000.0 222457000.0 0.0 83891300000.0 1180460000.0 0.0 0.0 207878000.0 25003400000.0 2088790000.0 17089600.0 164655.0 -1.22 4.012 [-1.22]
1445440000000000.0 6662520000000000.0 189284000000.0 21411700000.0 2375500.0 48699500000.0 198140000.0 0.0 83813100000.0 1048070000.0 0.0 0.0 201284000.0 24268500000.0 1926470000.0 15318400.0 144069.0 -1.2 4.01 [-1.2]
1445440000000000.0 6395920000000000.0 183540000000.0 19921700000.0 2071880.0 46881300000.0 176518000.0 0.0 83730000000.0 930646000.0 0.0 0.0 194931000.0 23556200000.0 1776780000.0 13736300.0 126172.0 -1.18 4.008 [-1.18]
1445440000000000.0 6141430000000000.0 178009000000.0 18542900000.0 1809050.0 45141600000.0 157359000.0 0.0 83642700000.0 826861000.0 0.0 0.0 188851000.0 22870400000.0 1639580000.0 12327900.0 110659.0 -1.16 4.007 [-1.16]
1445440000000000.0 5898370000000000.0 172683000000.0 17266300000.0 1581270.0 43476500000.0 140371000.0 0.0 83551400000.0 735079000.0 0.0 0.0 183030000.0 22210200000.0 1513710000.0 11073100.0 97193.4 -1.14 4.005 [-1.14]
1445440000000000.0 5666230000000000.0 167555000000.0 16084200000.0 1383710.0 41882500000.0 125299000.0 0.0 83456400000.0 653874000.0 0.0 0.0 177456000.0 21574800000.0 1398230000.0 9954330.0 85489.8 -1.12 4.004 [-1.12]
1445440000000000.0 5443710000000000.0 162602000000.0 14985500000.0 1211820.0 40351100000.0 111892000.0 0.0 83357300000.0 581842000.0 0.0 0.0 172100000.0 20961300000.0 1291900000.0 8954180.0 75283.5 -1.1 4.002 [-1.1]
1445440000000000.0 5232600000000000.0 157867000000.0 13974700000.0 1063130.0 38894700000.0 100034000.0 0.0 83255600000.0 518322000.0 0.0 0.0 167008000.0 20375400000.0 1194910000.0 8065010.0 66428.5 -1.08 4.001 [-1.08]
1445440000000000.0 5030140000000000.0 153294000000.0 13034500000.0 933476.0 37494800000.0 89471900.0 0.0 83150300000.0 461904000.0 0.0 0.0 162115000.0 19809800000.0 1105560000.0 7268760.0 58684.3 -1.06 3.999 [-1.06]
1445440000000000.0 4836630000000000.0 148891000000.0 12162900000.0 820574.0 36153500000.0 80077600.0 0.0 83042000000.0 411880000.0 0.0 0.0 157428000.0 19265800000.0 1023450000.0 6556740.0 51917.4 -1.04 3.998 [-1.04]
1445440000000000.0 4651650000000000.0 144654000000.0 11354500000.0 722166.0 34868100000.0 71717600.0 0.0 82930700000.0 367504000.0 0.0 0.0 152938000.0 18742700000.0 947991000.0 5919590.0 45997.1 -1.02 3.997 [-1.02]
1445440000000000.0 4474810000000000.0 140576000000.0 10604700000.0 636304.0 33636200000.0 64273700.0 0.0 82816800000.0 328114000.0 0.0 0.0 148638000.0 18239800000.0 878622000.0 5349000.0 40810.7 -1.0 3.995 [-1.0]
1445440000000000.0 4305630000000000.0 136650000000.0 9908750000.0 561297.0 32454600000.0 57639300.0 0.0 82700200000.0 293128000.0 0.0 0.0 144518000.0 17756300000.0 814755000.0 4837530.0 36259.5 -0.98 3.994 [-0.98]
1445440000000000.0 4143840000000000.0 132871000000.0 9262700000.0 495717.0 31321600000.0 51724600.0 0.0 82581300000.0 262038000.0 0.0 0.0 140570000.0 17291400000.0 756004000.0 4378790.0 32261.9 -0.96 3.992 [-0.96]
1445440000000000.0 3989050000000000.0 129233000000.0 8662710000.0 438312.0 30234600000.0 46447200.0 0.0 82460100000.0 234394000.0 0.0 0.0 136787000.0 16844600000.0 701903000.0 3966980.0 28745.3 -0.94 3.991 [-0.94]
1445440000000000.0 3840930000000000.0 125731000000.0 8105270000.0 388011.0 29191600000.0 41735700.0 0.0 82336800000.0 209800000.0 0.0 0.0 133161000.0 16415000000.0 652065000.0 3597020.0 25647.6 -0.92 3.989 [-0.92]
1445440000000000.0 3699150000000000.0 122359000000.0 7587170000.0 343885.0 28190400000.0 37526400.0 0.0 82211600000.0 187905000.0 0.0 0.0 129685000.0 16002100000.0 606130000.0 3264370.0 22915.2 -0.9 3.988 [-0.9]
1445440000000000.0 3563430000000000.0 119112000000.0 7105420000.0 305134.0 27229100000.0 33763300.0 0.0 82084500000.0 168402000.0 0.0 0.0 126353000.0 15605100000.0 563768000.0 2965030.0 20501.8 -0.88 3.987 [-0.88]
1445440000000000.0 3432920000000000.0 115972000000.0 6655520000.0 270984.0 26302100000.0 30389200.0 0.0 81955100000.0 150978000.0 0.0 0.0 123144000.0 15221900000.0 524530000.0 2694860.0 18362.3 -0.86 3.985 [-0.86]
1445440000000000.0 3308990000000000.0 112974000000.0 6240270000.0 241083.0 25418800000.0 27383700.0 0.0 81825500000.0 135516000.0 0.0 0.0 120093000.0 14856700000.0 488602000.0 2452470.0 16476.8 -0.84 3.984 [-0.84]
1445440000000000.0 3189740000000000.0 110072000000.0 5852000000.0 214663.0 24566200000.0 24684400.0 0.0 81693800000.0 121681000.0 0.0 0.0 117153000.0 14504000000.0 455273000.0 2233290.0 14800.4 -0.82 3.982 [-0.82]
1445440000000000.0 3075480000000000.0 107277000000.0 5490380000.0 191360.0 23746800000.0 22265100.0 0.0 81560900000.0 109328000.0 0.0 0.0 114333000.0 14164900000.0 424475000.0 2035420.0 13311.8 -0.8 3.981 [-0.8]
1445440000000000.0 2965980000000000.0 104584000000.0 5153420000.0 170782.0 22958700000.0 20095100.0 0.0 81426900000.0 98290900.0 0.0 0.0 111628000.0 13838800000.0 395996000.0 1856630.0 11988.2 -0.78 3.98 [-0.78]
1445440000000000.0 2861000000000000.0 101988000000.0 4839280000.0 152590.0 22200700000.0 18147600.0 0.0 81291800000.0 88423200.0 0.0 0.0 109031000.0 13525300000.0 369649000.0 1694970.0 10809.9 -0.76 3.978 [-0.76]
1445440000000000.0 2759910000000000.0 99474500000.0 4545120000.0 136452.0 21468300000.0 16394400.0 0.0 81155300000.0 79575200.0 0.0 0.0 106527000.0 13222500000.0 345163000.0 1548340.0 9757.2 -0.74 3.977 [-0.74]
1445440000000000.0 2663380000000000.0 97061900000.0 4271810000.0 122191.0 20766300000.0 14823000.0 0.0 81018600000.0 71675600.0 0.0 0.0 104134000.0 12932600000.0 322577000.0 1415860.0 8819.92 -0.72 3.976 [-0.72]
1445440000000000.0 2571180000000000.0 94745300000.0 4017700000.0 109572.0 20093300000.0 13413300.0 0.0 80881900000.0 64616400.0 0.0 0.0 101846000.0 12654900000.0 301731000.0 1296010.0 7984.15 -0.7 3.974 [-0.7]
1445440000000000.0 2482310000000000.0 92500600000.0 3779340000.0 98337.1 19442200000.0 12141500.0 0.0 80744100000.0 58272900.0 0.0 0.0 99638400.0 12386500000.0 282316000.0 1187030.0 7234.44 -0.68 3.973 [-0.68]
1445440000000000.0 2397010000000000.0 90334700000.0 3556620000.0 88349.6 18815000000.0 10996400.0 0.0 80605800000.0 52584200.0 0.0 0.0 97517700.0 12128400000.0 264301000.0 1088090.0 6562.76 -0.66 3.972 [-0.66]
1445440000000000.0 2315120000000000.0 88244300000.0 3348410000.0 79461.7 18210600000.0 9964750.0 0.0 80467300000.0 47479500.0 0.0 0.0 95480000.0 11879900000.0 247576000.0 998176.0 5960.28 -0.64 3.97 [-0.64]
1445440000000000.0 2236500000000000.0 86226600000.0 3153700000.0 71544.1 17628000000.0 9034820.0 0.0 80328600000.0 42896400.0 0.0 0.0 93521900.0 11640900000.0 232042000.0 916415.0 5419.24 -0.62 3.969 [-0.62]
1445440000000000.0 2160980000000000.0 84278100000.0 2971500000.0 64482.5 17066200000.0 8195980.0 0.0 80189800000.0 38778500.0 0.0 0.0 91639400.0 11410700000.0 217603000.0 841999.0 4932.76 -0.6 3.968 [-0.6]
1445440000000000.0 2088100000000000.0 82387400000.0 2800210000.0 58163.0 16522000000.0 7437040.0 0.0 80050400000.0 35067800.0 0.0 0.0 89821300.0 11188200000.0 204115000.0 774077.0 4493.86 -0.58 3.966 [-0.58]
1445440000000000.0 2018390000000000.0 80569200000.0 2640500000.0 52529.8 15999200000.0 6753460.0 0.0 79911800000.0 31738700.0 0.0 0.0 88081000.0 10974900000.0 191620000.0 712302.0 4099.28 -0.56 3.965 [-0.56]
1445440000000000.0 1951680000000000.0 78819900000.0 2491460000.0 47501.4 15496900000.0 6137220.0 0.0 79774000000.0 28749200.0 0.0 0.0 86414600.0 10770500000.0 180035000.0 656059.0 3744.02 -0.54 3.964 [-0.54]
1445440000000000.0 1887250000000000.0 77120800000.0 2351120000.0 42986.1 15009700000.0 5578580.0 0.0 79635800000.0 26049800.0 0.0 0.0 84803800.0 10572600000.0 169192000.0 604595.0 3422.35 -0.52 3.962 [-0.52]
1445440000000000.0 1825290000000000.0 75477600000.0 2219490000.0 38937.8 14539300000.0 5073200.0 0.0 79498000000.0 23617200.0 0.0 0.0 83253700.0 10382000000.0 159084000.0 557572.0 3131.47 -0.5 3.961 [-0.5]
1445440000000000.0 1765700000000000.0 73888000000.0 2095970000.0 35304.4 14085000000.0 4615740.0 0.0 79360700000.0 21423800.0 0.0 0.0 81761700.0 10198400000.0 149654000.0 514575.0 2868.14 -0.48 3.96 [-0.48]
1445440000000000.0 1708350000000000.0 72349700000.0 1980020000.0 32040.2 13646000000.0 4201430.0 0.0 79224000000.0 19444700.0 0.0 0.0 80325300.0 10021400000.0 140853000.0 475229.0 2629.51 -0.46 3.958 [-0.46]
1445440000000000.0 1653170000000000.0 70860600000.0 1871120000.0 29104.7 13221800000.0 3826010.0 0.0 79087800000.0 17658200.0 0.0 0.0 78942100.0 9850900000.0 132634000.0 439196.0 2413.02 -0.44 3.957 [-0.44]
1445440000000000.0 1600050000000000.0 69418600000.0 1768800000.0 26462.0 12811700000.0 3485630.0 0.0 78952300000.0 16044400.0 0.0 0.0 77610000.0 9686490000.0 124953000.0 406173.0 2216.41 -0.42 3.956 [-0.42]
1445440000000000.0 1548910000000000.0 68021700000.0 1672600000.0 24080.8 12415300000.0 3176870.0 0.0 78817700000.0 14585900.0 0.0 0.0 76326600.0 9527970000.0 117771000.0 375887.0 2037.68 -0.4 3.954 [-0.4]
1445440000000000.0 1499650000000000.0 66668100000.0 1582140000.0 21933.0 12031800000.0 2896650.0 0.0 78683800000.0 13266900.0 0.0 0.0 75090000.0 9375100000.0 111053000.0 348091.0 1875.03 -0.38 3.953 [-0.38]
1445440000000000.0 1452210000000000.0 65355900000.0 1497020000.0 19993.9 11660900000.0 2642190.0 0.0 78550900000.0 12073400.0 0.0 0.0 73898100.0 9227660000.0 104764000.0 322560.0 1726.88 -0.36 3.952 [-0.36]
1445440000000000.0 1406500000000000.0 64083500000.0 1416900000.0 18241.6 11302100000.0 2411030.0 0.0 78418900000.0 10993000.0 0.0 0.0 72749300.0 9085410000.0 98874000.0 299095.0 1591.79 -0.34 3.95 [-0.34]
1445440000000000.0 1362440000000000.0 62849100000.0 1341450000.0 16656.5 10954900000.0 2200920.0 0.0 78287800000.0 10014200.0 0.0 0.0 71641400.0 8948160000.0 93353700.0 277512.0 1468.5 -0.32 3.949 [-0.32]
1445440000000000.0 1319970000000000.0 61651100000.0 1270360000.0 15221.5 10618800000.0 2009850.0 0.0 78157900000.0 9127140.0 0.0 0.0 70573100.0 8815700000.0 88177400.0 257646.0 1355.87 -0.3 3.948 [-0.3]
1445440000000000.0 1279020000000000.0 60488100000.0 1203360000.0 13921.0 10293400000.0 1836030.0 0.0 78029000000.0 8322710.0 0.0 0.0 69542500.0 8687840000.0 83321200.0 239349.0 1252.89 -0.28 3.946 [-0.28]
1445440000000000.0 1239520000000000.0 59358200000.0 1140170000.0 12741.4 9978210000.0 1677780.0 0.0 77901200000.0 7592740.0 0.0 0.0 68547800.0 8564360000.0 78759700.0 222483.0 0.0 -0.26 3.945 [-0.26]
1445440000000000.0 1201410000000000.0 58260500000.0 1080570000.0 11670.5 9672950000.0 1533680.0 0.0 77774700000.0 6930100.0 0.0 0.0 67587900.0 8445110000.0 74472900.0 206928.0 0.0 -0.24 3.944 [-0.24]
1445440000000000.0 1164670000000000.0 57194300000.0 1024350000.0 10697.9 9377520000.0 1402470.0 0.0 77649500000.0 6328410.0 0.0 0.0 66662100.0 8330030000.0 70452000.0 192576.0 0.0 -0.22 3.942 [-0.22]
1445440000000000.0 1129200000000000.0 56157100000.0 971263000.0 9813.16 9091140000.0 1282850.0 0.0 77525500000.0 5781480.0 0.0 0.0 65767700.0 8218800000.0 66668000.0 179318.0 0.0 -0.2 3.941 [-0.2]
1445440000000000.0 1094820000000000.0 55144300000.0 920956000.0 9006.61 8812700000.0 1173590.0 0.0 77402200000.0 5283290.0 0.0 0.0 64900700.0 8110890000.0 63095300.0 167050.0 0.0 -0.18 3.94 [-0.18]
1445440000000000.0 1061770000000000.0 54162800000.0 873602000.0 0.0 8543850000.0 1074130.0 0.0 77280900000.0 4831060.0 0.0 0.0 64066800.0 8007060000.0 59745000.0 155723.0 0.0 -0.16 3.938 [-0.16]
1445440000000000.0 1029850000000000.0 53207400000.0 828847000.0 0.0 8283260000.0 983385.0 0.0 77160900000.0 4419470.0 0.0 0.0 63261200.0 7906690000.0 56589500.0 145243.0 0.0 -0.14 3.937 [-0.14]
1445440000000000.0 999013000000000.0 52276900000.0 786532000.0 0.0 8030640000.0 900545.0 0.0 77042200000.0 4044690.0 0.0 0.0 62482700.0 7809650000.0 53615600.0 135540.0 0.0 -0.12 3.935 [-0.12]
1445440000000000.0 969319000000000.0 51373400000.0 746620000.0 0.0 7786400000.0 825012.0 0.0 76925400000.0 3703770.0 0.0 0.0 61732700.0 7716130000.0 50819700.0 126560.0 0.0 -0.1 3.934 [-0.1]
1445440000000000.0 940541000000000.0 50490300000.0 708764000.0 0.0 7548960000.0 755910.0 0.0 76809700000.0 3392590.0 0.0 0.0 61005700.0 7625420000.0 48174800.0 118227.0 0.0 -0.08 3.933 [-0.08]
1445440000000000.0 912712000000000.0 49628900000.0 672921000.0 0.0 7318610000.0 692751.0 0.0 76695400000.0 3108750.0 0.0 0.0 60302400.0 7537620000.0 45678300.0 110497.0 0.0 -0.06 3.931 [-0.06]
1445440000000000.0 885808000000000.0 48788700000.0 638987000.0 0.0 7095180000.0 635012.0 0.0 76582500000.0 2849810.0 0.0 0.0 59622300.0 7452670000.0 43320700.0 103323.0 0.0 -0.04 3.93 [-0.04]
1445440000000000.0 859794000000000.0 47968800000.0 606851000.0 0.0 6878470000.0 582216.0 0.0 76471100000.0 2613460.0 0.0 0.0 58964400.0 7370470000.0 41093900.0 96661.0 0.0 -0.02 3.928 [-0.02]
1445440000000000.0 834632000000000.0 47168600000.0 576407000.0 0.0 6668180000.0 533914.0 0.0 76361200000.0 2397650.0 0.0 0.0 58328000.0 7290910000.0 38987400.0 90471.2 0.0 -0.0 3.927 [-0.0]
1445440000000000.0 810298000000000.0 46387200000.0 547561000.0 0.0 6464240000.0 489729.0 0.0 76252800000.0 2200500.0 0.0 0.0 57712300.0 7213900000.0 36998800.0 84717.0 0.0 0.02 3.925 [0.02]
1445440000000000.0 786747000000000.0 45623800000.0 520214000.0 0.0 6266270000.0 449274.0 0.0 76146000000.0 2020300.0 0.0 0.0 57116200.0 7139310000.0 35114800.0 79364.6 0.0 0.04 3.924 [0.04]
1445440000000000.0 763957000000000.0 44877800000.0 494287000.0 0.0 6074160000.0 412236.0 0.0 76040600000.0 1855550.0 0.0 0.0 56539300.0 7067090000.0 33331800.0 74383.4 0.0 0.06 3.922 [0.06]
1445440000000000.0 741897000000000.0 44148400000.0 469696000.0 0.0 5887670000.0 378310.0 0.0 75936800000.0 1704850.0 0.0 0.0 55980700.0 6997130000.0 31642400.0 69745.1 0.0 0.08 3.921 [0.08]
1445440000000000.0 720535000000000.0 43435100000.0 446365000.0 0.0 5706620000.0 347226.0 0.0 75834400000.0 1566930.0 0.0 0.0 55439600.0 6929340000.0 30040900.0 65423.8 0.0 0.1 3.919 [0.1]
1445440000000000.0 699786000000000.0 42734800000.0 424170000.0 0.0 5530420000.0 318705.0 0.0 75733300000.0 1440480.0 0.0 0.0 54914000.0 6863440000.0 28520400.0 61392.1 0.0 0.12 3.918 [0.12]
1445440000000000.0 679821000000000.0 42054200000.0 403217000.0 0.0 5360220000.0 292632.0 0.0 75634300000.0 1325040.0 0.0 0.0 54408000.0 6800000000.0 27083300.0 57639.7 0.0 0.14 3.916 [0.14]
1445440000000000.0 660411000000000.0 41385300000.0 383267000.0 0.0 5194490000.0 268689.0 0.0 75536500000.0 1219090.0 0.0 0.0 53916000.0 6738270000.0 25716500.0 54134.8 0.0 0.16 3.914 [0.16]
1445440000000000.0 641610000000000.0 40730400000.0 364328000.0 0.0 5033560000.0 246733.0 0.0 75440300000.0 1122000.0 0.0 0.0 53439400.0 6678450000.0 24419100.0 50863.3 0.0 0.18 3.913 [0.18]
1445440000000000.0 623331000000000.0 40086600000.0 346295000.0 0.0 4876860000.0 226564.0 0.0 75345200000.0 1032840.0 0.0 0.0 52975800.0 6620230000.0 23184000.0 47805.1 0.0 0.2 3.911 [0.2]
1445440000000000.0 605671000000000.0 39457800000.0 329209000.0 0.0 4725020000.0 208083.0 0.0 75252000000.0 951180.0 0.0 0.0 52527900.0 6563960000.0 22012500.0 44950.4 0.0 0.22 3.909 [0.22]
1445440000000000.0 588599000000000.0 38843200000.0 313013000.0 0.0 4577850000.0 191141.0 0.0 75160600000.0 876354.0 0.0 0.0 52094800.0 6509530000.0 20900700.0 42283.9 0.0 0.24 3.908 [0.24]
1445440000000000.0 571945000000000.0 38236500000.0 297548000.0 0.0 4434140000.0 175548.0 0.0 75070000000.0 807473.0 0.0 0.0 51672200.0 6456380000.0 19838400.0 39786.0 0.0 0.26 3.906 [0.26]
1445440000000000.0 555886000000000.0 37644900000.0 282915000.0 0.0 4295150000.0 161267.0 0.0 74981500000.0 744390.0 0.0 0.0 51264600.0 6405120000.0 18832100.0 37452.5 0.0 0.28 3.904 [0.28]
1445440000000000.0 540260000000000.0 37062600000.0 268973000.0 0.0 4159680000.0 148130.0 0.0 74894200000.0 686369.0 0.0 0.0 50867900.0 6355190000.0 17870200.0 35266.5 0.0 0.3 3.902 [0.3]
1445440000000000.0 525099000000000.0 36490900000.0 255717000.0 0.0 4027980000.0 136063.0 0.0 74808300000.0 633050.0 0.0 0.0 50482900.0 6306720000.0 16954000.0 33219.5 0.0 0.32 3.9 [0.32]
1445440000000000.0 510385000000000.0 35929600000.0 243112000.0 0.0 3899930000.0 124976.0 0.0 74723900000.0 584040.0 0.0 0.0 50109300.0 6259650000.0 16080500.0 31301.8 0.0 0.34 3.898 [0.34]
1445440000000000.0 496103000000000.0 35378100000.0 231125000.0 0.0 3775390000.0 114786.0 0.0 74640900000.0 538974.0 0.0 0.0 49746500.0 6213920000.0 15247200.0 29504.4 0.0 0.36 3.896 [0.36]
1445440000000000.0 482238000000000.0 34836400000.0 219724000.0 0.0 3654250000.0 105421.0 0.0 74559300000.0 497525.0 0.0 0.0 49394200.0 6169490000.0 14452100.0 27819.3 0.0 0.38 3.894 [0.38]
1445440000000000.0 468767000000000.0 34303700000.0 208877000.0 0.0 3536310000.0 96807.0 0.0 74479100000.0 459383.0 0.0 0.0 49051900.0 6126300000.0 13691700.0 26238.6 0.0 0.4 3.892 [0.4]
1445440000000000.0 455675000000000.0 33779900000.0 198553000.0 0.0 3421410000.0 88882.2 0.0 74400200000.0 424273.0 0.0 0.0 48719200.0 6084290000.0 12963700.0 24755.4 0.0 0.42 3.89 [0.42]
1445440000000000.0 442944000000000.0 33264100000.0 188725000.0 0.0 3309530000.0 81593.9 0.0 74322700000.0 391931.0 0.0 0.0 48395500.0 6043400000.0 12268700.0 23362.7 0.0 0.44 3.888 [0.44]
1445440000000000.0 430591000000000.0 32757700000.0 179384000.0 0.0 3200650000.0 74891.9 0.0 74246500000.0 362170.0 0.0 0.0 48081400.0 6003690000.0 11603400.0 22055.5 0.0 0.46 3.886 [0.46]
1445440000000000.0 418581000000000.0 32259400000.0 170495000.0 0.0 3094540000.0 68724.5 0.0 74171700000.0 334755.0 0.0 0.0 47775900.0 5965060000.0 10966100.0 20827.5 0.0 0.48 3.883 [0.48]
1445440000000000.0 406901000000000.0 31769000000.0 162036000.0 0.0 2991070000.0 63047.8 0.0 74098200000.0 309491.0 0.0 0.0 47478800.0 5927460000.0 10354900.0 19673.6 0.0 0.5 3.881 [0.5]
1445440000000000.0 395518000000000.0 31285300000.0 153974000.0 0.0 2890020000.0 57819.0 0.0 74025900000.0 286184.0 0.0 0.0 47189200.0 5890770000.0 9768480.0 18588.5 0.0 0.52 3.878 [0.52]
1445440000000000.0 384461000000000.0 30810000000.0 146312000.0 0.0 2791470000.0 53005.9 0.0 73954900000.0 264717.0 0.0 0.0 46907800.0 5855100000.0 9204820.0 17568.6 0.0 0.54 3.875 [0.54]
1445440000000000.0 373694000000000.0 30342000000.0 139019000.0 0.0 2695150000.0 48571.6 0.0 73885200000.0 244919.0 0.0 0.0 46633800.0 5820330000.0 8662340.0 16609.3 0.0 0.56 3.872 [0.56]
1445440000000000.0 363212000000000.0 29881000000.0 132078000.0 0.0 2601040000.0 44487.4 0.0 73816700000.0 226656.0 0.0 0.0 46366900.0 5786440000.0 8140870.0 15706.6 0.0 0.58 3.869 [0.58]
1445440000000000.0 352990000000000.0 29426800000.0 125470000.0 0.0 2508800000.0 40720.1 0.0 73749300000.0 209804.0 0.0 0.0 46106600.0 5753340000.0 7636860.0 14857.0 0.0 0.6 3.866 [0.6]
1445440000000000.0 343068000000000.0 28981100000.0 119198000.0 0.0 2418800000.0 37254.6 0.0 73683400000.0 194277.0 0.0 0.0 45853900.0 5721190000.0 7152960.0 14057.8 0.0 0.62 3.863 [0.62]
1445440000000000.0 333315000000000.0 28538500000.0 113197000.0 0.0 2329960000.0 34047.3 0.0 73618000000.0 179897.0 0.0 0.0 45605400.0 5689520000.0 6682460.0 13304.0 0.0 0.64 3.859 [0.64]
1445440000000000.0 323815000000000.0 28103600000.0 107497000.0 0.0 2242680000.0 31087.6 0.0 73553900000.0 166640.0 0.0 0.0 45363300.0 5658620000.0 6225760.0 12594.5 0.0 0.66 3.856 [0.66]
1445440000000000.0 314531000000000.0 27674900000.0 102073000.0 0.0 2156680000.0 28353.7 0.0 73490900000.0 154397.0 0.0 0.0 45126600.0 5628360000.0 5782190.0 11926.0 0.0 0.68 3.852 [0.68]
1445440000000000.0 305443000000000.0 27252300000.0 96909900.0 0.0 2071670000.0 25825.1 0.0 73428800000.0 143090.0 0.0 0.0 44894800.0 5598690000.0 5349700.0 11296.0 0.0 0.7 3.847 [0.7]
1445440000000000.0 296517000000000.0 26835300000.0 91993800.0 0.0 1987030000.0 23478.4 0.0 73367500000.0 132644.0 0.0 0.0 44667100.0 5569470000.0 4923710.0 10702.3 0.0 0.72 3.842 [0.72]
1445440000000000.0 287746000000000.0 26425200000.0 87320800.0 0.0 1902310000.0 21295.6 0.0 73307100000.0 123006.0 0.0 0.0 44443200.0 5540660000.0 4501110.0 10143.0 0.0 0.74 3.837 [0.74]
1445440000000000.0 279036000000000.0 26018000000.0 82855200.0 0.0 1816580000.0 19255.3 0.0 73247000000.0 114079.0 0.0 0.0 44220700.0 5511940000.0 4079120.0 9615.27 0.0 0.76 3.831 [0.76]
1445440000000000.0 270414000000000.0 25617100000.0 78612500.0 0.0 1729490000.0 17346.8 0.0 73187500000.0 105841.0 0.0 0.0 44000400.0 5483370000.0 3656550.0 9118.14 0.0 0.78 3.823 [0.78]
1445440000000000.0 261738000000000.0 25220500000.0 74567500.0 0.0 1638460000.0 15533.5 0.0 73127900000.0 98230.4 0.0 0.0 43778500.0 5454420000.0 3219610.0 8649.87 0.0 0.8 3.815 [0.8]
1445440000000000.0 184386000000000.0 23310400000.0 56081000.0 0.0 425179000.0 3645.42 0.0 72872600000.0 88415.7 0.0 0.0 41791000.0 5131690000.0 8667.49 8272.56 0.0 0.82 3.425 [0.82]
1445440000000000.0 177268000000000.0 22823600000.0 52773800.0 0.0 390930000.0 3208.77 0.0 72826500000.0 81523.6 0.0 0.0 41608900.0 5103220000.0 7279.71 7848.35 0.0 0.84 3.407 [0.84]
1445440000000000.0 170701000000000.0 22352700000.0 49743800.0 0.0 361931000.0 2844.05 0.0 72781900000.0 75188.2 0.0 0.0 41440800.0 5076880000.0 6394.36 7447.41 0.0 0.86 3.391 [0.86]
1445440000000000.0 164550000000000.0 21893200000.0 46936200.0 0.0 336611000.0 2532.56 0.0 72738800000.0 69352.6 0.0 0.0 41283200.0 5052060000.0 5772.61 7068.17 0.0 0.88 3.375 [0.88]
1445440000000000.0 158727000000000.0 21441900000.0 44315000.0 0.0 314081000.0 2262.89 0.0 72696900000.0 63968.0 0.0 0.0 41133800.0 5028380000.0 5302.7 6709.18 0.0 0.9 3.361 [0.9]
1445440000000000.0 153218000000000.0 21000200000.0 41869200.0 0.0 293842000.0 2027.72 0.0 72656400000.0 59010.0 0.0 0.0 40992400.0 5005800000.0 4927.52 6369.55 0.0 0.92 3.347 [0.92]
1445440000000000.0 147981000000000.0 20566800000.0 39579700.0 0.0 275485000.0 1821.23 0.0 72617200000.0 54440.8 0.0 0.0 40857800.0 4984130000.0 4613.86 6048.09 0.0 0.94 3.334 [0.94]
1445440000000000.0 142961000000000.0 20138500000.0 37421800.0 0.0 258694000.0 1638.78 0.0 72579100000.0 50216.9 0.0 0.0 40728600.0 4963120000.0 4342.41 5743.42 0.0 0.96 3.321 [0.96]
1445440000000000.0 138154000000000.0 19716100000.0 35389200.0 0.0 243271000.0 1477.05 0.0 72542000000.0 46316.7 0.0 0.0 40604700.0 4942770000.0 4101.33 5454.71 0.0 0.98 3.308 [0.98]
1445440000000000.0 133533000000000.0 19298600000.0 33469400.0 0.0 229034000.0 1333.17 0.0 72506000000.0 42712.0 0.0 0.0 40485600.0 4922960000.0 3882.95 5180.99 0.0 1.0 3.296 [1.0]
