H	H+	C+	C+2	C+3	N+	N+2	N+4	O	O+2	O+5	O+6	P+	Si+	Si+2	Si+3	Si+4
1.44544e+15	8.93280e+19	4.30265e+10	9.05861e+12	5.01725e+13	2.90985e+09	1.31764e+12	5.92345e+13	1.65598e+05	3.45262e+12	9.33186e+14	2.18909e+15	9.92283e+05	1.53671e+07	9.76684e+08	6.49734e+09	1.10573e+12
1.44544e+15	8.44619e+19	4.70902e+10	9.65965e+12	5.14402e+13	3.19839e+09	1.41482e+12	5.91719e+13	1.85549e+05	3.72514e+12	9.01864e+14	2.01081e+15	1.18588e+06	1.85515e+07	1.14978e+09	7.39321e+09	1.19048e+12
1.44544e+15	7.98804e+19	5.14745e+10	1.02863e+13	5.26712e+13	3.51366e+09	1.51788e+12	5.90271e+13	2.07956e+05	4.01556e+12	8.69858e+14	1.84400e+15	1.41458e+06	2.23479e+07	1.35115e+09	8.39815e+09	1.27977e+12
1.44544e+15	7.55648e+19	5.62013e+10	1.09387e+13	5.38624e+13	3.85784e+09	1.62702e+12	5.88000e+13	2.33115e+05	4.32450e+12	8.37302e+14	1.68818e+15	1.68430e+06	2.68647e+07	1.58498e+09	9.52348e+09	1.37368e+12
1.44544e+15	7.14981e+19	6.12911e+10	1.16171e+13	5.50115e+13	4.23327e+09	1.74248e+12	5.84910e+13	2.61357e+05	4.65256e+12	8.04334e+14	1.54290e+15	2.00183e+06	3.22276e+07	1.85607e+09	1.07815e+10	1.47227e+12
1.44544e+15	6.76644e+19	6.67667e+10	1.23217e+13	5.61160e+13	4.64242e+09	1.86443e+12	5.81005e+13	2.93051e+05	5.00027e+12	7.71085e+14	1.40768e+15	2.37505e+06	3.85825e+07	2.16982e+09	1.21856e+10	1.57558e+12
1.44544e+15	6.40440e+19	7.26359e+10	1.30518e+13	5.71742e+13	5.08605e+09	1.99272e+12	5.76286e+13	3.28399e+05	5.36697e+12	7.37678e+14	1.28194e+15	2.81219e+06	4.60965e+07	2.53240e+09	1.37516e+10	1.68371e+12
1.44544e+15	6.06334e+19	7.89522e+10	1.38088e+13	5.81825e+13	5.57012e+09	2.12810e+12	5.70772e+13	3.68239e+05	5.75520e+12	7.04279e+14	1.16543e+15	3.32493e+06	5.49657e+07	2.95059e+09	1.54920e+10	1.79652e+12
1.44544e+15	5.74143e+19	8.57268e+10	1.45920e+13	5.91396e+13	6.09578e+09	2.27039e+12	5.64469e+13	4.12879e+05	6.16413e+12	6.70989e+14	1.05759e+15	3.92442e+06	6.54128e+07	3.43220e+09	1.74249e+10	1.91407e+12
1.44544e+15	5.43751e+19	9.29850e+10	1.54010e+13	6.00431e+13	6.66580e+09	2.41966e+12	5.57390e+13	4.62870e+05	6.59388e+12	6.37932e+14	9.57979e+14	4.62413e+06	7.76938e+07	3.98592e+09	1.95681e+10	2.03633e+12
1.44544e+15	5.15046e+19	1.00753e+11	1.62358e+13	6.08913e+13	7.28299e+09	2.57593e+12	5.49553e+13	5.18820e+05	7.04454e+12	6.05228e+14	8.66137e+14	5.43936e+06	9.21021e+07	4.62152e+09	2.19405e+10	2.16322e+12
1.44544e+15	4.87933e+19	1.09063e+11	1.70962e+13	6.16823e+13	7.95078e+09	2.73929e+12	5.40981e+13	5.81462e+05	7.51630e+12	5.72989e+14	7.81651e+14	6.38786e+06	1.08974e+08	5.34993e+09	2.45620e+10	2.29465e+12
1.44544e+15	4.62316e+19	1.17943e+11	1.79816e+13	6.24145e+13	8.67214e+09	2.90969e+12	5.31694e+13	6.51557e+05	8.00903e+12	5.41322e+14	7.04088e+14	7.48951e+06	1.28692e+08	6.18332e+09	2.74542e+10	2.43050e+12
1.44544e+15	4.38095e+19	1.27415e+11	1.88914e+13	6.30859e+13	9.44941e+09	3.08693e+12	5.21717e+13	7.29868e+05	8.52217e+12	5.10323e+14	6.33006e+14	8.76619e+06	1.51688e+08	7.13526e+09	3.06405e+10	2.57064e+12
1.44544e+15	4.15189e+19	1.37506e+11	1.98245e+13	6.36949e+13	1.02853e+10	3.27081e+12	5.11079e+13	8.17298e+05	9.05531e+12	4.80084e+14	5.68001e+14	1.02429e+07	1.78452e+08	8.22081e+09	3.41452e+10	2.71489e+12
1.44544e+15	3.93521e+19	1.48244e+11	2.07803e+13	6.42400e+13	1.11827e+10	3.46113e+12	4.99811e+13	9.14862e+05	9.60788e+12	4.50680e+14	5.08692e+14	1.19480e+07	2.09541e+08	9.45671e+09	3.79939e+10	2.86304e+12
1.44544e+15	3.73018e+19	1.59656e+11	2.17576e+13	6.47198e+13	1.21443e+10	3.65759e+12	4.87951e+13	1.02367e+06	1.01792e+13	4.22183e+14	4.54697e+14	1.39129e+07	2.45578e+08	1.08614e+10	4.22138e+10	3.01486e+12
1.44544e+15	3.53613e+19	1.71766e+11	2.27551e+13	6.51328e+13	1.31723e+10	3.85982e+12	4.75538e+13	1.14495e+06	1.07687e+13	3.94658e+14	4.05637e+14	1.61730e+07	2.87267e+08	1.24554e+10	4.68334e+10	3.17007e+12
1.44544e+15	3.35244e+19	1.84601e+11	2.37714e+13	6.54776e+13	1.42692e+10	4.06742e+12	4.62616e+13	1.28007e+06	1.13752e+13	3.68155e+14	3.61167e+14	1.87674e+07	3.35394e+08	1.42611e+10	5.18825e+10	3.32837e+12
1.44544e+15	3.17850e+19	1.98185e+11	2.48051e+13	6.57532e+13	1.54372e+10	4.27989e+12	4.49229e+13	1.43055e+06	1.19980e+13	3.42715e+14	3.20948e+14	2.17401e+07	3.90838e+08	1.63032e+10	5.73921e+10	3.48941e+12
1.44544e+15	3.01377e+19	2.12546e+11	2.58545e+13	6.59583e+13	1.66787e+10	4.49676e+12	4.35425e+13	1.59817e+06	1.26361e+13	3.18370e+14	2.84647e+14	2.51403e+07	4.54594e+08	1.86090e+10	6.33951e+10	3.65283e+12
1.44544e+15	2.85774e+19	2.27693e+11	2.69170e+13	6.60917e+13	1.79941e+10	4.71728e+12	4.21259e+13	1.78465e+06	1.32879e+13	2.95149e+14	2.51965e+14	2.90196e+07	5.27722e+08	2.12075e+10	6.99243e+10	3.81817e+12
1.44544e+15	2.70991e+19	2.43648e+11	2.79906e+13	6.61526e+13	1.93852e+10	4.94081e+12	4.06781e+13	1.99214e+06	1.39523e+13	2.73062e+14	2.22607e+14	3.34375e+07	6.11437e+08	2.41311e+10	7.70148e+10	3.98500e+12
1.44544e+15	2.56984e+19	2.60433e+11	2.90732e+13	6.61402e+13	2.08534e+10	5.16670e+12	3.92049e+13	2.22302e+06	1.46280e+13	2.52117e+14	1.96296e+14	3.84594e+07	7.07072e+08	2.74147e+10	8.47016e+10	4.15283e+12
1.44544e+15	2.43712e+19	2.78062e+11	3.01621e+13	6.60537e+13	2.23997e+10	5.39419e+12	3.77120e+13	2.47997e+06	1.53138e+13	2.32312e+14	1.72769e+14	4.41567e+07	8.16088e+08	3.10963e+10	9.30209e+10	4.32114e+12
1.44544e+15	2.31134e+19	2.96549e+11	3.12546e+13	6.58925e+13	2.40247e+10	5.62250e+12	3.62051e+13	2.76596e+06	1.60083e+13	2.13639e+14	1.51778e+14	5.06074e+07	9.40094e+08	3.52167e+10	1.02009e+11	4.48936e+12
1.44544e+15	2.19214e+19	3.15904e+11	3.23478e+13	6.56562e+13	2.57287e+10	5.85080e+12	3.46899e+13	3.08436e+06	1.67101e+13	1.96082e+14	1.33091e+14	5.78967e+07	1.08085e+09	3.98200e+10	1.11703e+11	4.65690e+12
1.44544e+15	2.07915e+19	3.36134e+11	3.34384e+13	6.53445e+13	2.75119e+10	6.07827e+12	3.31723e+13	3.43894e+06	1.74177e+13	1.79621e+14	1.16492e+14	6.61167e+07	1.24026e+09	4.49536e+10	1.22140e+11	4.82314e+12
1.44544e+15	1.97206e+19	3.57244e+11	3.45231e+13	6.49572e+13	2.93743e+10	6.30405e+12	3.16580e+13	3.83397e+06	1.81296e+13	1.64228e+14	1.01779e+14	7.53675e+07	1.42042e+09	5.06679e+10	1.33355e+11	4.98742e+12
1.44544e+15	1.87054e+19	3.79234e+11	3.55985e+13	6.44945e+13	3.13154e+10	6.52728e+12	3.01526e+13	4.27428e+06	1.88445e+13	1.49871e+14	8.87653e+13	8.57589e+07	1.62359e+09	5.70171e+10	1.45386e+11	5.14907e+12
1.44544e+15	1.77430e+19	4.02101e+11	3.66608e+13	6.39566e+13	3.33346e+10	6.74709e+12	2.86612e+13	4.76534e+06	1.95607e+13	1.36516e+14	7.72804e+13	9.74089e+07	1.85219e+09	6.40584e+10	1.58266e+11	5.30738e+12
1.44544e+15	1.68307e+19	4.25838e+11	3.77063e+13	6.33441e+13	3.54314e+10	6.96264e+12	2.71891e+13	5.31328e+06	2.02768e+13	1.24124e+14	6.71694e+13	1.10444e+08	2.10885e+09	7.18525e+10	1.72028e+11	5.46163e+12
1.44544e+15	1.59658e+19	4.50434e+11	3.87310e+13	6.26577e+13	3.76048e+10	7.17310e+12	2.57411e+13	5.92507e+06	2.09914e+13	1.12653e+14	5.82858e+13	1.25001e+08	2.39638e+09	8.04637e+10	1.86706e+11	5.61111e+12
1.44544e+15	1.51459e+19	4.75874e+11	3.97309e+13	6.18984e+13	3.98539e+10	7.37767e+12	2.43217e+13	6.60861e+06	2.17029e+13	1.02061e+14	5.04961e+13	1.41224e+08	2.71777e+09	8.99585e+10	2.02325e+11	5.75502e+12
1.44544e+15	1.43686e+19	5.02137e+11	4.07018e+13	6.10675e+13	4.21773e+10	7.57556e+12	2.29348e+13	7.37280e+06	2.24099e+13	9.23034e+13	4.36788e+13	1.59269e+08	3.07622e+09	1.00407e+11	2.18912e+11	5.89264e+12
1.44544e+15	1.36317e+19	5.29196e+11	4.16396e+13	6.01664e+13	4.45740e+10	7.76604e+12	2.15844e+13	8.22772e+06	2.31110e+13	8.33358e+13	3.77235e+13	1.79298e+08	3.47510e+09	1.11883e+11	2.36490e+11	6.02322e+12
1.44544e+15	1.29331e+19	5.57024e+11	4.25402e+13	5.91972e+13	4.70427e+10	7.94842e+12	2.02735e+13	9.18485e+06	2.38049e+13	7.51126e+13	3.25310e+13	2.01488e+08	3.91798e+09	1.24460e+11	2.55075e+11	6.14599e+12
1.44544e+15	1.22708e+19	5.85589e+11	4.33993e+13	5.81620e+13	4.95826e+10	8.12207e+12	1.90052e+13	1.02572e+07	2.44902e+13	6.75889e+13	2.80117e+13	2.26020e+08	4.40861e+09	1.38217e+11	2.74680e+11	6.26021e+12
1.44544e+15	1.16429e+19	6.14851e+11	4.42130e+13	5.70632e+13	5.21924e+10	8.28639e+12	1.77818e+13	1.14593e+07	2.51656e+13	6.07198e+13	2.40852e+13	2.53086e+08	4.95092e+09	1.53232e+11	2.95312e+11	6.36518e+12
1.44544e+15	1.10476e+19	6.44762e+11	4.49771e+13	5.59037e+13	5.48705e+10	8.44082e+12	1.66052e+13	1.28076e+07	2.58296e+13	5.44617e+13	2.06796e+13	2.82883e+08	5.54896e+09	1.69586e+11	3.16971e+11	6.46017e+12
1.44544e+15	1.04833e+19	6.75273e+11	4.56877e+13	5.46866e+13	5.76161e+10	8.58489e+12	1.54772e+13	1.43210e+07	2.64811e+13	4.87718e+13	1.77309e+13	3.15614e+08	6.20690e+09	1.87357e+11	3.39648e+11	6.54451e+12
1.44544e+15	9.94827e+18	7.06329e+11	4.63410e+13	5.34152e+13	6.04279e+10	8.71815e+12	1.43987e+13	1.60203e+07	2.71186e+13	4.36091e+13	1.51818e+13	3.51490e+08	6.92910e+09	2.06626e+11	3.63330e+11	6.61756e+12
1.44544e+15	9.44103e+18	7.37869e+11	4.69336e+13	5.20934e+13	6.33048e+10	8.84022e+12	1.33705e+13	1.79296e+07	2.77411e+13	3.89337e+13	1.29818e+13	3.90721e+08	7.71991e+09	2.27471e+11	3.87992e+11	6.67871e+12
1.44544e+15	8.96003e+18	7.69817e+11	4.74615e+13	5.07248e+13	6.62450e+10	8.95069e+12	1.23928e+13	2.00755e+07	2.83469e+13	3.47073e+13	1.10858e+13	4.33527e+08	8.58374e+09	2.49964e+11	4.13600e+11	6.72736e+12
1.44544e+15	8.50400e+18	8.02111e+11	4.79223e+13	4.93140e+13	6.92481e+10	9.04939e+12	1.14658e+13	2.24884e+07	2.89352e+13	3.08945e+13	9.45446e+12	4.80108e+08	9.52507e+09	2.74180e+11	4.40112e+11	6.76305e+12
1.44544e+15	8.07163e+18	8.34677e+11	4.83134e+13	4.78657e+13	7.23131e+10	9.13609e+12	1.05892e+13	2.52020e+07	2.95047e+13	2.74608e+13	8.05290e+12	5.30664e+08	1.05482e+10	3.00183e+11	4.67471e+11	6.78533e+12
1.44544e+15	7.66167e+18	8.67433e+11	4.86322e+13	4.63846e+13	7.54389e+10	9.21064e+12	9.76236e+12	2.82547e+07	3.00545e+13	2.43741e+13	6.85050e+12	5.85387e+08	1.16575e+10	3.28032e+11	4.95609e+11	6.79383e+12
1.44544e+15	7.27295e+18	9.00296e+11	4.88769e+13	4.48757e+13	7.86247e+10	9.27292e+12	8.98437e+12	3.16896e+07	3.05833e+13	2.16041e+13	5.82042e+12	6.44453e+08	1.28570e+10	3.57778e+11	5.24450e+11	6.78822e+12
1.44544e+15	6.90433e+18	9.33175e+11	4.90459e+13	4.33441e+13	8.18691e+10	9.32285e+12	8.25412e+12	3.55548e+07	3.10900e+13	1.91225e+13	4.93916e+12	7.08016e+08	1.41506e+10	3.89459e+11	5.53898e+11	6.76824e+12
1.44544e+15	6.55475e+18	9.65976e+11	4.91379e+13	4.17950e+13	8.51708e+10	9.36040e+12	7.57031e+12	3.99045e+07	3.15737e+13	1.69029e+13	4.18623e+12	7.76201e+08	1.55415e+10	4.23100e+11	5.83853e+11	6.73375e+12
1.44544e+15	6.22337e+18	9.98567e+11	4.91520e+13	4.02345e+13	8.85255e+10	9.38557e+12	6.93184e+12	4.47964e+07	3.20330e+13	1.49219e+13	3.54411e+12	8.49045e+08	1.70318e+10	4.58695e+11	6.14184e+11	6.68469e+12
1.44544e+15	5.90862e+18	1.03090e+12	4.90875e+13	3.86651e+13	9.19369e+10	9.39837e+12	6.33597e+12	5.03070e+07	3.24673e+13	1.31535e+13	2.99624e+12	9.26726e+08	1.86267e+10	4.96282e+11	6.44794e+11	6.62088e+12
1.44544e+15	5.61016e+18	1.06279e+12	4.89442e+13	3.70949e+13	9.53949e+10	9.39878e+12	5.78208e+12	5.65037e+07	3.28752e+13	1.15801e+13	2.53019e+12	1.00909e+09	2.03247e+10	5.35782e+11	6.75513e+11	6.54257e+12
1.44544e+15	5.32727e+18	1.09438e+12	4.87277e+13	3.55283e+13	9.89186e+10	9.38768e+12	5.26810e+12	6.34781e+07	3.32569e+13	1.01819e+13	2.13425e+12	1.09639e+09	2.21303e+10	5.77199e+11	7.06140e+11	6.45006e+12
1.44544e+15	5.05889e+18	1.12542e+12	4.84360e+13	3.39702e+13	1.02495e+11	9.36476e+12	4.79210e+12	7.13235e+07	3.36108e+13	8.94086e+12	1.79813e+12	1.18839e+09	2.40423e+10	6.20439e+11	7.36537e+11	6.34353e+12
1.44544e+15	4.80425e+18	1.15584e+12	4.80708e+13	3.24255e+13	1.06122e+11	9.33026e+12	4.35217e+12	8.01465e+07	3.39360e+13	7.84100e+12	1.51311e+12	1.28494e+09	2.60600e+10	6.65404e+11	7.66517e+11	6.22336e+12
1.44544e+15	4.56263e+18	1.18552e+12	4.76342e+13	3.08988e+13	1.09800e+11	9.28442e+12	3.94641e+12	9.00663e+07	3.42317e+13	6.86759e+12	1.27173e+12	1.38585e+09	2.81814e+10	7.11963e+11	7.95881e+11	6.09004e+12
1.44544e+15	4.33332e+18	1.21440e+12	4.71287e+13	2.93946e+13	1.13526e+11	9.22753e+12	3.57288e+12	1.01216e+08	3.44971e+13	6.00728e+12	1.06755e+12	1.49084e+09	3.04036e+10	7.59963e+11	8.24424e+11	5.94416e+12
1.44544e+15	4.11569e+18	1.24239e+12	4.65576e+13	2.79169e+13	1.17301e+11	9.15993e+12	3.22970e+12	1.13743e+08	3.47314e+13	5.24800e+12	8.95048e+11	1.59958e+09	3.27223e+10	8.09211e+11	8.51934e+11	5.78641e+12
1.44544e+15	3.90911e+18	1.26942e+12	4.59241e+13	2.64697e+13	1.21122e+11	9.08195e+12	2.91500e+12	1.27812e+08	3.49340e+13	4.57879e+12	7.49480e+11	1.71167e+09	3.51318e+10	8.59490e+11	8.78192e+11	5.61759e+12
1.44544e+15	3.71303e+18	1.29542e+12	4.52321e+13	2.50564e+13	1.24991e+11	8.99399e+12	2.62696e+12	1.43607e+08	3.51041e+13	3.98975e+12	6.26794e+11	1.82667e+09	3.76255e+10	9.10552e+11	9.02973e+11	5.43858e+12
1.44544e+15	3.52687e+18	1.32034e+12	4.44854e+13	2.36801e+13	1.28905e+11	8.89643e+12	2.36380e+12	1.61331e+08	3.52412e+13	3.47197e+12	5.23512e+11	1.94405e+09	4.01944e+10	9.62108e+11	9.26060e+11	5.25037e+12
1.44544e+15	3.35012e+18	1.34410e+12	4.36880e+13	2.23435e+13	1.32864e+11	8.78968e+12	2.12381e+12	1.81210e+08	3.53445e+13	3.01742e+12	4.36672e+11	2.06322e+09	4.28288e+10	1.01384e+12	9.47239e+11	5.05399e+12
1.44544e+15	3.18228e+18	1.36667e+12	4.28443e+13	2.10489e+13	1.36868e+11	8.67419e+12	1.90533e+12	2.03494e+08	3.54134e+13	2.61892e+12	3.63747e+11	2.18358e+09	4.55175e+10	1.06542e+12	9.66299e+11	4.85059e+12
1.44544e+15	3.02289e+18	1.38802e+12	4.19589e+13	1.97984e+13	1.40916e+11	8.55041e+12	1.70679e+12	2.28460e+08	3.54475e+13	2.26999e+12	3.02585e+11	2.30448e+09	4.82480e+10	1.11648e+12	9.83045e+11	4.64137e+12
1.44544e+15	2.87152e+18	1.40812e+12	4.10363e+13	1.85935e+13	1.45009e+11	8.41884e+12	1.52668e+12	2.56415e+08	3.54464e+13	1.96489e+12	2.51354e+11	2.42524e+09	5.10069e+10	1.16664e+12	9.97297e+11	4.42759e+12
1.44544e+15	2.72776e+18	1.42694e+12	4.00810e+13	1.74355e+13	1.49148e+11	8.27994e+12	1.36357e+12	2.87695e+08	3.54095e+13	1.69846e+12	2.08498e+11	2.54519e+09	5.37797e+10	1.21551e+12	1.00889e+12	4.21052e+12
1.44544e+15	2.59121e+18	1.44448e+12	3.90975e+13	1.63253e+13	1.53332e+11	8.13418e+12	1.21612e+12	3.22671e+08	3.53367e+13	1.46611e+12	1.72695e+11	2.66362e+09	5.65514e+10	1.26268e+12	1.01768e+12	3.99149e+12
1.44544e+15	2.46152e+18	1.46075e+12	3.80908e+13	1.52633e+13	1.57565e+11	7.98220e+12	1.08304e+12	3.61757e+08	3.52275e+13	1.26375e+12	1.42827e+11	2.77990e+09	5.93065e+10	1.30778e+12	1.02357e+12	3.77179e+12
1.44544e+15	2.33832e+18	1.47574e+12	3.70649e+13	1.42497e+13	1.61847e+11	7.82442e+12	9.63128e+11	4.05401e+08	3.50818e+13	1.08776e+12	1.17943e+11	2.89334e+09	6.20288e+10	1.35040e+12	1.02647e+12	3.55273e+12
1.44544e+15	2.22129e+18	1.48946e+12	3.60241e+13	1.32845e+13	1.66180e+11	7.66140e+12	8.55266e+11	4.54095e+08	3.48995e+13	9.34899e+11	9.72419e+10	3.00333e+09	6.47030e+10	1.39017e+12	1.02634e+12	3.33556e+12
1.44544e+15	2.11012e+18	1.50195e+12	3.49727e+13	1.23674e+13	1.70567e+11	7.49367e+12	7.58403e+11	5.08380e+08	3.46805e+13	8.02325e+11	8.00462e+10	3.10929e+09	6.73141e+10	1.42675e+12	1.02315e+12	3.12150e+12
1.44544e+15	2.00452e+18	1.51324e+12	3.39146e+13	1.14978e+13	1.75012e+11	7.32176e+12	6.71560e+11	5.68845e+08	3.44250e+13	6.87508e+11	6.57838e+10	3.21072e+09	6.98480e+10	1.45983e+12	1.01693e+12	2.91170e+12
1.44544e+15	1.90421e+18	1.52335e+12	3.28536e+13	1.06748e+13	1.79517e+11	7.14621e+12	5.93829e+11	6.36132e+08	3.41333e+13	5.88213e+11	5.39728e+10	3.30714e+09	7.22913e+10	1.48913e+12	1.00773e+12	2.70719e+12
1.44544e+15	1.80891e+18	1.53232e+12	3.17930e+13	9.89739e+12	1.84086e+11	6.96753e+12	5.24365e+11	7.10941e+08	3.38055e+13	5.02468e+11	4.42072e+10	3.39813e+09	7.46319e+10	1.51443e+12	9.95651e+11	2.50893e+12
1.44544e+15	1.71848e+18	1.54004e+12	3.07367e+13	9.16570e+12	1.88708e+11	6.78638e+12	4.62468e+11	7.93936e+08	3.34425e+13	4.28621e+11	3.61535e+10	3.48288e+09	7.68494e+10	1.53546e+12	9.80907e+11	2.31794e+12
1.44544e+15	1.63240e+18	1.54697e+12	2.96857e+13	8.47494e+12	1.93429e+11	6.60278e+12	4.07180e+11	8.86228e+08	3.30437e+13	3.64884e+11	2.95022e+10	3.56244e+09	7.89650e+10	1.55231e+12	9.63363e+11	2.13437e+12
1.44544e+15	1.55072e+18	1.55275e+12	2.86449e+13	7.82709e+12	1.98214e+11	6.41776e+12	3.58079e+11	9.88423e+08	3.26109e+13	3.10172e+11	2.40366e+10	3.63526e+09	8.09421e+10	1.56469e+12	9.43490e+11	1.95937e+12
1.44544e+15	1.47313e+18	1.55757e+12	2.76161e+13	7.21956e+12	2.03066e+11	6.23162e+12	3.14479e+11	1.10157e+09	3.21447e+13	2.63220e+11	1.95480e+10	3.70164e+09	8.27863e+10	1.57266e+12	9.21387e+11	1.79323e+12
1.44544e+15	1.39943e+18	1.56145e+12	2.66013e+13	6.65080e+12	2.07990e+11	6.04479e+12	2.75824e+11	1.22671e+09	3.16459e+13	2.22991e+11	1.58681e+10	3.76143e+09	8.44939e+10	1.57623e+12	8.97280e+11	1.63625e+12
1.44544e+15	1.32942e+18	1.56444e+12	2.56026e+13	6.11915e+12	2.13002e+11	5.85775e+12	2.41604e+11	1.36496e+09	3.11156e+13	1.88580e+11	1.28568e+10	3.81458e+09	8.60640e+10	1.57550e+12	8.71408e+11	1.48864e+12
1.44544e+15	1.26292e+18	1.56659e+12	2.46217e+13	5.62299e+12	2.18103e+11	5.67090e+12	2.11358e+11	1.51751e+09	3.05552e+13	1.59196e+11	1.03970e+10	3.86108e+09	8.74976e+10	1.57057e+12	8.44009e+11	1.35048e+12
1.44544e+15	1.19975e+18	1.56792e+12	2.36601e+13	5.16067e+12	2.23298e+11	5.48465e+12	1.84663e+11	1.68563e+09	2.99658e+13	1.34148e+11	8.39158e+09	3.90095e+09	8.87968e+10	1.56163e+12	8.15334e+11	1.22176e+12
1.44544e+15	1.13975e+18	1.56849e+12	2.27190e+13	4.73054e+12	2.28592e+11	5.29937e+12	1.61138e+11	1.87068e+09	2.93491e+13	1.12833e+11	6.75972e+09	3.93425e+09	8.99659e+10	1.54886e+12	7.85628e+11	1.10234e+12
1.44544e+15	1.08276e+18	1.56832e+12	2.17997e+13	4.33090e+12	2.33989e+11	5.11543e+12	1.40437e+11	2.07412e+09	2.87065e+13	9.47275e+10	5.43444e+09	3.96112e+09	9.10102e+10	1.53251e+12	7.55133e+11	9.92018e+11
1.44544e+15	1.02862e+18	1.56746e+12	2.09029e+13	3.96016e+12	2.39492e+11	4.93318e+12	1.22246e+11	2.29747e+09	2.80400e+13	7.93775e+10	4.36029e+09	3.98168e+09	9.19364e+10	1.51283e+12	7.24085e+11	8.90516e+11
1.44544e+15	9.77187e+17	1.56589e+12	2.00290e+13	3.61670e+12	2.45102e+11	4.75282e+12	1.06284e+11	2.54240e+09	2.73510e+13	6.63848e+10	3.49122e+09	3.99599e+09	9.27509e+10	1.49006e+12	6.92708e+11	7.97465e+11
1.44544e+15	9.28351e+17	1.56374e+12	1.91795e+13	3.29900e+12	2.50829e+11	4.57483e+12	9.22993e+10	2.81056e+09	2.66421e+13	5.54132e+10	2.78987e+09	4.00448e+09	9.34645e+10	1.46457e+12	6.61198e+11	7.12516e+11
1.44544e+15	8.81964e+17	1.56098e+12	1.83542e+13	3.00553e+12	2.56672e+11	4.39936e+12	8.00633e+10	3.10379e+09	2.59149e+13	4.61640e+10	2.22487e+09	4.00722e+09	9.40844e+10	1.43660e+12	6.29755e+11	6.35218e+11
1.44544e+15	8.37906e+17	1.55764e+12	1.75535e+13	2.73479e+12	2.62634e+11	4.22667e+12	6.93715e+10	3.42399e+09	2.51716e+13	3.83821e+10	1.77068e+09	4.00444e+09	9.46198e+10	1.40644e+12	5.98553e+11	5.65119e+11
1.44544e+15	7.96061e+17	1.55375e+12	1.67775e+13	2.48538e+12	2.68715e+11	4.05697e+12	6.00414e+10	3.77312e+09	2.44144e+13	3.18479e+10	1.40631e+09	3.99636e+09	9.50799e+10	1.37440e+12	5.67750e+11	5.01751e+11
1.44544e+15	7.56316e+17	1.54933e+12	1.60264e+13	2.25593e+12	2.74916e+11	3.89044e+12	5.19101e+10	4.15326e+09	2.36454e+13	2.63725e+10	1.11464e+09	3.98323e+09	9.54737e+10	1.34075e+12	5.37486e+11	4.44640e+11
1.44544e+15	7.18567e+17	1.54438e+12	1.53000e+13	2.04513e+12	2.81236e+11	3.72726e+12	4.48325e+10	4.56653e+09	2.28668e+13	2.17935e+10	8.81639e+08	3.96527e+09	9.58100e+10	1.30576e+12	5.07879e+11	3.93317e+11
1.44544e+15	6.82713e+17	1.53895e+12	1.45982e+13	1.85171e+12	2.87675e+11	3.56758e+12	3.86799e+10	5.01517e+09	2.20809e+13	1.79723e+10	6.95914e+08	3.94276e+09	9.60975e+10	1.26970e+12	4.79032e+11	3.47320e+11
1.44544e+15	6.48749e+17	1.53307e+12	1.39227e+13	1.67488e+12	2.94230e+11	3.41193e+12	3.33490e+10	5.50054e+09	2.12921e+13	1.47963e+10	5.48470e+08	3.91606e+09	9.63405e+10	1.23293e+12	4.51104e+11	3.06280e+11
1.44544e+15	6.16366e+17	1.52662e+12	1.32686e+13	1.51258e+12	3.00891e+11	3.25940e+12	2.87113e+10	6.02698e+09	2.04970e+13	1.21489e+10	4.31076e+08	3.88497e+09	9.65549e+10	1.19533e+12	4.24007e+11	2.69577e+11
1.44544e+15	5.85670e+17	1.51982e+12	1.26398e+13	1.36445e+12	3.07667e+11	3.11099e+12	2.46994e+10	6.59516e+09	1.97029e+13	9.95663e+09	3.38239e+08	3.85037e+09	9.67418e+10	1.15747e+12	3.97900e+11	2.36964e+11
1.44544e+15	5.56520e+17	1.51259e+12	1.20344e+13	1.22927e+12	3.14545e+11	2.96647e+12	2.12277e+10	7.20796e+09	1.89101e+13	8.14255e+09	2.64865e+08	3.81230e+09	9.69087e+10	1.11941e+12	3.72795e+11	2.08010e+11
1.44544e+15	5.28811e+17	1.50487e+12	1.14515e+13	1.10603e+12	3.21507e+11	2.82577e+12	1.82256e+10	7.86797e+09	1.81200e+13	6.64391e+09	2.06963e+08	3.77072e+09	9.70618e+10	1.08125e+12	3.48727e+11	1.82341e+11
1.44544e+15	5.02488e+17	1.49670e+12	1.08911e+13	9.93884e+11	3.28545e+11	2.68899e+12	1.56334e+10	8.57741e+09	1.73350e+13	5.40915e+09	1.61392e+08	3.72596e+09	9.72057e+10	1.04318e+12	3.25724e+11	1.59637e+11
1.44544e+15	4.77444e+17	1.48812e+12	1.03518e+13	8.91790e+11	3.35651e+11	2.55599e+12	1.33941e+10	9.33951e+09	1.65558e+13	4.39283e+09	1.25561e+08	3.67838e+09	9.73468e+10	1.00531e+12	3.03729e+11	1.39568e+11
1.44544e+15	4.53714e+17	1.47912e+12	9.83539e+12	7.99349e+11	3.42805e+11	2.42729e+12	1.14688e+10	1.01543e+10	1.57874e+13	3.56092e+09	9.75391e+07	3.62821e+09	9.74831e+10	9.67901e+11	2.82862e+11	1.21914e+11
1.44544e+15	4.31176e+17	1.46971e+12	9.34002e+12	7.15581e+11	3.49990e+11	2.30261e+12	9.81158e+09	1.10250e+10	1.50297e+13	2.88015e+09	7.56256e+07	3.57562e+09	9.76205e+10	9.30966e+11	2.63055e+11	1.06379e+11
1.44544e+15	4.09770e+17	1.45987e+12	8.86513e+12	6.39779e+11	3.57185e+11	2.18192e+12	8.38639e+09	1.19536e+10	1.42842e+13	2.32430e+09	5.85239e+07	3.52080e+09	9.77614e+10	8.94592e+11	2.44295e+11	9.27295e+10
1.44544e+15	3.89498e+17	1.44966e+12	8.41151e+12	5.71439e+11	3.64372e+11	2.06554e+12	7.16452e+09	1.29399e+10	1.35547e+13	1.87237e+09	4.52305e+07	3.46417e+09	9.79035e+10	8.58981e+11	2.26608e+11	8.07773e+10
1.44544e+15	3.70188e+17	1.43900e+12	7.97595e+12	5.09617e+11	3.71516e+11	1.95279e+12	6.11313e+09	1.39889e+10	1.28382e+13	1.50420e+09	3.48735e+07	3.40556e+09	9.80550e+10	8.23961e+11	2.09873e+11	7.02811e+10
1.44544e+15	3.51848e+17	1.42794e+12	7.55922e+12	4.53906e+11	3.78591e+11	1.84398e+12	5.21140e+09	1.51003e+10	1.21383e+13	1.20567e+09	2.68397e+07	3.34534e+09	9.82125e+10	7.89703e+11	1.94114e+11	6.10954e+10
1.44544e+15	3.34431e+17	1.41647e+12	7.16076e+12	4.03779e+11	3.85565e+11	1.73906e+12	4.43873e+09	1.62749e+10	1.14560e+13	9.64152e+08	2.06203e+07	3.28370e+09	9.83760e+10	7.56253e+11	1.79299e+11	5.30658e+10
1.44544e+15	3.17889e+17	1.40459e+12	6.77999e+12	3.58741e+11	3.92405e+11	1.63801e+12	3.77724e+09	1.75131e+10	1.07924e+13	7.69235e+08	1.58148e+07	3.22082e+09	9.85443e+10	7.23646e+11	1.65397e+11	4.60547e+10
1.44544e+15	3.02182e+17	1.39233e+12	6.41640e+12	3.18335e+11	3.99073e+11	1.54079e+12	3.21145e+09	1.88149e+10	1.01486e+13	6.12305e+08	1.21092e+07	3.15689e+09	9.87159e+10	6.91915e+11	1.52372e+11	3.99398e+10
1.44544e+15	2.87260e+17	1.37965e+12	6.06928e+12	2.82129e+11	4.05526e+11	1.44733e+12	2.72781e+09	2.01801e+10	9.52517e+12	4.86229e+08	9.25628e+06	3.09201e+09	9.88909e+10	6.61059e+11	1.40191e+11	3.46104e+10
1.44544e+15	2.73087e+17	1.36657e+12	5.73814e+12	2.49735e+11	4.11724e+11	1.35759e+12	2.31479e+09	2.16078e+10	8.92298e+12	3.85199e+08	7.06418e+06	3.02638e+09	9.90661e+10	6.31104e+11	1.28816e+11	2.99706e+10
1.44544e+15	2.59625e+17	1.35310e+12	5.42242e+12	2.20793e+11	4.17624e+11	1.27153e+12	1.96238e+09	2.30964e+10	8.34266e+12	3.04434e+08	5.38285e+06	2.96013e+09	9.92394e+10	6.02057e+11	1.18211e+11	2.59347e+10
1.44544e+15	2.46840e+17	1.33924e+12	5.12160e+12	1.94972e+11	4.23178e+11	1.18911e+12	1.66195e+09	2.46439e+10	7.78476e+12	2.40029e+08	4.09556e+06	2.89344e+09	9.94077e+10	5.73924e+11	1.08339e+11	2.24273e+10
1.44544e+15	2.34697e+17	1.32500e+12	4.83511e+12	1.71967e+11	4.28341e+11	1.11027e+12	1.40604e+09	2.62476e+10	7.24970e+12	1.88796e+08	3.11163e+06	2.82642e+09	9.95682e+10	5.46703e+11	9.91641e+10	1.93814e+10
1.44544e+15	2.23163e+17	1.31039e+12	4.56246e+12	1.51499e+11	4.33066e+11	1.03497e+12	1.18827e+09	2.79039e+10	6.73784e+12	1.48144e+08	2.36085e+06	2.75923e+09	9.97172e+10	5.20394e+11	9.06501e+10	1.67387e+10
1.44544e+15	2.12207e+17	1.29539e+12	4.30308e+12	1.33312e+11	4.37304e+11	9.63152e+11	1.00311e+09	2.96092e+10	6.24933e+12	1.15964e+08	0	2.69195e+09	9.98520e+10	4.94983e+11	8.27612e+10	1.44472e+10
1.44544e+15	2.01801e+17	1.28003e+12	4.05647e+12	1.17173e+11	4.41013e+11	8.94765e+11	8.45820e+08	3.13589e+10	5.78430e+12	9.05563e+07	0	2.62473e+09	9.99687e+10	4.70466e+11	7.54626e+10	1.24617e+10
1.44544e+15	1.91915e+17	1.26432e+12	3.82214e+12	1.02872e+11	4.44147e+11	8.29751e+11	7.12346e+08	3.31481e+10	5.34275e+12	7.05454e+07	0	2.55766e+09	1.00064e+11	4.46829e+11	6.87204e+10	1.07425e+10
1.44544e+15	1.82524e+17	1.24825e+12	3.59958e+12	9.02163e+10	4.46667e+11	7.68055e+11	5.99194e+08	3.49710e+10	4.92460e+12	5.48247e+07	0	2.49086e+09	1.00134e+11	4.24059e+11	6.25013e+10	9.25500e+09
1.44544e+15	1.73603e+17	1.23185e+12	3.38834e+12	7.90311e+10	4.48534e+11	7.09621e+11	5.03380e+08	3.68215e+10	4.52967e+12	4.25065e+07	0	2.42443e+09	1.00174e+11	4.02146e+11	5.67736e+10	7.96878e+09
1.44544e+15	1.65128e+17	1.21512e+12	3.18794e+12	6.91583e+10	4.49715e+11	6.54384e+11	4.22335e+08	3.86934e+10	4.15768e+12	3.28784e+07	0	2.35845e+09	1.00181e+11	3.81072e+11	5.15062e+10	6.85729e+09
1.44544e+15	1.57076e+17	1.19807e+12	2.99790e+12	6.04541e+10	4.50184e+11	6.02275e+11	3.53858e+08	4.05800e+10	3.80821e+12	2.53713e+07	0	2.29302e+09	1.00151e+11	3.60821e+11	4.66688e+10	5.89735e+09
1.44544e+15	1.49427e+17	1.18072e+12	2.81786e+12	5.27917e+10	4.49920e+11	5.53235e+11	2.96085e+08	4.24740e+10	3.48088e+12	1.95341e+07	0	2.22822e+09	1.00081e+11	3.41379e+11	4.22344e+10	5.06896e+09
1.44544e+15	1.42136e+17	1.16301e+12	2.64676e+12	4.60367e+10	4.48871e+11	5.07057e+11	2.47289e+08	4.43719e+10	3.17431e+12	1.49971e+07	0	2.16390e+09	9.99682e+10	3.22662e+11	3.81627e+10	4.35282e+09
1.44544e+15	1.35253e+17	1.14516e+12	2.48587e+12	4.01342e+10	4.47132e+11	4.64024e+11	2.06414e+08	4.62567e+10	2.89019e+12	1.15015e+07	0	2.10079e+09	9.98051e+10	3.04846e+11	3.44620e+10	3.73840e+09
1.44544e+15	1.28691e+17	1.12698e+12	2.33313e+12	3.49418e+10	4.44600e+11	4.23694e+11	1.71973e+08	4.81313e+10	2.62554e+12	8.79655e+06	0	2.03831e+09	9.95925e+10	2.87721e+11	3.10735e+10	3.20773e+09
1.44544e+15	1.22435e+17	1.10850e+12	2.18823e+12	3.03805e+10	4.41276e+11	3.85995e+11	1.43006e+08	4.99889e+10	2.37974e+12	6.70962e+06	0	1.97651e+09	9.93274e+10	2.71274e+11	2.79761e+10	2.74978e+09
1.44544e+15	1.16531e+17	1.08992e+12	2.05222e+12	2.64093e+10	4.37294e+11	3.51128e+11	1.18848e+08	5.18132e+10	2.15386e+12	5.11345e+06	0	1.91609e+09	9.90042e+10	2.55663e+11	2.51737e+10	2.35766e+09
1.44544e+15	1.10900e+17	1.07107e+12	1.92331e+12	2.29274e+10	4.32555e+11	3.18699e+11	9.85822e+07	5.36078e+10	1.94519e+12	3.88703e+06	0	1.85648e+09	9.86225e+10	2.40696e+11	2.26188e+10	2.01956e+09
1.44544e+15	1.05547e+17	1.05202e+12	1.80160e+12	1.98863e+10	4.27124e+11	2.88695e+11	8.16498e+07	5.53640e+10	1.75344e+12	2.94906e+06	0	1.79790e+09	9.81801e+10	2.26407e+11	2.02997e+10	1.72893e+09
1.44544e+15	1.00462e+17	1.03282e+12	1.68682e+12	1.72343e+10	4.21043e+11	2.61022e+11	6.75308e+07	5.70760e+10	1.57778e+12	2.23354e+06	0	1.74044e+09	9.76746e+10	2.12788e+11	1.81988e+10	1.47937e+09
1.44544e+15	9.56285e+16	1.01346e+12	1.57857e+12	1.49229e+10	4.14345e+11	2.35552e+11	5.57712e+07	5.87399e+10	1.41722e+12	1.68865e+06	0	1.68410e+09	9.71049e+10	1.99812e+11	1.62972e+10	1.26510e+09
1.44544e+15	9.10169e+16	9.93890e+11	1.47618e+12	1.29053e+10	4.07027e+11	2.12114e+11	4.59716e+07	6.03543e+10	1.27046e+12	1.27376e+06	0	1.62871e+09	9.64686e+10	1.87415e+11	1.45735e+10	1.08081e+09
1.44544e+15	8.66499e+16	9.74290e+11	1.38012e+12	1.11561e+10	3.99236e+11	1.90721e+11	3.78594e+07	6.19098e+10	1.13739e+12	9.59952e+05	0	1.57472e+09	9.57672e+10	1.75675e+11	1.30232e+10	9.23248e+08
1.44544e+15	8.24986e+16	9.54603e+11	1.28969e+12	9.63640e+09	3.90975e+11	1.71189e+11	3.11365e+07	6.34067e+10	1.01667e+12	7.22408e+05	0	1.52194e+09	9.49995e+10	1.64524e+11	1.16259e+10	7.88229e+08
1.44544e+15	7.85525e+16	9.34853e+11	1.20463e+12	8.31747e+09	3.82300e+11	1.53402e+11	2.55739e+07	6.48428e+10	9.07425e+11	5.42921e+05	0	1.47039e+09	9.41650e+10	1.53946e+11	1.03685e+10	6.72607e+08
1.44544e+15	7.48008e+16	9.15059e+11	1.12466e+12	7.17378e+09	3.73265e+11	1.37242e+11	2.09784e+07	6.62166e+10	8.08774e+11	0	0	1.42009e+09	9.32649e+10	1.43920e+11	9.23827e+09	5.73646e+08
1.44544e+15	7.12339e+16	8.95243e+11	1.04951e+12	6.18296e+09	3.63925e+11	1.22596e+11	1.71876e+07	6.75271e+10	7.19882e+11	0	0	1.37105e+09	9.23001e+10	1.34426e+11	8.22370e+09	4.88995e+08
1.44544e+15	6.78427e+16	8.75429e+11	9.78934e+11	5.32538e+09	3.54338e+11	1.09353e+11	1.40655e+07	6.87738e+10	6.39953e+11	0	0	1.32327e+09	9.12715e+10	1.25449e+11	7.31413e+09	4.16631e+08
1.44544e+15	6.46183e+16	8.55639e+11	9.12699e+11	4.58376e+09	3.44555e+11	9.74061e+10	1.14976e+07	6.99568e+10	5.68221e+11	0	0	1.27677e+09	9.01808e+10	1.16968e+11	6.49968e+09	3.54807e+08
1.44544e+15	6.15523e+16	8.35895e+11	8.50572e+11	3.94293e+09	3.34629e+11	8.66508e+10	9.38874e+06	7.10765e+10	5.03966e+11	0	0	1.23154e+09	8.90302e+10	1.08965e+11	5.77128e+09	3.02018e+08
1.44544e+15	5.86368e+16	8.16219e+11	7.92332e+11	3.38964e+09	3.24610e+11	7.69882e+10	7.65903e+06	7.21338e+10	4.46509e+11	0	0	1.18758e+09	8.78220e+10	1.01422e+11	5.12060e+09	2.56970e+08
1.44544e+15	5.58642e+16	7.96630e+11	7.37767e+11	2.91233e+09	3.14544e+11	6.83242e+10	6.24217e+06	7.31299e+10	3.95218e+11	0	0	1.14489e+09	8.65590e+10	9.43198e+10	4.53999e+09	2.18549e+08
1.44544e+15	5.32277e+16	7.77153e+11	6.86677e+11	2.50091e+09	3.04476e+11	6.05706e+10	5.08305e+06	7.40662e+10	3.49505e+11	0	0	1.10346e+09	8.52438e+10	8.76420e+10	4.02249e+09	1.85801e+08
1.44544e+15	5.07327e+16	7.57907e+11	6.39104e+11	2.14778e+09	2.94506e+11	5.36674e+10	4.13866e+06	7.49424e+10	3.08959e+11	0	0	1.06349e+09	8.38862e+10	8.14019e+10	3.56351e+09	1.57997e+08
1.44544e+15	4.83476e+16	7.38714e+11	5.94382e+11	1.84260e+09	2.84548e+11	4.74870e+10	3.36504e+06	7.57647e+10	2.72792e+11	0	0	1.02455e+09	8.24778e+10	7.55156e+10	3.15349e+09	1.34229e+08
1.44544e+15	4.60790e+16	7.19690e+11	5.52579e+11	1.58009e+09	2.74696e+11	4.19829e+10	2.73419e+06	7.65330e+10	2.40689e+11	0	0	9.86839e+08	8.10279e+10	6.99990e+10	2.78913e+09	1.14001e+08
1.44544e+15	4.39214e+16	7.00857e+11	5.13530e+11	1.35443e+09	2.64980e+11	3.70887e+10	2.22028e+06	7.72494e+10	2.12231e+11	0	0	9.50342e+08	7.95402e+10	6.48357e+10	2.46565e+09	9.67963e+07
1.44544e+15	4.18687e+16	6.82228e+11	4.77068e+11	1.16056e+09	2.55423e+11	3.27419e+10	1.80196e+06	7.79163e+10	1.87028e+11	0	0	9.15036e+08	7.80191e+10	6.00072e+10	2.17868e+09	8.21667e+07
1.44544e+15	3.99162e+16	6.63825e+11	4.43045e+11	9.94103e+08	2.46050e+11	2.88867e+10	1.46176e+06	7.85358e+10	1.64734e+11	0	0	8.80905e+08	7.64683e+10	5.54979e+10	1.92434e+09	6.97346e+07
1.44544e+15	3.80581e+16	6.45655e+11	4.11304e+11	8.51231e+08	2.36874e+11	2.54705e+10	1.18525e+06	7.91104e+10	1.45026e+11	0	0	8.47919e+08	7.48919e+10	5.12892e+10	1.69901e+09	5.91709e+07
1.44544e+15	3.62912e+16	6.27749e+11	3.81731e+11	7.28733e+08	2.27920e+11	2.24481e+10	9.60744e+05	7.96424e+10	1.27628e+11	0	0	8.16081e+08	7.32943e+10	4.73697e+10	1.49967e+09	5.02043e+07
1.44544e+15	3.45999e+16	6.10002e+11	3.54014e+11	6.23271e+08	2.19136e+11	1.97650e+10	7.77897e+05	8.01352e+10	1.12217e+11	0	0	7.85162e+08	7.16703e+10	4.36977e+10	1.32257e+09	4.25610e+07
1.44544e+15	3.30108e+16	5.92761e+11	3.28527e+11	5.33740e+08	2.10711e+11	1.74156e+10	6.30737e+05	8.05873e+10	9.87443e+10	0	0	7.55716e+08	7.00527e+10	4.03277e+10	1.16754e+09	3.61344e+07
1.44544e+15	3.14785e+16	5.75582e+11	3.04490e+11	4.56297e+08	2.02413e+11	1.53226e+10	5.10431e+05	8.10059e+10	8.67661e+10	0	0	7.26939e+08	6.84056e+10	3.71532e+10	1.02919e+09	3.06295e+07
1.44544e+15	3.00303e+16	5.58826e+11	2.82283e+11	3.90341e+08	1.94427e+11	1.34857e+10	4.13376e+05	8.13894e+10	7.62686e+10	0	0	6.99396e+08	6.67638e+10	3.42284e+10	9.07689e+08	2.59853e+07
1.44544e+15	2.86523e+16	5.42387e+11	2.61637e+11	3.33893e+08	1.86698e+11	1.18666e+10	3.34753e+05	8.17410e+10	6.70299e+10	0	0	6.72867e+08	6.51208e+10	3.15171e+10	8.00473e+08	2.20478e+07
1.44544e+15	2.73409e+16	5.26273e+11	2.42450e+11	2.85592e+08	1.79228e+11	1.04404e+10	2.71077e+05	8.20627e+10	5.89025e+10	0	0	6.47325e+08	6.34804e+10	2.90060e+10	7.05895e+08	1.87099e+07
1.44544e+15	2.60928e+16	5.10493e+11	2.24628e+11	2.44276e+08	1.72015e+11	9.18462e+09	2.19518e+05	8.23563e+10	5.17557e+10	0	0	6.22743e+08	6.18460e+10	2.66824e+10	6.22494e+08	1.58806e+07
1.44544e+15	2.49057e+16	4.95063e+11	2.08088e+11	2.08957e+08	1.65064e+11	8.07989e+09	1.77789e+05	8.26235e+10	4.54752e+10	0	0	5.99110e+08	6.02205e+10	2.45371e+10	5.49003e+08	1.34841e+07
1.44544e+15	2.37758e+16	4.79979e+11	1.92737e+11	1.78758e+08	1.58367e+11	7.10799e+09	1.44011e+05	8.28659e+10	3.99563e+10	0	0	5.76383e+08	5.86076e+10	2.25553e+10	4.84232e+08	1.14529e+07
1.44544e+15	2.27003e+16	4.65246e+11	1.78496e+11	1.52943e+08	1.51922e+11	6.25324e+09	1.16671e+05	8.30852e+10	3.51080e+10	0	0	5.54536e+08	5.70106e+10	2.07263e+10	4.27163e+08	9.73133e+06
1.44544e+15	2.16763e+16	4.50862e+11	1.65286e+11	1.30873e+08	1.45722e+11	5.50156e+09	9.45402e+04	8.32829e+10	3.08491e+10	0	0	5.33537e+08	5.54319e+10	1.90387e+10	3.76875e+08	8.27174e+06
1.44544e+15	2.07017e+16	4.36838e+11	1.53042e+11	1.12011e+08	1.39765e+11	4.84085e+09	7.66283e+04	8.34602e+10	2.71093e+10	0	0	5.13368e+08	5.38740e+10	1.74839e+10	3.32583e+08	7.03459e+06
1.44544e+15	1.97737e+16	4.23172e+11	1.41694e+11	9.58906e+07	1.34044e+11	4.26011e+09	6.21288e+04	8.36185e+10	2.38255e+10	0	0	4.93998e+08	5.23392e+10	1.60519e+10	2.93567e+08	5.98562e+06
1.44544e+15	1.88976e+16	4.09979e+11	1.31268e+11	8.21911e+07	1.28601e+11	3.75248e+09	5.04439e+04	8.37588e+10	2.09576e+10	0	0	4.75558e+08	5.08422e+10	1.47452e+10	2.59401e+08	5.10108e+06
1.44544e+15	1.80563e+16	3.97032e+11	1.21529e+11	7.04060e+07	1.23334e+11	3.30371e+09	4.09304e+04	8.38827e+10	1.84252e+10	0	0	4.57709e+08	4.93599e+10	1.35325e+10	2.29114e+08	4.34586e+06
1.44544e+15	1.72553e+16	3.84444e+11	1.12511e+11	6.03321e+07	1.18285e+11	2.90934e+09	3.32252e+04	8.39909e+10	1.62019e+10	0	0	4.40582e+08	4.79062e+10	1.24177e+10	2.02435e+08	3.70500e+06
1.44544e+15	1.64836e+16	3.72069e+11	1.04070e+11	5.16528e+07	1.13389e+11	2.56020e+09	2.69439e+04	8.40845e+10	1.42360e+10	0	0	4.23961e+08	4.64660e+10	1.13818e+10	1.78746e+08	3.15681e+06
1.44544e+15	1.57572e+16	3.60192e+11	9.63492e+10	4.42972e+07	1.08755e+11	2.25584e+09	2.18919e+04	8.41642e+10	1.25237e+10	0	0	4.08206e+08	4.50733e+10	1.04419e+10	1.58055e+08	2.69533e+06
1.44544e+15	1.50680e+16	3.48712e+11	8.92340e+10	3.80239e+07	1.04335e+11	1.98899e+09	1.78055e+04	8.42311e+10	1.10240e+10	0	0	3.93159e+08	4.37186e+10	9.58236e+09	1.39869e+08	2.30424e+06
1.44544e+15	1.44147e+16	3.37632e+11	8.26813e+10	3.26728e+07	1.00124e+11	1.75505e+09	0	8.42858e+10	9.71063e+09	0	0	3.78802e+08	4.24027e+10	8.79768e+09	1.23885e+08	1.97275e+06
1.44544e+15	1.37869e+16	3.26799e+11	7.65672e+10	2.80641e+07	9.60585e+10	1.54813e+09	0	8.43292e+10	8.55034e+09	0	0	3.64920e+08	4.11093e+10	8.07134e+09	1.09704e+08	1.68893e+06
1.44544e+15	1.31833e+16	3.16208e+11	7.08636e+10	2.40959e+07	9.21328e+10	1.36512e+09	0	8.43614e+10	7.52557e+09	0	0	3.51496e+08	3.98388e+10	7.39911e+09	9.71222e+07	1.44589e+06
1.44544e+15	1.26188e+16	3.06141e+11	6.56850e+10	2.07421e+07	8.84466e+10	1.20607e+09	0	8.43841e+10	6.63584e+09	0	0	3.38869e+08	3.86253e+10	6.79460e+09	8.61623e+07	1.24156e+06
1.44544e+15	1.20758e+16	2.96309e+11	6.08524e+10	1.78497e+07	8.48879e+10	1.06525e+09	0	8.43969e+10	5.84915e+09	0	0	3.26660e+08	3.74353e+10	6.23539e+09	7.64263e+07	1.06621e+06
1.44544e+15	1.15587e+16	2.86804e+11	5.63870e+10	1.53719e+07	8.14863e+10	9.41356e+08	0	8.44007e+10	5.15789e+09	0	0	3.14970e+08	3.62803e+10	5.72353e+09	6.78339e+07	9.16708e+05
1.44544e+15	1.10604e+16	2.77512e+11	5.22155e+10	1.32323e+07	7.81977e+10	8.31530e+08	0	8.43955e+10	4.54617e+09	0	0	3.03651e+08	3.51481e+10	5.24918e+09	6.01915e+07	7.88130e+05
1.44544e+15	1.05952e+16	2.68717e+11	4.84371e+10	1.14233e+07	7.51178e+10	7.36095e+08	0	8.43832e+10	4.01522e+09	0	0	2.93033e+08	3.40728e+10	4.82390e+09	5.35317e+07	6.79835e+05
1.44544e+15	1.01426e+16	2.60045e+11	4.48741e+10	9.84881e+06	7.21125e+10	6.50906e+08	0	8.43621e+10	3.54212e+09	0	0	2.82656e+08	3.30101e+10	4.42631e+09	4.75646e+07	5.85918e+05
1.44544e+15	9.72055e+15	2.51855e+11	4.16517e+10	8.51734e+06	6.93023e+10	5.76890e+08	0	8.43351e+10	3.13160e+09	0	0	2.72938e+08	3.20039e+10	4.07054e+09	4.23639e+07	5.06742e+05
1.44544e+15	9.30862e+15	2.43762e+11	3.86035e+10	7.35479e+06	6.65518e+10	5.10636e+08	0	8.42997e+10	2.76491e+09	0	0	2.63413e+08	3.10079e+10	3.73665e+09	3.76907e+07	4.37787e+05
1.44544e+15	8.92043e+15	2.36044e+11	3.58192e+10	6.36395e+06	6.39531e+10	4.52660e+08	0	8.42586e+10	2.44456e+09	0	0	2.54401e+08	3.00563e+10	3.43477e+09	3.35870e+07	3.79152e+05
1.44544e+15	8.55027e+15	2.28600e+11	3.32456e+10	5.51166e+06	6.14690e+10	4.01504e+08	0	8.42111e+10	2.16241e+09	0	0	2.45776e+08	2.91372e+10	3.15840e+09	2.99523e+07	3.28810e+05
1.44544e+15	8.19722e+15	2.21421e+11	3.08664e+10	4.77796e+06	5.90938e+10	3.56340e+08	0	8.41579e+10	1.91380e+09	0	0	2.37519e+08	2.82498e+10	2.90533e+09	2.67310e+07	2.85538e+05
1.44544e+15	7.86046e+15	2.14501e+11	2.86668e+10	4.14594e+06	5.68229e+10	3.16450e+08	0	8.40990e+10	1.69466e+09	0	0	2.29616e+08	2.73934e+10	2.67360e+09	2.38744e+07	2.48302e+05
1.44544e+15	7.53917e+15	2.07831e+11	2.66328e+10	3.60105e+06	5.46513e+10	2.81199e+08	0	8.40348e+10	1.50141e+09	0	0	2.22051e+08	2.65674e+10	2.46135e+09	2.13397e+07	2.16222e+05
1.44544e+15	7.23427e+15	2.01439e+11	2.47617e+10	3.13257e+06	5.25857e+10	2.50131e+08	0	8.39660e+10	1.33149e+09	0	0	2.14849e+08	2.57754e+10	2.26784e+09	1.90966e+07	1.88642e+05
1.44544e+15	6.94006e+15	1.95212e+11	2.30119e+10	2.72498e+06	5.05882e+10	2.22457e+08	0	8.38913e+10	1.18046e+09	0	0	2.07878e+08	2.50034e+10	2.08879e+09	1.70896e+07	1.64655e+05
1.44544e+15	6.66252e+15	1.89284e+11	2.14117e+10	2.37550e+06	4.86995e+10	1.98140e+08	0	8.38131e+10	1.04807e+09	0	0	2.01284e+08	2.42685e+10	1.92647e+09	1.53184e+07	1.44069e+05
1.44544e+15	6.39592e+15	1.83540e+11	1.99217e+10	2.07188e+06	4.68813e+10	1.76518e+08	0	8.37300e+10	9.30646e+08	0	0	1.94931e+08	2.35562e+10	1.77678e+09	1.37363e+07	1.26172e+05
1.44544e+15	6.14143e+15	1.78009e+11	1.85429e+10	1.80905e+06	4.51416e+10	1.57359e+08	0	8.36427e+10	8.26861e+08	0	0	1.88851e+08	2.28704e+10	1.63958e+09	1.23279e+07	1.10659e+05
1.44544e+15	5.89837e+15	1.72683e+11	1.72663e+10	1.58127e+06	4.34765e+10	1.40371e+08	0	8.35514e+10	7.35079e+08	0	0	1.83030e+08	2.22102e+10	1.51371e+09	1.10731e+07	9.71934e+04
1.44544e+15	5.66623e+15	1.67555e+11	1.60842e+10	1.38371e+06	4.18825e+10	1.25299e+08	0	8.34564e+10	6.53874e+08	0	0	1.77456e+08	2.15748e+10	1.39823e+09	9.95433e+06	8.54898e+04
1.44544e+15	5.44371e+15	1.62602e+11	1.49855e+10	1.21182e+06	4.03511e+10	1.11892e+08	0	8.33573e+10	5.81842e+08	0	0	1.72100e+08	2.09613e+10	1.29190e+09	8.95418e+06	7.52835e+04
1.44544e+15	5.23260e+15	1.57867e+11	1.39747e+10	1.06313e+06	3.88947e+10	1.00034e+08	0	8.32556e+10	5.18322e+08	0	0	1.67008e+08	2.03754e+10	1.19491e+09	8.06501e+06	6.64285e+04
1.44544e+15	5.03014e+15	1.53294e+11	1.30345e+10	9.33476e+05	3.74948e+10	8.94719e+07	0	8.31503e+10	4.61904e+08	0	0	1.62115e+08	1.98098e+10	1.10556e+09	7.26876e+06	5.86843e+04
1.44544e+15	4.83663e+15	1.48891e+11	1.21629e+10	8.20574e+05	3.61535e+10	8.00776e+07	0	8.30420e+10	4.11880e+08	0	0	1.57428e+08	1.92658e+10	1.02345e+09	6.55674e+06	5.19174e+04
1.44544e+15	4.65165e+15	1.44654e+11	1.13545e+10	7.22166e+05	3.48681e+10	7.17176e+07	0	8.29307e+10	3.67504e+08	0	0	1.52938e+08	1.87427e+10	9.47991e+08	5.91959e+06	4.59971e+04
1.44544e+15	4.47481e+15	1.40576e+11	1.06047e+10	6.36304e+05	3.36362e+10	6.42737e+07	0	8.28168e+10	3.28114e+08	0	0	1.48638e+08	1.82398e+10	8.78622e+08	5.34900e+06	4.08107e+04
1.44544e+15	4.30563e+15	1.36650e+11	9.90875e+09	5.61297e+05	3.24546e+10	5.76393e+07	0	8.27002e+10	2.93128e+08	0	0	1.44518e+08	1.77563e+10	8.14755e+08	4.83753e+06	3.62595e+04
1.44544e+15	4.14384e+15	1.32871e+11	9.26270e+09	4.95717e+05	3.13216e+10	5.17246e+07	0	8.25813e+10	2.62038e+08	0	0	1.40570e+08	1.72914e+10	7.56004e+08	4.37879e+06	3.22619e+04
1.44544e+15	3.98905e+15	1.29233e+11	8.66271e+09	4.38312e+05	3.02346e+10	4.64472e+07	0	8.24601e+10	2.34394e+08	0	0	1.36787e+08	1.68446e+10	7.01903e+08	3.96698e+06	2.87453e+04
1.44544e+15	3.84093e+15	1.25731e+11	8.10527e+09	3.88011e+05	2.91916e+10	4.17357e+07	0	8.23368e+10	2.09800e+08	0	0	1.33161e+08	1.64150e+10	6.52065e+08	3.59702e+06	2.56476e+04
1.44544e+15	3.69915e+15	1.22359e+11	7.58717e+09	3.43885e+05	2.81904e+10	3.75264e+07	0	8.22116e+10	1.87905e+08	0	0	1.29685e+08	1.60021e+10	6.06130e+08	3.26437e+06	2.29152e+04
1.44544e+15	3.56343e+15	1.19112e+11	7.10542e+09	3.05134e+05	2.72291e+10	3.37633e+07	0	8.20845e+10	1.68402e+08	0	0	1.26353e+08	1.56051e+10	5.63768e+08	2.96503e+06	2.05018e+04
1.44544e+15	3.43292e+15	1.15972e+11	6.65552e+09	2.70984e+05	2.63021e+10	3.03892e+07	0	8.19551e+10	1.50978e+08	0	0	1.23144e+08	1.52219e+10	5.24530e+08	2.69486e+06	1.83623e+04
1.44544e+15	3.30899e+15	1.12974e+11	6.24027e+09	2.41083e+05	2.54188e+10	2.73837e+07	0	8.18255e+10	1.35516e+08	0	0	1.20093e+08	1.48567e+10	4.88602e+08	2.45247e+06	1.64768e+04
1.44544e+15	3.18974e+15	1.10072e+11	5.85200e+09	2.14663e+05	2.45662e+10	2.46844e+07	0	8.16938e+10	1.21681e+08	0	0	1.17153e+08	1.45040e+10	4.55273e+08	2.23329e+06	1.48004e+04
1.44544e+15	3.07548e+15	1.07277e+11	5.49038e+09	1.91360e+05	2.37468e+10	2.22651e+07	0	8.15609e+10	1.09328e+08	0	0	1.14333e+08	1.41649e+10	4.24475e+08	2.03542e+06	1.33118e+04
1.44544e+15	2.96598e+15	1.04584e+11	5.15342e+09	1.70782e+05	2.29587e+10	2.00951e+07	0	8.14269e+10	9.82909e+07	0	0	1.11628e+08	1.38388e+10	3.95996e+08	1.85663e+06	1.19882e+04
1.44544e+15	2.86100e+15	1.01988e+11	4.83928e+09	1.52590e+05	2.22007e+10	1.81476e+07	0	8.12918e+10	8.84232e+07	0	0	1.09031e+08	1.35253e+10	3.69649e+08	1.69497e+06	1.08099e+04
1.44544e+15	2.75991e+15	9.94745e+10	4.54512e+09	1.36452e+05	2.14683e+10	1.63944e+07	0	8.11553e+10	7.95752e+07	0	0	1.06527e+08	1.32225e+10	3.45163e+08	1.54834e+06	9.75720e+03
1.44544e+15	2.66338e+15	9.70619e+10	4.27181e+09	1.22191e+05	2.07663e+10	1.48230e+07	0	8.10186e+10	7.16756e+07	0	0	1.04134e+08	1.29326e+10	3.22577e+08	1.41586e+06	8.81992e+03
1.44544e+15	2.57118e+15	9.47453e+10	4.01770e+09	1.09572e+05	2.00933e+10	1.34133e+07	0	8.08819e+10	6.46164e+07	0	0	1.01846e+08	1.26549e+10	3.01731e+08	1.29601e+06	7.98415e+03
1.44544e+15	2.48231e+15	9.25006e+10	3.77934e+09	9.83371e+04	1.94422e+10	1.21415e+07	0	8.07441e+10	5.82729e+07	0	0	9.96384e+07	1.23865e+10	2.82316e+08	1.18703e+06	7.23444e+03
1.44544e+15	2.39701e+15	9.03347e+10	3.55662e+09	8.83496e+04	1.88150e+10	1.09964e+07	0	8.06058e+10	5.25842e+07	0	0	9.75177e+07	1.21284e+10	2.64301e+08	1.08809e+06	6.56276e+03
1.44544e+15	2.31512e+15	8.82443e+10	3.34841e+09	7.94617e+04	1.82106e+10	9.96475e+06	0	8.04673e+10	4.74795e+07	0	0	9.54800e+07	1.18799e+10	2.47576e+08	9.98176e+05	5.96028e+03
1.44544e+15	2.23650e+15	8.62266e+10	3.15370e+09	7.15441e+04	1.76280e+10	9.03482e+06	0	8.03286e+10	4.28964e+07	0	0	9.35219e+07	1.16409e+10	2.32042e+08	9.16415e+05	5.41924e+03
1.44544e+15	2.16098e+15	8.42781e+10	2.97150e+09	6.44825e+04	1.70662e+10	8.19598e+06	0	8.01898e+10	3.87785e+07	0	0	9.16394e+07	1.14107e+10	2.17603e+08	8.41999e+05	4.93276e+03
1.44544e+15	2.08810e+15	8.23874e+10	2.80021e+09	5.81630e+04	1.65220e+10	7.43704e+06	0	8.00504e+10	3.50678e+07	0	0	8.98213e+07	1.11882e+10	2.04115e+08	7.74077e+05	4.49386e+03
1.44544e+15	2.01839e+15	8.05692e+10	2.64050e+09	5.25298e+04	1.59992e+10	6.75346e+06	0	7.99118e+10	3.17387e+07	0	0	8.80810e+07	1.09749e+10	1.91620e+08	7.12302e+05	4.09928e+03
1.44544e+15	1.95168e+15	7.88199e+10	2.49146e+09	4.75014e+04	1.54969e+10	6.13722e+06	0	7.97740e+10	2.87492e+07	0	0	8.64146e+07	1.07705e+10	1.80035e+08	6.56059e+05	3.74402e+03
1.44544e+15	1.88725e+15	7.71208e+10	2.35112e+09	4.29861e+04	1.50097e+10	5.57858e+06	0	7.96358e+10	2.60498e+07	0	0	8.48038e+07	1.05726e+10	1.69192e+08	6.04595e+05	3.42235e+03
1.44544e+15	1.82529e+15	7.54776e+10	2.21949e+09	3.89378e+04	1.45393e+10	5.07320e+06	0	7.94980e+10	2.36172e+07	0	0	8.32537e+07	1.03820e+10	1.59084e+08	5.57572e+05	3.13147e+03
1.44544e+15	1.76570e+15	7.38880e+10	2.09597e+09	3.53044e+04	1.40850e+10	4.61574e+06	0	7.93607e+10	2.14238e+07	0	0	8.17617e+07	1.01984e+10	1.49654e+08	5.14575e+05	2.86814e+03
1.44544e+15	1.70835e+15	7.23497e+10	1.98002e+09	3.20402e+04	1.36460e+10	4.20143e+06	0	7.92240e+10	1.94447e+07	0	0	8.03253e+07	1.00214e+10	1.40853e+08	4.75229e+05	2.62951e+03
1.44544e+15	1.65317e+15	7.08606e+10	1.87112e+09	2.91047e+04	1.32218e+10	3.82601e+06	0	7.90878e+10	1.76582e+07	0	0	7.89421e+07	9.85090e+09	1.32634e+08	4.39196e+05	2.41302e+03
1.44544e+15	1.60005e+15	6.94186e+10	1.76880e+09	2.64620e+04	1.28117e+10	3.48563e+06	0	7.89523e+10	1.60444e+07	0	0	7.76100e+07	9.68649e+09	1.24953e+08	4.06173e+05	2.21641e+03
1.44544e+15	1.54891e+15	6.80217e+10	1.67260e+09	2.40808e+04	1.24153e+10	3.17687e+06	0	7.88177e+10	1.45859e+07	0	0	7.63266e+07	9.52797e+09	1.17771e+08	3.75887e+05	2.03768e+03
1.44544e+15	1.49965e+15	6.66681e+10	1.58214e+09	2.19330e+04	1.20318e+10	2.89665e+06	0	7.86838e+10	1.32669e+07	0	0	7.50900e+07	9.37510e+09	1.11053e+08	3.48091e+05	1.87503e+03
1.44544e+15	1.45221e+15	6.53559e+10	1.49702e+09	1.99939e+04	1.16609e+10	2.64219e+06	0	7.85509e+10	1.20734e+07	0	0	7.38981e+07	9.22766e+09	1.04764e+08	3.22560e+05	1.72688e+03
1.44544e+15	1.40650e+15	6.40835e+10	1.41690e+09	1.82416e+04	1.13021e+10	2.41103e+06	0	7.84189e+10	1.09930e+07	0	0	7.27493e+07	9.08541e+09	9.88740e+07	2.99095e+05	1.59179e+03
1.44544e+15	1.36244e+15	6.28491e+10	1.34145e+09	1.66565e+04	1.09549e+10	2.20092e+06	0	7.82878e+10	1.00142e+07	0	0	7.16414e+07	8.94816e+09	9.33537e+07	2.77512e+05	1.46850e+03
1.44544e+15	1.31997e+15	6.16511e+10	1.27036e+09	1.52215e+04	1.06188e+10	2.00985e+06	0	7.81579e+10	9.12714e+06	0	0	7.05731e+07	8.81570e+09	8.81774e+07	2.57646e+05	1.35587e+03
1.44544e+15	1.27902e+15	6.04881e+10	1.20336e+09	1.39210e+04	1.02934e+10	1.83603e+06	0	7.80290e+10	8.32271e+06	0	0	6.95425e+07	8.68784e+09	8.33212e+07	2.39349e+05	1.25289e+03
1.44544e+15	1.23952e+15	5.93582e+10	1.14017e+09	1.27414e+04	9.97821e+09	1.67778e+06	0	7.79012e+10	7.59274e+06	0	0	6.85478e+07	8.56436e+09	7.87597e+07	2.22483e+05	0
1.44544e+15	1.20141e+15	5.82605e+10	1.08057e+09	1.16705e+04	9.67295e+09	1.53368e+06	0	7.77747e+10	6.93010e+06	0	0	6.75879e+07	8.44511e+09	7.44729e+07	2.06928e+05	0
1.44544e+15	1.16467e+15	5.71943e+10	1.02435e+09	1.06979e+04	9.37752e+09	1.40247e+06	0	7.76495e+10	6.32841e+06	0	0	6.66621e+07	8.33003e+09	7.04520e+07	1.92576e+05	0
1.44544e+15	1.12920e+15	5.61571e+10	9.71263e+08	9.81316e+03	9.09114e+09	1.28285e+06	0	7.75255e+10	5.78148e+06	0	0	6.57677e+07	8.21880e+09	6.66680e+07	1.79318e+05	0
1.44544e+15	1.09482e+15	5.51443e+10	9.20956e+08	9.00661e+03	8.81270e+09	1.17359e+06	0	7.74022e+10	5.28329e+06	0	0	6.49007e+07	8.11089e+09	6.30953e+07	1.67050e+05	0
1.44544e+15	1.06177e+15	5.41628e+10	8.73602e+08	0	8.54385e+09	1.07413e+06	0	7.72809e+10	4.83106e+06	0	0	6.40668e+07	8.00706e+09	5.97450e+07	1.55723e+05	0
1.44544e+15	1.02985e+15	5.32074e+10	8.28847e+08	0	8.28326e+09	9.83385e+05	0	7.71609e+10	4.41947e+06	0	0	6.32612e+07	7.90669e+09	5.65895e+07	1.45243e+05	0
1.44544e+15	9.99013e+14	5.22769e+10	7.86532e+08	0	8.03064e+09	9.00545e+05	0	7.70422e+10	4.04469e+06	0	0	6.24827e+07	7.80965e+09	5.36156e+07	1.35540e+05	0
1.44544e+15	9.69319e+14	5.13734e+10	7.46620e+08	0	7.78640e+09	8.25012e+05	0	7.69254e+10	3.70377e+06	0	0	6.17327e+07	7.71613e+09	5.08197e+07	1.26560e+05	0
1.44544e+15	9.40541e+14	5.04903e+10	7.08764e+08	0	7.54896e+09	7.55910e+05	0	7.68097e+10	3.39259e+06	0	0	6.10057e+07	7.62542e+09	4.81748e+07	1.18227e+05	0
1.44544e+15	9.12712e+14	4.96289e+10	6.72921e+08	0	7.31861e+09	6.92751e+05	0	7.66954e+10	3.10875e+06	0	0	6.03024e+07	7.53762e+09	4.56783e+07	1.10497e+05	0
1.44544e+15	8.85808e+14	4.87887e+10	6.38987e+08	0	7.09518e+09	6.35012e+05	0	7.65825e+10	2.84981e+06	0	0	5.96223e+07	7.45267e+09	4.33207e+07	1.03323e+05	0
1.44544e+15	8.59794e+14	4.79688e+10	6.06851e+08	0	6.87847e+09	5.82216e+05	0	7.64711e+10	2.61346e+06	0	0	5.89644e+07	7.37047e+09	4.10939e+07	9.66610e+04	0
1.44544e+15	8.34632e+14	4.71686e+10	5.76407e+08	0	6.66818e+09	5.33914e+05	0	7.63612e+10	2.39765e+06	0	0	5.83280e+07	7.29091e+09	3.89874e+07	9.04712e+04	0
1.44544e+15	8.10298e+14	4.63872e+10	5.47561e+08	0	6.46424e+09	4.89729e+05	0	7.62528e+10	2.20050e+06	0	0	5.77123e+07	7.21390e+09	3.69988e+07	8.47170e+04	0
1.44544e+15	7.86747e+14	4.56238e+10	5.20214e+08	0	6.26627e+09	4.49274e+05	0	7.61460e+10	2.02030e+06	0	0	5.71162e+07	7.13931e+09	3.51148e+07	7.93646e+04	0
1.44544e+15	7.63957e+14	4.48778e+10	4.94287e+08	0	6.07416e+09	4.12236e+05	0	7.60406e+10	1.85555e+06	0	0	5.65393e+07	7.06709e+09	3.33318e+07	7.43834e+04	0
1.44544e+15	7.41897e+14	4.41484e+10	4.69696e+08	0	5.88767e+09	3.78310e+05	0	7.59368e+10	1.70485e+06	0	0	5.59807e+07	6.99713e+09	3.16424e+07	6.97451e+04	0
1.44544e+15	7.20535e+14	4.34351e+10	4.46365e+08	0	5.70662e+09	3.47226e+05	0	7.58344e+10	1.56693e+06	0	0	5.54396e+07	6.92934e+09	3.00409e+07	6.54238e+04	0
1.44544e+15	6.99786e+14	4.27348e+10	4.24170e+08	0	5.53042e+09	3.18705e+05	0	7.57333e+10	1.44048e+06	0	0	5.49140e+07	6.86344e+09	2.85204e+07	6.13921e+04	0
1.44544e+15	6.79821e+14	4.20542e+10	4.03217e+08	0	5.36022e+09	2.92632e+05	0	7.56343e+10	1.32504e+06	0	0	5.44080e+07	6.80000e+09	2.70833e+07	5.76397e+04	0
1.44544e+15	6.60411e+14	4.13853e+10	3.83267e+08	0	5.19449e+09	2.68689e+05	0	7.55365e+10	1.21909e+06	0	0	5.39160e+07	6.73827e+09	2.57165e+07	5.41348e+04	0
1.44544e+15	6.41610e+14	4.07304e+10	3.64328e+08	0	5.03356e+09	2.46733e+05	0	7.54403e+10	1.12200e+06	0	0	5.34394e+07	6.67845e+09	2.44191e+07	5.08633e+04	0
1.44544e+15	6.23331e+14	4.00866e+10	3.46295e+08	0	4.87686e+09	2.26564e+05	0	7.53452e+10	1.03284e+06	0	0	5.29758e+07	6.62023e+09	2.31840e+07	4.78051e+04	0
1.44544e+15	6.05671e+14	3.94578e+10	3.29209e+08	0	4.72502e+09	2.08083e+05	0	7.52520e+10	9.51180e+05	0	0	5.25279e+07	6.56396e+09	2.20125e+07	4.49504e+04	0
1.44544e+15	5.88599e+14	3.88432e+10	3.13013e+08	0	4.57785e+09	1.91141e+05	0	7.51606e+10	8.76354e+05	0	0	5.20948e+07	6.50953e+09	2.09007e+07	4.22839e+04	0
1.44544e+15	5.71945e+14	3.82365e+10	2.97548e+08	0	4.43414e+09	1.75548e+05	0	7.50700e+10	8.07473e+05	0	0	5.16722e+07	6.45638e+09	1.98384e+07	3.97860e+04	0
1.44544e+15	5.55886e+14	3.76449e+10	2.82915e+08	0	4.29515e+09	1.61267e+05	0	7.49815e+10	7.44390e+05	0	0	5.12646e+07	6.40512e+09	1.88321e+07	3.74525e+04	0
1.44544e+15	5.40260e+14	3.70626e+10	2.68973e+08	0	4.15968e+09	1.48130e+05	0	7.48942e+10	6.86369e+05	0	0	5.08679e+07	6.35519e+09	1.78702e+07	3.52665e+04	0
1.44544e+15	5.25099e+14	3.64909e+10	2.55717e+08	0	4.02798e+09	1.36063e+05	0	7.48083e+10	6.33050e+05	0	0	5.04829e+07	6.30672e+09	1.69540e+07	3.32195e+04	0
1.44544e+15	5.10385e+14	3.59296e+10	2.43112e+08	0	3.89993e+09	1.24976e+05	0	7.47239e+10	5.84040e+05	0	0	5.01093e+07	6.25965e+09	1.60805e+07	3.13018e+04	0
1.44544e+15	4.96103e+14	3.53781e+10	2.31125e+08	0	3.77539e+09	1.14786e+05	0	7.46409e+10	5.38974e+05	0	0	4.97465e+07	6.21392e+09	1.52472e+07	2.95044e+04	0
1.44544e+15	4.82238e+14	3.48364e+10	2.19724e+08	0	3.65425e+09	1.05421e+05	0	7.45593e+10	4.97525e+05	0	0	4.93942e+07	6.16949e+09	1.44521e+07	2.78193e+04	0
1.44544e+15	4.68767e+14	3.43037e+10	2.08877e+08	0	3.53631e+09	9.68070e+04	0	7.44791e+10	4.59383e+05	0	0	4.90519e+07	6.12630e+09	1.36917e+07	2.62386e+04	0
1.44544e+15	4.55675e+14	3.37799e+10	1.98553e+08	0	3.42141e+09	8.88822e+04	0	7.44002e+10	4.24273e+05	0	0	4.87192e+07	6.08429e+09	1.29637e+07	2.47554e+04	0
1.44544e+15	4.42944e+14	3.32641e+10	1.88725e+08	0	3.30953e+09	8.15939e+04	0	7.43227e+10	3.91931e+05	0	0	4.83955e+07	6.04340e+09	1.22687e+07	2.33627e+04	0
1.44544e+15	4.30591e+14	3.27577e+10	1.79384e+08	0	3.20065e+09	7.48919e+04	0	7.42465e+10	3.62170e+05	0	0	4.80814e+07	6.00369e+09	1.16034e+07	2.20555e+04	0
1.44544e+15	4.18581e+14	3.22594e+10	1.70495e+08	0	3.09454e+09	6.87245e+04	0	7.41717e+10	3.34755e+05	0	0	4.77759e+07	5.96506e+09	1.09661e+07	2.08275e+04	0
1.44544e+15	4.06901e+14	3.17690e+10	1.62036e+08	0	2.99107e+09	6.30478e+04	0	7.40982e+10	3.09491e+05	0	0	4.74788e+07	5.92746e+09	1.03549e+07	1.96736e+04	0
1.44544e+15	3.95518e+14	3.12853e+10	1.53974e+08	0	2.89002e+09	5.78190e+04	0	7.40259e+10	2.86184e+05	0	0	4.71892e+07	5.89077e+09	9.76848e+06	1.85885e+04	0
1.44544e+15	3.84461e+14	3.08100e+10	1.46312e+08	0	2.79147e+09	5.30059e+04	0	7.39549e+10	2.64717e+05	0	0	4.69078e+07	5.85510e+09	9.20482e+06	1.75686e+04	0
1.44544e+15	3.73694e+14	3.03420e+10	1.39019e+08	0	2.69515e+09	4.85716e+04	0	7.38852e+10	2.44919e+05	0	0	4.66338e+07	5.82033e+09	8.66234e+06	1.66093e+04	0
1.44544e+15	3.63212e+14	2.98810e+10	1.32078e+08	0	2.60104e+09	4.44874e+04	0	7.38167e+10	2.26656e+05	0	0	4.63669e+07	5.78644e+09	8.14087e+06	1.57066e+04	0
1.44544e+15	3.52990e+14	2.94268e+10	1.25470e+08	0	2.50880e+09	4.07201e+04	0	7.37493e+10	2.09804e+05	0	0	4.61066e+07	5.75334e+09	7.63686e+06	1.48570e+04	0
1.44544e+15	3.43068e+14	2.89811e+10	1.19198e+08	0	2.41880e+09	3.72546e+04	0	7.36834e+10	1.94277e+05	0	0	4.58539e+07	5.72119e+09	7.15296e+06	1.40578e+04	0
1.44544e+15	3.33315e+14	2.85385e+10	1.13197e+08	0	2.32996e+09	3.40473e+04	0	7.36180e+10	1.79897e+05	0	0	4.56054e+07	5.68952e+09	6.68246e+06	1.33040e+04	0
1.44544e+15	3.23815e+14	2.81036e+10	1.07497e+08	0	2.24268e+09	3.10876e+04	0	7.35539e+10	1.66640e+05	0	0	4.53633e+07	5.65862e+09	6.22576e+06	1.25945e+04	0
1.44544e+15	3.14531e+14	2.76749e+10	1.02073e+08	0	2.15668e+09	2.83537e+04	0	7.34909e+10	1.54397e+05	0	0	4.51266e+07	5.62836e+09	5.78219e+06	1.19260e+04	0
1.44544e+15	3.05443e+14	2.72523e+10	9.69099e+07	0	2.07167e+09	2.58251e+04	0	7.34288e+10	1.43090e+05	0	0	4.48948e+07	5.59869e+09	5.34970e+06	1.12960e+04	0
1.44544e+15	2.96517e+14	2.68353e+10	9.19938e+07	0	1.98703e+09	2.34784e+04	0	7.33675e+10	1.32644e+05	0	0	4.46671e+07	5.56947e+09	4.92371e+06	1.07023e+04	0
1.44544e+15	2.87746e+14	2.64252e+10	8.73208e+07	0	1.90231e+09	2.12956e+04	0	7.33071e+10	1.23006e+05	0	0	4.44432e+07	5.54066e+09	4.50111e+06	1.01430e+04	0
1.44544e+15	2.79036e+14	2.60180e+10	8.28552e+07	0	1.81658e+09	1.92553e+04	0	7.32470e+10	1.14079e+05	0	0	4.42207e+07	5.51194e+09	4.07912e+06	9.61527e+03	0
1.44544e+15	2.70414e+14	2.56171e+10	7.86125e+07	0	1.72949e+09	1.73468e+04	0	7.31875e+10	1.05841e+05	0	0	4.40004e+07	5.48337e+09	3.65655e+06	9.11814e+03	0
1.44544e+15	2.61738e+14	2.52205e+10	7.45675e+07	0	1.63846e+09	1.55335e+04	0	7.31279e+10	9.82304e+04	0	0	4.37785e+07	5.45442e+09	3.21961e+06	8.64987e+03	0
1.44544e+15	1.84386e+14	2.33104e+10	5.60810e+07	0	4.25179e+08	3.64542e+03	0	7.28726e+10	8.84157e+04	0	0	4.17910e+07	5.13169e+09	8.66749e+03	8.27256e+03	0
1.44544e+15	1.77268e+14	2.28236e+10	5.27738e+07	0	3.90930e+08	3.20877e+03	0	7.28265e+10	8.15236e+04	0	0	4.16089e+07	5.10322e+09	7.27971e+03	7.84835e+03	0
1.44544e+15	1.70701e+14	2.23527e+10	4.97438e+07	0	3.61931e+08	2.84405e+03	0	7.27819e+10	7.51882e+04	0	0	4.14408e+07	5.07688e+09	6.39436e+03	7.44741e+03	0
1.44544e+15	1.64550e+14	2.18932e+10	4.69362e+07	0	3.36611e+08	2.53256e+03	0	7.27388e+10	6.93526e+04	0	0	4.12832e+07	5.05206e+09	5.77261e+03	7.06817e+03	0
1.44544e+15	1.58727e+14	2.14419e+10	4.43150e+07	0	3.14081e+08	2.26289e+03	0	7.26969e+10	6.39680e+04	0	0	4.11338e+07	5.02838e+09	5.30270e+03	6.70918e+03	0
1.44544e+15	1.53218e+14	2.10002e+10	4.18692e+07	0	2.93842e+08	2.02772e+03	0	7.26564e+10	5.90100e+04	0	0	4.09924e+07	5.00580e+09	4.92752e+03	6.36955e+03	0
1.44544e+15	1.47981e+14	2.05668e+10	3.95797e+07	0	2.75485e+08	1.82123e+03	0	7.26172e+10	5.44408e+04	0	0	4.08578e+07	4.98413e+09	4.61386e+03	6.04809e+03	0
1.44544e+15	1.42961e+14	2.01385e+10	3.74218e+07	0	2.58694e+08	1.63878e+03	0	7.25791e+10	5.02169e+04	0	0	4.07286e+07	4.96312e+09	4.34241e+03	5.74342e+03	0
1.44544e+15	1.38154e+14	1.97161e+10	3.53892e+07	0	2.43271e+08	1.47705e+03	0	7.25420e+10	4.63167e+04	0	0	4.06047e+07	4.94277e+09	4.10133e+03	5.45471e+03	0
1.44544e+15	1.33533e+14	1.92986e+10	3.34694e+07	0	2.29034e+08	1.33317e+03	0	7.25060e+10	4.27120e+04	0	0	4.04856e+07	4.92296e+09	3.88295e+03	5.18099e+03	0
