      1.00000   6.0713874e-06
      2.00000   5.9044419e-06
      3.00000   5.8073415e-06
      4.00000   5.7522552e-06
      5.00000   5.7403222e-06
      6.00000   5.7473535e-06
      7.00000   5.7649077e-06
      8.00000   5.7979769e-06
      9.00000   5.8504957e-06
      10.0000   5.9170598e-06
      11.0000   5.9906765e-06
      12.0000   6.0719153e-06
      13.0000   6.1589399e-06
      14.0000   6.2434033e-06
      15.0000   6.3140469e-06
      16.0000   6.3628090e-06
      17.0000   6.4004830e-06
      18.0000   6.4453529e-06
      19.0000   6.4956416e-06
      20.0000   6.5308122e-06
      21.0000   6.5355898e-06
      22.0000   6.5145223e-06
      23.0000   6.4839246e-06
      24.0000   6.4611286e-06
      25.0000   6.4601636e-06
      26.0000   6.4886240e-06
      27.0000   6.5451713e-06
      28.0000   6.6203925e-06
      29.0000   6.7117671e-06
      30.0000   6.8347013e-06
      31.0000   7.0095225e-06
      32.0000   7.2406369e-06
      33.0000   7.5059256e-06
      34.0000   7.7637869e-06
      35.0000   7.9745778e-06
      36.0000   8.1231738e-06
      37.0000   8.2160086e-06
      38.0000   8.2668703e-06
      39.0000   8.2913293e-06
      40.0000   8.3029108e-06
      41.0000   8.3104687e-06
      42.0000   8.3205505e-06
      43.0000   8.3497080e-06
      44.0000   8.4303147e-06
      45.0000   8.5956008e-06
      46.0000   8.8606312e-06
      47.0000   9.2117152e-06
      48.0000   9.6217282e-06
      49.0000   1.0069737e-05
      50.0000   1.0547173e-05
      51.0000   1.1050439e-05
      52.0000   1.1555385e-05
      53.0000   1.2020251e-05
      54.0000   1.2412107e-05
      55.0000   1.2715754e-05
      56.0000   1.2924942e-05
      57.0000   1.3036797e-05
      58.0000   1.3069908e-05
      59.0000   1.3061320e-05
      60.0000   1.3049957e-05
      61.0000   1.3073120e-05
      62.0000   1.3159200e-05
      63.0000   1.3327221e-05
      64.0000   1.3599346e-05
      65.0000   1.3993589e-05
      66.0000   1.4515540e-05
      67.0000   1.5171623e-05
      68.0000   1.5967571e-05
      69.0000   1.6887390e-05
      70.0000   1.7874238e-05
      71.0000   1.8842344e-05
      72.0000   1.9742103e-05
      73.0000   2.0596783e-05
      74.0000   2.1448473e-05
      75.0000   2.2297059e-05
      76.0000   2.3093637e-05
      77.0000   2.3806157e-05
      78.0000   2.4460820e-05
      79.0000   2.5129588e-05
      80.0000   2.5910158e-05
      81.0000   2.6833855e-05
      82.0000   2.7842638e-05
      83.0000   2.8850256e-05
      84.0000   2.9762728e-05
      85.0000   3.0590883e-05
      86.0000   3.1513129e-05
      87.0000   3.2751064e-05
      88.0000   3.4376571e-05
      89.0000   3.6233279e-05
      90.0000   3.8063637e-05
      91.0000   3.9690902e-05
      92.0000   4.1097941e-05
      93.0000   4.2367319e-05
      94.0000   4.3584037e-05
      95.0000   4.4796594e-05
      96.0000   4.6030666e-05
      97.0000   4.7323530e-05
      98.0000   4.8751837e-05
      99.0000   5.0503422e-05
      100.000   5.2844414e-05
      101.000   5.6014080e-05
      102.000   6.0257647e-05
      103.000   6.5771601e-05
      104.000   7.2514733e-05
      105.000   8.0164340e-05
      106.000   8.8296169e-05
      107.000   9.6725169e-05
      108.000   0.00010566843
      109.000   0.00011558591
      110.000   0.00012694563
      111.000   0.00014008667
      112.000   0.00015503973
      113.000   0.00017137086
      114.000   0.00018849224
      115.000   0.00020616972
      116.000   0.00022472568
      117.000   0.00024486988
      118.000   0.00026742634
      119.000   0.00029327202
      120.000   0.00032286232
      121.000   0.00035579823
      122.000   0.00039140254
      123.000   0.00042955496
      124.000   0.00047077957
      125.000   0.00051557907
      126.000   0.00056468457
      127.000   0.00061980786
      128.000   0.00068298739
      129.000   0.00075568393
      130.000   0.00083796988
      131.000   0.00092633860
      132.000    0.0010135423
      133.000    0.0010929429
      134.000    0.0011629660
      135.000    0.0012293402
      136.000    0.0013016103
      137.000    0.0013884600
      138.000    0.0015000999
      139.000    0.0016503505
      140.000    0.0018521330
      141.000    0.0021155761
      142.000    0.0024462449
      143.000    0.0028453569
      144.000    0.0033164858
      145.000    0.0038659631
      146.000    0.0044919266
      147.000    0.0051725646
      148.000    0.0058766282
      149.000    0.0066209459
      150.000    0.0075401957
      151.000    0.0088926135
      152.000     0.010973575
      153.000     0.014018203
      154.000     0.018244335
      155.000     0.024064258
      156.000     0.032255210
      157.000     0.043787841
      158.000     0.058920506
      159.000     0.075638905
      160.000     0.089127854
      161.000     0.094244666
      162.000     0.089439005
      163.000     0.077494912
      164.000     0.062602654
      165.000     0.048117504
      166.000     0.035870750
      167.000     0.026371187
      168.000     0.019415392
      169.000     0.014534155
      170.000     0.011232931
      171.000    0.0090699680
      172.000    0.0076718032
      173.000    0.0067474106
      174.000    0.0060882783
      175.000    0.0055534132
      176.000    0.0050389119
      177.000    0.0044831382
      178.000    0.0038867290
      179.000    0.0032990247
      180.000    0.0027776039
      181.000    0.0023542140
      182.000    0.0020295626
      183.000    0.0017870649
      184.000    0.0016062286
      185.000    0.0014659379
      186.000    0.0013420859
      187.000    0.0012102718
      188.000    0.0010600416
      189.000   0.00090218359
      190.000   0.00075720565
      191.000   0.00063906371
      192.000   0.00055077352
      193.000   0.00048805220
      194.000   0.00044260159
      195.000   0.00040573897
      196.000   0.00037159282
      197.000   0.00033743549
      198.000   0.00030293592
      199.000   0.00026997735
      200.000   0.00024106160
      201.000   0.00021741929
      202.000   0.00019868698
      203.000   0.00018383194
      204.000   0.00017194143
      205.000   0.00016191723
      206.000   0.00015241576
      207.000   0.00014238247
      208.000   0.00013153952
      209.000   0.00012036517
      210.000   0.00010960204
      211.000   9.9937926e-05
      212.000   9.1751732e-05
      213.000   8.4832725e-05
      214.000   7.8681347e-05
      215.000   7.3022595e-05
      216.000   6.7853900e-05
      217.000   6.3229549e-05
      218.000   5.9168422e-05
      219.000   5.5715671e-05
      220.000   5.2862186e-05
      221.000   5.0426057e-05
      222.000   4.8192724e-05
      223.000   4.6120189e-05
      224.000   4.4305663e-05
      225.000   4.2823260e-05
      226.000   4.1580268e-05
      227.000   4.0376752e-05
      228.000   3.9051538e-05
      229.000   3.7524664e-05
      230.000   3.5838559e-05
      231.000   3.4132729e-05
      232.000   3.2502623e-05
      233.000   3.0982701e-05
      234.000   2.9605748e-05
      235.000   2.8414026e-05
      236.000   2.7433949e-05
      237.000   2.6647902e-05
      238.000   2.5987494e-05
      239.000   2.5355979e-05
      240.000   2.4694908e-05
      241.000   2.4001309e-05
      242.000   2.3290864e-05
      243.000   2.2577955e-05
      244.000   2.1875903e-05
      245.000   2.1202202e-05
      246.000   2.0573236e-05
      247.000   1.9969244e-05
      248.000   1.9331035e-05
      249.000   1.8620916e-05
      250.000   1.7832852e-05
      251.000   1.6974624e-05
      252.000   1.6070619e-05
      253.000   1.5165713e-05
      254.000   1.4316197e-05
      255.000   1.3575136e-05
      256.000   1.2978109e-05
      257.000   1.2534207e-05
      258.000   1.2227191e-05
      259.000   1.2028630e-05
      260.000   1.1906322e-05
      261.000   1.1822221e-05
      262.000   1.1735237e-05
      263.000   1.1612809e-05
      264.000   1.1451088e-05
      265.000   1.1278647e-05
      266.000   1.1113013e-05
      267.000   1.0932272e-05
      268.000   1.0706774e-05
      269.000   1.0430896e-05
      270.000   1.0115805e-05
      271.000   9.7708735e-06
      272.000   9.4087009e-06
      273.000   9.0537533e-06
      274.000   8.7413346e-06
      275.000   8.4984240e-06
      276.000   8.3231398e-06
      277.000   8.1962053e-06
      278.000   8.1047019e-06
      279.000   8.0411173e-06
      280.000   7.9966185e-06
      281.000   7.9595147e-06
      282.000   7.9178426e-06
      283.000   7.8544626e-06
      284.000   7.7513150e-06
      285.000   7.6054735e-06
      286.000   7.4269774e-06
      287.000   7.2354842e-06
      288.000   7.0593414e-06
      289.000   6.9138168e-06
      290.000   6.7852602e-06
      291.000   6.6575476e-06
      292.000   6.5367631e-06
      293.000   6.4414471e-06
      294.000   6.3826456e-06
      295.000   6.3548473e-06
      296.000   6.3438492e-06
      297.000   6.3411485e-06
      298.000   6.3460616e-06
      299.000   6.3587399e-06
      300.000   6.3725429e-06
      301.000   6.3741991e-06
      302.000   6.3539005e-06
      303.000   6.3136781e-06
      304.000   6.2698668e-06
      305.000   6.2392196e-06
      306.000   6.2208742e-06
      307.000   6.1960122e-06
      308.000   6.1450019e-06
      309.000   6.0680673e-06
      310.000   5.9837894e-06
      311.000   5.9150052e-06
      312.000   5.8762184e-06
      313.000   5.8654027e-06
      314.000   5.8741384e-06
      315.000   5.8997198e-06
      316.000   5.9376707e-06
      317.000   5.9757594e-06
      318.000   6.0022376e-06
      319.000   6.0122079e-06
      320.000   6.0054163e-06
      321.000       0.0000000
