      1.00000   5.4369425e-06
      2.00000   5.4720431e-06
      3.00000   5.5147866e-06
      4.00000   5.5511023e-06
      5.00000   5.5679943e-06
      6.00000   5.5726882e-06
      7.00000   5.5753790e-06
      8.00000   5.5794053e-06
      9.00000   5.5841565e-06
      10.0000   5.5855362e-06
      11.0000   5.5776500e-06
      12.0000   5.5622454e-06
      13.0000   5.5578639e-06
      14.0000   5.5834721e-06
      15.0000   5.6439026e-06
      16.0000   5.7253928e-06
      17.0000   5.8070918e-06
      18.0000   5.8782466e-06
      19.0000   5.9431591e-06
      20.0000   6.0084299e-06
      21.0000   6.0768043e-06
      22.0000   6.1436845e-06
      23.0000   6.2021413e-06
      24.0000   6.2479421e-06
      25.0000   6.2811559e-06
      26.0000   6.3051089e-06
      27.0000   6.3334278e-06
      28.0000   6.3858383e-06
      29.0000   6.4776559e-06
      30.0000   6.6106008e-06
      31.0000   6.7757401e-06
      32.0000   6.9585030e-06
      33.0000   7.1430281e-06
      34.0000   7.3252695e-06
      35.0000   7.5166536e-06
      36.0000   7.7261539e-06
      37.0000   7.9409692e-06
      38.0000   8.1314765e-06
      39.0000   8.2830811e-06
      40.0000   8.4046414e-06
      41.0000   8.5061947e-06
      42.0000   8.5842730e-06
      43.0000   8.6314876e-06
      44.0000   8.6544060e-06
      45.0000   8.6683403e-06
      46.0000   8.6837681e-06
      47.0000   8.7073613e-06
      48.0000   8.7562175e-06
      49.0000   8.8568913e-06
      50.0000   9.0400754e-06
      51.0000   9.3339240e-06
      52.0000   9.7414295e-06
      53.0000   1.0226363e-05
      54.0000   1.0743426e-05
      55.0000   1.1265070e-05
      56.0000   1.1783462e-05
      57.0000   1.2281466e-05
      58.0000   1.2718278e-05
      59.0000   1.3051432e-05
      60.0000   1.3273196e-05
      61.0000   1.3408945e-05
      62.0000   1.3494939e-05
      63.0000   1.3566126e-05
      64.0000   1.3656975e-05
      65.0000   1.3779523e-05
      66.0000   1.3929706e-05
      67.0000   1.4116153e-05
      68.0000   1.4374446e-05
      69.0000   1.4750440e-05
      70.0000   1.5276382e-05
      71.0000   1.5946278e-05
      72.0000   1.6727836e-05
      73.0000   1.7593922e-05
      74.0000   1.8523491e-05
      75.0000   1.9486533e-05
      76.0000   2.0448468e-05
      77.0000   2.1392318e-05
      78.0000   2.2313876e-05
      79.0000   2.3194723e-05
      80.0000   2.4014209e-05
      81.0000   2.4792331e-05
      82.0000   2.5614865e-05
      83.0000   2.6612983e-05
      84.0000   2.7848351e-05
      85.0000   2.9228440e-05
      86.0000   3.0546380e-05
      87.0000   3.1618663e-05
      88.0000   3.2436696e-05
      89.0000   3.3220509e-05
      90.0000   3.4242028e-05
      91.0000   3.5621077e-05
      92.0000   3.7317266e-05
      93.0000   3.9207262e-05
      94.0000   4.1130530e-05
      95.0000   4.2967757e-05
      96.0000   4.4681045e-05
      97.0000   4.6309273e-05
      98.0000   4.7855920e-05
      99.0000   4.9292903e-05
      100.000   5.0700066e-05
      101.000   5.2277304e-05
      102.000   5.4253480e-05
      103.000   5.6939596e-05
      104.000   6.0667775e-05
      105.000   6.5616550e-05
      106.000   7.1793205e-05
      107.000   7.9174955e-05
      108.000   8.7806759e-05
      109.000   9.7774857e-05
      110.000   0.00010894713
      111.000   0.00012086818
      112.000   0.00013321597
      113.000   0.00014630053
      114.000   0.00016091981
      115.000   0.00017769658
      116.000   0.00019668370
      117.000   0.00021753814
      118.000   0.00023994832
      119.000   0.00026400160
      120.000   0.00029004554
      121.000   0.00031867350
      122.000   0.00035108204
      123.000   0.00038857033
      124.000   0.00043074967
      125.000   0.00047526177
      126.000   0.00052017381
      127.000   0.00056639343
      128.000   0.00061757897
      129.000   0.00067794061
      130.000   0.00075106992
      131.000   0.00084024551
      132.000   0.00094697514
      133.000    0.0010682867
      134.000    0.0011975074
      135.000    0.0013261996
      136.000    0.0014460192
      137.000    0.0015543879
      138.000    0.0016604833
      139.000    0.0017796325
      140.000    0.0019258558
      141.000    0.0021171726
      142.000    0.0023756486
      143.000    0.0027148535
      144.000    0.0031352534
      145.000    0.0036395157
      146.000    0.0042458368
      147.000    0.0049794069
      148.000    0.0058649420
      149.000    0.0069564483
      150.000    0.0083769467
      151.000     0.010299509
      152.000     0.012880297
      153.000     0.016274918
      154.000     0.020702049
      155.000     0.026511129
      156.000     0.034332909
      157.000     0.044890724
      158.000     0.058240965
      159.000     0.072923057
      160.000     0.085363679
      161.000     0.090698205
      162.000     0.086378805
      163.000     0.074780531
      164.000     0.060557868
      165.000     0.047077980
      166.000     0.035711475
      167.000     0.026773004
      168.000     0.020139046
      169.000     0.015445075
      170.000     0.012237302
      171.000     0.010063802
      172.000    0.0085193748
      173.000    0.0073257890
      174.000    0.0063634240
      175.000    0.0056029609
      176.000    0.0050001526
      177.000    0.0044629429
      178.000    0.0039121900
      179.000    0.0033428902
      180.000    0.0028099071
      181.000    0.0023668471
      182.000    0.0020297389
      183.000    0.0017829722
      184.000    0.0016007120
      185.000    0.0014612867
      186.000    0.0013489662
      187.000    0.0012448719
      188.000    0.0011277597
      189.000   0.00098883815
      190.000   0.00083967426
      191.000   0.00070158544
      192.000   0.00058990746
      193.000   0.00050918380
      194.000   0.00045490518
      195.000   0.00041779081
      196.000   0.00038824600
      197.000   0.00035910463
      198.000   0.00032709935
      199.000   0.00029317409
      200.000   0.00026059468
      201.000   0.00023252526
      202.000   0.00021032219
      203.000   0.00019336389
      204.000   0.00018015273
      205.000   0.00016897198
      206.000   0.00015821247
      207.000   0.00014693249
      208.000   0.00013516976
      209.000   0.00012353815
      210.000   0.00011256417
      211.000   0.00010240273
      212.000   9.3003262e-05
      213.000   8.4389852e-05
      214.000   7.6805794e-05
      215.000   7.0549642e-05
      216.000   6.5643195e-05
      217.000   6.1755207e-05
      218.000   5.8520429e-05
      219.000   5.5711698e-05
      220.000   5.3177726e-05
      221.000   5.0841769e-05
      222.000   4.8712602e-05
      223.000   4.6763969e-05
      224.000   4.4863889e-05
      225.000   4.2890828e-05
      226.000   4.0873045e-05
      227.000   3.8945906e-05
      228.000   3.7187281e-05
      229.000   3.5520497e-05
      230.000   3.3839766e-05
      231.000   3.2171469e-05
      232.000   3.0615553e-05
      233.000   2.9240988e-05
      234.000   2.8068047e-05
      235.000   2.7069118e-05
      236.000   2.6167952e-05
      237.000   2.5332811e-05
      238.000   2.4596700e-05
      239.000   2.3972947e-05
      240.000   2.3429589e-05
      241.000   2.2933951e-05
      242.000   2.2457985e-05
      243.000   2.1939630e-05
      244.000   2.1288992e-05
      245.000   2.0458627e-05
      246.000   1.9468453e-05
      247.000   1.8386972e-05
      248.000   1.7289434e-05
      249.000   1.6225060e-05
      250.000   1.5210424e-05
      251.000   1.4279374e-05
      252.000   1.3508547e-05
      253.000   1.2964592e-05
      254.000   1.2633682e-05
      255.000   1.2441737e-05
      256.000   1.2307700e-05
      257.000   1.2186454e-05
      258.000   1.2070201e-05
      259.000   1.1963862e-05
      260.000   1.1860496e-05
      261.000   1.1744844e-05
      262.000   1.1608138e-05
      263.000   1.1447772e-05
      264.000   1.1252430e-05
      265.000   1.1005443e-05
      266.000   1.0699533e-05
      267.000   1.0341353e-05
      268.000   9.9424924e-06
      269.000   9.5219611e-06
      270.000   9.1140282e-06
      271.000   8.7601502e-06
      272.000   8.4798394e-06
      273.000   8.2626011e-06
      274.000   8.0991613e-06
      275.000   7.9935899e-06
      276.000   7.9485071e-06
      277.000   7.9499587e-06
      278.000   7.9679221e-06
      279.000   7.9677338e-06
      280.000   7.9313822e-06
      281.000   7.8638632e-06
      282.000   7.7808736e-06
      283.000   7.6867600e-06
      284.000   7.5713197e-06
      285.000   7.4260452e-06
      286.000   7.2627495e-06
      287.000   7.1040217e-06
      288.000   6.9573498e-06
      289.000   6.8131330e-06
      290.000   6.6639527e-06
      291.000   6.5185750e-06
      292.000   6.3976759e-06
      293.000   6.3158659e-06
      294.000   6.2656231e-06
      295.000   6.2239142e-06
      296.000   6.1760775e-06
      297.000   6.1266974e-06
      298.000   6.0883544e-06
      299.000   6.0690777e-06
      300.000   6.0639568e-06
      301.000   6.0550888e-06
      302.000   6.0239799e-06
      303.000   5.9651265e-06
      304.000   5.8869782e-06
      305.000   5.8070245e-06
      306.000   5.7402399e-06
      307.000   5.6936237e-06
      308.000   5.6639242e-06
      309.000   5.6437448e-06
      310.000   5.6212780e-06
      311.000   5.5852724e-06
      312.000   5.5330697e-06
      313.000   5.4743009e-06
      314.000   5.4262391e-06
      315.000   5.4097086e-06
      316.000   5.4326151e-06
      317.000   5.4782668e-06
      318.000   5.5179657e-06
      319.000   5.5401752e-06
      320.000   5.5537325e-06
      321.000       0.0000000
