H	H+	C+	C+2	C+3	N+	N+2	N+4	O	O+2	O+5	O+6	P+	Si+	Si+2	Si+3	Si+4	Fe+	Al+
3.63078e+13	7.81590e+17	5.28492e+09	5.55620e+11	1.43065e+12	4.16456e+08	9.49587e+10	1.02627e+12	4.02736e+04	2.52044e+11	8.60209e+12	9.27959e+12	4.78733e+05	7.55935e+06	3.03946e+08	1.05780e+09	6.99617e+10	2.26947e+03	2.41163e+05
3.63078e+13	7.40717e+17	5.67561e+09	5.80485e+11	1.43886e+12	4.50571e+08	1.00027e+11	9.98710e+11	4.49593e+04	2.66276e+11	8.03201e+12	8.26220e+12	5.55257e+05	8.82580e+06	3.48380e+08	1.17374e+09	7.35236e+10	2.73666e+03	2.84004e+05
3.63078e+13	7.02039e+17	6.08838e+09	6.05730e+11	1.44545e+12	4.86846e+08	1.05210e+11	9.70076e+11	5.01763e+04	2.80887e+11	7.48345e+12	7.34193e+12	6.42879e+05	1.02846e+07	3.98684e+08	1.30046e+09	7.71512e+10	3.29667e+03	3.33772e+05
3.63078e+13	6.65432e+17	6.52378e+09	6.31305e+11	1.45039e+12	5.25335e+08	1.10493e+11	9.40475e+11	5.59839e+04	2.95853e+11	6.95736e+12	6.51144e+12	7.43010e+05	1.19613e+07	4.55537e+08	1.43875e+09	8.08358e+10	3.96712e+03	3.91476e+05
3.63078e+13	6.30781e+17	6.98250e+09	6.57162e+11	1.45364e+12	5.66098e+08	1.15863e+11	9.10026e+11	6.24509e+04	3.11149e+11	6.45447e+12	5.76374e+12	8.57236e+05	1.38846e+07	5.19681e+08	1.58941e+09	8.45680e+10	4.76890e+03	4.58258e+05
3.63078e+13	5.97960e+17	7.46441e+09	6.83223e+11	1.45519e+12	6.09113e+08	1.21297e+11	8.78841e+11	6.96425e+04	3.26734e+11	5.97523e+12	5.09196e+12	9.87189e+05	1.60858e+07	5.91924e+08	1.75332e+09	8.83382e+10	5.72645e+03	5.35419e+05
3.63078e+13	5.66879e+17	7.97026e+09	7.09436e+11	1.45501e+12	6.54447e+08	1.26782e+11	8.47051e+11	7.76477e+04	3.42585e+11	5.52001e+12	4.48989e+12	1.13480e+06	1.85997e+07	6.73146e+08	1.93133e+09	9.21348e+10	6.86871e+03	6.24402e+05
3.63078e+13	5.37441e+17	8.50035e+09	7.35732e+11	1.45309e+12	7.02119e+08	1.32298e+11	8.14784e+11	8.65605e+04	3.58672e+11	5.08892e+12	3.95155e+12	1.30215e+06	2.14647e+07	7.64305e+08	2.12430e+09	9.59459e+10	8.22962e+03	7.26837e+05
3.63078e+13	5.09556e+17	9.05487e+09	7.62036e+11	1.44941e+12	7.52140e+08	1.37826e+11	7.82169e+11	9.64865e+04	3.74962e+11	4.68191e+12	3.47125e+12	1.49148e+06	2.47229e+07	8.66432e+08	2.33315e+09	9.97589e+10	9.84903e+03	8.44553e+05
3.63078e+13	4.83141e+17	9.63395e+09	7.88270e+11	1.44396e+12	8.04514e+08	1.43344e+11	7.49339e+11	1.07545e+05	3.91422e+11	4.29876e+12	3.04372e+12	1.70526e+06	2.84201e+07	9.80641e+08	2.55876e+09	1.03560e+11	1.17735e+04	9.79589e+05
3.63078e+13	4.58110e+17	1.02380e+10	8.14364e+11	1.43674e+12	8.59270e+08	1.48834e+11	7.16415e+11	1.19878e+05	4.08025e+11	3.93903e+12	2.66391e+12	1.94626e+06	3.26079e+07	1.10816e+09	2.80210e+09	1.07336e+11	1.40576e+04	1.13418e+06
3.63078e+13	4.34396e+17	1.08656e+10	8.40188e+11	1.42776e+12	9.16271e+08	1.54267e+11	6.83545e+11	1.33613e+05	4.24712e+11	3.60245e+12	2.32741e+12	2.21696e+06	3.73364e+07	1.25019e+09	3.06403e+09	1.11070e+11	1.67615e+04	1.31066e+06
3.63078e+13	4.11927e+17	1.15179e+10	8.65696e+11	1.41701e+12	9.75633e+08	1.59629e+11	6.50837e+11	1.48950e+05	4.41475e+11	3.28821e+12	2.02980e+12	2.52092e+06	4.26685e+07	1.40816e+09	3.34543e+09	1.14747e+11	1.99620e+04	1.51200e+06
3.63078e+13	3.90641e+17	1.21950e+10	8.90801e+11	1.40450e+12	1.03736e+09	1.64901e+11	6.18419e+11	1.66087e+05	4.58282e+11	2.99567e+12	1.76721e+12	2.86161e+06	4.86680e+07	1.58354e+09	3.64712e+09	1.18350e+11	2.37449e+04	1.74129e+06
3.63078e+13	3.70469e+17	1.28955e+10	9.15378e+11	1.39026e+12	1.10133e+09	1.70057e+11	5.86405e+11	1.85232e+05	4.75085e+11	2.72406e+12	1.53597e+12	3.24240e+06	5.54015e+07	1.77783e+09	3.96999e+09	1.21864e+11	2.82094e+04	2.00193e+06
3.63078e+13	3.51353e+17	1.36189e+10	9.39329e+11	1.37430e+12	1.16751e+09	1.75074e+11	5.54906e+11	2.06634e+05	4.91850e+11	2.47251e+12	1.33276e+12	3.66715e+06	6.29416e+07	1.99265e+09	4.31484e+09	1.25271e+11	3.34706e+04	2.29769e+06
3.63078e+13	3.33232e+17	1.43641e+10	9.62548e+11	1.35664e+12	1.23584e+09	1.79934e+11	5.24018e+11	2.30574e+05	5.08541e+11	2.24012e+12	1.15451e+12	4.13991e+06	7.13666e+07	2.22971e+09	4.68246e+09	1.28553e+11	3.96625e+04	2.63273e+06
3.63078e+13	3.16063e+17	1.51312e+10	9.84953e+11	1.33734e+12	1.30636e+09	1.84620e+11	4.93836e+11	2.57390e+05	5.25134e+11	2.02595e+12	9.98491e+11	4.66534e+06	8.07607e+07	2.49081e+09	5.07338e+09	1.31692e+11	4.69395e+04	3.01157e+06
3.63078e+13	2.99789e+17	1.59185e+10	1.00643e+12	1.31643e+12	1.37896e+09	1.89112e+11	4.64445e+11	2.87433e+05	5.41588e+11	1.82905e+12	8.62185e+11	5.24785e+06	9.12102e+07	2.77777e+09	5.48826e+09	1.34672e+11	5.54790e+04	3.43916e+06
3.63078e+13	2.84368e+17	1.67254e+10	1.02688e+12	1.29396e+12	1.45363e+09	1.93394e+11	4.35919e+11	3.21124e+05	5.57873e+11	1.64844e+12	7.43337e+11	5.89243e+06	1.02808e+08	3.09249e+09	5.92745e+09	1.37473e+11	6.54850e+04	3.92089e+06
3.63078e+13	2.69751e+17	1.75503e+10	1.04619e+12	1.26999e+12	1.53031e+09	1.97450e+11	4.08321e+11	3.58927e+05	5.73956e+11	1.48314e+12	6.39884e+11	6.60409e+06	1.15651e+08	3.43695e+09	6.39139e+09	1.40078e+11	7.71933e+04	4.46267e+06
3.63078e+13	2.55898e+17	1.83919e+10	1.06429e+12	1.24458e+12	1.60895e+09	2.01264e+11	3.81708e+11	4.01371e+05	5.89803e+11	1.33221e+12	5.50011e+11	7.38810e+06	1.29840e+08	3.81311e+09	6.88018e+09	1.42470e+11	9.08710e+04	5.07078e+06
3.63078e+13	2.42770e+17	1.92488e+10	1.08107e+12	1.21781e+12	1.68955e+09	2.04826e+11	3.56125e+11	4.49059e+05	6.05386e+11	1.19468e+12	4.72068e+11	8.25002e+06	1.45479e+08	4.22298e+09	7.39382e+09	1.44632e+11	1.06826e+05	5.75211e+06
3.63078e+13	2.30326e+17	2.01187e+10	1.09642e+12	1.18976e+12	1.77197e+09	2.08120e+11	3.31605e+11	5.02654e+05	6.20667e+11	1.06963e+12	4.04582e+11	9.19502e+06	1.62673e+08	4.66853e+09	7.93227e+09	1.46548e+11	1.25408e+05	6.51404e+06
3.63078e+13	2.18530e+17	2.10019e+10	1.11031e+12	1.16049e+12	1.85638e+09	2.11143e+11	3.08164e+11	5.62977e+05	6.35632e+11	9.56106e+11	3.46238e+11	1.02302e+07	1.81550e+08	5.15198e+09	8.49501e+09	1.48202e+11	1.47028e+05	7.36480e+06
3.63078e+13	2.07356e+17	2.18928e+10	1.12260e+12	1.13016e+12	1.94243e+09	2.13875e+11	2.85851e+11	6.30767e+05	6.50220e+11	8.53393e+11	2.95931e+11	1.13583e+07	2.02181e+08	5.67460e+09	9.08128e+09	1.49579e+11	1.72105e+05	8.31173e+06
3.63078e+13	1.96755e+17	2.27921e+10	1.13325e+12	1.09879e+12	2.03030e+09	2.16317e+11	2.64631e+11	7.07131e+05	6.64432e+11	7.60463e+11	2.52548e+11	1.25875e+07	2.24723e+08	6.23903e+09	9.69082e+09	1.50666e+11	2.01204e+05	9.36555e+06
3.63078e+13	1.86712e+17	2.36962e+10	1.14219e+12	1.06655e+12	2.11985e+09	2.18460e+11	2.44536e+11	7.93063e+05	6.78218e+11	6.76673e+11	2.15251e+11	1.39212e+07	2.49253e+08	6.84635e+09	1.03219e+10	1.51450e+11	2.34865e+05	1.05343e+07
3.63078e+13	1.77196e+17	2.46027e+10	1.14937e+12	1.03355e+12	2.21102e+09	2.20298e+11	2.25559e+11	8.89776e+05	6.91553e+11	6.01264e+11	1.83233e+11	1.53643e+07	2.75873e+08	7.49800e+09	1.09731e+10	1.51921e+11	2.73734e+05	1.18279e+07
3.63078e+13	1.68171e+17	2.55099e+10	1.15474e+12	9.99862e+11	2.30386e+09	2.21831e+11	2.07665e+11	9.98747e+05	7.04418e+11	5.33446e+11	1.55760e+11	1.69226e+07	3.04716e+08	8.19584e+09	1.16432e+10	1.52068e+11	3.18596e+05	1.32581e+07
3.63078e+13	1.59614e+17	2.64151e+10	1.15827e+12	9.65629e+11	2.39828e+09	2.23055e+11	1.90846e+11	1.12149e+06	7.16782e+11	4.72596e+11	1.32233e+11	1.85994e+07	3.35866e+08	8.94067e+09	1.23298e+10	1.51885e+11	3.70263e+05	1.48355e+07
3.63078e+13	1.51502e+17	2.73153e+10	1.15993e+12	9.30972e+11	2.49425e+09	2.23968e+11	1.75075e+11	1.25974e+06	7.28615e+11	4.18093e+11	1.12114e+11	2.03977e+07	3.69409e+08	9.73320e+09	1.30307e+10	1.51364e+11	4.29669e+05	1.65713e+07
3.63078e+13	1.43809e+17	2.82080e+10	1.15972e+12	8.96013e+11	2.59171e+09	2.24573e+11	1.60324e+11	1.41547e+06	7.39894e+11	3.69356e+11	9.49349e+10	2.23197e+07	4.05423e+08	1.05738e+10	1.37430e+10	1.50501e+11	4.97862e+05	1.84777e+07
3.63078e+13	1.36515e+17	2.90906e+10	1.15763e+12	8.60877e+11	2.69065e+09	2.24871e+11	1.46561e+11	1.59088e+06	7.50593e+11	3.25848e+11	8.02853e+10	2.43669e+07	4.43972e+08	1.14624e+10	1.44636e+10	1.49296e+11	5.76011e+05	2.05666e+07
3.63078e+13	1.29598e+17	2.99610e+10	1.15369e+12	8.25686e+11	2.79105e+09	2.24865e+11	1.33748e+11	1.78842e+06	7.60688e+11	2.87070e+11	6.78102e+10	2.65396e+07	4.85110e+08	1.23985e+10	1.51890e+10	1.47747e+11	6.65422e+05	2.28508e+07
3.63078e+13	1.23038e+17	3.08160e+10	1.14791e+12	7.90559e+11	2.89286e+09	2.24558e+11	1.21848e+11	2.01086e+06	7.70155e+11	2.52561e+11	5.72005e+10	2.88363e+07	5.28862e+08	1.33810e+10	1.59154e+10	1.45858e+11	7.67552e+05	2.53428e+07
3.63078e+13	1.16815e+17	3.16531e+10	1.14033e+12	7.55615e+11	2.99602e+09	2.23956e+11	1.10819e+11	2.26128e+06	7.78969e+11	2.21899e+11	4.81892e+10	3.12539e+07	5.75234e+08	1.44081e+10	1.66387e+10	1.43632e+11	8.84016e+05	2.80553e+07
3.63078e+13	1.10913e+17	3.24698e+10	1.13099e+12	7.20967e+11	3.10051e+09	2.23064e+11	1.00621e+11	2.54312e+06	7.87108e+11	1.94696e+11	4.05454e+10	3.37879e+07	6.24208e+08	1.54773e+10	1.73544e+10	1.41079e+11	1.01661e+06	3.10012e+07
3.63078e+13	1.05313e+17	3.32636e+10	1.11996e+12	6.86722e+11	3.20628e+09	2.21889e+11	9.12108e+10	2.86023e+06	7.94550e+11	1.70597e+11	3.40698e+10	3.64324e+07	6.75740e+08	1.65857e+10	1.80577e+10	1.38207e+11	1.16731e+06	3.41931e+07
3.63078e+13	1.00000e+17	3.40324e+10	1.10730e+12	6.52983e+11	3.31331e+09	2.20439e+11	8.25455e+10	3.21689e+06	8.01273e+11	1.49280e+11	2.85912e+10	3.91791e+07	7.29753e+08	1.77292e+10	1.87436e+10	1.35029e+11	1.33833e+06	3.76432e+07
3.63078e+13	9.49538e+16	3.47741e+10	1.09306e+12	6.19814e+11	3.42161e+09	2.18719e+11	7.45755e+10	3.61820e+06	8.07256e+11	1.30433e+11	2.39579e+10	4.20203e+07	7.86189e+08	1.89038e+10	1.94069e+10	1.31556e+11	1.53227e+06	4.13670e+07
3.63078e+13	9.01696e+16	3.54865e+10	1.07737e+12	5.87364e+11	3.53106e+09	2.16743e+11	6.72733e+10	4.06889e+06	8.12479e+11	1.13826e+11	2.00518e+10	4.49409e+07	8.44808e+08	2.01027e+10	2.00419e+10	1.27815e+11	1.75146e+06	4.53693e+07
3.63078e+13	8.56292e+16	3.61684e+10	1.06032e+12	5.55684e+11	3.64171e+09	2.14521e+11	6.05898e+10	4.57515e+06	8.16925e+11	9.91982e+10	1.67598e+10	4.79300e+07	9.05486e+08	2.13204e+10	2.06432e+10	1.23822e+11	1.99899e+06	4.96639e+07
3.63078e+13	8.13195e+16	3.68179e+10	1.04199e+12	5.24842e+11	3.75352e+09	2.12061e+11	5.44841e+10	5.14355e+06	8.20575e+11	8.63314e+10	1.39888e+10	5.09726e+07	9.68005e+08	2.25497e+10	2.12054e+10	1.19599e+11	2.27810e+06	5.42607e+07
3.63078e+13	7.72290e+16	3.74342e+10	1.02249e+12	4.94903e+11	3.86650e+09	2.09376e+11	4.89175e+10	5.78133e+06	8.23412e+11	7.50305e+10	1.16597e+10	5.40533e+07	1.03212e+09	2.37830e+10	2.17230e+10	1.15172e+11	2.59230e+06	5.91680e+07
3.63078e+13	7.33448e+16	3.80150e+10	1.00191e+12	4.65918e+11	3.98056e+09	2.06474e+11	4.38512e+10	6.49661e+06	8.25414e+11	6.51168e+10	9.70421e+09	5.71532e+07	1.09754e+09	2.50113e+10	2.21910e+10	1.10566e+11	2.94549e+06	6.43935e+07
3.63078e+13	6.96578e+16	3.85608e+10	9.80391e+11	4.37936e+11	4.09580e+09	2.03372e+11	3.92496e+10	7.29819e+06	8.26574e+11	5.64341e+10	8.06506e+09	6.02565e+07	1.16396e+09	2.62260e+10	2.26042e+10	1.05813e+11	3.34184e+06	6.99426e+07
3.63078e+13	6.61568e+16	3.90707e+10	9.58023e+11	4.10986e+11	4.21222e+09	2.00079e+11	3.50769e+10	8.19604e+06	8.26873e+11	4.88386e+10	6.69267e+09	6.33446e+07	1.23105e+09	2.74178e+10	2.29581e+10	1.00941e+11	3.78603e+06	7.58209e+07
3.63078e+13	6.28366e+16	3.95444e+10	9.34957e+11	3.85130e+11	4.32977e+09	1.96615e+11	3.13045e+10	9.19996e+06	8.26311e+11	4.22111e+10	5.54650e+09	6.63968e+07	1.29837e+09	2.85764e+10	2.32489e+10	9.59882e+10	4.28243e+06	8.20235e+07
3.63078e+13	5.96757e+16	3.99820e+10	9.11198e+11	3.60294e+11	4.44866e+09	1.92975e+11	2.78883e+10	1.03248e+07	8.24847e+11	3.64168e+10	4.58750e+09	6.94015e+07	1.36578e+09	2.96932e+10	2.34724e+10	9.09677e+10	4.83832e+06	8.85721e+07
3.63078e+13	5.66779e+16	4.03834e+10	8.86962e+11	3.36581e+11	4.56878e+09	1.89191e+11	2.48111e+10	1.15808e+07	8.22501e+11	3.13760e+10	3.78906e+09	7.23345e+07	1.43267e+09	3.07573e+10	2.36264e+10	8.59300e+10	5.45782e+06	9.54448e+07
3.63078e+13	5.38309e+16	4.07491e+10	8.62316e+11	3.13966e+11	4.69022e+09	1.85270e+11	2.20408e+10	1.29833e+07	8.19256e+11	2.69917e+10	3.12449e+09	7.51806e+07	1.49871e+09	3.17597e+10	2.37088e+10	8.09005e+10	6.14789e+06	1.02645e+08
3.63078e+13	5.11312e+16	4.10800e+10	8.37408e+11	2.92474e+11	4.81301e+09	1.81233e+11	1.95543e+10	1.45461e+07	8.15125e+11	2.31887e+10	2.57286e+09	7.79224e+07	1.56346e+09	3.26916e+10	2.37189e+10	7.59170e+10	6.91440e+06	1.10157e+08
3.63078e+13	4.85635e+16	4.13765e+10	8.12251e+11	2.72038e+11	4.93735e+09	1.77078e+11	1.73203e+10	1.62898e+07	8.10075e+11	1.98862e+10	2.11451e+09	8.05497e+07	1.62672e+09	3.35446e+10	2.36552e+10	7.09957e+10	7.76681e+06	1.17993e+08
3.63078e+13	4.61211e+16	4.16395e+10	7.86934e+11	2.52646e+11	5.06332e+09	1.72820e+11	1.53167e+10	1.82338e+07	8.04099e+11	1.70228e+10	1.73433e+09	8.30489e+07	1.68817e+09	3.43112e+10	2.35178e+10	6.61641e+10	8.71360e+06	1.26142e+08
3.63078e+13	4.38053e+16	4.18704e+10	7.61634e+11	2.34334e+11	5.19092e+09	1.68487e+11	1.35279e+10	2.03941e+07	7.97242e+11	1.45509e+10	1.42038e+09	8.54052e+07	1.74729e+09	3.49853e+10	2.33097e+10	6.14613e+10	9.76078e+06	1.34573e+08
3.63078e+13	4.16096e+16	4.20705e+10	7.36434e+11	2.17078e+11	5.32026e+09	1.64092e+11	1.19334e+10	2.27918e+07	7.89515e+11	1.24201e+10	1.16151e+09	8.76088e+07	1.80381e+09	3.55620e+10	2.30337e+10	5.69100e+10	1.09170e+07	1.43268e+08
3.63078e+13	3.95207e+16	4.22402e+10	7.11315e+11	2.00797e+11	5.45154e+09	1.59632e+11	1.05102e+10	2.54563e+07	7.80880e+11	1.05809e+10	9.47806e+08	8.96548e+07	1.85769e+09	3.60364e+10	2.26905e+10	5.25172e+10	1.21956e+07	1.52233e+08
3.63078e+13	3.75369e+16	4.23811e+10	6.86393e+11	1.85488e+11	5.58484e+09	1.55129e+11	9.24393e+09	2.84108e+07	7.71373e+11	8.99837e+09	7.71986e+08	9.15351e+07	1.90862e+09	3.64062e+10	2.22851e+10	4.83068e+10	1.36054e+07	1.61436e+08
3.63078e+13	3.56528e+16	4.24944e+10	6.61730e+11	1.71120e+11	5.72018e+09	1.50593e+11	8.11915e+09	3.16829e+07	7.61011e+11	7.63905e+09	6.27591e+08	9.32453e+07	1.95647e+09	3.66700e+10	2.18219e+10	4.42926e+10	1.51576e+07	1.70856e+08
3.63078e+13	3.38605e+16	4.25814e+10	6.37339e+11	1.57635e+11	5.85722e+09	1.46028e+11	7.12015e+09	3.53071e+07	7.49784e+11	6.47174e+09	5.09063e+08	9.47838e+07	2.00125e+09	3.68269e+10	2.13042e+10	4.04800e+10	1.68669e+07	1.80483e+08
3.63078e+13	3.21615e+16	4.26437e+10	6.13361e+11	1.45043e+11	5.99647e+09	1.41464e+11	6.23710e+09	3.93065e+07	7.37775e+11	5.47420e+09	4.12247e+08	9.61462e+07	2.04268e+09	3.68800e+10	2.07405e+10	3.68878e+10	1.87405e+07	1.90262e+08
3.63078e+13	3.05481e+16	4.26820e+10	5.89793e+11	1.33284e+11	6.13806e+09	1.36902e+11	5.45644e+09	4.37193e+07	7.24982e+11	4.62180e+09	3.33184e+08	9.73330e+07	2.08087e+09	3.68306e+10	2.01351e+10	3.35146e+10	2.07942e+07	2.00179e+08
3.63078e+13	2.90158e+16	4.26976e+10	5.66674e+11	1.22321e+11	6.28213e+09	1.32353e+11	4.76735e+09	4.85820e+07	7.11437e+11	3.89475e+09	2.68745e+08	9.83454e+07	2.11586e+09	3.66824e+10	1.94939e+10	3.03622e+10	2.30419e+07	2.10204e+08
3.63078e+13	2.75606e+16	4.26914e+10	5.44037e+11	1.12115e+11	6.42875e+09	1.27825e+11	4.16001e+09	5.39332e+07	6.97174e+11	3.27576e+09	2.16329e+08	9.91853e+07	2.14771e+09	3.64397e+10	1.88229e+10	2.74296e+10	2.54981e+07	2.20304e+08
3.63078e+13	2.61787e+16	4.26648e+10	5.21911e+11	1.02630e+11	6.57805e+09	1.23328e+11	3.62554e+09	5.98137e+07	6.82231e+11	2.74978e+09	1.73780e+08	9.98558e+07	2.17654e+09	3.61079e+10	1.81280e+10	2.47135e+10	2.81780e+07	2.30448e+08
3.63078e+13	2.48663e+16	4.26185e+10	5.00319e+11	9.38278e+10	6.73008e+09	1.18871e+11	3.15587e+09	6.62667e+07	6.66651e+11	2.30367e+09	1.39312e+08	1.00361e+08	2.20250e+09	3.56928e+10	1.74149e+10	2.22086e+10	3.10972e+07	2.40601e+08
3.63078e+13	2.36201e+16	4.25536e+10	4.79281e+11	8.56710e+10	6.88494e+09	1.14462e+11	2.74376e+09	7.33378e+07	6.50477e+11	1.92606e+09	1.11448e+08	1.00705e+08	2.22576e+09	3.52010e+10	1.66892e+10	1.99078e+10	3.42720e+07	2.50728e+08
3.63078e+13	2.24366e+16	4.24710e+10	4.58812e+11	7.81237e+10	7.04267e+09	1.10107e+11	2.38266e+09	8.10746e+07	6.33758e+11	1.60707e+09	8.89710e+07	1.00894e+08	2.24650e+09	3.46392e+10	1.59563e+10	1.78028e+10	3.77191e+07	2.60794e+08
3.63078e+13	2.13127e+16	4.23714e+10	4.38923e+11	7.11504e+10	7.20332e+09	1.05814e+11	2.06670e+09	8.95271e+07	6.16543e+11	1.33815e+09	7.08774e+07	1.00933e+08	2.26493e+09	3.40143e+10	1.52209e+10	1.58840e+10	4.14554e+07	2.70764e+08
3.63078e+13	2.02479e+16	4.22564e+10	4.19668e+11	6.47294e+10	7.36688e+09	1.01598e+11	1.79112e+09	9.87328e+07	5.98934e+11	1.11229e+09	5.63683e+07	1.00830e+08	2.28118e+09	3.33362e+10	1.44895e+10	1.41440e+10	4.54905e+07	2.80583e+08
3.63078e+13	1.92321e+16	4.21245e+10	4.00917e+11	5.87898e+10	7.53340e+09	9.74352e+10	1.54970e+09	1.08788e+08	5.80840e+11	9.21960e+08	4.46967e+07	1.00585e+08	2.29572e+09	3.26042e+10	1.37607e+10	1.25633e+10	4.98648e+07	2.90269e+08
3.63078e+13	1.82697e+16	4.19784e+10	3.82808e+11	5.33371e+10	7.70280e+09	9.33602e+10	1.33974e+09	1.19705e+08	5.62462e+11	7.62836e+08	3.53818e+07	1.00212e+08	2.30852e+09	3.18328e+10	1.30435e+10	1.11395e+10	5.45725e+07	2.99734e+08
3.63078e+13	1.73559e+16	4.18177e+10	3.65294e+11	4.83279e+10	7.87500e+09	8.93670e+10	1.15700e+09	1.31557e+08	5.43805e+11	6.29814e+08	2.79487e+07	9.97145e+07	2.31986e+09	3.10261e+10	1.23395e+10	9.85845e+09	5.96387e+07	3.08960e+08
3.63078e+13	1.64880e+16	4.16432e+10	3.48373e+11	4.37326e+10	8.04993e+09	8.54596e+10	9.98147e+08	1.44400e+08	5.24930e+11	5.18858e+08	2.20306e+07	9.90994e+07	2.32996e+09	3.01905e+10	1.16513e+10	8.70919e+09	6.50799e+07	3.17915e+08
3.63078e+13	1.56659e+16	4.14560e+10	3.32083e+11	3.95316e+10	8.22746e+09	8.16504e+10	8.60485e+08	1.58273e+08	5.05943e+11	4.26673e+08	1.73370e+07	9.83767e+07	2.33893e+09	2.93348e+10	1.09829e+10	7.68266e+09	7.09008e+07	3.26550e+08
3.63078e+13	1.48834e+16	4.12552e+10	3.16336e+11	3.56804e+10	8.40739e+09	7.79238e+10	7.40850e+08	1.73274e+08	4.86802e+11	3.49964e+08	1.36089e+07	9.75481e+07	2.34712e+09	2.84592e+10	1.03331e+10	6.76481e+09	7.71381e+07	3.34868e+08
3.63078e+13	1.41403e+16	4.10415e+10	3.01166e+11	3.21625e+10	8.58948e+09	7.42910e+10	6.37223e+08	1.89445e+08	4.67612e+11	2.86407e+08	1.06603e+07	9.66224e+07	2.35461e+09	2.75717e+10	9.70491e+09	5.94758e+09	8.37956e+07	3.42822e+08
3.63078e+13	1.34347e+16	4.08153e+10	2.86563e+11	2.89537e+10	8.77342e+09	7.07539e+10	5.47561e+08	2.06844e+08	4.48429e+11	2.33865e+08	8.33324e+06	9.56059e+07	2.36156e+09	2.66767e+10	9.09977e+09	5.22158e+09	9.08865e+07	3.50384e+08
3.63078e+13	1.27648e+16	4.05772e+10	2.72521e+11	2.60311e+10	8.95893e+09	6.73145e+10	4.70073e+08	2.25527e+08	4.29310e+11	1.90535e+08	6.50104e+06	9.45067e+07	2.36810e+09	2.57790e+10	8.51848e+09	4.57803e+09	9.84203e+07	3.57533e+08
3.63078e+13	1.21270e+16	4.03258e+10	2.58990e+11	2.33674e+10	9.14545e+09	6.39647e+10	4.03041e+08	2.45583e+08	4.10253e+11	1.54814e+08	5.05884e+06	9.33249e+07	2.37445e+09	2.48793e+10	7.96040e+09	4.00760e+09	1.06424e+08	3.64250e+08
3.63078e+13	1.15229e+16	4.00633e+10	2.46030e+11	2.09537e+10	9.33269e+09	6.07222e+10	3.45356e+08	2.67002e+08	3.91409e+11	1.25553e+08	3.93063e+06	9.20754e+07	2.38052e+09	2.39866e+10	7.42866e+09	3.50485e+09	1.14873e+08	3.70494e+08
3.63078e+13	1.09493e+16	3.97891e+10	2.33594e+11	1.87648e+10	9.52004e+09	5.75790e+10	2.95654e+08	2.89862e+08	3.72776e+11	1.01586e+08	3.04800e+06	9.07603e+07	2.38649e+09	2.31013e+10	6.92199e+09	3.06162e+09	1.23787e+08	3.76259e+08
3.63078e+13	1.04047e+16	3.95032e+10	2.21669e+11	1.67826e+10	9.70690e+09	5.45353e+10	2.52873e+08	3.14207e+08	3.54399e+11	8.20045e+07	2.35898e+06	8.93855e+07	2.39244e+09	2.22260e+10	6.44036e+09	2.67152e+09	1.33167e+08	3.81527e+08
3.63078e+13	9.88745e+15	3.92058e+10	2.10242e+11	1.49903e+10	9.89259e+09	5.15910e+10	2.16084e+08	3.40077e+08	3.36323e+11	6.60424e+07	1.82223e+06	8.79565e+07	2.39840e+09	2.13630e+10	5.98354e+09	2.32871e+09	1.43012e+08	3.86285e+08
3.63078e+13	9.39631e+15	3.88969e+10	1.99300e+11	1.33719e+10	1.00763e+10	4.87458e+10	1.84477e+08	3.67501e+08	3.18587e+11	5.30623e+07	1.40496e+06	8.64788e+07	2.40442e+09	2.05143e+10	5.55118e+09	2.02788e+09	1.53317e+08	3.90522e+08
3.63078e+13	8.93116e+15	3.85776e+10	1.88857e+11	1.19160e+10	1.02575e+10	4.60061e+10	1.57403e+08	3.96455e+08	3.01273e+11	4.25515e+07	1.08183e+06	8.49620e+07	2.41044e+09	1.96841e+10	5.14389e+09	1.76473e+09	1.64052e+08	3.94222e+08
3.63078e+13	8.48811e+15	3.82459e+10	1.78839e+11	1.06019e+10	1.04349e+10	4.33568e+10	1.34125e+08	4.27051e+08	2.84321e+11	3.40249e+07	8.31037e+05	8.34020e+07	2.41663e+09	1.88684e+10	4.75876e+09	1.53389e+09	1.75250e+08	3.97396e+08
3.63078e+13	8.06751e+15	3.79032e+10	1.69268e+11	9.42081e+09	1.06077e+10	4.08056e+10	1.14186e+08	4.59238e+08	2.67817e+11	2.71432e+07	6.37297e+05	8.18087e+07	2.42290e+09	1.80715e+10	4.39652e+09	1.33215e+09	1.86872e+08	4.00028e+08
3.63078e+13	7.66810e+15	3.75494e+10	1.60127e+11	8.36064e+09	1.07748e+10	3.83510e+10	9.71162e+07	4.93014e+08	2.51784e+11	2.16011e+07	4.87884e+05	8.01866e+07	2.42921e+09	1.72940e+10	4.05627e+09	1.15598e+09	1.98898e+08	4.02122e+08
3.63078e+13	7.28879e+15	3.71846e+10	1.51401e+11	7.41038e+09	1.09352e+10	3.59920e+10	8.25167e+07	5.28357e+08	2.36249e+11	1.71491e+07	3.72879e+05	7.85399e+07	2.43554e+09	1.65366e+10	3.73727e+09	1.00231e+09	2.11307e+08	4.03677e+08
3.63078e+13	6.92858e+15	3.68090e+10	1.43078e+11	6.55988e+09	1.10877e+10	3.37279e+10	7.00408e+07	5.65235e+08	2.21233e+11	1.35815e+07	2.84522e+05	7.68727e+07	2.44186e+09	1.57998e+10	3.43873e+09	8.68410e+08	2.24074e+08	4.04696e+08
3.63078e+13	6.58650e+15	3.64226e+10	1.35142e+11	5.79977e+09	1.12312e+10	3.15575e+10	5.93893e+07	6.03600e+08	2.06755e+11	1.07300e+07	2.16764e+05	7.51892e+07	2.44809e+09	1.50841e+10	3.15979e+09	7.51843e+08	2.37167e+08	4.05186e+08
3.63078e+13	6.26163e+15	3.60257e+10	1.27582e+11	5.12142e+09	1.13644e+10	2.94799e+10	5.03036e+07	6.43388e+08	1.92833e+11	8.45641e+06	1.64894e+05	7.34931e+07	2.45419e+09	1.43897e+10	2.89960e+09	6.50459e+08	2.50555e+08	4.05155e+08
3.63078e+13	5.95309e+15	3.56183e+10	1.20382e+11	4.51690e+09	1.14861e+10	2.74938e+10	4.25607e+07	6.84523e+08	1.79479e+11	6.64827e+06	1.25254e+05	7.17882e+07	2.46009e+09	1.37167e+10	2.65730e+09	5.62356e+08	2.64203e+08	4.04612e+08
3.63078e+13	5.65932e+15	3.51995e+10	1.13514e+11	3.97786e+09	1.15947e+10	2.55940e+10	3.59564e+07	7.26975e+08	1.66675e+11	5.21165e+06	9.49627e+04	7.00732e+07	2.46574e+09	1.30634e+10	2.43149e+09	4.85725e+08	2.78099e+08	4.03565e+08
3.63078e+13	5.38178e+15	3.47732e+10	1.07016e+11	3.50092e+09	1.16904e+10	2.37920e+10	3.03617e+07	7.70446e+08	1.54514e+11	4.07916e+06	7.19788e+04	6.83656e+07	2.47091e+09	1.24351e+10	2.22291e+09	4.19495e+08	2.92123e+08	4.02044e+08
3.63078e+13	5.11747e+15	3.43360e+10	1.00823e+11	3.07671e+09	1.17707e+10	2.20737e+10	2.55977e+07	8.15005e+08	1.42914e+11	3.18356e+06	5.44612e+04	6.66543e+07	2.47567e+09	1.18264e+10	2.02911e+09	3.61962e+08	3.06314e+08	4.00047e+08
3.63078e+13	4.86642e+15	3.38893e+10	9.49403e+10	2.70078e+09	1.18349e+10	2.04421e+10	2.15541e+07	8.60455e+08	1.31906e+11	2.47857e+06	0	6.49469e+07	2.47988e+09	1.12389e+10	1.84979e+09	3.12123e+08	3.20605e+08	3.97596e+08
3.63078e+13	4.62796e+15	3.34334e+10	8.93549e+10	2.36808e+09	1.18821e+10	1.88957e+10	1.81258e+07	9.06647e+08	1.21487e+11	1.92505e+06	0	6.32461e+07	2.48345e+09	1.06722e+10	1.68412e+09	2.68978e+08	3.34954e+08	3.94708e+08
3.63078e+13	4.40145e+15	3.29686e+10	8.40553e+10	2.07405e+09	1.19115e+10	1.74329e+10	1.52225e+07	9.53427e+08	1.11654e+11	1.49157e+06	0	6.15546e+07	2.48627e+09	1.01262e+10	1.53130e+09	2.31655e+08	3.49318e+08	3.91403e+08
3.63078e+13	4.18572e+15	3.24939e+10	7.90164e+10	1.81400e+09	1.19216e+10	1.60492e+10	1.27623e+07	1.00070e+09	1.02379e+11	1.15243e+06	0	5.98701e+07	2.48829e+09	9.59906e+09	1.39023e+09	1.99331e+08	3.63684e+08	3.87690e+08
3.63078e+13	3.98190e+15	3.20138e+10	7.42669e+10	1.58577e+09	1.19138e+10	1.47519e+10	1.06923e+07	1.04808e+09	9.37121e+10	8.89167e+05	0	5.82089e+07	2.48930e+09	9.09492e+09	1.26114e+09	1.71516e+08	3.77927e+08	3.83625e+08
3.63078e+13	3.78772e+15	3.15245e+10	6.97554e+10	1.38438e+09	1.18858e+10	1.35299e+10	8.94201e+06	1.09561e+09	8.55825e+10	6.84146e+05	0	5.65589e+07	2.48932e+09	8.60892e+09	1.14232e+09	1.47450e+08	3.92095e+08	3.79192e+08
3.63078e+13	3.60275e+15	3.10264e+10	6.54732e+10	1.20694e+09	1.18372e+10	1.23818e+10	7.46472e+06	1.14311e+09	7.79799e+10	5.24963e+05	0	5.49226e+07	2.48824e+09	8.14092e+09	1.03313e+09	1.26648e+08	4.06146e+08	3.74412e+08
3.63078e+13	3.42751e+15	3.05229e+10	6.14334e+10	1.05149e+09	1.17696e+10	1.13106e+10	6.22455e+06	1.19027e+09	7.09211e+10	4.02129e+05	0	5.33107e+07	2.48591e+09	7.69322e+09	9.33449e+08	1.08749e+08	4.19990e+08	3.69336e+08
3.63078e+13	3.26101e+15	3.00129e+10	5.76137e+10	9.15143e+08	1.16822e+10	1.03114e+10	5.18272e+06	1.23698e+09	6.43711e+10	3.07381e+05	0	5.17204e+07	2.48229e+09	7.26407e+09	8.42350e+08	9.33250e+07	4.33622e+08	3.63973e+08
3.63078e+13	3.10282e+15	2.94969e+10	5.40042e+10	7.95700e+08	1.15754e+10	9.38164e+09	4.30880e+06	1.28308e+09	5.83101e+10	2.34470e+05	0	5.01532e+07	2.47729e+09	6.85303e+09	7.59218e+08	8.00420e+07	4.47012e+08	3.58346e+08
3.63078e+13	2.95293e+15	2.89771e+10	5.06050e+10	6.91413e+08	1.14508e+10	8.52068e+09	3.57826e+06	1.32834e+09	5.27294e+10	1.78589e+05	0	4.86151e+07	2.47084e+09	6.46089e+09	6.83659e+08	6.86322e+07	4.60101e+08	3.52497e+08
3.63078e+13	2.81008e+15	2.84509e+10	4.73872e+10	6.00045e+08	1.13072e+10	7.72187e+09	2.96602e+06	1.37277e+09	4.75820e+10	1.35696e+05	0	4.70983e+07	2.46288e+09	6.08484e+09	6.14733e+08	5.87963e+07	4.72921e+08	3.46412e+08
3.63078e+13	2.67433e+15	2.79203e+10	4.43519e+10	5.20280e+08	1.11464e+10	6.98443e+09	2.45489e+06	1.41615e+09	4.28583e+10	1.02915e+05	0	4.56086e+07	2.45335e+09	5.72567e+09	5.52119e+08	5.03412e+07	4.85419e+08	3.40131e+08
3.63078e+13	2.54533e+15	2.73859e+10	4.14904e+10	4.50720e+08	1.09694e+10	6.30543e+09	2.02886e+06	1.45836e+09	3.85346e+10	7.79154e+04	0	4.41468e+07	2.44220e+09	5.38294e+09	4.95321e+08	4.30773e+07	4.97574e+08	3.33677e+08
3.63078e+13	2.42273e+15	2.68483e+10	3.87944e+10	3.90126e+08	1.07773e+10	5.68191e+09	1.67434e+06	1.49931e+09	3.45876e+10	5.88908e+04	0	4.27140e+07	2.42938e+09	5.05623e+09	4.43875e+08	3.68409e+07	5.09367e+08	3.27072e+08
3.63078e+13	2.30620e+15	2.63080e+10	3.62559e+10	3.37397e+08	1.05715e+10	5.11082e+09	1.37982e+06	1.53889e+09	3.09934e+10	4.44416e+04	0	4.13109e+07	2.41488e+09	4.74510e+09	3.97343e+08	3.14897e+07	5.20780e+08	3.20337e+08
3.63078e+13	2.19510e+15	2.57639e+10	3.38595e+10	2.91451e+08	1.03522e+10	4.58787e+09	1.13503e+06	1.57710e+09	2.77212e+10	3.34684e+04	0	3.99338e+07	2.39862e+09	4.44812e+09	3.55204e+08	2.68909e+07	5.31827e+08	3.13470e+08
3.63078e+13	2.08984e+15	2.52202e+10	3.16131e+10	2.51657e+08	1.01230e+10	4.11256e+09	9.32817e+05	1.61376e+09	2.47632e+10	2.51846e+04	0	3.85922e+07	2.38067e+09	4.16687e+09	3.17307e+08	2.29596e+07	5.42438e+08	3.06537e+08
3.63078e+13	1.98978e+15	2.46756e+10	2.95018e+10	2.17133e+08	9.88423e+09	3.68052e+09	7.65633e+05	1.64887e+09	2.20889e+10	1.89270e+04	0	3.72821e+07	2.36099e+09	3.89986e+09	2.83173e+08	1.95925e+07	5.52630e+08	2.99535e+08
3.63078e+13	1.89467e+15	2.41308e+10	2.75185e+10	1.87209e+08	9.63739e+09	3.28875e+09	6.27626e+05	1.68240e+09	1.96762e+10	1.42076e+04	0	3.60039e+07	2.33959e+09	3.64666e+09	2.52470e+08	1.67104e+07	5.62392e+08	2.92482e+08
3.63078e+13	1.80425e+15	2.35865e+10	2.56567e+10	1.61296e+08	9.38390e+09	2.93433e+09	5.13878e+05	1.71435e+09	1.75043e+10	0	0	3.47578e+07	2.31650e+09	3.40683e+09	2.24888e+08	1.42449e+07	5.71715e+08	2.85398e+08
3.63078e+13	1.71828e+15	2.30431e+10	2.39100e+10	1.38876e+08	9.12519e+09	2.61443e+09	4.20264e+05	1.74471e+09	1.55529e+10	0	0	3.35441e+07	2.29175e+09	3.17990e+09	2.00143e+08	1.21371e+07	5.80590e+08	2.78298e+08
3.63078e+13	1.63656e+15	2.25014e+10	2.22722e+10	1.19497e+08	8.86264e+09	2.32631e+09	3.43333e+05	1.77348e+09	1.38032e+10	0	0	3.23629e+07	2.26538e+09	2.96543e+09	1.77971e+08	1.03363e+07	5.89010e+08	2.71199e+08
3.63078e+13	1.55884e+15	2.19618e+10	2.07373e+10	1.02758e+08	8.59750e+09	2.06733e+09	2.80192e+05	1.80068e+09	1.22369e+10	0	0	3.12140e+07	2.23743e+09	2.76294e+09	1.58126e+08	8.79839e+06	5.96974e+08	2.64115e+08
3.63078e+13	1.48495e+15	2.14251e+10	1.93001e+10	8.83130e+07	8.33109e+09	1.83504e+09	2.28446e+05	1.82634e+09	1.08375e+10	0	0	3.00977e+07	2.20797e+09	2.57204e+09	1.40388e+08	7.48609e+06	6.04466e+08	2.57064e+08
3.63078e+13	1.41469e+15	2.08918e+10	1.79549e+10	7.58575e+07	8.06452e+09	1.62707e+09	1.86090e+05	1.85049e+09	9.58915e+09	0	0	2.90137e+07	2.17706e+09	2.39225e+09	1.24550e+08	6.36684e+06	6.11485e+08	2.50057e+08
3.63078e+13	1.34788e+15	2.03624e+10	1.66966e+10	6.51251e+07	7.79887e+09	1.44121e+09	1.51461e+05	1.87317e+09	8.47720e+09	0	0	2.79620e+07	2.14478e+09	2.22313e+09	1.10424e+08	5.41278e+06	6.18027e+08	2.43106e+08
3.63078e+13	1.28463e+15	1.98400e+10	1.55255e+10	5.59136e+07	7.53648e+09	1.27588e+09	1.23256e+05	1.89438e+09	7.49114e+09	0	0	2.69467e+07	2.11135e+09	2.06495e+09	9.78818e+07	4.60246e+06	6.24060e+08	2.36256e+08
3.63078e+13	1.22420e+15	1.93202e+10	1.44264e+10	4.79590e+07	7.27545e+09	1.12811e+09	1.00173e+05	1.91427e+09	6.61237e+09	0	0	2.59584e+07	2.07660e+09	1.91579e+09	8.66759e+07	3.91006e+06	6.29635e+08	2.29453e+08
3.63078e+13	1.16673e+15	1.88059e+10	1.34001e+10	4.11191e+07	7.01794e+09	9.96665e+08	8.13614e+04	1.93284e+09	5.83277e+09	0	0	2.50014e+07	2.04074e+09	1.77598e+09	7.67114e+07	3.32079e+06	6.34718e+08	2.22740e+08
3.63078e+13	1.11206e+15	1.82976e+10	1.24423e+10	3.52413e+07	6.76462e+09	8.79902e+08	6.60440e+04	1.95014e+09	5.14194e+09	0	0	2.40752e+07	2.00388e+09	1.64506e+09	6.78587e+07	2.81955e+06	6.39310e+08	2.16124e+08
3.63078e+13	1.06007e+15	1.77957e+10	1.15490e+10	3.01932e+07	6.51609e+09	7.76314e+08	5.35827e+04	1.96623e+09	4.53042e+09	0	0	2.31794e+07	1.96611e+09	1.52263e+09	6.00007e+07	2.39337e+06	6.43405e+08	2.09613e+08
3.63078e+13	1.01061e+15	1.73007e+10	1.07163e+10	2.58604e+07	6.27285e+09	6.84525e+08	4.34530e+04	1.98118e+09	3.98966e+09	0	0	2.23135e+07	1.92755e+09	1.40826e+09	5.30314e+07	2.03120e+06	6.47000e+08	2.03215e+08
3.63078e+13	9.63564e+14	1.68131e+10	9.94052e+09	2.21435e+07	6.03534e+09	6.03282e+08	3.52247e+04	1.99503e+09	3.51191e+09	0	0	2.14771e+07	1.88829e+09	1.30156e+09	4.68553e+07	1.72357e+06	6.50087e+08	1.96937e+08
3.63078e+13	9.18549e+14	1.63302e+10	9.21403e+09	1.89433e+07	5.80240e+09	5.31159e+08	2.85226e+04	2.00788e+09	3.08858e+09	0	0	2.06648e+07	1.84825e+09	1.20150e+09	4.13620e+07	1.46128e+06	6.52702e+08	1.90745e+08
3.63078e+13	8.76224e+14	1.58610e+10	8.54575e+09	1.62244e+07	5.57871e+09	4.67963e+08	2.31252e+04	2.01968e+09	2.71813e+09	0	0	1.98900e+07	1.80815e+09	1.10949e+09	3.65443e+07	1.24057e+06	6.54767e+08	1.84757e+08
3.63078e+13	8.35708e+14	1.53973e+10	7.92031e+09	1.38841e+07	5.36008e+09	4.11932e+08	1.87304e+04	2.03060e+09	2.39020e+09	0	0	1.91382e+07	1.76747e+09	1.02335e+09	3.22625e+07	1.05240e+06	6.56352e+08	1.78864e+08
3.63078e+13	7.96920e+14	1.49392e+10	7.33527e+09	1.18712e+07	5.14671e+09	3.62305e+08	1.51556e+04	2.04066e+09	2.10014e+09	0	0	1.84088e+07	1.72627e+09	9.42822e+08	2.84603e+07	8.92089e+05	6.57442e+08	1.73071e+08
3.63078e+13	7.60248e+14	1.44930e+10	6.79508e+09	1.01566e+07	4.94157e+09	3.18762e+08	1.22718e+04	2.04988e+09	1.84592e+09	0	0	1.77105e+07	1.68515e+09	8.68592e+08	2.51180e+07	7.56818e+05	6.58010e+08	1.67455e+08
3.63078e+13	7.25351e+14	1.40558e+10	6.29332e+09	8.68924e+06	4.74326e+09	2.80403e+08	9.93617e+03	2.05833e+09	1.62222e+09	0	0	1.70379e+07	1.64396e+09	7.99767e+08	2.21664e+07	6.42124e+05	6.58078e+08	1.61980e+08
3.63078e+13	6.92144e+14	1.36280e+10	5.82749e+09	7.43389e+06	4.55178e+09	2.46631e+08	8.04501e+03	2.06606e+09	1.42546e+09	0	0	1.63903e+07	1.60280e+09	7.36021e+08	1.95609e+07	5.44899e+05	6.57646e+08	1.56649e+08
3.63078e+13	6.60550e+14	1.32097e+10	5.39528e+09	6.36029e+06	4.36717e+09	2.16914e+08	6.51423e+03	2.07310e+09	1.25248e+09	0	0	1.57673e+07	1.56176e+09	6.77064e+08	1.72622e+07	4.62511e+05	6.56704e+08	1.51463e+08
3.63078e+13	6.30490e+14	1.28012e+10	4.99447e+09	5.44234e+06	4.18936e+09	1.90777e+08	5.27537e+03	2.07951e+09	1.10047e+09	0	0	1.51682e+07	1.52093e+09	6.22598e+08	1.52348e+07	3.92708e+05	6.55250e+08	1.46424e+08
3.63078e+13	6.01880e+14	1.24023e+10	4.62281e+09	4.65744e+06	4.01821e+09	1.67792e+08	4.27271e+03	2.08532e+09	9.66895e+08	0	0	1.45921e+07	1.48038e+09	5.72282e+08	1.34467e+07	3.33545e+05	6.53316e+08	1.41529e+08
3.63078e+13	5.74648e+14	1.20133e+10	4.27832e+09	3.98637e+06	3.85360e+09	1.47583e+08	3.46125e+03	2.09057e+09	8.49559e+08	0	0	1.40384e+07	1.44021e+09	5.25838e+08	1.18701e+07	2.83401e+05	6.50908e+08	1.36778e+08
3.63078e+13	5.48725e+14	1.16342e+10	3.95912e+09	3.41266e+06	3.69541e+09	1.29820e+08	2.80454e+03	2.09529e+09	7.46504e+08	0	0	1.35062e+07	1.40048e+09	4.83003e+08	1.04800e+07	2.40896e+05	6.48036e+08	1.32170e+08
3.63078e+13	5.24047e+14	1.12649e+10	3.66347e+09	2.92223e+06	3.54349e+09	1.14209e+08	2.27304e+03	2.09952e+09	6.56009e+08	0	0	1.29951e+07	1.36125e+09	4.43526e+08	9.25470e+06	2.04865e+05	6.44711e+08	1.27704e+08
3.63078e+13	5.00727e+14	1.09082e+10	3.39168e+09	2.50510e+06	3.39879e+09	1.00557e+08	1.84460e+03	2.10329e+09	5.76922e+08	0	0	1.25078e+07	1.32287e+09	4.07441e+08	8.18013e+06	1.74468e+05	6.40971e+08	1.23412e+08
3.63078e+13	4.78357e+14	1.05587e+10	3.13820e+09	2.14644e+06	3.25893e+09	8.84985e+07	1.49607e+03	2.10664e+09	5.07129e+08	0	0	1.20366e+07	1.28484e+09	3.73968e+08	7.22761e+06	1.48542e+05	6.36781e+08	1.19226e+08
3.63078e+13	4.57058e+14	1.02191e+10	2.90363e+09	1.83980e+06	3.12485e+09	7.79039e+07	1.21387e+03	2.10958e+09	4.45857e+08	0	0	1.15843e+07	1.24747e+09	3.43182e+08	6.38802e+06	1.26550e+05	6.32178e+08	1.15177e+08
3.63078e+13	4.36777e+14	9.88925e+09	2.68662e+09	1.57761e+06	2.99637e+09	6.85954e+07	9.85331e+02	2.11214e+09	3.92066e+08	0	0	1.11503e+07	1.21081e+09	3.14884e+08	5.64793e+06	1.07889e+05	6.27178e+08	1.11264e+08
3.63078e+13	4.17265e+14	9.56579e+09	2.48388e+09	1.35180e+06	2.87201e+09	6.03623e+07	7.99146e+02	2.11435e+09	3.44535e+08	0	0	1.07297e+07	1.17453e+09	2.88618e+08	4.99090e+06	9.19376e+04	6.21738e+08	1.07443e+08
3.63078e+13	3.98875e+14	9.25530e+09	2.29837e+09	1.16018e+06	2.75418e+09	5.31804e+07	6.49296e+02	2.11622e+09	3.03104e+08	0	0	1.03305e+07	1.13939e+09	2.64759e+08	4.41605e+06	7.84984e+04	6.15990e+08	1.03792e+08
3.63078e+13	3.81554e+14	8.95770e+09	2.12871e+09	9.97467e+05	2.64267e+09	4.69135e+07	5.28561e+02	2.11779e+09	2.66979e+08	0	0	9.95203e+06	1.10543e+09	2.43103e+08	3.91290e+06	6.71648e+04	6.09970e+08	1.00308e+08
3.63078e+13	3.64868e+14	8.66614e+09	1.97010e+09	8.57024e+05	2.53474e+09	4.13620e+07	4.29944e+02	2.11905e+09	2.35012e+08	0	0	9.58509e+06	1.07193e+09	2.23002e+08	3.46544e+06	5.74484e+04	6.03562e+08	9.69083e+07
3.63078e+13	3.48848e+14	8.38155e+09	1.82237e+09	7.36150e+05	2.43064e+09	3.64570e+07	3.49596e+02	2.12004e+09	2.06800e+08	0	0	9.23059e+06	1.03901e+09	2.04416e+08	3.06859e+06	4.91394e+04	5.96805e+08	9.36043e+07
3.63078e+13	3.33834e+14	8.11064e+09	1.68804e+09	6.33831e+05	2.33271e+09	3.21906e+07	0	2.12077e+09	1.82279e+08	0	0	8.89642e+06	1.00746e+09	1.87669e+08	2.72230e+06	4.21499e+04	5.89863e+08	9.04718e+07
3.63078e+13	3.19408e+14	7.84639e+09	1.56288e+09	5.45621e+05	2.23825e+09	2.84166e+07	0	2.12125e+09	1.60615e+08	0	0	8.57355e+06	9.76520e+08	1.72182e+08	2.41477e+06	3.61591e+04	5.82615e+08	8.74285e+07
3.63078e+13	3.05663e+14	7.59091e+09	1.44724e+09	4.70015e+05	2.14794e+09	2.50964e+07	0	2.12150e+09	1.41579e+08	0	0	8.26425e+06	9.46452e+08	1.57992e+08	2.14321e+06	3.10530e+04	5.75131e+08	8.44975e+07
3.63078e+13	2.92448e+14	7.34180e+09	1.33948e+09	4.04799e+05	2.06081e+09	2.21582e+07	0	2.12152e+09	1.24755e+08	0	0	7.96532e+06	9.16998e+08	1.44874e+08	1.90192e+06	2.66715e+04	5.67372e+08	8.16503e+07
3.63078e+13	2.80084e+14	7.10558e+09	1.24173e+09	3.49566e+05	1.97904e+09	1.96029e+07	0	2.12135e+09	1.10138e+08	0	0	7.68428e+06	8.88934e+08	1.33090e+08	1.69132e+06	2.29797e+04	5.59548e+08	7.89605e+07
3.63078e+13	2.68074e+14	6.87312e+09	1.14972e+09	3.01523e+05	1.89938e+09	1.73246e+07	0	2.12096e+09	9.71280e+07	0	0	7.40998e+06	8.61221e+08	1.22081e+08	1.50275e+06	1.97827e+04	5.51427e+08	7.63228e+07
3.63078e+13	2.56736e+14	6.65091e+09	1.06555e+09	2.60553e+05	1.82396e+09	1.53308e+07	0	2.12039e+09	8.57572e+07	0	0	7.14987e+06	8.34630e+08	1.12106e+08	1.33707e+06	1.70682e+04	5.43227e+08	7.38102e+07
3.63078e+13	2.45928e+14	6.43652e+09	9.87803e+08	2.25345e+05	1.75188e+09	1.35739e+07	0	2.11965e+09	7.57521e+07	0	0	6.90084e+06	8.08892e+08	1.02974e+08	1.19047e+06	1.47449e+04	5.34903e+08	7.13944e+07
3.63078e+13	2.35623e+14	6.22975e+09	9.15977e+08	1.95068e+05	1.68298e+09	1.20250e+07	0	2.11874e+09	6.69457e+07	0	0	6.66243e+06	7.83997e+08	9.46136e+07	1.06068e+06	1.27540e+04	5.26481e+08	6.90719e+07
3.63078e+13	2.25797e+14	6.03038e+09	8.49620e+08	1.69014e+05	1.61712e+09	1.06590e+07	0	2.11767e+09	5.91917e+07	0	0	6.43420e+06	7.59932e+08	8.69595e+07	9.45709e+05	1.10463e+04	5.17980e+08	6.68398e+07
3.63078e+13	2.16426e+14	5.83820e+09	7.88311e+08	1.46578e+05	1.55416e+09	9.45356e+06	0	2.11645e+09	5.23618e+07	0	0	6.21573e+06	7.36683e+08	7.99519e+07	8.43812e+05	9.58007e+03	5.09421e+08	6.46950e+07
3.63078e+13	2.07489e+14	5.65302e+09	7.31660e+08	1.27244e+05	1.49397e+09	8.38947e+06	0	2.11508e+09	4.63436e+07	0	0	6.00660e+06	7.14235e+08	7.35359e+07	7.53452e+05	8.31968e+03	5.00825e+08	6.26345e+07
3.63078e+13	1.98963e+14	5.47460e+09	6.79307e+08	1.10570e+05	1.43643e+09	7.44964e+06	0	2.11358e+09	4.10384e+07	0	0	5.80642e+06	6.92569e+08	6.76608e+07	6.73274e+05	7.23503e+03	4.92210e+08	6.06552e+07
3.63078e+13	1.90830e+14	5.30276e+09	6.30919e+08	9.61786e+04	1.38141e+09	6.61917e+06	0	2.11194e+09	3.63599e+07	0	0	5.61481e+06	6.71670e+08	6.22806e+07	6.02091e+05	6.30055e+03	4.83594e+08	5.87543e+07
3.63078e+13	1.83106e+14	5.13807e+09	5.86398e+08	8.37854e+04	1.32905e+09	5.88708e+06	0	2.11020e+09	3.22443e+07	0	0	5.43229e+06	6.51617e+08	5.73752e+07	5.39038e+05	5.49689e+03	4.75040e+08	5.69377e+07
3.63078e+13	1.75663e+14	4.97794e+09	5.44833e+08	7.29995e+04	1.27849e+09	5.23546e+06	0	2.10830e+09	2.85891e+07	0	0	5.25585e+06	6.32096e+08	5.28385e+07	4.82640e+05	4.79835e+03	4.66429e+08	5.51763e+07
3.63078e+13	1.68630e+14	4.82533e+09	5.06775e+08	6.37292e+04	1.23060e+09	4.66238e+06	0	2.10632e+09	2.53816e+07	0	0	5.08866e+06	6.13477e+08	4.87218e+07	4.32787e+05	4.19827e+03	4.57957e+08	5.35022e+07
3.63078e+13	1.61880e+14	4.67766e+09	4.71385e+08	5.56706e+04	1.18455e+09	4.15312e+06	0	2.10422e+09	2.25382e+07	0	0	4.92776e+06	5.95449e+08	4.49282e+07	3.88260e+05	3.67682e+03	4.49504e+08	5.18865e+07
3.63078e+13	1.55436e+14	4.53555e+09	4.38646e+08	4.86851e+04	1.14049e+09	3.70191e+06	0	2.10202e+09	2.00250e+07	0	0	4.77374e+06	5.78090e+08	4.14513e+07	3.48600e+05	3.22483e+03	4.41124e+08	5.03357e+07
3.63078e+13	1.49283e+14	4.39880e+09	4.08350e+08	4.26239e+04	1.09832e+09	3.30188e+06	0	2.09971e+09	1.78026e+07	0	0	4.62630e+06	5.61380e+08	3.82630e+07	3.13251e+05	2.83251e+03	4.32832e+08	4.88473e+07
3.63078e+13	1.43406e+14	4.26722e+09	3.80305e+08	3.73595e+04	1.05797e+09	2.94702e+06	0	2.09732e+09	1.58361e+07	0	0	4.48514e+06	5.45298e+08	3.53383e+07	2.81720e+05	2.49153e+03	4.24639e+08	4.74186e+07
3.63078e+13	1.37793e+14	4.14061e+09	3.54338e+08	3.27827e+04	1.01933e+09	2.63202e+06	0	2.09483e+09	1.40954e+07	0	0	4.34998e+06	5.29823e+08	3.26545e+07	2.53575e+05	2.19477e+03	4.16553e+08	4.60474e+07
3.63078e+13	1.32429e+14	4.01879e+09	3.30287e+08	2.87997e+04	9.82328e+08	2.35226e+06	0	2.09226e+09	1.25535e+07	0	0	4.22056e+06	5.14936e+08	3.01910e+07	2.28434e+05	1.93616e+03	4.08585e+08	4.47313e+07
3.63078e+13	1.27303e+14	3.90158e+09	3.08003e+08	2.53299e+04	9.46888e+08	2.10361e+06	0	2.08961e+09	1.11872e+07	0	0	4.09661e+06	5.00616e+08	2.79285e+07	2.05960e+05	1.71048e+03	4.00718e+08	4.34681e+07
3.63078e+13	1.22405e+14	3.78882e+09	2.87351e+08	2.23042e+04	9.12936e+08	1.88249e+06	0	2.08689e+09	9.97566e+06	0	0	3.97791e+06	4.86844e+08	2.58501e+07	1.85854e+05	1.51329e+03	3.92985e+08	4.22558e+07
3.63078e+13	1.17721e+14	3.68033e+09	2.68204e+08	1.96629e+04	8.80401e+08	1.68574e+06	0	2.08409e+09	8.90086e+06	0	0	3.86421e+06	4.73600e+08	2.39400e+07	1.67854e+05	1.34076e+03	3.85393e+08	4.10921e+07
3.63078e+13	1.13243e+14	3.57595e+09	2.50446e+08	1.73547e+04	8.49215e+08	1.51054e+06	0	2.08122e+09	7.94680e+06	0	0	3.75529e+06	4.60866e+08	2.21837e+07	1.51727e+05	1.18959e+03	3.77947e+08	3.99752e+07
3.63078e+13	1.08961e+14	3.47551e+09	2.33971e+08	1.53356e+04	8.19316e+08	1.35445e+06	0	2.07829e+09	7.09944e+06	0	0	3.65094e+06	4.48623e+08	2.05683e+07	1.37266e+05	1.05696e+03	3.70650e+08	3.89031e+07
3.63078e+13	1.04865e+14	3.37888e+09	2.18680e+08	1.35673e+04	7.90643e+08	1.21528e+06	0	2.07530e+09	6.34643e+06	0	0	3.55096e+06	4.36853e+08	1.90817e+07	1.24291e+05	9.40444e+02	3.63506e+08	3.78740e+07
3.63078e+13	1.00946e+14	3.28589e+09	2.04483e+08	1.20171e+04	7.63139e+08	1.09113e+06	0	2.07226e+09	5.67686e+06	0	0	3.45515e+06	4.25537e+08	1.77131e+07	1.12638e+05	8.37944e+02	3.56518e+08	3.68861e+07
3.63078e+13	9.71959e+13	3.19639e+09	1.91296e+08	1.06566e+04	7.36746e+08	9.80295e+05	0	2.06916e+09	5.08114e+06	0	0	3.36331e+06	4.14659e+08	1.64523e+07	1.02164e+05	7.47648e+02	3.49687e+08	3.59377e+07
3.63078e+13	9.36064e+13	3.11026e+09	1.79042e+08	9.46118e+03	7.11413e+08	8.81287e+05	0	2.06601e+09	4.55079e+06	0	0	3.27528e+06	4.04202e+08	1.52904e+07	9.27435e+04	6.67998e+02	3.43014e+08	3.50270e+07
3.63078e+13	9.01701e+13	3.02735e+09	1.67651e+08	8.40973e+03	6.87091e+08	7.92788e+05	0	2.06282e+09	4.07838e+06	0	0	3.19089e+06	3.94149e+08	1.42191e+07	8.42633e+04	5.97645e+02	3.36502e+08	3.41526e+07
3.63078e+13	8.68797e+13	2.94753e+09	1.57057e+08	7.48388e+03	6.63734e+08	7.13630e+05	0	2.05958e+09	3.65733e+06	0	0	3.10996e+06	3.84485e+08	1.32308e+07	7.66234e+04	5.35420e+02	3.30149e+08	3.33128e+07
3.63078e+13	8.37283e+13	2.87068e+09	1.47201e+08	6.66769e+03	6.41294e+08	6.42780e+05	0	2.05631e+09	3.28182e+06	0	0	3.03235e+06	3.75195e+08	1.23186e+07	6.97350e+04	4.80311e+02	3.23956e+08	3.25063e+07
3.63078e+13	8.07093e+13	2.79667e+09	1.38026e+08	5.94739e+03	6.19731e+08	5.79325e+05	0	2.05300e+09	2.94672e+06	0	0	2.95791e+06	3.66262e+08	1.14762e+07	6.35192e+04	4.31438e+02	3.17922e+08	3.17317e+07
3.63078e+13	7.78165e+13	2.72539e+09	1.29483e+08	5.31099e+03	5.99003e+08	5.22455e+05	0	2.04966e+09	2.64750e+06	0	0	2.88649e+06	3.57674e+08	1.06977e+07	5.79057e+04	3.88040e+02	3.12046e+08	3.09875e+07
3.63078e+13	7.50439e+13	2.65673e+09	1.21523e+08	4.74809e+03	5.79072e+08	4.71454e+05	0	2.04629e+09	2.38015e+06	0	0	2.81796e+06	3.49416e+08	9.97797e+06	5.28321e+04	3.49453e+02	3.06326e+08	3.02725e+07
3.63078e+13	7.23751e+13	2.59029e+09	1.14075e+08	4.24851e+03	5.59825e+08	4.25584e+05	0	2.04288e+09	2.14059e+06	0	0	2.75191e+06	3.41442e+08	9.30970e+06	4.82332e+04	3.15024e+02	3.00737e+08	2.95826e+07
3.63078e+13	6.98375e+13	2.52681e+09	1.07186e+08	3.80781e+03	5.41456e+08	3.84592e+05	0	2.03948e+09	1.92732e+06	0	0	2.68905e+06	3.33839e+08	8.69596e+06	4.40882e+04	2.84475e+02	2.95350e+08	2.89251e+07
3.63078e+13	6.73932e+13	2.46536e+09	1.00732e+08	3.41569e+03	5.23704e+08	3.47666e+05	0	2.03604e+09	1.73593e+06	0	0	2.62844e+06	3.26493e+08	8.12526e+06	4.03241e+04	2.57140e+02	2.90089e+08	2.82905e+07
3.63078e+13	6.50483e+13	2.40610e+09	9.47081e+07	3.06732e+03	5.06613e+08	3.14467e+05	0	2.03259e+09	1.56451e+06	0	0	2.57023e+06	3.19428e+08	7.59642e+06	3.69111e+04	2.32712e+02	2.84976e+08	2.76804e+07
3.63078e+13	6.27983e+13	2.34897e+09	8.90829e+07	2.75747e+03	4.90154e+08	2.84599e+05	0	2.02913e+09	1.41088e+06	0	0	2.51433e+06	3.12631e+08	7.10610e+06	3.38140e+04	2.10854e+02	2.80009e+08	2.70938e+07
3.63078e+13	6.06389e+13	2.29385e+09	8.38277e+07	2.48159e+03	4.74300e+08	2.57711e+05	0	2.02565e+09	1.27311e+06	0	0	2.46063e+06	3.06092e+08	6.65125e+06	3.10012e+04	1.91271e+02	2.75185e+08	2.65297e+07
3.63078e+13	5.85658e+13	2.24067e+09	7.89155e+07	2.23568e+03	4.59021e+08	2.33491e+05	0	2.02217e+09	1.14949e+06	0	0	2.40902e+06	2.99799e+08	6.22900e+06	2.84446e+04	1.73706e+02	2.70501e+08	2.59871e+07
3.63078e+13	5.65750e+13	2.18935e+09	7.43219e+07	2.01624e+03	4.44294e+08	2.11660e+05	0	2.01868e+09	1.03849e+06	0	0	2.35943e+06	2.93743e+08	5.83679e+06	2.61190e+04	1.57930e+02	2.65954e+08	2.54652e+07
3.63078e+13	5.46630e+13	2.13980e+09	7.00243e+07	1.82022e+03	4.30094e+08	1.91972e+05	0	2.01519e+09	9.38762e+05	0	0	2.31176e+06	2.87913e+08	5.47232e+06	2.40020e+04	1.43746e+02	2.61541e+08	2.49630e+07
3.63078e+13	5.28261e+13	2.09196e+09	6.60016e+07	1.64493e+03	4.16399e+08	1.74205e+05	0	2.01170e+09	8.49113e+05	0	0	2.26592e+06	2.82301e+08	5.13338e+06	2.20732e+04	1.30978e+02	2.57260e+08	2.44798e+07
3.63078e+13	5.10534e+13	2.04555e+09	6.22198e+07	1.48766e+03	4.03134e+08	1.58127e+05	0	2.00820e+09	7.68291e+05	0	0	2.22165e+06	2.76875e+08	4.81681e+06	2.03112e+04	1.19448e+02	2.53087e+08	2.40127e+07
3.63078e+13	4.93643e+13	2.00110e+09	5.87051e+07	1.34739e+03	3.90436e+08	1.43669e+05	0	2.00473e+09	6.95893e+05	0	0	2.17944e+06	2.71695e+08	4.52440e+06	1.87100e+04	1.09090e+02	2.49076e+08	2.35670e+07
3.63078e+13	4.77332e+13	1.95794e+09	5.53968e+07	1.22124e+03	3.78129e+08	1.30566e+05	0	2.00125e+09	6.30528e+05	0	0	2.13866e+06	2.66683e+08	4.25088e+06	1.72446e+04	9.97121e+01	2.45168e+08	2.31359e+07
3.63078e+13	4.61646e+13	1.91622e+09	5.22941e+07	1.10796e+03	3.66245e+08	1.18715e+05	0	1.99779e+09	5.71624e+05	0	0	2.09940e+06	2.61855e+08	3.99592e+06	1.59054e+04	9.12322e+01	2.41378e+08	2.27207e+07
3.63078e+13	4.46558e+13	1.87587e+09	4.93831e+07	1.00613e+03	3.54767e+08	1.07989e+05	0	1.99433e+09	5.18513e+05	0	0	2.06162e+06	2.57204e+08	3.75813e+06	1.46807e+04	8.35559e+01	2.37704e+08	2.23208e+07
3.63078e+13	4.32041e+13	1.83683e+09	4.66506e+07	9.14509e+02	3.43678e+08	9.82765e+04	0	1.99089e+09	4.70596e+05	0	0	2.02525e+06	2.52721e+08	3.53621e+06	1.35597e+04	7.65994e+01	2.34141e+08	2.19356e+07
3.63078e+13	4.18072e+13	1.79904e+09	4.40844e+07	8.31980e+02	3.32964e+08	8.94772e+04	0	1.98746e+09	4.27340e+05	0	0	1.99023e+06	2.48401e+08	3.32898e+06	1.25330e+04	7.02887e+01	2.30686e+08	2.15644e+07
3.63078e+13	4.04624e+13	1.76247e+09	4.16733e+07	7.57572e+02	3.22607e+08	8.15007e+04	0	1.98405e+09	3.88270e+05	0	0	1.95649e+06	2.44236e+08	3.13537e+06	1.15918e+04	6.45578e+01	2.27337e+08	2.12066e+07
3.63078e+13	3.91678e+13	1.72704e+09	3.94070e+07	6.90421e+02	3.12595e+08	7.42665e+04	0	1.98066e+09	3.52959e+05	0	0	1.92400e+06	2.40221e+08	2.95437e+06	1.07286e+04	5.93482e+01	2.24091e+08	2.08617e+07
3.63078e+13	3.79209e+13	1.69272e+09	3.72757e+07	6.29760e+02	3.02912e+08	6.77020e+04	0	1.97729e+09	3.21028e+05	0	0	1.89269e+06	2.36348e+08	2.78506e+06	9.93611e+03	5.46076e+01	2.20944e+08	2.05292e+07
3.63078e+13	3.67199e+13	1.65946e+09	3.52705e+07	5.74911e+02	2.93548e+08	6.17424e+04	0	1.97395e+09	2.92137e+05	0	0	1.86251e+06	2.32613e+08	2.62661e+06	9.20817e+03	5.02896e+01	2.17893e+08	2.02086e+07
3.63078e+13	3.55627e+13	1.62722e+09	3.33832e+07	5.25270e+02	2.84488e+08	5.63291e+04	0	1.97062e+09	2.65982e+05	0	0	1.83342e+06	2.29010e+08	2.47820e+06	8.53900e+03	4.63526e+01	2.14936e+08	1.98993e+07
3.63078e+13	3.44474e+13	1.59594e+09	3.16060e+07	4.80302e+02	2.75721e+08	5.14096e+04	0	1.96732e+09	2.42291e+05	0	0	1.80537e+06	2.25533e+08	2.33914e+06	7.92344e+03	4.27595e+01	2.12070e+08	1.96009e+07
3.63078e+13	3.33725e+13	1.56560e+09	2.99318e+07	4.39529e+02	2.67236e+08	4.69370e+04	0	1.96405e+09	2.20820e+05	0	0	1.77832e+06	2.22177e+08	2.20877e+06	7.35679e+03	3.94774e+01	2.09291e+08	1.93131e+07
3.63078e+13	3.23359e+13	1.53615e+09	2.83538e+07	4.02527e+02	2.59021e+08	4.28686e+04	0	1.96080e+09	2.01350e+05	0	0	1.75223e+06	2.18938e+08	2.08646e+06	6.83481e+03	3.64764e+01	2.06598e+08	1.90352e+07
3.63078e+13	3.13363e+13	1.50756e+09	2.68661e+07	3.68919e+02	2.51068e+08	3.91663e+04	0	1.95759e+09	1.83685e+05	0	0	1.72705e+06	2.15811e+08	1.97167e+06	6.35366e+03	3.37300e+01	2.03987e+08	1.87670e+07
3.63078e+13	3.03721e+13	1.47978e+09	2.54629e+07	3.38366e+02	2.43367e+08	3.57958e+04	0	1.95440e+09	1.67650e+05	0	0	1.70276e+06	2.12791e+08	1.86388e+06	5.90985e+03	3.12143e+01	2.01456e+08	1.85081e+07
3.63078e+13	2.94378e+13	1.45267e+09	2.41338e+07	3.10515e+02	2.35878e+08	3.27192e+04	0	1.95123e+09	1.53056e+05	0	0	1.67921e+06	2.09862e+08	1.76214e+06	5.49957e+03	2.89042e+01	1.98991e+08	1.82570e+07
3.63078e+13	2.85401e+13	1.42644e+09	2.28841e+07	2.85206e+02	2.28652e+08	2.99222e+04	0	1.94810e+09	1.39825e+05	0	0	1.65657e+06	2.07044e+08	1.66691e+06	5.12128e+03	2.67883e+01	1.96613e+08	1.80155e+07
3.63078e+13	2.76735e+13	1.40093e+09	2.17039e+07	2.62139e+02	2.21650e+08	2.73725e+04	0	1.94501e+09	1.27795e+05	0	0	1.63471e+06	2.04322e+08	1.57732e+06	4.77165e+03	0	1.94306e+08	1.77822e+07
3.63078e+13	2.68368e+13	1.37611e+09	2.05889e+07	2.41099e+02	2.14865e+08	2.50473e+04	0	1.94195e+09	1.16852e+05	0	0	1.61360e+06	2.01692e+08	1.49300e+06	4.44832e+03	0	1.92070e+08	1.75567e+07
3.63078e+13	2.60319e+13	1.35204e+09	1.95385e+07	2.21924e+02	2.08310e+08	2.29297e+04	0	1.93894e+09	1.06911e+05	0	0	1.59328e+06	1.99158e+08	1.41384e+06	4.14951e+03	0	1.89910e+08	1.73397e+07
3.63078e+13	2.52513e+13	1.32852e+09	1.85420e+07	0	2.01934e+08	2.09933e+04	0	1.93595e+09	9.78416e+04	0	0	1.57357e+06	1.96700e+08	1.33900e+06	3.87244e+03	0	1.87807e+08	1.71291e+07
3.63078e+13	2.44971e+13	1.30561e+09	1.75995e+07	0	1.95752e+08	1.92252e+04	0	1.93299e+09	8.95792e+04	0	0	1.55452e+06	1.94322e+08	1.26844e+06	3.61573e+03	0	1.85767e+08	1.69254e+07
3.63078e+13	2.37683e+13	1.28328e+09	1.67078e+07	0	1.89757e+08	1.76104e+04	0	1.93008e+09	8.20488e+04	0	0	1.53610e+06	1.92022e+08	1.20188e+06	3.37774e+03	0	1.83789e+08	1.67285e+07
3.63078e+13	2.30639e+13	1.26152e+09	1.58639e+07	0	1.83943e+08	1.61350e+04	0	1.92719e+09	7.51822e+04	0	0	1.51830e+06	1.89798e+08	1.13907e+06	3.15699e+03	0	1.81869e+08	1.65380e+07
3.63078e+13	2.23828e+13	1.24029e+09	1.50650e+07	0	1.78305e+08	1.47865e+04	0	1.92435e+09	6.89180e+04	0	0	1.50108e+06	1.87645e+08	1.07976e+06	2.95211e+03	0	1.80008e+08	1.63538e+07
3.63078e+13	2.17244e+13	1.21959e+09	1.43084e+07	0	1.72835e+08	1.35536e+04	0	1.92154e+09	6.32011e+04	0	0	1.48442e+06	1.85562e+08	1.02373e+06	2.76184e+03	0	1.78202e+08	1.61755e+07
3.63078e+13	2.10874e+13	1.19938e+09	1.35916e+07	0	1.67528e+08	1.24259e+04	0	1.91877e+09	5.79807e+04	0	0	1.46831e+06	1.83546e+08	9.70760e+05	2.58505e+03	0	1.76450e+08	1.60030e+07
3.63078e+13	2.04713e+13	1.17965e+09	1.29123e+07	0	1.62378e+08	1.13941e+04	0	1.91603e+09	5.32118e+04	0	0	1.45272e+06	1.81594e+08	9.20665e+05	2.42068e+03	0	1.74749e+08	1.58360e+07
3.63078e+13	1.98751e+13	1.16038e+09	1.22684e+07	0	1.57380e+08	1.04499e+04	0	1.91333e+09	4.88535e+04	0	0	1.43762e+06	1.79704e+08	8.73268e+05	2.26779e+03	0	1.73099e+08	1.56743e+07
3.63078e+13	1.92981e+13	1.14155e+09	1.16579e+07	0	1.52529e+08	9.58546e+03	0	1.91068e+09	4.48687e+04	0	0	1.42301e+06	1.77873e+08	8.28389e+05	2.12549e+03	0	1.71498e+08	1.55177e+07
3.63078e+13	1.87396e+13	1.12314e+09	1.10788e+07	0	1.47820e+08	8.79383e+03	0	1.90805e+09	4.12239e+04	0	0	1.40887e+06	1.76099e+08	7.85876e+05	1.99299e+03	0	1.69943e+08	1.53661e+07
3.63078e+13	1.81989e+13	1.10515e+09	1.05295e+07	0	1.43249e+08	8.06880e+03	0	1.90547e+09	3.78888e+04	0	0	1.39517e+06	1.74381e+08	7.45610e+05	1.86954e+03	0	1.68434e+08	1.52192e+07
3.63078e+13	1.76752e+13	1.08754e+09	1.00082e+07	0	1.38811e+08	7.40444e+03	0	1.90293e+09	3.48356e+04	0	0	1.38190e+06	1.72716e+08	7.07422e+05	1.75447e+03	0	1.66969e+08	1.50769e+07
3.63078e+13	1.71681e+13	1.07031e+09	9.51346e+06	0	1.34501e+08	6.79552e+03	0	1.90042e+09	3.20394e+04	0	0	1.36905e+06	1.71103e+08	6.71192e+05	1.64715e+03	0	1.65547e+08	1.49390e+07
3.63078e+13	1.66765e+13	1.05344e+09	9.04359e+06	0	1.30312e+08	6.23708e+03	0	1.89795e+09	2.94774e+04	0	0	1.35658e+06	1.69537e+08	6.36751e+05	1.54701e+03	0	1.64165e+08	1.48053e+07
3.63078e+13	1.61988e+13	1.03686e+09	8.59638e+06	0	1.26234e+08	5.72442e+03	0	1.89552e+09	2.71260e+04	0	0	1.34447e+06	1.68015e+08	6.03999e+05	1.45345e+03	0	1.62819e+08	1.46753e+07
3.63078e+13	1.57387e+13	1.02073e+09	8.17372e+06	0	1.22293e+08	5.25551e+03	0	1.89313e+09	2.49764e+04	0	0	1.33280e+06	1.66548e+08	5.73028e+05	1.36622e+03	0	1.61520e+08	1.45501e+07
3.63078e+13	1.52913e+13	1.00487e+09	7.77115e+06	0	1.18453e+08	4.82467e+03	0	1.89078e+09	2.30017e+04	0	0	1.32145e+06	1.65120e+08	5.43515e+05	1.28465e+03	0	1.60254e+08	1.44282e+07
3.63078e+13	1.48575e+13	9.89318e+08	7.38866e+06	0	1.14720e+08	4.42927e+03	0	1.88846e+09	2.11899e+04	0	0	1.31044e+06	1.63735e+08	5.15426e+05	1.20839e+03	0	1.59024e+08	1.43100e+07
3.63078e+13	1.44368e+13	9.74067e+08	7.02513e+06	0	1.11092e+08	4.06632e+03	0	1.88618e+09	1.95267e+04	0	0	1.29977e+06	1.62390e+08	4.88692e+05	1.13707e+03	0	1.57829e+08	1.41953e+07
3.63078e+13	1.40286e+13	9.59106e+08	6.67957e+06	0	1.07564e+08	3.73308e+03	0	1.88393e+09	1.79996e+04	0	0	1.28941e+06	1.61085e+08	4.63234e+05	1.07034e+03	0	1.56667e+08	1.40840e+07
3.63078e+13	1.36326e+13	9.44422e+08	6.35104e+06	0	1.04134e+08	3.42705e+03	0	1.88173e+09	1.65968e+04	0	0	1.27935e+06	1.59818e+08	4.38971e+05	1.00787e+03	0	1.55538e+08	1.39760e+07
3.63078e+13	1.32483e+13	9.30008e+08	6.03864e+06	0	1.00796e+08	3.14594e+03	0	1.87956e+09	1.53079e+04	0	0	1.26959e+06	1.58587e+08	4.15836e+05	9.49380e+02	0	1.54440e+08	1.38711e+07
3.63078e+13	1.28753e+13	9.15852e+08	5.74154e+06	0	9.75486e+07	2.88765e+03	0	1.87742e+09	1.41231e+04	0	0	1.26011e+06	1.57391e+08	3.93757e+05	8.94581e+02	0	1.53373e+08	1.37693e+07
3.63078e+13	1.25130e+13	9.01947e+08	5.45895e+06	0	9.43876e+07	2.65028e+03	0	1.87532e+09	1.30337e+04	0	0	1.25091e+06	1.56229e+08	3.72675e+05	8.43222e+02	0	1.52335e+08	1.36703e+07
3.63078e+13	1.21612e+13	8.88282e+08	5.19011e+06	0	9.13096e+07	2.43209e+03	0	1.87326e+09	1.20316e+04	0	0	1.24197e+06	1.55100e+08	3.52525e+05	7.95069e+02	0	1.51325e+08	1.35742e+07
3.63078e+13	1.18194e+13	8.74850e+08	4.93433e+06	0	8.83113e+07	2.23147e+03	0	1.87123e+09	1.11097e+04	0	0	1.23328e+06	1.54002e+08	3.33257e+05	7.49903e+02	0	1.50342e+08	1.34808e+07
3.63078e+13	1.14872e+13	8.61626e+08	4.69084e+06	0	8.53994e+07	2.04738e+03	0	1.86923e+09	1.02603e+04	0	0	1.22484e+06	1.52934e+08	3.15031e+05	7.07503e+02	0	1.49385e+08	1.33900e+07
3.63078e+13	1.11644e+13	8.48640e+08	4.45928e+06	0	8.25519e+07	1.87769e+03	0	1.86727e+09	9.47920e+03	0	0	1.21663e+06	1.51895e+08	2.97374e+05	6.67725e+02	0	1.48455e+08	1.33018e+07
3.63078e+13	1.08505e+13	8.35865e+08	4.23890e+06	0	7.97741e+07	1.72155e+03	0	1.86534e+09	8.75988e+03	0	0	1.20865e+06	1.50883e+08	2.80441e+05	6.30375e+02	0	1.47549e+08	1.32159e+07
3.63078e+13	1.05451e+13	8.23294e+08	4.02914e+06	0	7.70624e+07	1.57784e+03	0	1.86345e+09	8.09724e+03	0	0	1.20088e+06	1.49899e+08	2.64186e+05	5.95290e+02	0	1.46667e+08	1.31323e+07
3.63078e+13	1.02479e+13	8.10920e+08	3.82947e+06	0	7.44131e+07	1.44553e+03	0	1.86158e+09	7.48666e+03	0	0	1.19331e+06	1.48939e+08	2.48564e+05	5.62322e+02	0	1.45808e+08	1.30510e+07
3.63078e+13	9.95918e+12	7.98767e+08	3.63970e+06	0	7.18274e+07	1.32379e+03	0	1.85976e+09	6.92441e+03	0	0	1.18597e+06	1.48006e+08	2.33560e+05	5.31348e+02	0	1.44972e+08	1.29720e+07
3.63078e+13	9.67615e+12	7.86717e+08	3.45822e+06	0	6.92846e+07	1.21136e+03	0	1.85795e+09	6.40460e+03	0	0	1.17876e+06	1.47090e+08	2.19049e+05	5.02185e+02	0	1.44152e+08	1.28944e+07
3.63078e+13	9.40143e+12	7.74902e+08	3.28598e+06	0	6.68007e+07	1.10791e+03	0	1.85618e+09	5.92617e+03	0	0	1.17177e+06	1.46200e+08	2.05083e+05	4.74781e+02	0	1.43355e+08	1.28192e+07
3.63078e+13	9.13453e+12	7.63311e+08	3.12244e+06	0	6.43701e+07	1.01266e+03	0	1.85444e+09	5.48563e+03	0	0	1.16497e+06	1.45334e+08	1.91613e+05	4.49019e+02	0	1.42581e+08	1.27461e+07
3.63078e+13	8.87187e+12	7.51791e+08	2.96584e+06	0	6.19659e+07	9.24486e+02	0	1.85272e+09	5.07771e+03	0	0	1.15828e+06	1.44481e+08	1.78498e+05	4.24735e+02	0	1.41818e+08	1.26741e+07
3.63078e+13	8.61609e+12	7.40480e+08	2.81713e+06	0	5.96024e+07	8.43167e+02	0	1.85103e+09	4.70194e+03	0	0	1.15176e+06	1.43648e+08	1.65777e+05	4.01893e+02	0	1.41076e+08	1.26040e+07
3.63078e+13	8.36585e+12	7.29332e+08	2.67554e+06	0	5.72671e+07	7.68001e+02	0	1.84937e+09	4.35512e+03	0	0	1.14538e+06	1.42832e+08	1.53386e+05	3.80388e+02	0	1.40349e+08	1.25354e+07
3.63078e+13	8.12058e+12	7.18337e+08	2.54071e+06	0	5.49513e+07	6.98432e+02	0	1.84773e+09	4.03494e+03	0	0	1.13912e+06	1.42029e+08	1.41274e+05	3.60135e+02	0	1.39636e+08	1.24681e+07
3.63078e+13	7.87916e+12	7.07488e+08	2.41224e+06	0	5.26337e+07	6.33747e+02	0	1.84611e+09	3.73933e+03	0	0	1.13296e+06	1.41238e+08	1.29274e+05	3.41061e+02	0	1.38936e+08	1.24019e+07
3.63078e+13	7.64111e+12	6.96783e+08	2.28988e+06	0	5.03059e+07	5.73557e+02	0	1.84450e+09	3.46638e+03	0	0	1.12689e+06	1.40454e+08	1.17387e+05	3.23094e+02	0	1.38245e+08	1.23366e+07
3.63078e+13	7.40606e+12	6.86252e+08	2.17357e+06	0	4.79512e+07	5.17395e+02	0	1.84292e+09	3.21469e+03	0	0	1.12088e+06	1.39678e+08	1.05533e+05	3.06180e+02	0	1.37564e+08	1.22721e+07
3.63078e+13	7.17024e+12	6.75776e+08	2.06228e+06	0	4.55230e+07	4.64480e+02	0	1.84133e+09	2.98163e+03	0	0	1.11486e+06	1.38894e+08	9.35251e+04	2.90232e+02	0	1.36882e+08	1.22074e+07
3.63078e+13	6.93531e+12	6.65556e+08	1.95714e+06	0	4.29993e+07	4.14499e+02	0	1.83976e+09	2.76765e+03	0	0	1.10885e+06	1.38107e+08	8.12838e+04	2.75252e+02	0	1.36204e+08	1.21429e+07
3.63078e+13	6.68902e+12	6.55249e+08	1.85574e+06	0	4.02063e+07	3.65512e+02	0	1.83813e+09	2.56901e+03	0	0	1.10254e+06	1.37273e+08	6.80745e+04	2.61135e+02	0	1.35495e+08	1.20753e+07
3.63078e+13	4.87956e+12	6.12162e+08	1.42952e+06	0	1.19338e+07	1.00294e+02	0	1.83200e+09	2.32956e+03	0	0	1.05606e+06	1.29755e+08	2.91974e+02	2.49210e+02	0	1.30236e+08	1.15840e+07
3.63078e+13	4.67603e+12	5.99171e+08	1.34130e+06	0	1.08331e+07	8.72958e+01	0	1.83077e+09	2.14693e+03	0	0	1.05086e+06	1.28935e+08	2.24579e+02	2.36340e+02	0	1.29602e+08	1.15285e+07
3.63078e+13	4.49315e+12	5.86749e+08	1.26199e+06	0	9.95265e+06	7.68798e+01	0	1.82958e+09	1.97924e+03	0	0	1.04617e+06	1.28196e+08	1.87662e+02	2.24182e+02	0	1.29030e+08	1.14786e+07
3.63078e+13	4.32618e+12	5.74853e+08	1.18996e+06	0	9.21148e+06	6.82090e+01	0	1.82845e+09	1.82586e+03	0	0	1.04190e+06	1.27521e+08	1.64342e+02	2.12713e+02	0	1.28509e+08	1.14330e+07
3.63078e+13	4.16908e+12	5.63173e+08	1.12296e+06	0	8.56390e+06	6.07947e+01	0	1.82735e+09	1.68420e+03	0	0	1.03787e+06	1.26880e+08	1.48064e+02	2.01856e+02	0	1.28017e+08	1.13901e+07
3.63078e+13	4.02140e+12	5.51777e+08	1.06074e+06	0	7.99003e+06	5.43881e+01	0	1.82629e+09	1.55388e+03	0	0	1.03408e+06	1.26274e+08	1.35854e+02	1.91592e+02	0	1.27555e+08	1.13497e+07
3.63078e+13	3.88122e+12	5.40577e+08	1.00252e+06	0	7.47414e+06	4.87945e+01	0	1.82526e+09	1.43367e+03	0	0	1.03048e+06	1.25692e+08	1.26140e+02	1.81876e+02	0	1.27117e+08	1.13114e+07
3.63078e+13	3.74805e+12	5.29585e+08	9.48042e+05	0	7.00693e+06	4.38831e+01	0	1.82426e+09	1.32287e+03	0	0	1.02705e+06	1.25135e+08	1.18055e+02	1.72681e+02	0	1.26700e+08	1.12750e+07
3.63078e+13	3.62034e+12	5.18707e+08	8.96658e+05	0	6.57968e+06	3.95409e+01	0	1.82329e+09	1.22040e+03	0	0	1.02376e+06	1.24593e+08	1.11077e+02	1.63965e+02	0	1.26300e+08	1.12401e+07
3.63078e+13	3.49802e+12	5.07970e+08	8.48256e+05	0	6.18754e+06	3.56903e+01	0	1.82235e+09	1.12576e+03	0	0	1.02061e+06	1.24068e+08	1.04890e+02	1.55707e+02	0	1.25917e+08	1.12066e+07
3.63078e+13	3.38041e+12	4.97342e+08	8.02507e+05	0	5.82558e+06	3.22618e+01	0	1.82143e+09	1.03824e+03	0	0	1.01758e+06	1.23556e+08	9.92922e+01	1.47877e+02	0	1.25549e+08	1.11744e+07
3.63078e+13	3.26795e+12	4.86889e+08	7.59446e+05	0	5.49124e+06	2.92057e+01	0	1.82055e+09	9.57563e+02	0	0	1.01467e+06	1.23060e+08	9.41575e+01	1.40459e+02	0	1.25198e+08	1.11437e+07
3.63078e+13	3.15982e+12	4.76563e+08	7.18757e+05	0	5.18094e+06	2.64722e+01	0	1.81969e+09	8.83028e+02	0	0	1.01187e+06	1.22575e+08	8.93922e+01	1.33424e+02	0	1.24860e+08	1.11141e+07
3.63078e+13	3.05574e+12	4.66360e+08	6.80280e+05	0	4.89222e+06	2.40222e+01	0	1.81885e+09	8.14171e+02	0	0	1.00918e+06	1.22102e+08	8.49377e+01	1.26753e+02	0	1.24534e+08	1.10856e+07
3.63078e+13	2.95553e+12	4.56281e+08	6.43880e+05	0	4.62297e+06	2.18222e+01	0	1.81804e+09	7.50568e+02	0	0	1.00658e+06	1.21638e+08	8.07525e+01	1.20423e+02	0	1.24221e+08	1.10583e+07
3.63078e+13	2.85922e+12	4.46350e+08	6.09496e+05	0	4.37172e+06	1.98449e+01	0	1.81725e+09	6.91882e+02	0	0	1.00408e+06	1.21185e+08	7.68075e+01	1.14420e+02	0	1.23920e+08	1.10319e+07
3.63078e+13	2.76614e+12	4.36517e+08	5.76866e+05	0	4.13618e+06	1.80623e+01	0	1.81648e+09	6.37623e+02	0	0	1.00166e+06	1.20739e+08	7.30771e+01	1.08722e+02	0	1.23629e+08	1.10065e+07
3.63078e+13	2.67639e+12	4.26806e+08	5.45957e+05	0	3.91536e+06	1.64544e+01	0	1.81574e+09	5.87520e+02	0	0	9.99317e+05	1.20300e+08	6.95446e+01	1.03313e+02	0	1.23349e+08	1.09820e+07
3.63078e+13	2.58984e+12	4.17221e+08	5.16670e+05	0	3.70802e+06	1.50021e+01	0	1.81501e+09	5.41272e+02	0	0	9.97059e+05	1.19868e+08	6.61954e+01	9.81786e+01	0	1.23079e+08	1.09584e+07
3.63078e+13	2.50615e+12	4.07739e+08	4.88862e+05	0	3.51285e+06	1.36880e+01	0	1.81431e+09	4.98546e+02	0	0	9.94871e+05	1.19441e+08	6.30163e+01	9.33026e+01	0	1.22818e+08	1.09355e+07
3.63078e+13	2.42559e+12	3.98408e+08	4.62547e+05	0	3.32936e+06	1.24993e+01	0	1.81363e+09	4.59168e+02	0	0	9.92761e+05	1.19021e+08	5.99983e+01	8.86744e+01	0	1.22567e+08	1.09136e+07
3.63078e+13	2.34776e+12	3.89194e+08	4.37585e+05	0	3.15654e+06	1.14468e+01	0	1.81296e+09	4.22231e+02	0	0	9.90718e+05	1.18605e+08	5.71312e+01	8.42785e+01	0	1.22325e+08	1.08924e+07
3.63078e+13	2.27261e+12	3.80105e+08	4.13909e+05	0	2.99357e+06	1.04984e+01	0	1.81232e+09	3.88142e+02	0	0	9.88741e+05	1.18194e+08	5.44064e+01	8.01033e+01	0	1.22091e+08	1.08719e+07
3.63078e+13	2.20006e+12	3.71146e+08	3.91446e+05	0	2.83972e+06	9.63496e+00	0	1.81169e+09	3.56868e+02	0	0	9.86829e+05	1.17788e+08	5.18159e+01	7.61375e+01	0	1.21865e+08	1.08522e+07
3.63078e+13	2.13014e+12	3.62333e+08	3.70161e+05	0	2.69449e+06	8.84869e+00	0	1.81109e+09	3.28190e+02	0	0	9.84981e+05	1.17386e+08	4.93533e+01	7.23712e+01	0	1.21648e+08	1.08332e+07
3.63078e+13	2.06238e+12	3.53622e+08	3.49902e+05	0	2.55686e+06	8.13086e+00	0	1.81050e+09	3.01834e+02	0	0	9.83187e+05	1.16986e+08	4.70100e+01	6.87914e+01	0	1.21437e+08	1.08148e+07
3.63078e+13	1.99705e+12	3.45057e+08	3.30702e+05	0	2.42682e+06	7.47635e+00	0	1.80992e+09	2.77654e+02	0	0	9.81452e+05	1.16590e+08	4.47814e+01	6.53910e+01	0	1.21234e+08	1.07971e+07
3.63078e+13	1.93410e+12	3.36643e+08	3.12500e+05	0	2.30378e+06	6.87882e+00	0	1.80937e+09	2.55476e+02	0	0	9.79777e+05	1.16199e+08	4.26615e+01	6.21610e+01	0	1.21039e+08	1.07800e+07
3.63078e+13	1.87315e+12	3.28345e+08	2.95195e+05	0	2.18715e+06	6.33268e+00	0	1.80883e+09	2.35089e+02	0	0	9.78149e+05	1.15808e+08	4.06438e+01	5.90906e+01	0	1.20850e+08	1.07635e+07
3.63078e+13	1.81430e+12	3.20186e+08	2.78768e+05	0	2.07658e+06	5.83322e+00	0	1.80830e+09	2.16372e+02	0	0	9.76575e+05	1.15420e+08	3.87236e+01	5.61730e+01	0	1.20668e+08	1.07476e+07
3.63078e+13	1.75834e+12	3.12309e+08	2.63262e+05	0	1.97438e+06	5.38029e+00	0	1.80778e+09	1.99338e+02	0	0	9.75072e+05	1.15047e+08	3.68952e+01	5.34066e+01	0	1.20494e+08	1.07325e+07
