! -------------------------
   1289.5246582031250       0.87935096025466919        4.6703059226274490E-002   1.0000000000000000     
   1289.5545654296875       0.90738165378570557        4.7333799302577972E-002   1.0000000000000000     
   1289.5844726562500       0.96955657005310059        4.8927325755357742E-002   1.0000000000000000     
   1289.6143798828125        1.0152745246887207        5.0294782966375351E-002   1.0000000000000000     
   1289.6442871093750        1.0043188333511353        4.9799695611000061E-002   1.0000000000000000     
   1289.6741943359375        1.0153776407241821        5.0321601331233978E-002   1.0000000000000000     
   1289.7041015625000       0.97078680992126465        4.8981253057718277E-002   1.0000000000000000     
   1289.7340087890625       0.90691876411437988        4.7344736754894257E-002   1.0000000000000000     
   1289.7639160156250       0.99101245403289795        4.9555435776710510E-002   1.0000000000000000     
   1289.7938232421875        1.0220679044723511        5.0362683832645416E-002   1.0000000000000000     
   1289.8237304687500       0.97824645042419434        4.9167163670063019E-002   1.0000000000000000     
   1289.8536376953125        1.0109238624572754        5.0105057656764984E-002   1.0000000000000000     
   1289.8836669921875       0.96445506811141968        4.8872444778680801E-002   1.0000000000000000     
   1289.9135742187500        1.1084370613098145        5.2344068884849548E-002   1.0000000000000000     
   1289.9434814453125        1.0392179489135742        5.0687272101640701E-002   1.0000000000000000     
   1289.9733886718750       0.98991280794143677        4.9582716077566147E-002   1.0000000000000000     
   1290.0032958984375        1.0370587110519409        5.1314160227775574E-002   1.0000000000000000     
   1290.0332031250000        1.0216946601867676        5.0334904342889786E-002   1.0000000000000000     
   1290.0631103515625        1.0313911437988281        5.0592087209224701E-002   1.0000000000000000     
   1290.0930175781250        1.0697289705276489        5.1529638469219208E-002   1.0000000000000000     
   1290.1229248046875        1.0390660762786865        5.0719305872917175E-002   1.0000000000000000     
   1290.1528320312500        1.0414432287216187        5.0767578184604645E-002   1.0000000000000000     
   1290.1827392578125       0.96782821416854858        4.8947505652904510E-002   1.0000000000000000     
   1290.2126464843750        1.0020904541015625        4.9869544804096222E-002   1.0000000000000000     
   1290.2425537109375       0.98615664243698120        4.9653086811304092E-002   1.0000000000000000     
   1290.2724609375000       0.93808197975158691        4.8243917524814606E-002   1.0000000000000000     
   1290.3023681640625        1.0427796840667725        5.0810437649488449E-002   1.0000000000000000     
   1290.3322753906250       0.98238283395767212        4.9476612359285355E-002   1.0000000000000000     
   1290.3621826171875       0.96389079093933105        4.9076706171035767E-002   1.0000000000000000     
   1290.3920898437500        1.0291037559509277        5.0619766116142273E-002   1.0000000000000000     
   1290.4219970703125        1.1326119899749756        5.3107753396034241E-002   1.0000000000000000     
   1290.4519042968750        1.1223773956298828        5.2885513752698898E-002   1.0000000000000000     
   1290.4818115234375        1.0789358615875244        5.1727604120969772E-002   1.0000000000000000     
   1290.5117187500000        1.0150002241134644        5.0131179392337799E-002   1.0000000000000000     
   1290.5416259765625        1.0877398252487183        5.1906447857618332E-002   1.0000000000000000     
   1290.5715332031250        1.0751644372940063        5.1596522331237793E-002   1.0000000000000000     
   1290.6014404296875        1.0164545774459839        5.0238572061061859E-002   1.0000000000000000     
   1290.6313476562500       0.91988593339920044        4.7773055732250214E-002   1.0000000000000000     
   1290.6612548828125        1.0124557018280029        5.0137747079133987E-002   1.0000000000000000     
   1290.6911621093750        1.0100289583206177        5.0106897950172424E-002   1.0000000000000000     
   1290.7210693359375        1.0137797594070435        5.0209224224090576E-002   1.0000000000000000     
   1290.7509765625000       0.99908101558685303        4.9810346215963364E-002   1.0000000000000000     
   1290.7808837890625       0.96361738443374634        4.9058478325605392E-002   1.0000000000000000     
   1290.8107910156250        1.1042416095733643        5.2338130772113800E-002   1.0000000000000000     
   1290.8406982421875        1.0928152799606323        5.2071027457714081E-002   1.0000000000000000     
   1290.8706054687500        1.0077497959136963        5.0008565187454224E-002   1.0000000000000000     
   1290.9005126953125       0.94571346044540405        4.8448547720909119E-002   1.0000000000000000     
   1290.9304199218750        1.0527840852737427        5.1115699112415314E-002   1.0000000000000000     
   1290.9603271484375        1.0203125476837158        5.1124878227710724E-002   1.0000000000000000     
   1290.9902343750000       0.94697105884552002        4.0192242711782455E-002   1.0000000000000000     
   1291.0201416015625       0.96756255626678467        4.0396079421043396E-002  0.99960085386687458     
   1291.0500488281250       0.98182845115661621        4.0826238691806793E-002  0.99958745135260418     
   1291.0799560546875       0.95215791463851929        4.0109749883413315E-002  0.99957329446826348     
   1291.1098632812500       0.97240382432937622        4.0550000965595245E-002  0.99955829023764931     
   1291.1397705078125        1.0735439062118530        4.2547222226858139E-002  0.99954223008174392     
   1291.1696777343750        1.0496970415115356        4.2094204574823380E-002  0.99952262953340076     
   1291.1997070312500        1.0135254859924316        4.1453178972005844E-002  0.99949207307799737     
   1291.2296142578125        1.0162827968597412        4.1569914668798447E-002  0.99945711421203842     
   1291.2595214843750       0.98670321702957153        4.0837936103343964E-002  0.99942018572792291     
   1291.2894287109375        1.0346339941024780        4.1849270462989807E-002  0.99938102587487787     
   1291.3193359375000       0.92985802888870239        3.9644494652748108E-002  0.99933960836562763     
   1291.3492431640625       0.94451695680618286        3.9970710873603821E-002  0.99929625751547058     
   1291.3791503906250       0.94725406169891357        4.0187545120716095E-002  0.99925137083624327     
   1291.4090576171875       0.98016804456710815        4.0723890066146851E-002  0.99920482649215803     
   1291.4389648437500       0.93681555986404419        3.9782825857400894E-002  0.99915618544593998     
   1291.4688720703125       0.95271277427673340        4.0134567767381668E-002  0.99911051298998010     
   1291.4987792968750        1.0016105175018311        4.1156120598316193E-002  0.99906802816783691     
   1291.5286865234375        1.0068210363388062        4.1274685412645340E-002  0.99902266103410831     
   1291.5585937500000        1.0435143709182739        4.2251598089933395E-002  0.99897549295523358     
   1291.5885009765625        1.0290154218673706        4.1781190782785416E-002  0.99892766876344430     
   1291.6184082031250        1.0815705060958862        4.2830981314182281E-002  0.99887884772858804     
   1291.6483154296875       0.98076885938644409        4.0770567953586578E-002  0.99882707322920128     
   1291.6782226562500       0.98301893472671509        4.0768567472696304E-002  0.99876942562485593     
   1291.7081298828125       0.98046875000000000        4.0714971721172333E-002  0.99870359543331466     
   1291.7380371093750       0.99185889959335327        4.0969409048557281E-002  0.99862925255601043     
   1291.7679443359375       0.96433705091476440        4.0399447083473206E-002  0.99854867171212314     
   1291.7978515625000       0.95198142528533936        4.0132258087396622E-002  0.99846350200070721     
   1291.8277587890625        1.0094412565231323        4.1369002312421799E-002  0.99837272259665122     
   1291.8576660156250       0.90633177757263184        3.9213344454765320E-002  0.99827309326575442     
   1291.8875732421875       0.80724149942398071        3.7022355943918228E-002  0.99816196821159131     
   1291.9174804687500       0.87199276685714722        3.8540408015251160E-002  0.99803680674081940     
   1291.9473876953125       0.73178440332412720        3.5248849540948868E-002  0.99789490196721020     
   1291.9772949218750       0.61258226633071899        3.2409183681011200E-002  0.99773710475663002     
   1292.0072021484375       0.42124411463737488        2.6967780664563179E-002  0.99756643634444642     
   1292.0371093750000       0.33093079924583435        2.4410065263509750E-002  0.99738323109422300     
   1292.0670166015625       0.23654170334339142        2.0272444933652878E-002  0.99718171805963240     
   1292.0969238281250       0.18785053491592407        1.8068935722112656E-002  0.99695233944478223     
   1292.1268310546875       0.17000381648540497        1.7172068357467651E-002  0.99668627334584592     
   1292.1567382812500       0.18132710456848145        1.7806790769100189E-002  0.99637559577002666     
   1292.1866455078125       0.21166102588176727        1.9128965213894844E-002  0.99601017602846242     
   1292.2165527343750       0.19683519005775452        1.8677633255720139E-002  0.99557959841555244     
   1292.2464599609375       0.19193425774574280        1.8225507810711861E-002  0.99507276311510207     
   1292.2763671875000       0.16375485062599182        1.7085989937186241E-002  0.99447434481311359     
   1292.3062744140625       0.13796502351760864        1.5712743625044823E-002  0.99376667176303402     
   1292.3361816406250        8.0612182617187500E-002   1.2564431875944138E-002  0.99290704555138187     
   1292.3660888671875        4.9411293119192123E-002   1.0464355349540710E-002  0.99180300371104302     
   1292.3959960937500        2.6009922847151756E-002   8.3916820585727692E-003  0.99035822267679741     
   1292.4259033203125        2.3054776713252068E-002   7.6752882450819016E-003  0.98848739614012848     
   1292.4558105468750        1.5228467062115669E-002   5.8741127140820026E-003  0.98597530594342520     
   1292.4857177734375        1.9710815977305174E-003   4.8455921933054924E-003  0.98242721822574952     
   1292.5157470703125        1.3814786449074745E-002   6.0075325891375542E-003  0.97748977506259205     
   1292.5456542968750        4.2904056608676910E-003   4.0050232782959938E-003  0.97064202932290167     
   1292.5755615234375        5.9242402203381062E-003   4.4394624419510365E-003  0.96102530237629347     
   1292.6054687500000        6.1109294183552265E-003   4.7019873745739460E-003  0.94790772941829982     
   1292.6353759765625        1.0326172225177288E-002   5.0564017146825790E-003  0.92987437838992670     
   1292.6652832031250        1.0565776377916336E-002   5.3682411089539528E-003  0.90072914916443014     
   1292.6951904296875        5.9247026219964027E-003   4.6260678209364414E-003  0.84320681362351280     
   1292.7250976562500        4.2915586382150650E-003   3.9652972482144833E-003  0.72212761861564123     
   1292.7550048828125        2.7985034976154566E-003   5.6506255641579628E-003  0.51359711873778902     
   1292.7849121093750        5.8156750164926052E-003   4.5306179672479630E-003  0.29545118723067171     
   1292.8148193359375        1.1220390908420086E-002   6.9081126712262630E-003  0.16490518354341785     
   1292.8447265625000        1.6763646155595779E-002   6.0923933051526546E-003  0.11130371723991390     
   1292.8746337890625        1.5973225235939026E-002   5.9883412905037403E-003   9.1904151002544676E-002
   1292.9045410156250        3.1340643763542175E-002   7.9730087891221046E-003   8.7291403995428660E-002
   1292.9344482421875        4.8723187297582626E-002   1.2506024911999702E-002   9.3110418523814256E-002
   1292.9643554687500        5.9559248387813568E-002   1.3564476743340492E-002  0.11698215856800563     
   1292.9942626953125       0.10774208605289459        1.7462050542235374E-002  0.18345111263441147     
   1293.0241699218750       0.21796339750289917        2.6013430207967758E-002  0.33535830871251560     
   1293.0540771484375       0.36573040485382080        3.3339686691761017E-002  0.56244831124970796     
   1293.0839843750000       0.53238123655319214        3.7698324769735336E-002  0.75330116746038212     
   1293.1138916015625       0.64840966463088989        4.1264157742261887E-002  0.85569493143287712     
   1293.1437988281250       0.76367086172103882        4.4771160930395126E-002  0.90339315035984902     
   1293.1737060546875       0.79131925106048584        4.5320823788642883E-002  0.92924071980320877     
   1293.2036132812500       0.81469804048538208        4.5908778905868530E-002  0.94596986569391583     
   1293.2335205078125       0.89671075344085693        4.8133425414562225E-002  0.95835038150394602     
   1293.2634277343750       0.95997506380081177        4.9738984555006027E-002  0.96753124458699757     
   1293.2933349609375       0.94420176744461060        4.9327280372381210E-002  0.97408062427127418     
   1293.3232421875000        1.0629268884658813        5.2296914160251617E-002  0.97874822155641628     
   1293.3531494140625       0.95885914564132690        4.9720797687768936E-002  0.98230231506754639     
   1293.3830566406250        1.0148111581802368        5.1152762025594711E-002  0.98527594683060615     
   1293.4129638671875        1.0763666629791260        5.2924089133739471E-002  0.98783805829899796     
   1293.4428710937500       0.98673605918884277        5.0413928925991058E-002  0.98994640449052385     
   1293.4727783203125       0.99893707036972046        5.0682928413152695E-002  0.99158730649992100     
   1293.5026855468750       0.98097521066665649        5.0252918154001236E-002  0.99285601881494312     
   1293.5325927734375       0.99461269378662109        5.0606545060873032E-002  0.99384804097978863     
   1293.5625000000000        1.0252596139907837        5.1789131015539169E-002  0.99463741222911251     
   1293.5924072265625       0.95276343822479248        4.9530055373907089E-002  0.99527446220842730     
   1293.6223144531250       0.92155486345291138        4.8939514905214310E-002  0.99579283488119907     
   1293.6522216796875       0.94408029317855835        5.0482098013162613E-002  0.99621362180038719     
   1293.6821289062500       0.99260002374649048        5.0619244575500488E-002  0.99655832549096079     
   1293.7120361328125       0.88661670684814453        4.7816287726163864E-002  0.99684720382334524     
   1293.7419433593750        1.0067827701568604        5.0916332751512527E-002  0.99709331037610649     
   1293.7718505859375       0.93096458911895752        4.8955179750919342E-002  0.99730586245276387     
   1293.8017578125000       0.97692531347274780        5.0411362200975418E-002  0.99749503587092392     
   1293.8317871093750       0.97177743911743164        5.0001680850982666E-002  0.99766921150041632     
   1293.8616943359375        1.0166226625442505        5.1861722022294998E-002  0.99783130638178774     
   1293.8916015625000        1.0486618280410767        5.1937192678451538E-002  0.99797964989733290     
   1293.9215087890625       0.96577918529510498        4.9876544624567032E-002  0.99811275127626742     
   1293.9514160156250       0.94885522127151489        4.9647413194179535E-002  0.99823078551927480     
   1293.9813232421875        1.0084383487701416        5.0930876284837723E-002  0.99833535207618762     
   1294.0112304687500       0.96746587753295898        4.9919258803129196E-002   1.0000000000000000     
   1294.0411376953125        1.1039404869079590        5.3222868591547012E-002   1.0000000000000000     
   1294.0710449218750       0.97250866889953613        5.0020109862089157E-002   1.0000000000000000     
   1294.1009521484375       0.99927181005477905        5.0704285502433777E-002   1.0000000000000000     
   1294.1308593750000       0.89008963108062744        4.7894746065139771E-002   1.0000000000000000     
   1294.1607666015625       0.92447727918624878        4.8772763460874557E-002   1.0000000000000000     
   1294.1906738281250       0.97573763132095337        5.0159897655248642E-002   1.0000000000000000     
   1294.2205810546875       0.93919140100479126        4.9152635037899017E-002   1.0000000000000000     
   1294.2504882812500       0.98548388481140137        5.0239589065313339E-002   1.0000000000000000     
   1294.2803955078125       0.89504045248031616        4.7992847859859467E-002   1.0000000000000000     
   1294.3103027343750        1.0395776033401489        5.1756229251623154E-002   1.0000000000000000     
   1294.3402099609375        1.0160114765167236        5.1109120249748230E-002   1.0000000000000000     
   1294.3701171875000       0.95471549034118652        4.9746517091989517E-002   1.0000000000000000     
   1294.4000244140625        1.0060950517654419        5.0852887332439423E-002   1.0000000000000000     
   1294.4299316406250        1.0696649551391602        5.2468564361333847E-002   1.0000000000000000     
   1294.4598388671875       0.99049919843673706        5.0489634275436401E-002   1.0000000000000000     
   1294.4897460937500        1.0196213722229004        5.1176916807889938E-002   1.0000000000000000     
   1294.5196533203125        1.0578414201736450        5.2114676684141159E-002   1.0000000000000000     
   1294.5495605468750        1.0541127920150757        5.2024807780981064E-002   1.0000000000000000     
   1294.5794677734375       0.94844841957092285        4.9408901482820511E-002   1.0000000000000000     
   1294.6093750000000       0.96959084272384644        4.9900840967893600E-002   1.0000000000000000     
   1294.6392822265625       0.96777844429016113        5.0025973469018936E-002   1.0000000000000000     
   1294.6691894531250       0.84885478019714355        4.6708911657333374E-002   1.0000000000000000     
   1294.6990966796875       0.93521523475646973        4.9068264663219452E-002   1.0000000000000000     
   1294.7290039062500       0.96889543533325195        5.0046946853399277E-002   1.0000000000000000     
   1294.7589111328125       0.99235111474990845        5.0460100173950195E-002   1.0000000000000000     
   1294.7888183593750       0.93062889575958252        4.8873487859964371E-002   1.0000000000000000     
   1294.8187255859375       0.97468167543411255        5.0097297877073288E-002   1.0000000000000000     
   1294.8486328125000        1.0516219139099121        5.2016265690326691E-002   1.0000000000000000     
   1294.8785400390625       0.98207288980484009        5.0224319100379944E-002   1.0000000000000000     
   1294.9084472656250       0.96318835020065308        4.9731742590665817E-002   1.0000000000000000     
   1294.9383544921875       0.90426427125930786        4.8213634639978409E-002   1.0000000000000000     
   1294.9682617187500       0.81517624855041504        4.5915275812149048E-002   1.0000000000000000     
   1294.9981689453125       0.80604237318038940        4.5621242374181747E-002   1.0000000000000000     
   1295.0280761718750       0.63006496429443359        4.0526438504457474E-002   1.0000000000000000     
   1295.0579833984375       0.41444644331932068        3.3866371959447861E-002   1.0000000000000000     
   1295.0878906250000       0.32686197757720947        2.9141195118427277E-002   1.0000000000000000     
   1295.1177978515625       0.32076108455657959        2.8886800631880760E-002   1.0000000000000000     
   1295.1478271484375       0.36254468560218811        3.1028438359498978E-002   1.0000000000000000     
   1295.1777343750000       0.43611222505569458        3.3568028360605240E-002   1.0000000000000000     
   1295.2076416015625       0.35476341843605042        3.0394615605473518E-002   1.0000000000000000     
   1295.2375488281250       0.24931856989860535        2.5524972006678581E-002   1.0000000000000000     
   1295.2674560546875       0.28049021959304810        2.7578510344028473E-002   1.0000000000000000     
   1295.2973632812500       0.40005716681480408        3.3242639154195786E-002   1.0000000000000000     
   1295.3272705078125       0.61481940746307373        3.9766378700733185E-002   1.0000000000000000     
   1295.3571777343750       0.83118420839309692        4.6260908246040344E-002   1.0000000000000000     
   1295.3870849609375       0.82238745689392090        4.6208970248699188E-002   1.0000000000000000     
   1295.4169921875000       0.87244462966918945        4.7759167850017548E-002   1.0000000000000000     
   1295.4468994140625       0.87793242931365967        4.7437835484743118E-002   1.0000000000000000     
   1295.4768066406250       0.85409516096115112        4.6907566487789154E-002   1.0000000000000000     
!  ---- tick mark positions for above ----
!      1292.90369     1     1
