! -------------------------
   1280.5217285156250        1.0397130250930786        4.0884029120206833E-002   1.0000000000000000     
   1280.5516357421875        1.0391962528228760        4.1069559752941132E-002   1.0000000000000000     
   1280.5815429687500       0.99298876523971558        3.9851434528827667E-002   1.0000000000000000     
   1280.6114501953125       0.98643976449966431        3.9655357599258423E-002   1.0000000000000000     
   1280.6413574218750        1.0610423088073730        4.1167106479406357E-002   1.0000000000000000     
   1280.6713867187500        1.0345895290374756        4.0653992444276810E-002   1.0000000000000000     
   1280.7012939453125        1.0485732555389404        4.0911056101322174E-002   1.0000000000000000     
   1280.7312011718750       0.94911962747573853        3.9024893194437027E-002   1.0000000000000000     
   1280.7611083984375        1.0684815645217896        4.1337557137012482E-002   1.0000000000000000     
   1280.7910156250000        1.0693068504333496        4.1361104696989059E-002   1.0000000000000000     
   1280.8209228515625        1.0266960859298706        4.0529187768697739E-002   1.0000000000000000     
   1280.8508300781250       0.96675157546997070        3.9247795939445496E-002   1.0000000000000000     
   1280.8807373046875       0.93243610858917236        3.8549784570932388E-002   1.0000000000000000     
   1280.9106445312500        1.0094717741012573        4.0318619459867477E-002   1.0000000000000000     
   1280.9405517578125        1.0770559310913086        4.1508771479129791E-002   1.0000000000000000     
   1280.9704589843750        1.0688859224319458        4.1272606700658798E-002   1.0000000000000000     
   1281.0003662109375       0.98595196008682251        3.9648558944463730E-002   1.0000000000000000     
   1281.0302734375000        1.0796844959259033        4.1522733867168427E-002   1.0000000000000000     
   1281.0601806640625        1.0335513353347778        4.0607355535030365E-002   1.0000000000000000     
   1281.0900878906250        1.0689674615859985        4.1437238454818726E-002   1.0000000000000000     
   1281.1199951171875       0.99625283479690552        4.0034394711256027E-002   1.0000000000000000     
   1281.1499023437500        1.0072402954101562        4.0166489779949188E-002   1.0000000000000000     
   1281.1798095703125        1.0014655590057373        4.0029376745223999E-002   1.0000000000000000     
   1281.2097167968750       0.96349000930786133        3.9169445633888245E-002   1.0000000000000000     
   1281.2396240234375       0.99815708398818970        3.9905868470668793E-002   1.0000000000000000     
   1281.2695312500000       0.97839164733886719        3.9486084133386612E-002   1.0000000000000000     
   1281.2994384765625        1.0975472927093506        4.1804470121860504E-002   1.0000000000000000     
   1281.3293457031250        1.0592288970947266        4.1138388216495514E-002   1.0000000000000000     
   1281.3592529296875        1.0110291242599487        4.0150471031665802E-002   1.0000000000000000     
   1281.3891601562500       0.98437952995300293        3.9672102779150009E-002   1.0000000000000000     
   1281.4190673828125        1.0172541141510010        4.0277887135744095E-002   1.0000000000000000     
   1281.4489746093750        1.0012233257293701        4.0097918361425400E-002   1.0000000000000000     
   1281.4788818359375       0.95792037248611450        3.9293602108955383E-002   1.0000000000000000     
   1281.5087890625000       0.94216573238372803        3.8861624896526337E-002   1.0000000000000000     
   1281.5386962890625       0.96590429544448853        3.9317507296800613E-002   1.0000000000000000     
   1281.5686035156250       0.96908897161483765        3.9441868662834167E-002   1.0000000000000000     
   1281.5985107421875       0.99821013212203979        3.9952211081981659E-002   1.0000000000000000     
   1281.6284179687500        1.0653331279754639        4.1248936206102371E-002   1.0000000000000000     
   1281.6583251953125        1.0207306146621704        4.0320895612239838E-002   1.0000000000000000     
   1281.6882324218750        1.0084165334701538        4.0087904781103134E-002   1.0000000000000000     
   1281.7181396484375        1.0221149921417236        4.0349718183279037E-002   1.0000000000000000     
   1281.7480468750000       0.98826748132705688        3.9933636784553528E-002   1.0000000000000000     
   1281.7779541015625       0.98614633083343506        3.9631102234125137E-002   1.0000000000000000     
   1281.8078613281250       0.98590505123138428        3.9632011204957962E-002   1.0000000000000000     
   1281.8377685546875       0.98626774549484253        3.9681501686573029E-002   1.0000000000000000     
   1281.8676757812500        1.0421777963638306        4.0815729647874832E-002   1.0000000000000000     
   1281.8975830078125        1.0248886346817017        4.0426339954137802E-002   1.0000000000000000     
   1281.9274902343750        1.1203606128692627        4.2235281318426132E-002   1.0000000000000000     
   1281.9573974609375        1.0155073404312134        4.0309023112058640E-002   1.0000000000000000     
   1281.9874267578125       0.99518221616744995        3.9861664175987244E-002   1.0000000000000000     
   1282.0173339843750        1.0249896049499512        4.0450625121593475E-002  0.99988949315044640     
   1282.0472412109375        1.0007296800613403        3.9932336658239365E-002  0.99987975954197683     
   1282.0771484375000       0.90353572368621826        3.7997692823410034E-002  0.99986709393214712     
   1282.1070556640625        1.0125584602355957        4.0187500417232513E-002  0.99985371512715837     
   1282.1369628906250       0.94360160827636719        3.8846485316753387E-002  0.99984112548500692     
   1282.1668701171875       0.93229246139526367        3.8578499108552933E-002  0.99982931027724609     
   1282.1967773437500        1.0325590372085571        4.0611021220684052E-002  0.99981699454481399     
   1282.2266845703125       0.99130010604858398        3.9982475340366364E-002  0.99980263998614960     
   1282.2565917968750        1.0497746467590332        4.1183456778526306E-002  0.99978471333060914     
   1282.2864990234375        1.0552264451980591        4.1112631559371948E-002  0.99976261956917645     
   1282.3164062500000        1.0476899147033691        4.0922679007053375E-002  0.99973770458818467     
   1282.3463134765625        1.0187482833862305        4.0368072688579559E-002  0.99971229596142097     
   1282.3762207031250       0.95549738407135010        3.9097309112548828E-002  0.99968716331867657     
   1282.4061279296875        1.0136889219284058        4.0233194828033447E-002  0.99965934909823195     
   1282.4360351562500        1.0263030529022217        4.0506415069103241E-002  0.99962275933839695     
   1282.4659423828125       0.98760521411895752        3.9709839969873428E-002  0.99957159050471323     
   1282.4958496093750        1.0258349180221558        4.0493797510862350E-002  0.99950232388134663     
   1282.5257568359375        1.0258569717407227        4.0580652654170990E-002  0.99941236673268286     
   1282.5556640625000        1.0825726985931396        4.1553717106580734E-002  0.99929918644957949     
   1282.5855712890625        1.0402485132217407        4.0794461965560913E-002  0.99916077041113160     
   1282.6154785156250       0.97149693965911865        3.9372634142637253E-002  0.99899603865460362     
   1282.6453857421875       0.91899979114532471        3.8351327180862427E-002  0.99879242143902192     
   1282.6752929687500       0.90514653921127319        3.8156654685735703E-002  0.99850574475497045     
   1282.7052001953125       0.87149375677108765        3.7534009665250778E-002  0.99806912877197529     
   1282.7351074218750       0.75440770387649536        3.4776572138071060E-002  0.99741224651258154     
   1282.7650146484375       0.72048163414001465        3.3945083618164062E-002  0.99642007785699771     
   1282.7949218750000       0.65695518255233765        3.2446756958961487E-002  0.99489217768994165     
   1282.8248291015625       0.68730574846267700        3.3162575215101242E-002  0.99257939497364012     
   1282.8547363281250       0.64584141969680786        3.2348252832889557E-002  0.98916285364937462     
   1282.8846435546875       0.74464809894561768        3.4589894115924835E-002  0.98425280511448321     
   1282.9145507812500       0.78955465555191040        3.5545997321605682E-002  0.97744813517540752     
   1282.9444580078125       0.87608879804611206        3.7434745579957962E-002  0.96753187880169034     
   1282.9743652343750       0.85946846008300781        3.7259280681610107E-002  0.94956822862753798     
   1283.0042724609375       0.86893123388290405        3.7407409399747849E-002  0.90978216234964837     
   1283.0341796875000       0.78958678245544434        3.5849869251251221E-002  0.82368825749324970     
   1283.0640869140625       0.64225757122039795        3.2605987042188644E-002  0.67854682028157243     
   1283.0939941406250       0.52183854579925537        2.9450913891196251E-002  0.51877075322761090     
   1283.1239013671875       0.44769030809402466        2.6973910629749298E-002  0.42976470125259719     
   1283.1538085937500       0.41314491629600525        2.6326643303036690E-002  0.46173911760679914     
   1283.1837158203125       0.60947483777999878        3.1710840761661530E-002  0.59667292853095277     
   1283.2136230468750       0.78445088863372803        3.5808969289064407E-002  0.75813588377387353     
   1283.2435302734375       0.87191152572631836        3.7512782961130142E-002  0.87371275841423046     
   1283.2734375000000       0.91819137334823608        3.8370568305253983E-002  0.93234022185915988     
   1283.3034667968750       0.91387104988098145        3.8361150771379471E-002  0.95848922551866533     
   1283.3333740234375       0.97748726606369019        3.9692956954240799E-002  0.97167998893540120     
   1283.3632812500000       0.92939549684524536        3.8725063204765320E-002  0.97997733802407672     
   1283.3931884765625       0.93579792976379395        3.8876477628946304E-002  0.98573181042754154     
   1283.4230957031250       0.94540715217590332        3.8998626172542572E-002  0.98950856015162858     
   1283.4530029296875       0.97597229480743408        3.9528947323560715E-002  0.99182967738277250     
   1283.4829101562500        1.0164494514465332        4.0323000401258469E-002  0.99335190922770611     
   1283.5128173828125       0.99809670448303223        4.0067289024591446E-002  0.99458414595773093     
   1283.5427246093750        1.0400561094284058        4.0904078632593155E-002  0.99572063000209676     
   1283.5726318359375        1.0162733793258667        4.4343240559101105E-002  0.99672614517740132     
   1283.6025390625000        1.0747927427291870        5.0825797021389008E-002  0.99752054965003512     
   1283.6324462890625       0.97103238105773926        4.8343870788812637E-002  0.99810285304301416     
   1283.6623535156250       0.99468106031417847        4.9042820930480957E-002  0.99852933367910535     
   1283.6922607421875        1.1519531011581421        5.2691657096147537E-002  0.99885228926852909     
   1283.7221679687500        1.0355763435363770        4.9902632832527161E-002  0.99910192430934464     
   1283.7520751953125        1.0112103223800659        4.9363080412149429E-002  0.99929194462772486     
   1283.7819824218750        1.0755374431610107        5.0912693142890930E-002  0.99943034666917241     
   1283.8118896484375        1.0104370117187500        4.9303438514471054E-002  0.99952631720034779     
   1283.8417968750000       0.95989066362380981        4.8251390457153320E-002  0.99959043258438340     
   1283.8717041015625       0.93043726682662964        4.7363378107547760E-002  0.99963271738259196     
   1283.9016113281250       0.79504710435867310        4.3789334595203400E-002   1.0000000000000000     
   1283.9315185546875       0.81470751762390137        4.4381838291883469E-002   1.0000000000000000     
   1283.9614257812500       0.78017574548721313        4.3510232120752335E-002   1.0000000000000000     
   1283.9913330078125       0.77280378341674805        4.3217752128839493E-002   1.0000000000000000     
   1284.0212402343750       0.74932742118835449        4.3083406984806061E-002   1.0000000000000000     
   1284.0511474609375       0.83760672807693481        4.5249864459037781E-002   1.0000000000000000     
   1284.0810546875000       0.78894412517547607        4.3741449713706970E-002   1.0000000000000000     
   1284.1109619140625       0.96885341405868530        4.8468343913555145E-002   1.0000000000000000     
   1284.1408691406250       0.93639248609542847        4.7524675726890564E-002   1.0000000000000000     
   1284.1707763671875       0.93917107582092285        4.7576185315847397E-002   1.0000000000000000     
   1284.2006835937500        1.0106067657470703        4.9370486289262772E-002   1.0000000000000000     
   1284.2305908203125        1.1061633825302124        5.1633767783641815E-002   1.0000000000000000     
   1284.2604980468750        1.0316627025604248        4.9852088093757629E-002   1.0000000000000000     
   1284.2904052734375        1.0114183425903320        4.9385119229555130E-002   1.0000000000000000     
   1284.3203125000000        1.0174319744110107        4.9663502722978592E-002   1.0000000000000000     
   1284.3502197265625        1.0820826292037964        5.1078770309686661E-002   1.0000000000000000     
   1284.3801269531250        1.0766149759292603        5.0936926156282425E-002   1.0000000000000000     
   1284.4100341796875       0.95857584476470947        4.8219956457614899E-002   1.0000000000000000     
   1284.4399414062500        1.0275062322616577        4.9772560596466064E-002   1.0000000000000000     
   1284.4698486328125        1.0629411935806274        5.0620000809431076E-002   1.0000000000000000     
   1284.4997558593750        1.0461944341659546        5.0113264471292496E-002   1.0000000000000000     
   1284.5296630859375        1.0320837497711182        5.0298195332288742E-002   1.0000000000000000     
   1284.5595703125000        1.1042952537536621        5.1690541207790375E-002   1.0000000000000000     
   1284.5894775390625        1.0419907569885254        5.0152868032455444E-002   1.0000000000000000     
   1284.6195068359375        1.0667810440063477        5.0868008285760880E-002   1.0000000000000000     
   1284.6494140625000       0.93227112293243408        4.7486912459135056E-002   1.0000000000000000     
   1284.6793212890625        1.0694172382354736        5.0866011530160904E-002   1.0000000000000000     
   1284.7092285156250        1.1105418205261230        5.1807716488838196E-002   1.0000000000000000     
   1284.7391357421875        1.0996122360229492        5.1547143608331680E-002   1.0000000000000000     
   1284.7690429687500        1.0650073289871216        5.0737582147121429E-002   1.0000000000000000     
   1284.7989501953125        1.0702435970306396        5.0894692540168762E-002   1.0000000000000000     
   1284.8288574218750        1.0109075307846069        4.9432706087827682E-002   1.0000000000000000     
   1284.8587646484375       0.94980698823928833        4.7925502061843872E-002   1.0000000000000000     
   1284.8886718750000       0.97219330072402954        4.8516914248466492E-002   1.0000000000000000     
   1284.9185791015625        1.0056158304214478        4.9301385879516602E-002   1.0000000000000000     
   1284.9484863281250       0.95533955097198486        4.8062555491924286E-002   1.0000000000000000     
   1284.9783935546875       0.98117816448211670        4.8713743686676025E-002   1.0000000000000000     
   1285.0083007812500       0.95880764722824097        4.8155061900615692E-002   1.0000000000000000     
   1285.0382080078125       0.96119344234466553        4.8209350556135178E-002   1.0000000000000000     
   1285.0681152343750       0.96148318052291870        4.8296373337507248E-002   1.0000000000000000     
   1285.0980224609375       0.96901893615722656        4.8469711095094681E-002   1.0000000000000000     
   1285.1279296875000       0.96008658409118652        4.8191603273153305E-002   1.0000000000000000     
   1285.1578369140625        1.0404151678085327        5.0226733088493347E-002   1.0000000000000000     
   1285.1877441406250        1.0563309192657471        5.0622899085283279E-002   1.0000000000000000     
   1285.2176513671875       0.98102396726608276        4.8725217580795288E-002   1.0000000000000000     
   1285.2475585937500       0.90173721313476562        4.6744715422391891E-002   1.0000000000000000     
   1285.2774658203125       0.98005098104476929        4.8719283193349838E-002   1.0000000000000000     
   1285.3073730468750       0.93893104791641235        4.7712728381156921E-002   1.0000000000000000     
   1285.3372802734375       0.97185379266738892        4.8514790832996368E-002   1.0000000000000000     
   1285.3671875000000       0.93136692047119141        4.7723926603794098E-002   1.0000000000000000     
!  ---- tick mark positions for above ----
!      1283.13375     1     1
