! -------------------------
   1269.8260498046875       0.97437232732772827        7.6753810048103333E-002   1.0000000000000000     
   1269.8559570312500       0.95986831188201904        7.6109312474727631E-002   1.0000000000000000     
   1269.8858642578125       0.88943892717361450        7.2691395878791809E-002   1.0000000000000000     
   1269.9157714843750       0.99761402606964111        7.7102497220039368E-002   1.0000000000000000     
   1269.9456787109375       0.83354699611663818        7.1455806493759155E-002   1.0000000000000000     
   1269.9755859375000       0.94326138496398926        7.4698530137538910E-002   1.0000000000000000     
   1270.0054931640625       0.79865372180938721        6.9463141262531281E-002   1.0000000000000000     
   1270.0354003906250       0.87668609619140625        7.3600105941295624E-002   1.0000000000000000     
   1270.0653076171875       0.93947792053222656        7.4632115662097931E-002   1.0000000000000000     
   1270.0952148437500       0.93221431970596313        7.4291050434112549E-002   1.0000000000000000     
   1270.1251220703125       0.87445175647735596        7.2014592587947845E-002   1.0000000000000000     
   1270.1550292968750       0.88690567016601562        7.2577945888042450E-002   1.0000000000000000     
   1270.1849365234375       0.89662545919418335        7.3683395981788635E-002   1.0000000000000000     
   1270.2148437500000       0.93821394443511963        7.5973197817802429E-002   1.0000000000000000     
   1270.2447509765625        1.0593293905258179        7.9227879643440247E-002   1.0000000000000000     
   1270.2746582031250        1.1180619001388550        8.1597693264484406E-002   1.0000000000000000     
   1270.3045654296875       0.97212845087051392        7.6484046876430511E-002   1.0000000000000000     
   1270.3344726562500        1.0093182325363159        7.7851265668869019E-002   1.0000000000000000     
   1270.3643798828125        1.0481833219528198        7.8843481838703156E-002   1.0000000000000000     
   1270.3942871093750        1.0254281759262085        7.7825479209423065E-002   1.0000000000000000     
   1270.4241943359375        1.0467227697372437        7.8703925013542175E-002   1.0000000000000000     
   1270.4541015625000       0.88207584619522095        7.3546752333641052E-002   1.0000000000000000     
   1270.4840087890625        1.0578538179397583        8.0089271068572998E-002   1.0000000000000000     
   1270.5139160156250        1.0113816261291504        7.7496767044067383E-002   1.0000000000000000     
   1270.5438232421875        1.0239585638046265        7.7895209193229675E-002   1.0000000000000000     
   1270.5737304687500        1.0490274429321289        7.8862838447093964E-002   1.0000000000000000     
   1270.6036376953125        1.0617866516113281        7.9203210771083832E-002   1.0000000000000000     
   1270.6335449218750        1.0319368839263916        7.8159414231777191E-002   1.0000000000000000     
   1270.6634521484375       0.94221466779708862        7.4927069246768951E-002   1.0000000000000000     
   1270.6933593750000       0.98532080650329590        7.7268362045288086E-002   1.0000000000000000     
   1270.7232666015625        1.0339909791946411        7.8374326229095459E-002   1.0000000000000000     
   1270.7531738281250        1.0474494695663452        7.9421505331993103E-002   1.0000000000000000     
   1270.7830810546875        1.2821422815322876        8.7430372834205627E-002   1.0000000000000000     
   1270.8129882812500       0.98782461881637573        7.7674813568592072E-002   1.0000000000000000     
   1270.8428955078125        1.1664077043533325        8.3147183060646057E-002   1.0000000000000000     
   1270.8728027343750        1.0118272304534912        7.7890515327453613E-002   1.0000000000000000     
   1270.9028320312500       0.94193589687347412        7.5666941702365875E-002   1.0000000000000000     
   1270.9327392578125        1.0154098272323608        7.7918931841850281E-002   1.0000000000000000     
   1270.9626464843750        1.1848944425582886        8.3813741803169250E-002   1.0000000000000000     
   1270.9925537109375        1.0510603189468384        7.9707071185112000E-002   1.0000000000000000     
   1271.0224609375000        1.0181610584259033        7.7849239110946655E-002   1.0000000000000000     
   1271.0523681640625        1.0264085531234741        7.8210480511188507E-002   1.0000000000000000     
   1271.0822753906250       0.93836867809295654        7.5393222272396088E-002   1.0000000000000000     
   1271.1121826171875       0.90169000625610352        7.3341734707355499E-002   1.0000000000000000     
   1271.1420898437500        1.0780203342437744        7.9972900450229645E-002   1.0000000000000000     
   1271.1719970703125        1.0797396898269653        7.9661175608634949E-002   1.0000000000000000     
   1271.2019042968750       0.99427562952041626        7.7837750315666199E-002   1.0000000000000000     
   1271.2318115234375        1.0796095132827759        7.9648822546005249E-002   1.0000000000000000     
   1271.2617187500000        1.1129709482192993        8.1204548478126526E-002   1.0000000000000000     
   1271.2916259765625       0.91248351335525513        7.3569491505622864E-002   1.0000000000000000     
   1271.3215332031250       0.97496277093887329        7.6069042086601257E-002  0.99978484218422758     
   1271.3514404296875        1.0274648666381836        7.8403294086456299E-002  0.99976832399862980     
   1271.3813476562500        1.0351003408432007        7.8167214989662170E-002  0.99974938002496827     
   1271.4112548828125        1.0329010486602783        7.8332297503948212E-002  0.99972793278222749     
   1271.4411621093750        1.0630017518997192        7.9621568322181702E-002  0.99970395210554175     
   1271.4710693359375        1.0969070196151733        8.0250136554241180E-002  0.99967738226443970     
   1271.5009765625000       0.97837251424789429        7.8128635883331299E-002  0.99964806655528926     
   1271.5308837890625       0.91923063993453979        7.4565887451171875E-002  0.99961565815898645     
   1271.5607910156250        1.0104558467864990        7.7636718750000000E-002  0.99957943100590363     
   1271.5906982421875       0.88401883840560913        7.3203027248382568E-002  0.99953803052360246     
   1271.6206054687500       0.99766993522644043        7.7167712152004242E-002  0.99948930407426884     
   1271.6505126953125        1.0024592876434326        7.7128283679485321E-002  0.99943026278427405     
   1271.6804199218750        1.0282363891601562        7.8427262604236603E-002  0.99935707469875557     
   1271.7103271484375        1.0290188789367676        7.8205324709415436E-002  0.99926497139392623     
   1271.7402343750000        1.1927080154418945        8.3670586347579956E-002  0.99914800401494031     
   1271.7701416015625       0.96587115526199341        7.5404785573482513E-002  0.99899842501408165     
   1271.8000488281250        1.1203421354293823        8.1307776272296906E-002  0.99880507442444066     
   1271.8299560546875        1.0341705083847046        7.8962288796901703E-002  0.99855009364919012     
   1271.8598632812500        1.0126587152481079        7.7384613454341888E-002  0.99820393211687908     
   1271.8897705078125       0.84285908937454224        7.1349278092384338E-002  0.99771897581134372     
   1271.9196777343750       0.90884256362915039        7.3552466928958893E-002  0.99702104429441463     
   1271.9495849609375       0.90046024322509766        7.3500007390975952E-002  0.99599695300977464     
   1271.9794921875000       0.98114442825317383        7.6122619211673737E-002  0.99447676040260868     
   1272.0093994140625        1.0042372941970825        7.8608781099319458E-002  0.99220558108781498     
   1272.0393066406250       0.71111631393432617        6.5542742609977722E-002  0.98878241821300905     
   1272.0692138671875       0.58974486589431763        5.9737704694271088E-002  0.98351128708150792     
   1272.0991210937500       0.42255881428718567        5.1357343792915344E-002  0.97508179961990094     
   1272.1290283203125       0.34384447336196899        4.5584362000226974E-002  0.96103964641531203     
   1272.1589355468750       0.25320017337799072        4.1557546705007553E-002  0.93725616872840412     
   1272.1888427734375       0.27447792887687683        4.1836023330688477E-002  0.89810933823530303     
   1272.2188720703125       0.21612201631069183        3.7173576653003693E-002  0.83842185651864076     
   1272.2487792968750       0.29977679252624512        4.3034981936216354E-002  0.75732389840044645     
   1272.2786865234375       0.34715357422828674        4.5918665826320648E-002  0.66180937768069981     
   1272.3085937500000       0.40766969323158264        5.1025867462158203E-002  0.56629758322727086     
   1272.3385009765625       0.39315250515937805        4.9377918243408203E-002  0.48729651487330633     
   1272.3684082031250       0.31698343157768250        4.4214658439159393E-002  0.43735128867240203     
   1272.3983154296875       0.39310684800148010        4.8667389899492264E-002  0.42288289075422941     
   1272.4282226562500       0.52645570039749146        5.6013535708189011E-002  0.44543797080281394     
   1272.4581298828125       0.39548194408416748        5.0705626606941223E-002  0.50251951331294020     
   1272.4880371093750       0.55804282426834106        5.8281775563955307E-002  0.58632869545971222     
   1272.5179443359375       0.75127774477005005        6.7195974290370941E-002  0.68301044879015471     
   1272.5478515625000       0.76168620586395264        6.7492343485355377E-002  0.77591660547341712     
   1272.5777587890625       0.77267998456954956        6.8537041544914246E-002  0.85202867282041927     
   1272.6076660156250       0.94230687618255615        7.5322583317756653E-002  0.90637263736258156     
   1272.6375732421875       0.92079812288284302        7.5078122317790985E-002  0.94122787455947599     
   1272.6674804687500       0.88317388296127319        7.2709754109382629E-002  0.96214933438552597     
   1272.6973876953125       0.87782466411590576        7.2080910205841064E-002  0.97448753165638369     
   1272.7272949218750       0.87462401390075684        7.2320021688938141E-002  0.98196013373266089     
   1272.7572021484375       0.81987440586090088        7.0668198168277740E-002  0.98672457073368747     
   1272.7871093750000       0.83058017492294312        7.0119664072990417E-002  0.98993775494305181     
   1272.8170166015625       0.96249461174011230        7.5168892741203308E-002  0.99222534338589075     
   1272.8469238281250        1.1024001836776733        8.1015042960643768E-002  0.99393800420375988     
   1272.8768310546875       0.99282944202423096        7.7244527637958527E-002  0.99526924835924613     
   1272.9067382812500       0.95291429758071899        7.5386613607406616E-002  0.99631968887748801     
   1272.9366455078125        1.0095670223236084        7.8705459833145142E-002  0.99714347373583756     
   1272.9665527343750        1.0508488416671753        7.8686133027076721E-002  0.99777878393773156     
   1272.9964599609375        1.0687177181243896        7.9514369368553162E-002  0.99826048378027110     
   1273.0263671875000        1.0370054244995117        7.8592561185359955E-002  0.99862106716237520     
   1273.0562744140625        1.0388933420181274        7.8724123537540436E-002  0.99888851488453645     
   1273.0861816406250        1.0247246026992798        7.7957838773727417E-002  0.99908549658572843     
   1273.1160888671875        1.0744155645370483        7.9607464373111725E-002  0.99923006614943388     
   1273.1459960937500       0.99748235940933228        7.7052630484104156E-002  0.99933663422556451     
   1273.1759033203125        1.0624611377716064        8.0139018595218658E-002  0.99941655153790199     
   1273.2058105468750        1.0815645456314087        8.0220580101013184E-002  0.99947842296496281     
   1273.2357177734375       0.92999750375747681        7.5080141425132751E-002  0.99952844355809234     
   1273.2656250000000       0.97056770324707031        7.6079763472080231E-002  0.99957081184764407     
   1273.2955322265625       0.99807864427566528        7.6991371810436249E-002  0.99960809518928928     
   1273.3254394531250        1.0420452356338501        7.9334743320941925E-002   1.0000000000000000     
   1273.3553466796875        1.0849843025207520        8.0030538141727448E-002   1.0000000000000000     
   1273.3852539062500        1.0354108810424805        7.8085295855998993E-002   1.0000000000000000     
   1273.4151611328125       0.98420804738998413        7.6533704996109009E-002   1.0000000000000000     
   1273.4450683593750       0.80236494541168213        7.1084536612033844E-002   1.0000000000000000     
   1273.4749755859375       0.98520267009735107        7.7024228870868683E-002   1.0000000000000000     
   1273.5048828125000        1.0634671449661255        7.9185694456100464E-002   1.0000000000000000     
   1273.5349121093750       0.90070605278015137        7.3489554226398468E-002   1.0000000000000000     
   1273.5648193359375       0.99654209613800049        7.6895877718925476E-002   1.0000000000000000     
   1273.5947265625000       0.84698653221130371        7.1148037910461426E-002   1.0000000000000000     
   1273.6246337890625       0.84615212678909302        7.0941075682640076E-002   1.0000000000000000     
   1273.6545410156250       0.90494745969772339        7.3312766849994659E-002   1.0000000000000000     
   1273.6844482421875       0.80980509519577026        7.0367239415645599E-002   1.0000000000000000     
   1273.7143554687500       0.78119808435440063        6.8926416337490082E-002   1.0000000000000000     
   1273.7442626953125       0.78039342164993286        6.8491727113723755E-002   1.0000000000000000     
   1273.7741699218750       0.81402945518493652        6.9945819675922394E-002   1.0000000000000000     
   1273.8040771484375       0.94256001710891724        7.4758633971214294E-002   1.0000000000000000     
   1273.8339843750000       0.66941392421722412        6.3961192965507507E-002   1.0000000000000000     
   1273.8638916015625       0.76743620634078979        6.7309625446796417E-002   1.0000000000000000     
   1273.8937988281250       0.61550223827362061        6.1201009899377823E-002   1.0000000000000000     
   1273.9237060546875       0.76970887184143066        6.7367039620876312E-002   1.0000000000000000     
   1273.9536132812500       0.79071158170700073        6.9001659750938416E-002   1.0000000000000000     
   1273.9835205078125       0.79407674074172974        6.7487038671970367E-002   1.0000000000000000     
   1274.0134277343750       0.86389029026031494        7.2289928793907166E-002   1.0000000000000000     
   1274.0433349609375        1.0248570442199707        7.7720098197460175E-002   1.0000000000000000     
   1274.0732421875000        1.0456310510635376        7.9764850437641144E-002   1.0000000000000000     
   1274.1031494140625       0.90887433290481567        7.4052542448043823E-002   1.0000000000000000     
   1274.1330566406250       0.91809278726577759        7.4393711984157562E-002   1.0000000000000000     
   1274.1629638671875        1.0570431947708130        7.9387277364730835E-002   1.0000000000000000     
   1274.1928710937500        1.0009895563125610        7.7193468809127808E-002   1.0000000000000000     
   1274.2227783203125        1.0721429586410522        7.9556569457054138E-002   1.0000000000000000     
   1274.2526855468750       0.98550826311111450        7.6379373669624329E-002   1.0000000000000000     
   1274.2825927734375        1.0642321109771729        8.0763325095176697E-002   1.0000000000000000     
   1274.3125000000000       0.99154281616210938        7.6472297310829163E-002   1.0000000000000000     
   1274.3424072265625        1.0401830673217773        7.8262053430080414E-002   1.0000000000000000     
   1274.3723144531250        1.0546227693557739        8.0097258090972900E-002   1.0000000000000000     
   1274.4022216796875        1.1279340982437134        8.1896394491195679E-002   1.0000000000000000     
   1274.4321289062500        1.0225311517715454        7.9275667667388916E-002   1.0000000000000000     
   1274.4620361328125        1.0731300115585327        7.9285100102424622E-002   1.0000000000000000     
   1274.4919433593750        1.0036176443099976        7.7375106513500214E-002   1.0000000000000000     
   1274.5218505859375        1.0494693517684937        7.8770175576210022E-002   1.0000000000000000     
   1274.5517578125000       0.97663187980651855        7.5940042734146118E-002   1.0000000000000000     
   1274.5816650390625        1.0434399843215942        7.9119384288787842E-002   1.0000000000000000     
   1274.6115722656250       0.92034721374511719        7.3900446295738220E-002   1.0000000000000000     
   1274.6414794921875        1.0591734647750854        7.9722553491592407E-002   1.0000000000000000     
   1274.6713867187500        1.1728935241699219        8.3173148334026337E-002   1.0000000000000000     
   1274.7012939453125        1.0043485164642334        7.7464468777179718E-002   1.0000000000000000     
   1274.7312011718750        1.1078244447708130        8.1132449209690094E-002   1.0000000000000000     
   1274.7611083984375       0.98669964075088501        7.6983109116554260E-002   1.0000000000000000     
   1274.7910156250000        1.0085511207580566        7.7194571495056152E-002   1.0000000000000000     
!  ---- tick mark positions for above ----
!      1272.39732     1     1
