! -------------------------
   1348.1273193359375        1.0335838794708252        7.2833567857742310E-002   1.0000000000000000     
   1348.1572265625000       0.96914792060852051        7.1342922747135162E-002   1.0000000000000000     
   1348.1871337890625       0.83780133724212646        6.5874375402927399E-002   1.0000000000000000     
   1348.2170410156250       0.93058305978775024        6.8917825818061829E-002   1.0000000000000000     
   1348.2469482421875       0.88798564672470093        6.7749880254268646E-002   1.0000000000000000     
   1348.2768554687500       0.95500653982162476        6.9973431527614594E-002   1.0000000000000000     
   1348.3067626953125       0.99385601282119751        7.1827791631221771E-002   1.0000000000000000     
   1348.3366699218750        1.0182230472564697        7.2348982095718384E-002   1.0000000000000000     
   1348.3665771484375        1.0552823543548584        7.3635429143905640E-002   1.0000000000000000     
   1348.3964843750000        1.0680575370788574        7.3593750596046448E-002   1.0000000000000000     
   1348.4263916015625       0.93251293897628784        6.9033995270729065E-002   1.0000000000000000     
   1348.4562988281250        1.0289359092712402        7.2509631514549255E-002   1.0000000000000000     
   1348.4863281250000       0.98717933893203735        7.1480475366115570E-002   1.0000000000000000     
   1348.5162353515625       0.97641867399215698        7.0435158908367157E-002   1.0000000000000000     
   1348.5461425781250        1.0728288888931274        7.3991060256958008E-002   1.0000000000000000     
   1348.5760498046875       0.94520276784896851        6.9441422820091248E-002   1.0000000000000000     
   1348.6059570312500        1.0805768966674805        7.4022032320499420E-002   1.0000000000000000     
   1348.6358642578125       0.98264068365097046        7.2267785668373108E-002   1.0000000000000000     
   1348.6657714843750        1.0040584802627563        7.1706980466842651E-002   1.0000000000000000     
   1348.6956787109375       0.97371393442153931        7.0320047438144684E-002   1.0000000000000000     
   1348.7255859375000       0.92013192176818848        6.9706618785858154E-002   1.0000000000000000     
   1348.7554931640625        1.0040035247802734        7.2193101048469543E-002   1.0000000000000000     
   1348.7854003906250        1.0099252462387085        7.1550205349922180E-002   1.0000000000000000     
   1348.8153076171875       0.91465818881988525        6.9037929177284241E-002   1.0000000000000000     
   1348.8452148437500        1.0076612234115601        7.2071678936481476E-002   1.0000000000000000     
   1348.8751220703125        1.0254043340682983        7.2202652692794800E-002   1.0000000000000000     
   1348.9050292968750        1.1014047861099243        7.4735380709171295E-002   1.0000000000000000     
   1348.9349365234375       0.96087205410003662        6.9778278470039368E-002   1.0000000000000000     
   1348.9648437500000       0.99799466133117676        7.1655742824077606E-002   1.0000000000000000     
   1348.9947509765625        1.0625855922698975        7.3408611118793488E-002   1.0000000000000000     
   1349.0246582031250       0.93074142932891846        6.8987928330898285E-002   1.0000000000000000     
   1349.0545654296875       0.92242503166198730        6.9627657532691956E-002   1.0000000000000000     
   1349.0844726562500        1.0151159763336182        7.2041198611259460E-002   1.0000000000000000     
   1349.1143798828125       0.95863515138626099        7.1605503559112549E-002   1.0000000000000000     
   1349.1442871093750        1.0052043199539185        7.2039693593978882E-002   1.0000000000000000     
   1349.1741943359375       0.96335715055465698        7.0266507565975189E-002   1.0000000000000000     
   1349.2041015625000       0.98933452367782593        7.1352504193782806E-002   1.0000000000000000     
   1349.2340087890625        1.0031349658966064        7.1498595178127289E-002   1.0000000000000000     
   1349.2639160156250        1.0585708618164062        7.3325365781784058E-002   1.0000000000000000     
   1349.2938232421875        1.0671074390411377        7.3779433965682983E-002   1.0000000000000000     
   1349.3237304687500       0.97742104530334473        7.0618413388729095E-002   1.0000000000000000     
   1349.3536376953125        1.0179765224456787        7.2365574538707733E-002   1.0000000000000000     
   1349.3835449218750       0.99564623832702637        7.1305356919765472E-002   1.0000000000000000     
   1349.4134521484375        1.0611782073974609        7.4485711753368378E-002   1.0000000000000000     
   1349.4433593750000        1.0751643180847168        7.4468106031417847E-002   1.0000000000000000     
   1349.4732666015625        1.0552510023117065        7.3025748133659363E-002   1.0000000000000000     
   1349.5031738281250        1.0843132734298706        7.4533581733703613E-002   1.0000000000000000     
   1349.5330810546875       0.94223213195800781        6.9537244737148285E-002   1.0000000000000000     
   1349.5629882812500        1.0694849491119385        7.3999002575874329E-002   1.0000000000000000     
   1349.5928955078125       0.99376308917999268        7.1171745657920837E-002   1.0000000000000000     
   1349.6228027343750        1.0881873369216919        7.4389412999153137E-002  0.99959579806226306     
   1349.6527099609375       0.98353844881057739        7.0766016840934753E-002  0.99957006908357515     
   1349.6826171875000       0.88804084062576294        6.7200712859630585E-002  0.99954287252177221     
   1349.7125244140625        1.0011390447616577        7.1346700191497803E-002  0.99951469409957372     
   1349.7424316406250       0.83839905261993408        6.5682321786880493E-002  0.99948524520111448     
   1349.7723388671875       0.86884093284606934        6.6549070179462433E-002  0.99945311623411592     
   1349.8023681640625       0.97826433181762695        7.0412792265415192E-002  0.99941601543783165     
   1349.8322753906250       0.85913044214248657        6.6478610038757324E-002  0.99937201895237759     
   1349.8621826171875       0.88009685277938843        6.7559093236923218E-002  0.99932096015308769     
   1349.8920898437500       0.92978620529174805        6.8622276186943054E-002  0.99926437762948206     
   1349.9219970703125        1.0249744653701782        7.3029279708862305E-002  0.99920362271965057     
   1349.9519042968750        1.0067130327224731        7.1483179926872253E-002  0.99913796895554174     
   1349.9818115234375       0.95647221803665161        7.1626909077167511E-002  0.99906438173772605     
   1350.0117187500000        1.1671458482742310        7.6796665787696838E-002  0.99897789905218259     
   1350.0416259765625       0.97189760208129883        7.0556752383708954E-002  0.99887236804054813     
   1350.0715332031250        1.0349750518798828        7.3110379278659821E-002  0.99874160022060454     
   1350.1014404296875        1.0526415109634399        7.3122225701808929E-002  0.99857984143555634     
   1350.1313476562500        1.0197823047637939        7.1933597326278687E-002  0.99838253045726777     
   1350.1612548828125       0.95468473434448242        6.9909639656543732E-002  0.99814596430790437     
   1350.1911621093750       0.99007904529571533        7.1029245853424072E-002  0.99786140863984618     
   1350.2210693359375       0.91918104887008667        6.8426437675952911E-002  0.99750300793172286     
   1350.2509765625000       0.88801521062850952        6.7748129367828369E-002  0.99701941843317032     
   1350.2808837890625        1.0388170480728149        7.3021993041038513E-002  0.99634061257221651     
   1350.3107910156250       0.94971901178359985        6.9356612861156464E-002  0.99537976877927903     
   1350.3406982421875        1.0518794059753418        7.3183506727218628E-002  0.99400128100072604     
   1350.3706054687500       0.96645301580429077        7.0569112896919250E-002  0.99199049440428932     
   1350.4005126953125       0.73160928487777710        6.0945030301809311E-002  0.98906735138908530     
   1350.4304199218750       0.63899683952331543        5.8472111821174622E-002  0.98486424231745551     
   1350.4603271484375       0.45946201682090759        4.8517484217882156E-002  0.97882196798349674     
   1350.4902343750000       0.50324040651321411        5.0919745117425919E-002  0.97008225397471348     
   1350.5201416015625       0.52000552415847778        5.1982838660478592E-002  0.95700651354878141     
   1350.5500488281250       0.56704235076904297        5.4117146879434586E-002  0.93537600983230140     
   1350.5799560546875       0.60239344835281372        5.5456601083278656E-002  0.89506556635995971     
   1350.6098632812500       0.60237687826156616        5.5836744606494904E-002  0.81789850837156697     
   1350.6397705078125       0.47827744483947754        4.9741335213184357E-002  0.68461145240256283     
   1350.6696777343750       0.41015744209289551        4.6643506735563278E-002  0.49943577616731760     
   1350.6995849609375       0.26933726668357849        3.8814425468444824E-002  0.31070334323033971     
   1350.7294921875000       0.20387597382068634        3.4164737910032272E-002  0.17596120286172404     
   1350.7593994140625        8.3785332739353180E-002   2.4036422371864319E-002  0.10566177607106741     
   1350.7893066406250        4.2871035635471344E-002   1.8455984070897102E-002   7.4126318248716447E-002
   1350.8192138671875        3.6762036383152008E-002   1.6422940418124199E-002   5.9369237794995623E-002
   1350.8491210937500        4.4065218418836594E-002   1.8528828397393227E-002   5.2354334394400869E-002
   1350.8790283203125        4.0973871946334839E-002   1.7705857753753662E-002   5.0533729295868968E-002
   1350.9089355468750        5.7829532772302628E-002   2.0128073170781136E-002   5.3558523707662287E-002
   1350.9388427734375        3.2329130917787552E-002   1.8010810017585754E-002   6.2323499949734427E-002
   1350.9687500000000        8.4970101714134216E-002   2.5356370955705643E-002   8.1209776881880011E-002
   1350.9986572265625       0.10853495448827744        3.0826643109321594E-002  0.12361093178809961     
   1351.0285644531250       0.22261075675487518        3.5975564271211624E-002  0.21549732470219266     
   1351.0584716796875       0.45468562841415405        4.9874689429998398E-002  0.37424350983239701     
   1351.0883789062500       0.63386362791061401        5.6928250938653946E-002  0.56886233065975356     
   1351.1184082031250       0.80212533473968506        6.3677340745925903E-002  0.73741217823906446     
   1351.1483154296875       0.86328393220901489        6.6032342612743378E-002  0.84761088828288289     
   1351.1782226562500       0.96568065881729126        6.9785349071025848E-002  0.90806414508829658     
   1351.2081298828125       0.95011603832244873        6.9426894187927246E-002  0.93966105292470470     
   1351.2380371093750       0.90530788898468018        6.8182438611984253E-002  0.95743509725236053     
   1351.2679443359375       0.99688327312469482        7.2227321565151215E-002  0.96880406270282593     
   1351.2978515625000        1.0327756404876709        7.2204925119876862E-002  0.97669377562862658     
   1351.3277587890625       0.90594840049743652        6.8076059222221375E-002  0.98225437126419546     
   1351.3576660156250        1.0548646450042725        7.3554523289203644E-002  0.98617480646668998     
   1351.3875732421875       0.94378286600112915        6.9384880363941193E-002  0.98903385338627225     
   1351.4174804687500       0.92931210994720459        6.8891592323780060E-002  0.99126658353427344     
   1351.4473876953125        1.0526963472366333        7.2946973145008087E-002  0.99309797090752061     
   1351.4772949218750        1.1636117696762085        7.6714485883712769E-002  0.99458816582834020     
   1351.5072021484375        1.1115570068359375        7.4811458587646484E-002  0.99574859238976210     
   1351.5371093750000        1.1845401525497437        7.7224388718605042E-002  0.99661833496493302     
   1351.5670166015625        1.0415586233139038        7.2829432785511017E-002  0.99726212343682763     
   1351.5969238281250        1.0642966032028198        7.3175653815269470E-002  0.99774315042604400     
   1351.6268310546875       0.84221702814102173        6.6427841782569885E-002  0.99810854413990402     
   1351.6567382812500       0.93389683961868286        6.8811073899269104E-002  0.99838889306628353     
   1351.6866455078125        1.0258191823959351        7.1944110095500946E-002  0.99860341571663014     
   1351.7165527343750        1.1429198980331421        7.6151065528392792E-002  0.99876660329130995     
   1351.7464599609375        1.1254891157150269        7.5249180197715759E-002  0.99889186061468571     
   1351.7763671875000        1.1115182638168335        7.4861139059066772E-002  0.99899080210514934     
   1351.8062744140625       0.92118680477142334        6.9104641675949097E-002  0.99907236069110938     
   1351.8361816406250        1.0016913414001465        7.1704566478729248E-002  0.99914313333321347     
   1351.8660888671875       0.99535155296325684        7.0845194160938263E-002  0.99920729517238849     
   1351.8959960937500        1.0594220161437988        7.3546923696994781E-002  0.99926680290925818     
   1351.9259033203125        1.0309931039810181        7.2161562740802765E-002  0.99932190168148505     
   1351.9558105468750        1.0161862373352051        7.1511596441268921E-002  0.99937177394344090     
   1351.9857177734375        1.0267665386199951        7.2593957185745239E-002  0.99941594403751788     
   1352.0156250000000       0.99327379465103149        7.0882610976696014E-002   1.0000000000000000     
   1352.0455322265625        1.0210214853286743        7.2202488780021667E-002   1.0000000000000000     
   1352.0754394531250        1.1177198886871338        7.4780702590942383E-002   1.0000000000000000     
   1352.1053466796875        1.0353392362594604        7.2616666555404663E-002   1.0000000000000000     
   1352.1352539062500        1.0587296485900879        7.2831302881240845E-002   1.0000000000000000     
   1352.1651611328125        1.0169594287872314        7.1548223495483398E-002   1.0000000000000000     
   1352.1950683593750        1.0400199890136719        7.2349980473518372E-002   1.0000000000000000     
   1352.2249755859375       0.91960555315017700        6.8302370607852936E-002   1.0000000000000000     
   1352.2548828125000       0.90798670053482056        6.7770428955554962E-002   1.0000000000000000     
   1352.2847900390625        1.0628036260604858        7.2968892753124237E-002   1.0000000000000000     
   1352.3146972656250       0.98108422756195068        7.0405118167400360E-002   1.0000000000000000     
   1352.3446044921875        1.0338302850723267        7.2001732885837555E-002   1.0000000000000000     
   1352.3745117187500       0.94610482454299927        6.9400206208229065E-002   1.0000000000000000     
   1352.4044189453125        1.0335658788681030        7.2790876030921936E-002   1.0000000000000000     
   1352.4344482421875       0.96274107694625854        6.9448783993721008E-002   1.0000000000000000     
   1352.4643554687500       0.96521043777465820        7.0278413593769073E-002   1.0000000000000000     
   1352.4942626953125        1.1545579433441162        7.6091252267360687E-002   1.0000000000000000     
   1352.5241699218750       0.95736134052276611        7.1507424116134644E-002   1.0000000000000000     
   1352.5540771484375       0.93096554279327393        6.8648599088191986E-002   1.0000000000000000     
   1352.5839843750000        1.0393192768096924        7.3347635567188263E-002   1.0000000000000000     
   1352.6138916015625        1.1647487878799438        7.6305322349071503E-002   1.0000000000000000     
   1352.6437988281250        1.0175118446350098        7.1502156555652618E-002   1.0000000000000000     
   1352.6737060546875        1.0478458404541016        7.2367936372756958E-002   1.0000000000000000     
   1352.7036132812500        1.1813898086547852        7.7000193297863007E-002   1.0000000000000000     
   1352.7335205078125        1.0294417142868042        7.3093146085739136E-002   1.0000000000000000     
   1352.7634277343750       0.98526751995086670        7.0230029523372650E-002   1.0000000000000000     
   1352.7933349609375        1.0724010467529297        7.3298215866088867E-002   1.0000000000000000     
   1352.8232421875000       0.98653572797775269        7.0511169731616974E-002   1.0000000000000000     
   1352.8531494140625       0.94373667240142822        6.9662414491176605E-002   1.0000000000000000     
   1352.8830566406250        1.0500143766403198        7.3147259652614594E-002   1.0000000000000000     
   1352.9129638671875       0.93102216720581055        6.8270049989223480E-002   1.0000000000000000     
   1352.9428710937500        1.1342281103134155        7.5709685683250427E-002   1.0000000000000000     
   1352.9727783203125        1.2308560609817505        7.8399263322353363E-002   1.0000000000000000     
   1353.0026855468750       0.96658885478973389        6.9990657269954681E-002   1.0000000000000000     
   1353.0325927734375       0.97803652286529541        7.0272319018840790E-002   1.0000000000000000     
   1353.0625000000000        1.0598372220993042        7.2784036397933960E-002   1.0000000000000000     
   1353.0924072265625        1.0364381074905396        7.2106890380382538E-002   1.0000000000000000     
   1353.1223144531250        1.0243785381317139        7.1652032434940338E-002   1.0000000000000000     
   1353.1522216796875        1.0956685543060303        7.4074417352676392E-002   1.0000000000000000     
   1353.1821289062500       0.96262216567993164        6.9610625505447388E-002   1.0000000000000000     
   1353.2120361328125        1.0926698446273804        7.4853651225566864E-002   1.0000000000000000     
   1353.2419433593750       0.94074195623397827        6.8802975118160248E-002   1.0000000000000000     
   1353.2718505859375       0.94904321432113647        6.9614745676517487E-002   1.0000000000000000     
   1353.3017578125000        1.0527884960174561        7.3067776858806610E-002   1.0000000000000000     
   1353.3316650390625       0.99530875682830811        7.0698924362659454E-002   1.0000000000000000     
   1353.3615722656250       0.99428212642669678        7.0651754736900330E-002   1.0000000000000000     
   1353.3914794921875       0.99528181552886963        7.1463435888290405E-002   1.0000000000000000     
   1353.4213867187500       0.95519179105758667        6.9605916738510132E-002   1.0000000000000000     
   1353.4512939453125       0.98199719190597534        7.0158332586288452E-002   1.0000000000000000     
   1353.4812011718750        1.0074149370193481        7.1066692471504211E-002   1.0000000000000000     
!  ---- tick mark positions for above ----
!      1350.87552     8     1
