! -------------------------
   1444.7067871093750        1.0145837068557739        6.1978138983249664E-002   1.0000000000000000     
   1444.7366943359375       0.85934937000274658        5.7578466832637787E-002   1.0000000000000000     
   1444.7666015625000       0.88546723127365112        5.8149408549070358E-002   1.0000000000000000     
   1444.7965087890625        1.0267605781555176        6.2495410442352295E-002   1.0000000000000000     
   1444.8264160156250       0.84888976812362671        5.7803381234407425E-002   1.0000000000000000     
   1444.8563232421875       0.93030631542205811        5.9446349740028381E-002   1.0000000000000000     
   1444.8862304687500       0.88354098796844482        5.8892562985420227E-002   1.0000000000000000     
   1444.9161376953125        1.0104197263717651        6.1252906918525696E-002   1.0000000000000000     
   1444.9460449218750       0.94679474830627441        6.0119226574897766E-002   1.0000000000000000     
   1444.9759521484375       0.97169893980026245        6.1231091618537903E-002   1.0000000000000000     
   1445.0058593750000       0.97971743345260620        6.1073686927556992E-002   1.0000000000000000     
   1445.0357666015625        1.0029137134552002        6.1370171606540680E-002   1.0000000000000000     
   1445.0656738281250       0.91502815485000610        6.0408916324377060E-002   1.0000000000000000     
   1445.0955810546875       0.97230684757232666        6.2033578753471375E-002   1.0000000000000000     
   1445.1254882812500        1.0280992984771729        6.2157161533832550E-002   1.0000000000000000     
   1445.1553955078125       0.91011720895767212        5.8912247419357300E-002   1.0000000000000000     
   1445.1853027343750       0.94026839733123779        6.0016173869371414E-002   1.0000000000000000     
   1445.2152099609375       0.97818076610565186        6.2081221491098404E-002   1.0000000000000000     
   1445.2451171875000       0.97199016809463501        6.1295825988054276E-002   1.0000000000000000     
   1445.2750244140625        1.0648025274276733        6.3905082643032074E-002   1.0000000000000000     
   1445.3049316406250        1.1262568235397339        6.5473586320877075E-002   1.0000000000000000     
   1445.3348388671875        1.1033488512039185        6.4812049269676208E-002   1.0000000000000000     
   1445.3647460937500       0.99791014194488525        6.1984669417142868E-002   1.0000000000000000     
   1445.3946533203125        1.1497813463211060        6.6833876073360443E-002   1.0000000000000000     
   1445.4245605468750       0.88515383005142212        6.0757361352443695E-002   1.0000000000000000     
   1445.4544677734375       0.94093823432922363        5.9835109859704971E-002   1.0000000000000000     
   1445.4843750000000       0.96250021457672119        6.0858350247144699E-002   1.0000000000000000     
   1445.5142822265625       0.92219591140747070        5.9690929949283600E-002   1.0000000000000000     
   1445.5441894531250        1.0710605382919312        6.3434869050979614E-002   1.0000000000000000     
   1445.5740966796875        1.0642012357711792        6.3142172992229462E-002   1.0000000000000000     
   1445.6040039062500        1.0909277200698853        6.4399719238281250E-002   1.0000000000000000     
   1445.6339111328125        1.0486029386520386        6.2525793910026550E-002   1.0000000000000000     
   1445.6638183593750        1.1189829111099243        6.4804293215274811E-002   1.0000000000000000     
   1445.6937255859375        1.0543313026428223        6.3151471316814423E-002   1.0000000000000000     
   1445.7236328125000        1.1422129869461060        6.5321929752826691E-002   1.0000000000000000     
   1445.7535400390625        1.0536701679229736        6.3107997179031372E-002   1.0000000000000000     
   1445.7834472656250        1.1382929086685181        6.5456993877887726E-002   1.0000000000000000     
   1445.8133544921875        1.0841724872589111        6.4202740788459778E-002   1.0000000000000000     
   1445.8432617187500       0.93374019861221313        5.9938531368970871E-002   1.0000000000000000     
   1445.8731689453125        1.0396820306777954        6.3357912003993988E-002   1.0000000000000000     
   1445.9031982421875        1.0259436368942261        6.2284681946039200E-002   1.0000000000000000     
   1445.9331054687500       0.96268218755722046        6.1422467231750488E-002   1.0000000000000000     
   1445.9630126953125       0.96742612123489380        6.1097674071788788E-002   1.0000000000000000     
   1445.9929199218750       0.90616923570632935        5.8233447372913361E-002   1.0000000000000000     
   1446.0228271484375       0.93320518732070923        5.9198431670665741E-002   1.0000000000000000     
   1446.0527343750000       0.93082642555236816        5.9701934456825256E-002   1.0000000000000000     
   1446.0826416015625       0.92612701654434204        5.9140026569366455E-002   1.0000000000000000     
   1446.1125488281250       0.87571984529495239        5.8042466640472412E-002   1.0000000000000000     
   1446.1424560546875       0.96495234966278076        6.0403127223253250E-002   1.0000000000000000     
   1446.1723632812500       0.91764855384826660        5.8896236121654510E-002   1.0000000000000000     
   1446.2022705078125       0.80605083703994751        5.6658953428268433E-002  0.99958443577473732     
   1446.2321777343750       0.91987371444702148        5.9230037033557892E-002  0.99950577072455971     
   1446.2620849609375       0.93780726194381714        5.9674829244613647E-002  0.99940298205913347     
   1446.2919921875000       0.82709014415740967        5.6322351098060608E-002  0.99926898902950645     
   1446.3218994140625       0.87052261829376221        5.7806268334388733E-002  0.99909141731577911     
   1446.3518066406250       0.88815116882324219        5.7898160070180893E-002  0.99884926324004342     
   1446.3817138671875       0.89799964427947998        5.8982513844966888E-002  0.99850956392484536     
   1446.4116210937500       0.88259381055831909        5.7931177318096161E-002  0.99802028633457940     
   1446.4415283203125        1.0423140525817871        6.3011325895786285E-002  0.99729378005096925     
   1446.4714355468750       0.96827811002731323        6.0986299067735672E-002  0.99618251323987350     
   1446.5013427734375       0.91984963417053223        6.0237653553485870E-002  0.99445339427326740     
   1446.5312500000000       0.99771881103515625        6.2097247689962387E-002  0.99174918587765892     
   1446.5611572265625       0.98296695947647095        6.0990393161773682E-002  0.98749634647120521     
   1446.5910644531250        1.0372048616409302        6.2782801687717438E-002  0.98077125094884210     
   1446.6209716796875       0.98006111383438110        6.0911200940608978E-002  0.97037106283321517     
   1446.6508789062500       0.96025645732879639        6.0216858983039856E-002  0.95552419870263983     
   1446.6807861328125        1.0607334375381470        6.3231654465198517E-002  0.93709839771132497     
   1446.7106933593750       0.93063747882843018        5.9343244880437851E-002  0.91775887827628722     
   1446.7406005859375       0.92925941944122314        5.9197656810283661E-002  0.89935178113608816     
   1446.7705078125000       0.84487295150756836        5.6537028402090073E-002  0.87883459395152341     
   1446.8004150390625       0.80551433563232422        5.5510498583316803E-002  0.84801545175491200     
   1446.8303222656250       0.83553403615951538        5.6249819695949554E-002  0.80112719438815727     
   1446.8602294921875       0.70381939411163330        5.3211949765682220E-002  0.74500892122616535     
   1446.8901367187500       0.71001398563385010        5.2582640200853348E-002  0.69954406177118933     
   1446.9200439453125       0.73105001449584961        5.3219314664602280E-002  0.68555841208369628     
   1446.9499511718750       0.63611578941345215        5.1366548985242844E-002  0.71176172431373486     
   1446.9798583984375       0.78795486688613892        5.5838853120803833E-002  0.77004536566017678     
   1447.0097656250000       0.89308041334152222        5.8831259608268738E-002  0.84010030371830835     
   1447.0396728515625       0.91367936134338379        5.9911172837018967E-002  0.90116487117450583     
   1447.0695800781250       0.90801006555557251        5.8781929314136505E-002  0.94296810085072247     
   1447.0994873046875       0.89113676548004150        5.8173343539237976E-002  0.96689114611896498     
   1447.1293945312500        1.0008101463317871        6.1386767774820328E-002  0.97936536427609655     
   1447.1593017578125        1.1290991306304932        6.5652161836624146E-002  0.98601525790243583     
   1447.1892089843750        1.1140214204788208        6.5123081207275391E-002  0.98997442495162691     
   1447.2192382812500       0.98975670337677002        6.1169341206550598E-002  0.99258291056213011     
   1447.2491455078125       0.96243184804916382        6.0603696852922440E-002  0.99437428501537040     
   1447.2790527343750       0.96816813945770264        6.0727082192897797E-002  0.99562731868734111     
   1447.3089599609375        1.1112086772918701        6.5918527543544769E-002  0.99654169926208491     
   1447.3388671875000       0.96361994743347168        6.0718078166246414E-002  0.99725484511068530     
   1447.3687744140625       0.97039997577667236        6.0964014381170273E-002  0.99783860737380647     
   1447.3986816406250       0.98449635505676270        6.1032779514789581E-002  0.99831736732533949     
   1447.4285888671875       0.92282295227050781        5.9513650834560394E-002  0.99869694690002542     
   1447.4584960937500        1.0073250532150269        6.1829641461372375E-002  0.99898518873093833     
   1447.4884033203125        1.0563198328018188        6.3867680728435516E-002  0.99919734399640181     
   1447.5183105468750        1.0499469041824341        6.3138797879219055E-002  0.99935197489655081     
   1447.5482177734375       0.93430197238922119        6.0133703052997589E-002  0.99946606329936294     
   1447.5781250000000        1.0485422611236572        6.3044928014278412E-002  0.99955254945602245     
   1447.6080322265625        1.0449144840240479        6.2623567879199982E-002  0.99961997269918068     
   1447.6379394531250       0.93667554855346680        6.0001760721206665E-002  0.99967322845997630     
   1447.6678466796875       0.89794415235519409        5.8592643588781357E-002  0.99971486998102044     
   1447.6977539062500       0.98494362831115723        6.1200667172670364E-002  0.99974649418561656     
   1447.7276611328125       0.94674032926559448        6.0430303215980530E-002   1.0000000000000000     
   1447.7575683593750       0.93386209011077881        5.9922065585851669E-002   1.0000000000000000     
   1447.7874755859375       0.91928023099899292        5.9715840965509415E-002   1.0000000000000000     
   1447.8173828125000       0.91052591800689697        5.9579316526651382E-002   1.0000000000000000     
   1447.8472900390625       0.85568511486053467        5.7578120380640030E-002   1.0000000000000000     
   1447.8771972656250       0.92232447862625122        5.9438705444335938E-002   1.0000000000000000     
   1447.9071044921875        1.0282250642776489        6.2365666031837463E-002   1.0000000000000000     
   1447.9370117187500        1.1155261993408203        6.5422207117080688E-002   1.0000000000000000     
   1447.9669189453125       0.86201590299606323        5.7583659887313843E-002   1.0000000000000000     
   1447.9968261718750       0.80869603157043457        5.5831592530012131E-002   1.0000000000000000     
   1448.0267333984375       0.86563324928283691        5.7536043226718903E-002   1.0000000000000000     
   1448.0566406250000       0.87397187948226929        5.7929717004299164E-002   1.0000000000000000     
   1448.0865478515625       0.82630693912506104        5.6846778839826584E-002   1.0000000000000000     
   1448.1164550781250       0.90208101272583008        5.9302009642124176E-002   1.0000000000000000     
   1448.1463623046875       0.73362755775451660        5.3449839353561401E-002   1.0000000000000000     
   1448.1762695312500       0.75407505035400391        5.3571831434965134E-002   1.0000000000000000     
   1448.2061767578125       0.73131078481674194        5.3113859146833420E-002   1.0000000000000000     
   1448.2360839843750       0.67272746562957764        5.0772611051797867E-002   1.0000000000000000     
   1448.2659912109375       0.60998713970184326        4.8392619937658310E-002   1.0000000000000000     
   1448.2958984375000       0.52147960662841797        5.0621565431356430E-002   1.0000000000000000     
   1448.3258056640625       0.39926472306251526        4.8192445188760757E-002   1.0000000000000000     
   1448.3557128906250       0.46282958984375000        4.5965522527694702E-002   1.0000000000000000     
   1448.3856201171875       0.28891110420227051        4.0036395192146301E-002   1.0000000000000000     
   1448.4155273437500       0.20732541382312775        3.7344492971897125E-002   1.0000000000000000     
   1448.4454345703125       0.21646577119827271        3.2159954309463501E-002   1.0000000000000000     
   1448.4753417968750       0.21236947178840637        3.1369499862194061E-002   1.0000000000000000     
   1448.5052490234375       0.28148356080055237        3.7364337593317032E-002   1.0000000000000000     
   1448.5352783203125       0.24541994929313660        3.7253078073263168E-002   1.0000000000000000     
   1448.5651855468750       0.35664746165275574        4.1103012859821320E-002   1.0000000000000000     
   1448.5950927734375       0.52200102806091309        5.0586376339197159E-002   1.0000000000000000     
   1448.6250000000000       0.69360458850860596        5.4590441286563873E-002   1.0000000000000000     
   1448.6549072265625       0.80710387229919434        5.9521656483411789E-002   1.0000000000000000     
   1448.6848144531250       0.89956116676330566        6.3052959740161896E-002   1.0000000000000000     
   1448.7147216796875       0.95434898138046265        6.3883893191814423E-002   1.0000000000000000     
   1448.7446289062500       0.98595750331878662        6.4926683902740479E-002   1.0000000000000000     
   1448.7745361328125        1.0300401449203491        6.5612941980361938E-002   1.0000000000000000     
   1448.8044433593750        1.0075109004974365        6.4644508063793182E-002   1.0000000000000000     
   1448.8343505859375        1.0239048004150391        6.5125450491905212E-002   1.0000000000000000     
   1448.8642578125000        1.0760504007339478        6.7830726504325867E-002   1.0000000000000000     
   1448.8941650390625       0.99673420190811157        6.5099254250526428E-002   1.0000000000000000     
   1448.9240722656250        1.0730826854705811        6.6742435097694397E-002   1.0000000000000000     
   1448.9539794921875        1.0791510343551636        6.7255489528179169E-002   1.0000000000000000     
   1448.9838867187500       0.92212796211242676        6.2750123441219330E-002   1.0000000000000000     
   1449.0137939453125        1.0919042825698853        6.8103961646556854E-002   1.0000000000000000     
   1449.0437011718750        1.0762147903442383        6.6771686077117920E-002   1.0000000000000000     
   1449.0736083984375        1.0266243219375610        6.5757773816585541E-002   1.0000000000000000     
   1449.1035156250000       0.95940160751342773        6.3084550201892853E-002   1.0000000000000000     
   1449.1334228515625       0.98238897323608398        6.4149387180805206E-002   1.0000000000000000     
   1449.1633300781250        1.0804979801177979        6.7943431437015533E-002   1.0000000000000000     
   1449.1932373046875       0.89830034971237183        6.1809614300727844E-002   1.0000000000000000     
!  ---- tick mark positions for above ----
!      1446.91940     6     1
!      1446.74600     7     1
!      1446.63317     8     1
