      1.00000       0.0000000
      2.00000   7.4122531e-06
      3.00000   7.4376817e-06
      4.00000   7.4450090e-06
      5.00000   7.4629679e-06
      6.00000   7.4913310e-06
      7.00000   7.5190087e-06
      8.00000   7.5384728e-06
      9.00000   7.5557027e-06
      10.0000   7.5855369e-06
      11.0000   7.6401111e-06
      12.0000   7.7161403e-06
      13.0000   7.8015755e-06
      14.0000   7.8913035e-06
      15.0000   7.9878537e-06
      16.0000   8.0932314e-06
      17.0000   8.2061306e-06
      18.0000   8.3241111e-06
      19.0000   8.4446028e-06
      20.0000   8.5610191e-06
      21.0000   8.6715490e-06
      22.0000   8.7915150e-06
      23.0000   8.9527612e-06
      24.0000   9.1854390e-06
      25.0000   9.4959460e-06
      26.0000   9.8617656e-06
      27.0000   1.0247780e-05
      28.0000   1.0637571e-05
      29.0000   1.1041509e-05
      30.0000   1.1473581e-05
      31.0000   1.1926842e-05
      32.0000   1.2373349e-05
      33.0000   1.2777802e-05
      34.0000   1.3111981e-05
      35.0000   1.3361954e-05
      36.0000   1.3533840e-05
      37.0000   1.3655111e-05
      38.0000   1.3743848e-05
      39.0000   1.3796221e-05
      40.0000   1.3802751e-05
      41.0000   1.3764322e-05
      42.0000   1.3705742e-05
      43.0000   1.3667162e-05
      44.0000   1.3680696e-05
      45.0000   1.3760094e-05
      46.0000   1.3919014e-05
      47.0000   1.4172944e-05
      48.0000   1.4535229e-05
      49.0000   1.5013225e-05
      50.0000   1.5588563e-05
      51.0000   1.6201029e-05
      52.0000   1.6782829e-05
      53.0000   1.7303622e-05
      54.0000   1.7777207e-05
      55.0000   1.8268864e-05
      56.0000   1.8869427e-05
      57.0000   1.9630717e-05
      58.0000   2.0520085e-05
      59.0000   2.1445347e-05
      60.0000   2.2303855e-05
      61.0000   2.3017574e-05
      62.0000   2.3570105e-05
      63.0000   2.3979550e-05
      64.0000   2.4265482e-05
      65.0000   2.4468882e-05
      66.0000   2.4640060e-05
      67.0000   2.4803414e-05
      68.0000   2.4957928e-05
      69.0000   2.5107762e-05
      70.0000   2.5251869e-05
      71.0000   2.5370669e-05
      72.0000   2.5483971e-05
      73.0000   2.5645224e-05
      74.0000   2.5894262e-05
      75.0000   2.6274813e-05
      76.0000   2.6831596e-05
      77.0000   2.7561493e-05
      78.0000   2.8386152e-05
      79.0000   2.9210632e-05
      80.0000   3.0008654e-05
      81.0000   3.0885309e-05
      82.0000   3.2033473e-05
      83.0000   3.3583518e-05
      84.0000   3.5552035e-05
      85.0000   3.7886974e-05
      86.0000   4.0481980e-05
      87.0000   4.3203727e-05
      88.0000   4.5982590e-05
      89.0000   4.8842878e-05
      90.0000   5.1846728e-05
      91.0000   5.5029370e-05
      92.0000   5.8408405e-05
      93.0000   6.1944302e-05
      94.0000   6.5462547e-05
      95.0000   6.8878275e-05
      96.0000   7.2426337e-05
      97.0000   7.6450313e-05
      98.0000   8.1013197e-05
      99.0000   8.5850785e-05
      100.000   9.0685040e-05
      101.000   9.5601841e-05
      102.000   0.00010116988
      103.000   0.00010820389
      104.000   0.00011734340
      105.000   0.00012870881
      106.000   0.00014193771
      107.000   0.00015674357
      108.000   0.00017339776
      109.000   0.00019241942
      110.000   0.00021407014
      111.000   0.00023837149
      112.000   0.00026480987
      113.000   0.00029200371
      114.000   0.00031807847
      115.000   0.00034147120
      116.000   0.00036140686
      117.000   0.00037829287
      118.000   0.00039392785
      119.000   0.00041056742
      120.000   0.00042897419
      121.000   0.00044815996
      122.000   0.00046775254
      123.000   0.00049004500
      124.000   0.00051986921
      125.000   0.00056190958
      126.000   0.00061688421
      127.000   0.00068156846
      128.000   0.00075395522
      129.000   0.00083597982
      130.000   0.00092999247
      131.000    0.0010342126
      132.000    0.0011436981
      133.000    0.0012570760
      134.000    0.0013799892
      135.000    0.0015168251
      136.000    0.0016592776
      137.000    0.0017891870
      138.000    0.0018945357
      139.000    0.0019786472
      140.000    0.0020588760
      141.000    0.0021614672
      142.000    0.0023166023
      143.000    0.0025415542
      144.000    0.0028190091
      145.000    0.0031168223
      146.000    0.0034468991
      147.000    0.0038899814
      148.000    0.0045302305
      149.000    0.0053742267
      150.000    0.0063777580
      151.000    0.0075716358
      152.000    0.0091591487
      153.000     0.011516333
      154.000     0.015152506
      155.000     0.020642152
      156.000     0.028522672
      157.000     0.039419930
      158.000     0.054214273
      159.000     0.072843701
      160.000     0.091816582
      161.000      0.10385188
      162.000      0.10247697
      163.000     0.088319391
      164.000     0.068395898
      165.000     0.049670149
      166.000     0.035260554
      167.000     0.025102504
      168.000     0.018095979
      169.000     0.013321755
      170.000     0.010142923
      171.000    0.0080292635
      172.000    0.0065610069
      173.000    0.0054905280
      174.000    0.0046952963
      175.000    0.0040949932
      176.000    0.0036274267
      177.000    0.0032513042
      178.000    0.0029409712
      179.000    0.0026809915
      180.000    0.0024569824
      181.000    0.0022568975
      182.000    0.0020777604
      183.000    0.0019162705
      184.000    0.0017590421
      185.000    0.0015928277
      186.000    0.0014164040
      187.000    0.0012398392
      188.000    0.0010804500
      189.000   0.00095194933
      190.000   0.00085414783
      191.000   0.00077574374
      192.000   0.00070436142
      193.000   0.00063253369
      194.000   0.00055948528
      195.000   0.00049015990
      196.000   0.00043024131
      197.000   0.00038202861
      198.000   0.00034430079
      199.000   0.00031403033
      200.000   0.00028825219
      201.000   0.00026526218
      202.000   0.00024446560
      203.000   0.00022554051
      204.000   0.00020808798
      205.000   0.00019174701
      206.000   0.00017616831
      207.000   0.00016105139
      208.000   0.00014639116
      209.000   0.00013252042
      210.000   0.00011986360
      211.000   0.00010884926
      212.000   9.9718716e-05
      213.000   9.2353243e-05
      214.000   8.6364795e-05
      215.000   8.1385610e-05
      216.000   7.7386438e-05
      217.000   7.4469732e-05
      218.000   7.2496274e-05
      219.000   7.1025090e-05
      220.000   6.9466885e-05
      221.000   6.7429006e-05
      222.000   6.5002620e-05
      223.000   6.2576801e-05
      224.000   6.0391605e-05
      225.000   5.8392747e-05
      226.000   5.6449582e-05
      227.000   5.4466087e-05
      228.000   5.2387255e-05
      229.000   5.0248349e-05
      230.000   4.8087724e-05
      231.000   4.5931632e-05
      232.000   4.3894768e-05
      233.000   4.2095675e-05
      234.000   4.0471976e-05
      235.000   3.8804632e-05
      236.000   3.6976067e-05
      237.000   3.5103654e-05
      238.000   3.3368178e-05
      239.000   3.1863445e-05
      240.000   3.0599760e-05
      241.000   2.9514353e-05
      242.000   2.8486276e-05
      243.000   2.7430766e-05
      244.000   2.6353977e-05
      245.000   2.5321277e-05
      246.000   2.4427234e-05
      247.000   2.3731529e-05
      248.000   2.3232933e-05
      249.000   2.2931277e-05
      250.000   2.2834149e-05
      251.000   2.2882310e-05
      252.000   2.2951668e-05
      253.000   2.2942579e-05
      254.000   2.2832162e-05
      255.000   2.2646009e-05
      256.000   2.2396029e-05
      257.000   2.2063803e-05
      258.000   2.1636552e-05
      259.000   2.1141428e-05
      260.000   2.0615802e-05
      261.000   2.0065483e-05
      262.000   1.9475463e-05
      263.000   1.8830675e-05
      264.000   1.8147897e-05
      265.000   1.7477787e-05
      266.000   1.6864440e-05
      267.000   1.6330281e-05
      268.000   1.5874077e-05
      269.000   1.5485761e-05
      270.000   1.5143919e-05
      271.000   1.4806104e-05
      272.000   1.4452331e-05
      273.000   1.4102377e-05
      274.000   1.3787036e-05
      275.000   1.3529117e-05
      276.000   1.3330001e-05
      277.000   1.3167578e-05
      278.000   1.3016360e-05
      279.000   1.2862433e-05
      280.000   1.2707971e-05
      281.000   1.2562075e-05
      282.000   1.2438332e-05
      283.000   1.2344641e-05
      284.000   1.2268583e-05
      285.000   1.2185287e-05
      286.000   1.2062686e-05
      287.000   1.1883753e-05
      288.000   1.1653558e-05
      289.000   1.1375922e-05
      290.000   1.1055368e-05
      291.000   1.0715632e-05
      292.000   1.0387530e-05
      293.000   1.0085462e-05
      294.000   9.8139981e-06
      295.000   9.5740725e-06
      296.000   9.3574790e-06
      297.000   9.1485972e-06
      298.000   8.9398609e-06
      299.000   8.7465687e-06
      300.000   8.5896781e-06
      301.000   8.4730473e-06
      302.000   8.3779287e-06
      303.000   8.2712986e-06
      304.000   8.1323515e-06
      305.000   7.9719275e-06
      306.000   7.8163430e-06
      307.000   7.6880597e-06
      308.000   7.6000451e-06
      309.000   7.5523571e-06
      310.000   7.5303769e-06
      311.000   7.5116441e-06
      312.000   7.4836212e-06
      313.000   7.4516820e-06
      314.000   7.4223854e-06
      315.000   7.3960728e-06
      316.000   7.3750016e-06
      317.000   7.3623364e-06
      318.000   7.3593224e-06
      319.000   7.3570523e-06
      320.000   7.3455640e-06
      321.000   7.2760113e-06
