! -------------------------
   1407.9332275390625        1.0377762317657471        4.1237905621528625E-002   1.0000000000000000     
   1407.9631347656250       0.99749797582626343        4.0418241173028946E-002   1.0000000000000000     
   1407.9930419921875        1.0322974920272827        4.0932446718215942E-002   1.0000000000000000     
   1408.0229492187500        1.0443222522735596        4.1501015424728394E-002   1.0000000000000000     
   1408.0528564453125       0.97314947843551636        3.9902575314044952E-002   1.0000000000000000     
   1408.0827636718750       0.96757239103317261        3.9840608835220337E-002   1.0000000000000000     
   1408.1126708984375        1.0064001083374023        4.0511615574359894E-002   1.0000000000000000     
   1408.1425781250000       0.98006451129913330        4.0121987462043762E-002   1.0000000000000000     
   1408.1724853515625        1.0119508504867554        4.0626265108585358E-002   1.0000000000000000     
   1408.2023925781250       0.99251937866210938        4.0322598069906235E-002   1.0000000000000000     
   1408.2322998046875       0.98320639133453369        4.0425062179565430E-002   1.0000000000000000     
   1408.2622070312500       0.90099912881851196        3.8573585450649261E-002   1.0000000000000000     
   1408.2921142578125       0.95285737514495850        3.9526153355836868E-002   1.0000000000000000     
   1408.3220214843750       0.98238718509674072        4.0025606751441956E-002   1.0000000000000000     
   1408.3519287109375       0.93098491430282593        3.8902737200260162E-002   1.0000000000000000     
   1408.3818359375000       0.90501147508621216        3.8446746766567230E-002   1.0000000000000000     
   1408.4117431640625       0.87956303358078003        3.8058452308177948E-002   1.0000000000000000     
   1408.4416503906250       0.93352490663528442        3.9016094058752060E-002   1.0000000000000000     
   1408.4715576171875       0.93978023529052734        3.9341811090707779E-002   1.0000000000000000     
   1408.5014648437500       0.98988634347915649        4.0132343769073486E-002   1.0000000000000000     
   1408.5313720703125       0.94858050346374512        3.9412599056959152E-002   1.0000000000000000     
   1408.5612792968750       0.92053008079528809        3.8863904774188995E-002   1.0000000000000000     
   1408.5911865234375       0.92668044567108154        3.9073571562767029E-002   1.0000000000000000     
   1408.6210937500000       0.81443542242050171        3.6557622253894806E-002   1.0000000000000000     
   1408.6510009765625       0.98252862691879272        4.0192291140556335E-002   1.0000000000000000     
   1408.6809082031250       0.93624514341354370        3.9130788296461105E-002   1.0000000000000000     
   1408.7108154296875       0.91558951139450073        3.8648378103971481E-002   1.0000000000000000     
   1408.7407226562500       0.94078040122985840        3.9359565824270248E-002   1.0000000000000000     
   1408.7706298828125       0.99070960283279419        4.0572322905063629E-002   1.0000000000000000     
   1408.8005371093750       0.96123450994491577        4.0083486586809158E-002   1.0000000000000000     
   1408.8304443359375       0.97387468814849854        3.9949510246515274E-002   1.0000000000000000     
   1408.8603515625000        1.0041812658309937        4.0963500738143921E-002   1.0000000000000000     
   1408.8902587890625        1.0997521877288818        4.2482223361730576E-002   1.0000000000000000     
   1408.9201660156250        1.1251665353775024        4.3025407940149307E-002   1.0000000000000000     
   1408.9500732421875       0.95867067575454712        3.9761051535606384E-002   1.0000000000000000     
   1408.9799804687500        1.0246269702911377        4.1008844971656799E-002   1.0000000000000000     
   1409.0098876953125        1.0393708944320679        4.1269414126873016E-002   1.0000000000000000     
   1409.0399169921875        1.0316818952560425        4.1090562939643860E-002   1.0000000000000000     
   1409.0698242187500       0.98955094814300537        4.0301807224750519E-002   1.0000000000000000     
   1409.0997314453125       0.98138970136642456        4.0311656892299652E-002   1.0000000000000000     
   1409.1296386718750       0.99294328689575195        4.0313992649316788E-002   1.0000000000000000     
   1409.1595458984375        1.0000424385070801        4.0476951748132706E-002   1.0000000000000000     
   1409.1894531250000        1.0247671604156494        4.1087087243795395E-002   1.0000000000000000     
   1409.2193603515625        1.0462260246276855        4.1404031217098236E-002   1.0000000000000000     
   1409.2492675781250       0.94621485471725464        3.9723630994558334E-002   1.0000000000000000     
   1409.2791748046875       0.99202191829681396        4.0233846753835678E-002   1.0000000000000000     
   1409.3090820312500       0.94208103418350220        3.9439283311367035E-002   1.0000000000000000     
   1409.3389892578125        1.0115953683853149        4.0763806551694870E-002   1.0000000000000000     
   1409.3688964843750       0.94778573513031006        3.9586886763572693E-002   1.0000000000000000     
   1409.3988037109375       0.99746352434158325        4.0679216384887695E-002   1.0000000000000000     
   1409.4287109375000       0.93997710943222046        3.9178736507892609E-002  0.99997844889965715     
   1409.4586181640625       0.95600497722625732        3.9667263627052307E-002  0.99997250877579480     
   1409.4885253906250        1.0157124996185303        4.0943142026662827E-002  0.99996364887676792     
   1409.5184326171875        1.0876185894012451        4.2200777679681778E-002  0.99995141173310964     
   1409.5483398437500        1.0284136533737183        4.1160013526678085E-002  0.99993589690342510     
   1409.5782470703125        1.0539239645004272        4.1622646152973175E-002  0.99991775765513202     
   1409.6081542968750       0.98127967119216919        4.0245201438665390E-002  0.99989780331624500     
   1409.6380615234375       0.99775683879852295        4.0454342961311340E-002  0.99987652904314572     
   1409.6679687500000        1.0376899242401123        4.1325546801090240E-002  0.99985398472000087     
   1409.6978759765625        1.0062301158905029        4.0770377963781357E-002  0.99982999869374123     
   1409.7277832031250        1.0310465097427368        4.1711699217557907E-002  0.99980447410715334     
   1409.7576904296875       0.94690144062042236        3.9621800184249878E-002  0.99977753981803408     
   1409.7875976562500        1.0412327051162720        4.1472908109426498E-002  0.99974949669662239     
   1409.8175048828125       0.99331516027450562        4.0812898427248001E-002  0.99972061422178837     
   1409.8474121093750       0.94149166345596313        3.9388921111822128E-002  0.99969090221086965     
   1409.8773193359375       0.98126441240310669        4.0207177400588989E-002  0.99965998825929869     
   1409.9072265625000        1.0064460039138794        4.0785573422908783E-002  0.99962717984823213     
   1409.9371337890625       0.97436779737472534        4.0143847465515137E-002  0.99959170553374233     
   1409.9670410156250        1.0005271434783936        4.0950886905193329E-002  0.99955302299083970     
   1409.9969482421875       0.99897193908691406        4.0582135319709778E-002  0.99951100859620434     
   1410.0268554687500       0.93027669191360474        3.9460804313421249E-002  0.99946589500253091     
   1410.0567626953125        1.0164343118667603        4.1174583137035370E-002  0.99941798766068091     
   1410.0866699218750        1.0645797252655029        4.2041342705488205E-002  0.99936733744940309     
   1410.1165771484375        1.0153377056121826        4.0840223431587219E-002  0.99931358774893442     
   1410.1464843750000       0.97702246904373169        4.0066577494144440E-002  0.99925614510883121     
   1410.1763916015625       0.90837883949279785        3.8798488676548004E-002  0.99919460452218256     
   1410.2062988281250       0.95845311880111694        3.9720896631479263E-002  0.99912905905679106     
   1410.2362060546875       0.91740107536315918        3.8962379097938538E-002  0.99905992946957756     
   1410.2661132812500       0.94199979305267334        3.9462521672248840E-002  0.99898739653590596     
   1410.2960205078125       0.90873187780380249        3.8616202771663666E-002  0.99891083451129292     
   1410.3259277343750       0.95723545551300049        3.9880167692899704E-002  0.99882850548379787     
   1410.3559570312500       0.94909137487411499        3.9629567414522171E-002  0.99873754014624139     
   1410.3858642578125       0.94407635927200317        3.9475478231906891E-002  0.99863413187108707     
   1410.4157714843750       0.98210716247558594        4.0286023169755936E-002  0.99851381790201132     
   1410.4456787109375        1.0848560333251953        4.2230717837810516E-002  0.99837165894185176     
   1410.4755859375000        1.0257198810577393        4.1156608611345291E-002  0.99820208457501425     
   1410.5054931640625       0.91898900270462036        3.9106383919715881E-002  0.99799817237619226     
   1410.5354003906250       0.98586082458496094        4.0236089378595352E-002  0.99775018636000723     
   1410.5653076171875       0.95850175619125366        4.0021821856498718E-002  0.99744324334624013     
   1410.5952148437500       0.97049379348754883        4.0248099714517593E-002  0.99705391516078790     
   1410.6251220703125       0.95194453001022339        3.9749644696712494E-002  0.99654555816195256     
   1410.6550292968750       0.93978637456893921        3.9306838065385818E-002  0.99586211252545276     
   1410.6849365234375       0.92576193809509277        3.9103776216506958E-002  0.99491929352244324     
   1410.7148437500000       0.93082338571548462        3.9216563105583191E-002  0.99359022496790617     
   1410.7447509765625       0.89498913288116455        3.8445763289928436E-002  0.99168056172698726     
   1410.7746582031250       0.85759377479553223        3.7534236907958984E-002  0.98888630050880832     
   1410.8045654296875       0.87485748529434204        3.8220133632421494E-002  0.98472397137283341     
   1410.8344726562500       0.85753887891769409        3.7906721234321594E-002  0.97841729755620710     
   1410.8643798828125       0.94323855638504028        3.9427030831575394E-002  0.96872220496520756     
   1410.8942871093750       0.82374668121337891        3.7090856581926346E-002  0.95368198417094641     
   1410.9241943359375       0.79936414957046509        3.6351174116134644E-002  0.93033868664798858     
   1410.9541015625000       0.75756019353866577        3.5782642662525177E-002  0.89451882067587152     
   1410.9840087890625       0.73460400104522705        3.5305287688970566E-002  0.84100716689219113     
   1411.0139160156250       0.72345846891403198        3.4674093127250671E-002  0.76466427805882475     
   1411.0438232421875       0.61070168018341064        3.2073136419057846E-002  0.66298193948967765     
   1411.0737304687500       0.42800137400627136        2.8652820736169815E-002  0.53962375671008378     
   1411.1036376953125       0.33710128068923950        2.4985399097204208E-002  0.40663428814474439     
   1411.1335449218750       0.22476719319820404        2.0937914028763771E-002  0.28199570748511865     
   1411.1634521484375       0.15943899750709534        1.7617112025618553E-002  0.18195898524458964     
   1411.1933593750000       0.10496305674314499        1.4111239463090897E-002  0.11326996383818146     
   1411.2232666015625        6.4115300774574280E-002   1.1415409855544567E-002   7.1957397847227808E-002
   1411.2531738281250        4.1904374957084656E-002   9.2176245525479317E-003   4.8863090305639852E-002
   1411.2830810546875        2.9551507905125618E-002   8.2119647413492203E-003   3.5753130640350794E-002
   1411.3129882812500        9.1180838644504547E-003   6.7713195458054543E-003   2.7650232285763781E-002
   1411.3428955078125        1.6393061727285385E-002   6.7626805976033211E-003   2.2190908269130838E-002
   1411.3728027343750        1.3609758578240871E-002   6.5313633531332016E-003   1.8362586029242452E-002
   1411.4027099609375        1.8272403627634048E-002   6.5426579676568508E-003   1.5696579305307844E-002
   1411.4326171875000        8.3129219710826874E-003   5.6652799248695374E-003   1.3933005161079412E-002
   1411.4625244140625        1.1008595116436481E-002   5.7222680188715458E-003   1.2929020243248901E-002
   1411.4924316406250        1.5631094574928284E-002   6.5588150173425674E-003   1.2645532644309640E-002
   1411.5223388671875        1.2449844740331173E-002   6.1480407603085041E-003   1.3143977244626676E-002
   1411.5522460937500        1.3012844137847424E-002   5.7076653465628624E-003   1.4586350626158437E-002
   1411.5821533203125        1.8417211249470711E-002   7.2373123839497566E-003   1.7248463905435413E-002
   1411.6120605468750        2.9850697144865990E-002   7.9096574336290359E-003   2.1574648975518609E-002
   1411.6419677734375        3.3711154013872147E-002   8.2803554832935333E-003   2.8402799061697209E-002
   1411.6719970703125        5.0494182854890823E-002   1.0706659406423569E-002   3.9651009849383807E-002
   1411.7019042968750        6.2433265149593353E-002   1.2032559141516685E-002   5.9628331216169672E-002
   1411.7318115234375        9.6196167171001434E-002   1.3705642893910408E-002   9.6077034152888527E-002
   1411.7617187500000       0.15771703422069550        1.6792252659797668E-002  0.15850999004366825     
   1411.7916259765625       0.21617567539215088        1.9585076719522476E-002  0.25243664648498859     
   1411.8215332031250       0.31540006399154663        2.3612929508090019E-002  0.37317984757851702     
   1411.8514404296875       0.45358598232269287        2.8495218604803085E-002  0.50578831476316310     
   1411.8813476562500       0.55285578966140747        3.1066296622157097E-002  0.63205832653668070     
   1411.9112548828125       0.61701703071594238        3.2295767217874527E-002  0.73857656048691789     
   1411.9411621093750       0.68954062461853027        3.4127756953239441E-002  0.82011468890905537     
   1411.9710693359375       0.76529890298843384        3.5664595663547516E-002  0.87813878595156991     
   1412.0009765625000       0.86772501468658447        3.8153521716594696E-002  0.91743081500701174     
   1412.0308837890625       0.87039834260940552        3.8146454840898514E-002  0.94330560266100860     
   1412.0607910156250       0.90168523788452148        3.8710892200469971E-002  0.96019341258818003     
   1412.0906982421875       0.96372950077056885        3.9955370128154755E-002  0.97128756726699539     
   1412.1206054687500       0.94789838790893555        3.9785988628864288E-002  0.97871223948413111     
   1412.1505126953125       0.87446606159210205        3.8418523967266083E-002  0.98382170974859517     
   1412.1804199218750       0.82607144117355347        3.7240505218505859E-002  0.98745825494353345     
   1412.2103271484375       0.91723054647445679        3.9015844464302063E-002  0.99013417681666149     
   1412.2402343750000       0.91364657878875732        3.8850799202919006E-002  0.99215502977518799     
   1412.2701416015625       0.89955484867095947        3.8707323372364044E-002  0.99370379591370595     
   1412.3000488281250       0.93728518486022949        3.9520729333162308E-002  0.99489634953665629     
   1412.3299560546875       0.97178286314010620        4.0143981575965881E-002  0.99581397920641590     
   1412.3598632812500       0.92088860273361206        3.9104640483856201E-002  0.99651919571871861     
   1412.3897705078125       0.90118604898452759        3.8842380046844482E-002  0.99706182275195898     
   1412.4196777343750       0.85440069437026978        3.7708640098571777E-002  0.99748113307984720     
   1412.4495849609375       0.89958119392395020        3.8906671106815338E-002  0.99780728158262333     
   1412.4794921875000       0.82245957851409912        3.7440937012434006E-002  0.99806304430882908     
   1412.5093994140625       0.83512675762176514        3.7512078881263733E-002  0.99826567649926989     
   1412.5393066406250       0.78185391426086426        3.6388888955116272E-002  0.99842850413559392     
   1412.5692138671875       0.77179569005966187        3.6217480897903442E-002  0.99856210261674982     
   1412.5991210937500       0.81327366828918457        3.7044409662485123E-002  0.99867503425746762     
   1412.6290283203125       0.85199260711669922        3.7567645311355591E-002  0.99877413580725438     
   1412.6589355468750       0.69373780488967896        3.4540362656116486E-002  0.99886447686803070     
   1412.6888427734375       0.59344601631164551        3.2366137951612473E-002  0.99894924301560539     
   1412.7187500000000       0.41724151372909546        2.6932300999760628E-002  0.99902980498306793     
   1412.7486572265625       0.28702077269554138        2.3719849064946175E-002  0.99910614442847268     
   1412.7785644531250       0.24085149168968201        2.1095721051096916E-002  0.99917763059863896     
   1412.8084716796875       0.15041999518871307        1.6660520806908607E-002  0.99924385870247789     
   1412.8383789062500       0.11175864934921265        1.4448628760874271E-002  0.99930507804324575     
   1412.8682861328125       0.12074275314807892        1.4993239194154739E-002  0.99936201428838789     
   1412.8981933593750        9.5625877380371094E-002   1.4122235588729382E-002  0.99941539202534802     
   1412.9281005859375       0.11063414067029953        1.4575066044926643E-002  0.99946558627708715     
   1412.9580078125000       0.10603395849466324        1.4785236679017544E-002  0.99951258634614837     
   1412.9880371093750       0.17354336380958557        1.8301978707313538E-002  0.99955621868768019     
   1413.0179443359375       0.27296537160873413        2.3066410794854164E-002  0.99959646064239305     
   1413.0478515625000       0.44833555817604065        2.8293650597333908E-002  0.99963364346556116     
   1413.0777587890625       0.64175945520401001        3.2902825623750687E-002  0.99966841221490688     
   1413.1076660156250       0.69660323858261108        3.4331545233726501E-002  0.99970147492049255     
   1413.1375732421875       0.80044281482696533        3.6676906049251556E-002  0.99973331405291155     
   1413.1674804687500       0.82057940959930420        3.6934342235326767E-002  0.99976403976915584     
   1413.1973876953125       0.75122421979904175        3.5531584173440933E-002  0.99979345176055956     
   1413.2272949218750       0.82672274112701416        3.7142742425203323E-002  0.99982124665508809     
   1413.2572021484375       0.83521795272827148        3.7479862570762634E-002  0.99984723753122362     
   1413.2871093750000       0.98880070447921753        4.0747109800577164E-002  0.99987145233400343     
   1413.3170166015625       0.97607272863388062        4.0222469717264175E-002  0.99989403341885164     
   1413.3469238281250       0.97729581594467163        4.0285430848598480E-002  0.99991496520316925     
   1413.3768310546875        1.0300446748733521        4.1551191359758377E-002  0.99993383024052263     
   1413.4067382812500        1.0983034372329712        4.2892049998044968E-002  0.99994989515092858     
   1413.4366455078125        1.0864645242691040        4.2514503002166748E-002  0.99996255298340164     
   1413.4665527343750       0.95946669578552246        4.0215563029050827E-002  0.99997172513181898     
   1413.4964599609375       0.97643429040908813        4.0361948311328888E-002  0.99997788422617440     
   1413.5263671875000        1.0045957565307617        4.0985874831676483E-002  0.99998178329303145     
   1413.5562744140625       0.95345312356948853        4.0063232183456421E-002  0.99998416787347699     
   1413.5861816406250        1.0494691133499146        4.1740629822015762E-002  0.99998562238715272     
   1413.6160888671875        1.0586323738098145        4.1960440576076508E-002  0.99998654243989804     
   1413.6459960937500        1.0795891284942627        4.2287059128284454E-002  0.99998716987028013     
   1413.6759033203125        1.0649251937866211        4.2154341936111450E-002  0.99998764172342824     
   1413.7058105468750       0.97528159618377686        4.0506485849618912E-002  0.99998803116945700     
   1413.7357177734375       0.93314135074615479        3.9561688899993896E-002  0.99998837543439645     
   1413.7656250000000        1.0360914468765259        4.1592232882976532E-002  0.99998869275391122     
   1413.7955322265625        1.0660512447357178        4.2265739291906357E-002  0.99998899185273815     
   1413.8254394531250       0.99600684642791748        4.0764957666397095E-002  0.99998927691139772     
   1413.8553466796875        1.1019380092620850        4.3214093893766403E-002  0.99998955002671774     
   1413.8852539062500        1.0678482055664062        4.2270112782716751E-002  0.99998981235677886     
   1413.9151611328125        1.0881563425064087        4.2605780065059662E-002  0.99999006458869444     
   1413.9450683593750        1.0338985919952393        4.1558954864740372E-002  0.99999030739406491     
   1413.9749755859375        1.0759189128875732        4.2358297854661942E-002  0.99999054128758091     
   1414.0048828125000       0.99793165922164917        4.0814157575368881E-002   1.0000000000000000     
   1414.0347900390625        1.0053508281707764        4.0862042456865311E-002   1.0000000000000000     
   1414.0646972656250        1.0183041095733643        4.1392944753170013E-002   1.0000000000000000     
   1414.0946044921875        1.0129843950271606        4.1084844619035721E-002   1.0000000000000000     
   1414.1245117187500       0.99867886304855347        4.0710043162107468E-002   1.0000000000000000     
   1414.1544189453125       0.94208061695098877        3.9592292159795761E-002   1.0000000000000000     
   1414.1843261718750       0.94442170858383179        3.9887070655822754E-002   1.0000000000000000     
   1414.2142333984375       0.98978257179260254        4.0814176201820374E-002   1.0000000000000000     
   1414.2441406250000        1.0439854860305786        4.1702583432197571E-002   1.0000000000000000     
   1414.2740478515625       0.91522675752639771        3.9220165461301804E-002   1.0000000000000000     
   1414.3040771484375       0.96482563018798828        4.0193039923906326E-002   1.0000000000000000     
   1414.3339843750000       0.97046029567718506        4.0263470262289047E-002   1.0000000000000000     
   1414.3638916015625       0.93132722377777100        3.9481919258832932E-002   1.0000000000000000     
   1414.3937988281250       0.99477422237396240        4.1096832603216171E-002   1.0000000000000000     
   1414.4237060546875       0.95344877243041992        4.0035046637058258E-002   1.0000000000000000     
   1414.4536132812500       0.98214548826217651        4.0561083704233170E-002   1.0000000000000000     
   1414.4835205078125        1.0467187166213989        4.1715897619724274E-002   1.0000000000000000     
   1414.5134277343750        1.0273743867874146        4.1355408728122711E-002   1.0000000000000000     
   1414.5433349609375        1.0450572967529297        4.1700556874275208E-002   1.0000000000000000     
   1414.5732421875000        1.0039434432983398        4.0979128330945969E-002   1.0000000000000000     
   1414.6031494140625       0.97607988119125366        4.0475245565176010E-002   1.0000000000000000     
   1414.6330566406250        1.0106654167175293        4.1061352938413620E-002   1.0000000000000000     
   1414.6629638671875       0.97968745231628418        4.0680244565010071E-002   1.0000000000000000     
   1414.6928710937500       0.95195400714874268        3.9939336478710175E-002   1.0000000000000000     
   1414.7227783203125       0.97283142805099487        4.0351741015911102E-002   1.0000000000000000     
   1414.7526855468750       0.98276215791702271        4.0680006146430969E-002   1.0000000000000000     
   1414.7825927734375       0.88268291950225830        3.8633983582258224E-002   1.0000000000000000     
   1414.8125000000000       0.86779850721359253        3.7992261350154877E-002   1.0000000000000000     
   1414.8424072265625       0.88161325454711914        3.8638822734355927E-002   1.0000000000000000     
   1414.8723144531250       0.88520985841751099        3.8717146962881088E-002   1.0000000000000000     
   1414.9022216796875       0.75892859697341919        3.5745311528444290E-002   1.0000000000000000     
   1414.9321289062500       0.83074057102203369        3.7380930036306381E-002   1.0000000000000000     
   1414.9620361328125       0.74428951740264893        3.5382311791181564E-002   1.0000000000000000     
   1414.9919433593750       0.74680066108703613        3.5920761525630951E-002   1.0000000000000000     
   1415.0218505859375       0.76136475801467896        3.6196649074554443E-002   1.0000000000000000     
   1415.0517578125000       0.68948781490325928        3.4248962998390198E-002   1.0000000000000000     
   1415.0816650390625       0.61455768346786499        3.2274771481752396E-002   1.0000000000000000     
   1415.1115722656250       0.62903267145156860        3.2988566905260086E-002   1.0000000000000000     
   1415.1414794921875       0.65710914134979248        3.3382631838321686E-002   1.0000000000000000     
   1415.1713867187500       0.66377282142639160        3.3620014786720276E-002   1.0000000000000000     
   1415.2012939453125       0.67466002702713013        3.3687874674797058E-002   1.0000000000000000     
   1415.2312011718750       0.72995924949645996        3.5201612859964371E-002   1.0000000000000000     
   1415.2611083984375       0.84883707761764526        3.7798359990119934E-002   1.0000000000000000     
   1415.2910156250000       0.94393247365951538        3.9792027324438095E-002   1.0000000000000000     
   1415.3209228515625       0.91403144598007202        3.9411682635545731E-002   1.0000000000000000     
   1415.3508300781250       0.98243242502212524        4.0712885558605194E-002   1.0000000000000000     
   1415.3807373046875       0.94503808021545410        3.9828948676586151E-002   1.0000000000000000     
   1415.4106445312500       0.94096350669860840        4.0054693818092346E-002   1.0000000000000000     
   1415.4405517578125        1.0222228765487671        4.1413310915231705E-002   1.0000000000000000     
   1415.4704589843750        1.0074532032012939        4.1318248957395554E-002   1.0000000000000000     
!  ---- tick mark positions for above ----
!      1411.46804     1     1
