             1.00000    8.2692604337e-05
             2.00000    8.4158324171e-05
             3.00000    8.5015126388e-05
             4.00000    8.5163577751e-05
             5.00000    8.4814106231e-05
             6.00000    8.4223713202e-05
             7.00000    8.3645056293e-05
             8.00000    8.3404440375e-05
             9.00000    8.3690800238e-05
            10.00000    8.4367246018e-05
            11.00000    8.5196312284e-05
            12.00000    8.6047497462e-05
            13.00000    8.6920845206e-05
            14.00000    8.7746419013e-05
            15.00000    8.8497450633e-05
            16.00000    8.9166576799e-05
            17.00000    8.9725865109e-05
            18.00000    9.0077679488e-05
            19.00000    9.0251698566e-05
            20.00000    9.0351160907e-05
            21.00000    9.0416921012e-05
            22.00000    9.0401328634e-05
            23.00000    9.0381283371e-05
            24.00000    9.0634574008e-05
            25.00000    9.1408583103e-05
            26.00000    9.2716254585e-05
            27.00000    9.4496535894e-05
            28.00000    9.6578798548e-05
            29.00000    9.8802163848e-05
            30.00000    1.0096124606e-04
            31.00000    1.0312353697e-04
            32.00000    1.0550550360e-04
            33.00000    1.0806530918e-04
            34.00000    1.1030857422e-04
            35.00000    1.1183396418e-04
            36.00000    1.1276783334e-04
            37.00000    1.1351049034e-04
            38.00000    1.1427557183e-04
            39.00000    1.1505594739e-04
            40.00000    1.1574431846e-04
            41.00000    1.1633863323e-04
            42.00000    1.1680433818e-04
            43.00000    1.1708246893e-04
            44.00000    1.1733554129e-04
            45.00000    1.1779064516e-04
            46.00000    1.1867006106e-04
            47.00000    1.2013193191e-04
            48.00000    1.2232331210e-04
            49.00000    1.2525820057e-04
            50.00000    1.2879339920e-04
            51.00000    1.3254437363e-04
            52.00000    1.3613836200e-04
            53.00000    1.3960672368e-04
            54.00000    1.4325779921e-04
            55.00000    1.4733757416e-04
            56.00000    1.5191000421e-04
            57.00000    1.5660814825e-04
            58.00000    1.6107184638e-04
            59.00000    1.6491829592e-04
            60.00000    1.6809083172e-04
            61.00000    1.7091570771e-04
            62.00000    1.7395941541e-04
            63.00000    1.7760285118e-04
            64.00000    1.8177799939e-04
            65.00000    1.8613884458e-04
            66.00000    1.9038547180e-04
            67.00000    1.9406144565e-04
            68.00000    1.9727137988e-04
            69.00000    2.0039323135e-04
            70.00000    2.0441801462e-04
            71.00000    2.0981802663e-04
            72.00000    2.1656077297e-04
            73.00000    2.2411192185e-04
            74.00000    2.3195709218e-04
            75.00000    2.3959674581e-04
            76.00000    2.4702880182e-04
            77.00000    2.5458936580e-04
            78.00000    2.6272502146e-04
            79.00000    2.7191083063e-04
            80.00000    2.8242167900e-04
            81.00000    2.9401335632e-04
            82.00000    3.0563268228e-04
            83.00000    3.1564570963e-04
            84.00000    3.2322853804e-04
            85.00000    3.2839391497e-04
            86.00000    3.3264310332e-04
            87.00000    3.3757879282e-04
            88.00000    3.4409220098e-04
            89.00000    3.5237756674e-04
            90.00000    3.6168753286e-04
            91.00000    3.7211939343e-04
            92.00000    3.8499379298e-04
            93.00000    4.0221869131e-04
            94.00000    4.2487905012e-04
            95.00000    4.5213036356e-04
            96.00000    4.8217677977e-04
            97.00000    5.1349669229e-04
            98.00000    5.4594076937e-04
            99.00000    5.8092863765e-04
           100.00000    6.2046048697e-04
           101.00000    6.6697550938e-04
           102.00000    7.2088622255e-04
           103.00000    7.8204338206e-04
           104.00000    8.5037696408e-04
           105.00000    9.2541682534e-04
           106.00000    1.0059601627e-03
           107.00000    1.0895672021e-03
           108.00000    1.1750456179e-03
           109.00000    1.2635262683e-03
           110.00000    1.3567212736e-03
           111.00000    1.4587329933e-03
           112.00000    1.5712673776e-03
           113.00000    1.6971643781e-03
           114.00000    1.8378432142e-03
           115.00000    1.9954396412e-03
           116.00000    2.1759562660e-03
           117.00000    2.3806502577e-03
           118.00000    2.6057069190e-03
           119.00000    2.8451052494e-03
           120.00000    3.0985670164e-03
           121.00000    3.3811808098e-03
           122.00000    3.7042910699e-03
           123.00000    4.0612616576e-03
           124.00000    4.4219545089e-03
           125.00000    4.7632227652e-03
           126.00000    5.0642108545e-03
           127.00000    5.3068962879e-03
           128.00000    5.4958639666e-03
           129.00000    5.6644133292e-03
           130.00000    5.8586276136e-03
           131.00000    6.1105610803e-03
           132.00000    6.4180404879e-03
           133.00000    6.8124448881e-03
           134.00000    7.3128775693e-03
           135.00000    7.9852733761e-03
           136.00000    8.8280392811e-03
           137.00000    9.8135117441e-03
           138.00000    1.0828492232e-02
           139.00000    1.1806091294e-02
           140.00000    1.2728381902e-02
           141.00000    1.3652822003e-02
           142.00000    1.4685952105e-02
           143.00000    1.5959845856e-02
           144.00000    1.7526792362e-02
           145.00000    1.9355077296e-02
           146.00000    2.1298568696e-02
           147.00000    2.3561887443e-02
           148.00000    2.6496438310e-02
           149.00000    3.0485222116e-02
           150.00000    3.5577263683e-02
           151.00000    4.1257228702e-02
           152.00000    4.6973600984e-02
           153.00000    5.2312009037e-02
           154.00000    5.7387184352e-02
           155.00000    6.3073650002e-02
           156.00000    7.1699842811e-02
           157.00000    8.6407437921e-02
           158.00000    1.1045194417e-01
           159.00000    1.4959102869e-01
           160.00000    2.0762690902e-01
           161.00000    2.9428452253e-01
           162.00000    4.0629377961e-01
           163.00000    5.4693782330e-01
           164.00000    7.1691220999e-01
           165.00000    8.8904148340e-01
           166.00000    1.0000000000e+00
           167.00000    9.9175709486e-01
           168.00000    8.7525790930e-01
           169.00000    7.1423697472e-01
           170.00000    5.6121611595e-01
           171.00000    4.3419942260e-01
           172.00000    3.2683193684e-01
           173.00000    2.4253968894e-01
           174.00000    1.7817015946e-01
           175.00000    1.3086670637e-01
           176.00000    9.8441101611e-02
           177.00000    7.7663026750e-02
           178.00000    6.5048865974e-02
           179.00000    5.7041794062e-02
           180.00000    5.1048688591e-02
           181.00000    4.5854195952e-02
           182.00000    4.0578488261e-02
           183.00000    3.5181134939e-02
           184.00000    3.0257567763e-02
           185.00000    2.6343936101e-02
           186.00000    2.3715278134e-02
           187.00000    2.2069495171e-02
           188.00000    2.1008290350e-02
           189.00000    2.0121147856e-02
           190.00000    1.9085070118e-02
           191.00000    1.7737939954e-02
           192.00000    1.6079941764e-02
           193.00000    1.4263045043e-02
           194.00000    1.2414513156e-02
           195.00000    1.0635606945e-02
           196.00000    9.0562859550e-03
           197.00000    7.7504203655e-03
           198.00000    6.7224018276e-03
           199.00000    5.9183412232e-03
           200.00000    5.2749873139e-03
           201.00000    4.7566154972e-03
           202.00000    4.3257670477e-03
           203.00000    3.9597335272e-03
           204.00000    3.6336423364e-03
           205.00000    3.3250586130e-03
           206.00000    3.0219703913e-03
           207.00000    2.7314082254e-03
           208.00000    2.4651300628e-03
           209.00000    2.2352640517e-03
           210.00000    2.0332417917e-03
           211.00000    1.8447140465e-03
           212.00000    1.6655224608e-03
           213.00000    1.5044875909e-03
           214.00000    1.3686228776e-03
           215.00000    1.2616151944e-03
           216.00000    1.1802074732e-03
           217.00000    1.1184884934e-03
           218.00000    1.0691822972e-03
           219.00000    1.0253357468e-03
           220.00000    9.8169688135e-04
           221.00000    9.3561765971e-04
           222.00000    8.8811002206e-04
           223.00000    8.4171356866e-04
           224.00000    7.9824274871e-04
           225.00000    7.5699732406e-04
           226.00000    7.1725458838e-04
           227.00000    6.7948200740e-04
           228.00000    6.4460292924e-04
           229.00000    6.1266461853e-04
           230.00000    5.8248906862e-04
           231.00000    5.5277085630e-04
           232.00000    5.2326504374e-04
           233.00000    4.9432180822e-04
           234.00000    4.6674101031e-04
           235.00000    4.4095978956e-04
           236.00000    4.1793636046e-04
           237.00000    3.9852474583e-04
           238.00000    3.8306860370e-04
           239.00000    3.7097241147e-04
           240.00000    3.6029340117e-04
           241.00000    3.4890725510e-04
           242.00000    3.3658818575e-04
           243.00000    3.2458265196e-04
           244.00000    3.1450780807e-04
           245.00000    3.0706441612e-04
           246.00000    3.0152604450e-04
           247.00000    2.9696934507e-04
           248.00000    2.9205853934e-04
           249.00000    2.8611661401e-04
           250.00000    2.7867127210e-04
           251.00000    2.7006276650e-04
           252.00000    2.6141526178e-04
           253.00000    2.5406316854e-04
           254.00000    2.4839607067e-04
           255.00000    2.4350847525e-04
           256.00000    2.3833342129e-04
           257.00000    2.3223944299e-04
           258.00000    2.2518850164e-04
           259.00000    2.1731352899e-04
           260.00000    2.0909740124e-04
           261.00000    2.0144847804e-04
           262.00000    1.9473057182e-04
           263.00000    1.8887518672e-04
           264.00000    1.8333095068e-04
           265.00000    1.7759861657e-04
           266.00000    1.7155756359e-04
           267.00000    1.6570299340e-04
           268.00000    1.6074326413e-04
           269.00000    1.5704720863e-04
           270.00000    1.5454186359e-04
           271.00000    1.5272357268e-04
           272.00000    1.5115055430e-04
           273.00000    1.4949044271e-04
           274.00000    1.4766379900e-04
           275.00000    1.4567722974e-04
           276.00000    1.4344547526e-04
           277.00000    1.4097608801e-04
           278.00000    1.3806250354e-04
           279.00000    1.3477141329e-04
           280.00000    1.3111362932e-04
           281.00000    1.2720406812e-04
           282.00000    1.2329976016e-04
           283.00000    1.1959020048e-04
           284.00000    1.1632807582e-04
           285.00000    1.1361751240e-04
           286.00000    1.1129263294e-04
           287.00000    1.0919636406e-04
           288.00000    1.0725475295e-04
           289.00000    1.0567699064e-04
           290.00000    1.0462581122e-04
           291.00000    1.0413197742e-04
           292.00000    1.0413071868e-04
           293.00000    1.0447930254e-04
           294.00000    1.0498057964e-04
           295.00000    1.0532101442e-04
           296.00000    1.0533590103e-04
           297.00000    1.0513272719e-04
           298.00000    1.0491793364e-04
           299.00000    1.0468975961e-04
           300.00000    1.0416466830e-04
           301.00000    1.0312010272e-04
           302.00000    1.0152562027e-04
           303.00000    9.9534445326e-05
           304.00000    9.7383453976e-05
           305.00000    9.5269475423e-05
           306.00000    9.3358554295e-05
           307.00000    9.1688227258e-05
           308.00000    9.0261164587e-05
           309.00000    8.9116678282e-05
           310.00000    8.8229200628e-05
           311.00000    8.7532709586e-05
           312.00000    8.6906540673e-05
           313.00000    8.6343723524e-05
           314.00000    8.6020008894e-05
           315.00000    8.6004831246e-05
           316.00000    8.6150415882e-05
           317.00000    8.6253989139e-05
           318.00000    8.6265470600e-05
           319.00000    8.6191823357e-05
           320.00000    8.6010040832e-05
           321.00000    8.5596446297e-05
           322.00000    8.5081970610e-05
           323.00000    8.4589271864e-05
           324.00000    8.4280211013e-05
           325.00000    8.4128092567e-05
           326.00000    8.3984450612e-05
           327.00000    8.3728737081e-05
           328.00000    8.3258775703e-05
           329.00000    8.2510669017e-05
           330.00000    8.1495934865e-05
           331.00000    8.0199526565e-05
