# %ECSV 1.0
# ---
# datatype:
# - {name: H, datatype: float64}
# - {name: H+, datatype: float64}
# - {name: C+, datatype: float64}
# - {name: C+2, datatype: float64}
# - {name: C+3, datatype: float64}
# - {name: N+, datatype: float64}
# - {name: N+2, datatype: float64}
# - {name: N+4, datatype: float64}
# - {name: O, datatype: float64}
# - {name: O+2, datatype: float64}
# - {name: O+5, datatype: float64}
# - {name: O+6, datatype: float64}
# - {name: P+, datatype: float64}
# - {name: Si+, datatype: float64}
# - {name: Si+2, datatype: float64}
# - {name: Si+3, datatype: float64}
# - {name: Si+4, datatype: float64}
# - {name: Fe+, datatype: float64}
# - {name: Al+, datatype: float64}
# - {name: log_nH, datatype: float64}
# - {name: parameters, datatype: string, subtype: 'float64[1]'}
# schema: astropy-2.0
H H+ C+ C+2 C+3 N+ N+2 N+4 O O+2 O+5 O+6 P+ Si+ Si+2 Si+3 Si+4 Fe+ Al+ log_nH parameters
199526000000000.0 4.29936e+18 28852400000.0 3045250000000.0 7886330000000.0 2266340000.0 519642000000.0 5650250000000.0 219236.0 1387910000000.0 47345600000000.0 51013700000000.0 2612600.0 41500900.0 1670730000.0 5831130000.0 385355000000.0 12432.3 1329510.0 -5.0 [-5.0]
199526000000000.0 4.07455e+18 30986100000.0 3181570000000.0 7931620000000.0 2452190000.0 547408000000.0 5498470000000.0 244784.0 1466350000000.0 44207200000000.0 45420900000000.0 3030270.0 48451800.0 1914910000.0 6470060000.0 404966000000.0 14992.4 1565600.0 -4.98 [-4.98]
199526000000000.0 3.86182e+18 33240400000.0 3319970000000.0 7967940000000.0 2649820000.0 575802000000.0 5340770000000.0 273233.0 1546890000000.0 41187200000000.0 40362000000000.0 3508530.0 56458000.0 2191340000.0 7168440000.0 424937000000.0 18061.3 1839840.0 -4.96 [-4.96]
199526000000000.0 3.66047e+18 35618600000.0 3460190000000.0 7995140000000.0 2859540000.0 604751000000.0 5177780000000.0 304908.0 1629390000000.0 38291200000000.0 35796500000000.0 4055090.0 65660100.0 2503740000.0 7930550000.0 445221000000.0 21735.6 2157790.0 -4.94 [-4.94]
199526000000000.0 3.46985e+18 38123100000.0 3601930000000.0 8013080000000.0 3081560000.0 634167000000.0 5010090000000.0 340168.0 1713690000000.0 35522800000000.0 31685800000000.0 4678430.0 76214400.0 2856190000.0 8760890000.0 465767000000.0 26129.5 2525770.0 -4.92 [-4.92]
199526000000000.0 3.28932e+18 40755500000.0 3744820000000.0 8021610000000.0 3315980000.0 663951000000.0 4838380000000.0 379403.0 1799610000000.0 32884800000000.0 27992800000000.0 5387780.0 88293400.0 3253130000.0 9664180000.0 486520000000.0 31377.6 2950890.0 -4.9 [-4.9]
199526000000000.0 3.11836e+18 43519000000.0 3888570000000.0 8020630000000.0 3563080000.0 694013000000.0 4663330000000.0 423086.0 1887010000000.0 30379000000000.0 24683000000000.0 6193600.0 102088000.0 3699390000.0 10645000000.0 507417000000.0 37638.3 3441110.0 -4.88 [-4.88]
199526000000000.0 2.95645e+18 46415200000.0 4032780000000.0 8010070000000.0 3822970000.0 724253000000.0 4485680000000.0 471730.0 1975710000000.0 28006100000000.0 21723500000000.0 7107170.0 117810000.0 4200220000.0 11708300000.0 528393000000.0 45097.8 4005420.0 -4.86 [-4.86]
199526000000000.0 2.80307e+18 49445300000.0 4177050000000.0 7989820000000.0 4095720000.0 754560000000.0 4306110000000.0 525915.0 2065530000000.0 25765800000000.0 19083100000000.0 8140850.0 135688000.0 4761300000.0 12859000000.0 549377000000.0 53974.5 4653870.0 -4.84 [-4.84]
199526000000000.0 2.65778e+18 52610000000.0 4320960000000.0 7959850000000.0 4381340000.0 784819000000.0 4125360000000.0 586294.0 2156290000000.0 23656900000000.0 16732800000000.0 9308120.0 155975000.0 5388730000.0 14102100000.0 570295000000.0 64524.1 5397690.0 -4.82 [-4.82]
199526000000000.0 2.52012e+18 55909400000.0 4464030000000.0 7920120000000.0 4679820000.0 814919000000.0 3944140000000.0 653605.0 2247800000000.0 21677300000000.0 14645300000000.0 10623500.0 178945000.0 6089080000.0 15442600000.0 591067000000.0 77039.3 6248820.0 -4.8 [-4.8]
199526000000000.0 2.38972e+18 59342200000.0 4605780000000.0 7870670000000.0 4990990000.0 844734000000.0 3763210000000.0 728656.0 2339850000000.0 19824900000000.0 12795700000000.0 12102100.0 204889000.0 6869220000.0 16885100000.0 611608000000.0 91860.7 7220620.0 -4.78 [-4.78]
199526000000000.0 2.26614e+18 62909500000.0 4745780000000.0 7811470000000.0 5314980000.0 874161000000.0 3583160000000.0 812443.0 2432300000000.0 18095400000000.0 11159600000000.0 13762300.0 234144000.0 7736970000.0 18435200000.0 631837000000.0 109405.0 8329400.0 -4.76 [-4.76]
199526000000000.0 2.14903e+18 66608700000.0 4883470000000.0 7742610000000.0 5651540000.0 903076000000.0 3404710000000.0 906015.0 2524940000000.0 16485300000000.0 9715870000000.0 15622100.0 267054000.0 8700190000.0 20097300000.0 651664000000.0 130141.0 9592050.0 -4.74 [-4.74]
199526000000000.0 2.03805e+18 70437300000.0 5018320000000.0 7664180000000.0 6000520000.0 931364000000.0 3228480000000.0 1010580.0 2617570000000.0 14990300000000.0 8444490000000.0 17701200.0 303989000.0 9767280000.0 21876000000.0 670993000000.0 154615.0 11027300.0 -4.72 [-4.72]
199526000000000.0 1.93289e+18 74392600000.0 5149800000000.0 7576280000000.0 6361740000.0 958911000000.0 3055080000000.0 1127520.0 2710010000000.0 13605800000000.0 7327190000000.0 20021000.0 345354000.0 10947200000.0 23775700000.0 689731000000.0 183459.0 12655900.0 -4.7 [-4.7]
199526000000000.0 1.83323e+18 78470500000.0 5277340000000.0 7479090000000.0 6734990000.0 985608000000.0 2885050000000.0 1258380.0 2802060000000.0 12326800000000.0 6347270000000.0 22604100.0 391575000.0 12249200000.0 25800200000.0 707780000000.0 217405.0 14500600.0 -4.68 [-4.68]
199526000000000.0 1.73875e+18 82668800000.0 5400430000000.0 7372750000000.0 7120230000.0 1011360000000.0 2718860000000.0 1404990.0 2893580000000.0 11147700000000.0 5489280000000.0 25475600.0 443129000.0 13683500000.0 27953800000.0 725049000000.0 257316.0 16587100.0 -4.66 [-4.66]
199526000000000.0 1.64924e+18 86977400000.0 5518400000000.0 7257580000000.0 7516830000.0 1036040000000.0 2557080000000.0 1569230.0 2984310000000.0 10064100000000.0 4739930000000.0 28658400.0 500455000.0 15259500000.0 30238500000.0 741429000000.0 304138.0 18941400.0 -4.64 [-4.64]
199526000000000.0 1.5644e+18 91393300000.0 5630770000000.0 7133830000000.0 7924780000.0 1059580000000.0 2400050000000.0 1753420.0 3074100000000.0 9070090000000.0 4086530000000.0 32180600.0 564080000.0 16987900000.0 32657300000.0 756828000000.0 359003.0 21593600.0 -4.62 [-4.62]
199526000000000.0 1.48401e+18 95909600000.0 5736990000000.0 7001810000000.0 8343860000.0 1081880000000.0 2248150000000.0 1960120.0 3162770000000.0 8160490000000.0 3517820000000.0 36070200.0 634537000.0 18879500000.0 35211900000.0 771148000000.0 423199.0 24576100.0 -4.6 [-4.6]
199526000000000.0 1.40781e+18 100518000000.0 5836500000000.0 6861880000000.0 8773810000.0 1102870000000.0 2101660000000.0 2192230.0 3250140000000.0 7329870000000.0 3023730000000.0 40355800.0 712375000.0 20945100000.0 37903300000.0 784294000000.0 498199.0 27923800.0 -4.58 [-4.58]
199526000000000.0 1.33559e+18 105211000000.0 5928780000000.0 6714430000000.0 9214350000.0 1122470000000.0 1960830000000.0 2453010.0 3336030000000.0 6573030000000.0 2595220000000.0 45067200.0 798167000.0 23195800000.0 40731600000.0 796172000000.0 585685.0 31674400.0 -4.56 [-4.56]
199526000000000.0 1.26714e+18 109978000000.0 6013360000000.0 6559920000000.0 9665290000.0 1140620000000.0 1825860000000.0 2746160.0 3420270000000.0 5884870000000.0 2224220000000.0 50235000.0 892503000.0 25642400000.0 43695800000.0 806694000000.0 687580.0 35868500.0 -4.54 [-4.54]
199526000000000.0 1.20225e+18 114808000000.0 6089710000000.0 6398770000000.0 10126300000.0 1157240000000.0 1696870000000.0 3075870.0 3502670000000.0 5260390000000.0 1903540000000.0 55890400.0 995982000.0 28295700000.0 46793800000.0 815770000000.0 806070.0 40549400.0 -4.52 [-4.52]
199526000000000.0 1.14076e+18 119693000000.0 6157450000000.0 6231570000000.0 10597200000.0 1172310000000.0 1573980000000.0 3446830.0 3583080000000.0 4694880000000.0 1626830000000.0 62063300.0 1109210000.0 31166300000.0 50022300000.0 823324000000.0 943642.0 45763600.0 -4.5 [-4.5]
199526000000000.0 1.08246e+18 124619000000.0 6216190000000.0 6058870000000.0 11077700000.0 1185780000000.0 1457220000000.0 3864350.0 3661330000000.0 4183770000000.0 1388440000000.0 68783800.0 1232810000.0 34264100000.0 53376700000.0 829280000000.0 1103110.0 51560600.0 -4.48 [-4.48]
199526000000000.0 1.02721e+18 129575000000.0 6265580000000.0 5881240000000.0 11567800000.0 1197610000000.0 1346590000000.0 4334430.0 3737270000000.0 3722700000000.0 1183380000000.0 76080700.0 1367370000.0 37598400000.0 56850600000.0 833571000000.0 1287680.0 57992800.0 -4.46 [-4.46]
199526000000000.0 9.74831e+17 134549000000.0 6305320000000.0 5699300000000.0 12067100000.0 1207790000000.0 1242070000000.0 4863780.0 3810750000000.0 3307540000000.0 1007260000000.0 83981100.0 1513490000.0 41177700000.0 60436400000.0 836138000000.0 1500930.0 65115300.0 -4.44 [-4.44]
199526000000000.0 9.25178e+17 139526000000.0 6335160000000.0 5513690000000.0 12575400000.0 1216280000000.0 1143560000000.0 5459980.0 3881590000000.0 2934400000000.0 856224000000.0 92510100.0 1671740000.0 45009100000.0 64124500000.0 836926000000.0 1746940.0 72986400.0 -4.42 [-4.42]
199526000000000.0 8.78106e+17 144492000000.0 6354930000000.0 5325070000000.0 13092600000.0 1223080000000.0 1050960000000.0 6131540.0 3949660000000.0 2599610000000.0 726888000000.0 101689000.0 1842640000.0 49098500000.0 67903600000.0 835893000000.0 2030270.0 81666800.0 -4.4 [-4.4]
199526000000000.0 8.33474e+17 149433000000.0 6364460000000.0 5134110000000.0 13618200000.0 1228190000000.0 964141000000.0 6888010.0 4014800000000.0 2299750000000.0 616292000000.0 111535000.0 2026680000.0 53449800000.0 71760800000.0 833005000000.0 2356040.0 91219300.0 -4.38 [-4.38]
199526000000000.0 7.9117e+17 154323000000.0 6363570000000.0 4941610000000.0 14151300000.0 1231580000000.0 882985000000.0 7739450.0 4076800000000.0 2031770000000.0 521893000000.0 122046000.0 2224060000.0 58061800000.0 75681100000.0 828243000000.0 2729720.0 101702000.0 -4.36 [-4.36]
199526000000000.0 7.51055e+17 159180000000.0 6352720000000.0 4748000000000.0 14694200000.0 1233330000000.0 807211000000.0 8699300.0 4135710000000.0 1792410000000.0 441370000000.0 133266000.0 2435650000.0 62941700000.0 79645200000.0 821596000000.0 3158220.0 113197000.0 -4.34 [-4.34]
199526000000000.0 7.13003e+17 163962000000.0 6331530000000.0 4554070000000.0 15244600000.0 1233400000000.0 736667000000.0 9780170.0 4191250000000.0 1579080000000.0 372788000000.0 145168000.0 2661380000.0 68081400000.0 83637200000.0 813060000000.0 3648470.0 125764000.0 -4.32 [-4.32]
199526000000000.0 6.76889e+17 168668000000.0 6300260000000.0 4360340000000.0 15803400000.0 1231810000000.0 671097000000.0 10998200.0 4243340000000.0 1389100000000.0 314424000000.0 157764000.0 2901690000.0 73479000000.0 87635600000.0 802640000000.0 4208920.0 139486000.0 -4.3 [-4.3]
199526000000000.0 6.4266e+17 173272000000.0 6259110000000.0 4167740000000.0 16369200000.0 1228610000000.0 610375000000.0 12368500.0 4291800000000.0 1220430000000.0 264889000000.0 171014000.0 3156200000.0 79118700000.0 91615800000.0 790383000000.0 4847580.0 154411000.0 -4.28 [-4.28]
199526000000000.0 6.10189e+17 177765000000.0 6208320000000.0 3976780000000.0 16942400000.0 1223810000000.0 554224000000.0 13910800.0 4336530000000.0 1070790000000.0 222873000000.0 184907000.0 3425000000.0 84990300000.0 95554000000.0 776322000000.0 5574680.0 170621000.0 -4.26 [-4.26]
199526000000000.0 5.79384e+17 182135000000.0 6148230000000.0 3788020000000.0 17523000000.0 1217470000000.0 502407000000.0 15646100.0 4377420000000.0 938236000000.0 187277000000.0 199408000.0 3707880000.0 91077000000.0 99423800000.0 760512000000.0 6401140.0 188184000.0 -4.24 [-4.24]
199526000000000.0 5.50179e+17 186359000000.0 6079180000000.0 3602220000000.0 18109600000.0 1209610000000.0 454735000000.0 17596200.0 4414300000000.0 821079000000.0 157184000000.0 214454000.0 4004010000.0 97352000000.0 103198000000.0 743037000000.0 7338010.0 207148000.0 -4.22 [-4.22]
199526000000000.0 5.22423e+17 190455000000.0 6001590000000.0 3419350000000.0 18704800000.0 1200280000000.0 410844000000.0 19792300.0 4447170000000.0 717413000000.0 131716000000.0 230052000.0 4313970000.0 103805000000.0 106846000000.0 723933000000.0 8401450.0 227637000.0 -4.2 [-4.2]
199526000000000.0 4.96105e+17 194382000000.0 5915940000000.0 3240460000000.0 19305900000.0 1189540000000.0 370632000000.0 22258300.0 4475820000000.0 626065000000.0 110242000000.0 246080000.0 4635820000.0 110390000000.0 110340000000.0 703348000000.0 9603210.0 249656000.0 -4.18 [-4.18]
199526000000000.0 4.71128e+17 198144000000.0 5822760000000.0 3065790000000.0 19913700000.0 1177440000000.0 333824000000.0 25028400.0 4500180000000.0 545607000000.0 92144900000.0 262488000.0 4969010000.0 117079000000.0 113649000000.0 681378000000.0 10960400.0 273282000.0 -4.16 [-4.16]
199526000000000.0 4.47421e+17 201730000000.0 5722560000000.0 2895740000000.0 20528100000.0 1164040000000.0 300198000000.0 28138400.0 4520150000000.0 474838000000.0 76912100000.0 279195000.0 5312360000.0 123833000000.0 116742000000.0 658147000000.0 12490600.0 298571000.0 -4.14 [-4.14]
199526000000000.0 4.24916e+17 205132000000.0 5615890000000.0 2730650000000.0 21148900000.0 1149390000000.0 269538000000.0 31628200.0 4535630000000.0 412677000000.0 64107100000.0 296112000.0 5664500000.0 130608000000.0 119591000000.0 633793000000.0 14213300.0 325568000.0 -4.12 [-4.12]
199526000000000.0 4.03551e+17 208345000000.0 5503350000000.0 2570820000000.0 21776000000.0 1133560000000.0 241634000000.0 35541800.0 4546530000000.0 358155000000.0 53357400000.0 313148000.0 6023900000.0 137358000000.0 122166000000.0 608463000000.0 16149700.0 354316000.0 -4.1 [-4.1]
199526000000000.0 3.83267e+17 211365000000.0 5385550000000.0 2416490000000.0 22409700000.0 1116620000000.0 216285000000.0 39928000.0 4552770000000.0 310396000000.0 44345300000.0 330204000.0 6388860000.0 144034000000.0 124439000000.0 582316000000.0 18322900.0 384847000.0 -4.08 [-4.08]
199526000000000.0 3.64007e+17 214188000000.0 5263080000000.0 2267860000000.0 23049800000.0 1098630000000.0 193301000000.0 44840600.0 4554280000000.0 268621000000.0 36800300000.0 347181000.0 6757530000.0 150585000000.0 126387000000.0 555518000000.0 20758200.0 417185000.0 -4.06 [-4.06]
199526000000000.0 3.45719e+17 216813000000.0 5136570000000.0 2125080000000.0 23696700000.0 1079670000000.0 172497000000.0 50338900.0 4550980000000.0 232130000000.0 30492400000.0 363979000.0 7127960000.0 156957000000.0 127987000000.0 528241000000.0 23483100.0 451346000.0 -4.04 [-4.04]
199526000000000.0 3.28353e+17 219240000000.0 5006620000000.0 1988260000000.0 24350500000.0 1059810000000.0 153700000000.0 56488200.0 4542830000000.0 200302000000.0 25226500000.0 380497000.0 7498100000.0 163096000000.0 129218000000.0 500660000000.0 26527400.0 487335000.0 -4.02 [-4.02]
199526000000000.0 3.11862e+17 221471000000.0 4873820000000.0 1857460000000.0 25011400000.0 1039110000000.0 136748000000.0 63360200.0 4529770000000.0 172579000000.0 20836800000.0 396640000.0 7865850000.0 168949000000.0 130066000000.0 472951000000.0 29923600.0 525145000.0 -4.0 [-4.0]
199526000000000.0 2.962e+17 223504000000.0 4738740000000.0 1732700000000.0 25679600000.0 1017660000000.0 121485000000.0 71033600.0 4511760000000.0 148466000000.0 17182800000.0 412308000.0 8229050000.0 174464000000.0 130521000000.0 445285000000.0 33706900.0 564755000.0 -3.98 [-3.98]
199526000000000.0 2.81326e+17 225345000000.0 4601960000000.0 1613970000000.0 26355700000.0 995518000000.0 107767000000.0 79594300.0 4488780000000.0 127524000000.0 14146100000.0 427419000.0 8585670000.0 179592000000.0 130573000000.0 417835000000.0 37915000.0 606138000.0 -3.96 [-3.96]
199526000000000.0 2.672e+17 226999000000.0 4464010000000.0 1501220000000.0 27040100000.0 972775000000.0 95458600000.0 89136200.0 4460820000000.0 109364000000.0 11626400000.0 441894000.0 8933730000.0 184288000000.0 130223000000.0 390763000000.0 42589000.0 649248000.0 -3.94 [-3.94]
199526000000000.0 2.53785e+17 228470000000.0 4325410000000.0 1394380000000.0 27733300000.0 949500000000.0 84434400000.0 99761600.0 4427890000000.0 93638600000.0 9539020000.0 455661000.0 9271340000.0 188511000000.0 129472000000.0 364220000000.0 47772800.0 694031000.0 -3.92 [-3.92]
199526000000000.0 2.41045e+17 229764000000.0 4186630000000.0 1293350000000.0 28435800000.0 925764000000.0 74576700000.0 111582000.0 4390010000000.0 80043500000.0 7812630000.0 468654000.0 9596770000.0 192226000000.0 128328000000.0 338348000000.0 53513700.0 740416000.0 -3.9 [-3.9]
199526000000000.0 2.28964e+17 230883000000.0 4048340000000.0 1198130000000.0 29147500000.0 901684000000.0 65789700000.0 124701000.0 4347330000000.0 68324400000.0 6389040000.0 480801000.0 9907770000.0 195405000000.0 126811000000.0 313307000000.0 59852400.0 788244000.0 -3.88 [-3.88]
199526000000000.0 2.17453e+17 231843000000.0 3910270000000.0 1108140000000.0 29871000000.0 877200000000.0 57934200000.0 139299000.0 4299540000000.0 58194200000.0 5212290000.0 492115000.0 10205200000.0 198022000000.0 124915000000.0 289104000000.0 66873000.0 837647000.0 -3.86 [-3.86]
199526000000000.0 2.06557e+17 232639000000.0 3773740000000.0 1023810000000.0 30604400000.0 852560000000.0 50966800000.0 155446000.0 4247220000000.0 49504700000.0 4246910000.0 502483000.0 10485000000.0 200069000000.0 122693000000.0 265971000000.0 74590700.0 888203000.0 -3.84 [-3.84]
199526000000000.0 1.96192e+17 233286000000.0 3638360000000.0 944515000000.0 31349400000.0 827693000000.0 44767200000.0 173351000.0 4190070000000.0 42028100000.0 3452770000.0 511936000.0 10748700000.0 201532000000.0 120145000000.0 243881000000.0 83100500.0 940031000.0 -3.82 [-3.82]
199526000000000.0 1.86331e+17 233791000000.0 3504470000000.0 870086000000.0 32104500000.0 802667000000.0 39260300000.0 193184000.0 4128180000000.0 35607400000.0 2800860000.0 520457000.0 10995600000.0 202409000000.0 117295000000.0 222901000000.0 92471600.0 993015000.0 -3.8 [-3.8]
199526000000000.0 1.76984e+17 234156000000.0 3372820000000.0 800591000000.0 32871300000.0 777637000000.0 34392500000.0 215070000.0 4061980000000.0 30120400000.0 2268330000.0 527999000.0 11224000000.0 202714000000.0 114193000000.0 203131000000.0 102744000.0 1046820000.0 -3.78 [-3.78]
199526000000000.0 1.68106e+17 234389000000.0 3243400000000.0 735692000000.0 33651200000.0 752613000000.0 30088900000.0 239219000.0 3991480000000.0 25431700000.0 1833420000.0 534578000.0 11434600000.0 202456000000.0 110861000000.0 184565000000.0 114003000.0 1101390000.0 -3.76 [-3.76]
199526000000000.0 1.59675e+17 234495000000.0 3116430000000.0 675182000000.0 34444500000.0 727652000000.0 26289900000.0 265832000.0 3916840000000.0 21432200000.0 1478940000.0 540196000.0 11627600000.0 201654000000.0 107332000000.0 167214000000.0 126327000.0 1156550000.0 -3.74 [-3.74]
199526000000000.0 1.51669e+17 234482000000.0 2992090000000.0 618855000000.0 35252100000.0 702807000000.0 22941500000.0 295119000.0 3838270000000.0 18027100000.0 1190580000.0 544867000.0 11803300000.0 200333000000.0 103639000000.0 151070000000.0 139794000.0 1212130000.0 -3.72 [-3.72]
199526000000000.0 1.44065e+17 234353000000.0 2870520000000.0 566503000000.0 36074000000.0 678126000000.0 19994700000.0 327306000.0 3755950000000.0 15133400000.0 956475000.0 548597000.0 11962400000.0 198519000000.0 99814200000.0 136118000000.0 154488000.0 1267940000.0 -3.7 [-3.7]
199526000000000.0 1.36844e+17 234118000000.0 2751900000000.0 517916000000.0 36911200000.0 653662000000.0 17405100000.0 362628000.0 3670140000000.0 12679100000.0 766827000.0 551425000.0 12105700000.0 196249000000.0 95888900000.0 122327000000.0 170494000.0 1323810000.0 -3.68 [-3.68]
199526000000000.0 1.29987e+17 233780000000.0 2636300000000.0 472893000000.0 37764000000.0 629454000000.0 15132700000.0 401336000.0 3581080000000.0 10601500000.0 613506000.0 553368000.0 12234100000.0 193557000000.0 91894300000.0 109660000000.0 187903000.0 1379540000.0 -3.66 [-3.66]
199526000000000.0 1.23475e+17 233344000000.0 2523820000000.0 431234000000.0 38632700000.0 605545000000.0 13141500000.0 443691000.0 3489030000000.0 8846390000.0 489814000.0 554453000.0 12348700000.0 190479000000.0 87859300000.0 98068900000.0 206805000.0 1434940000.0 -3.64 [-3.64]
199526000000000.0 1.1729e+17 232814000000.0 2414500000000.0 392739000000.0 39517300000.0 581966000000.0 11399000000.0 489970000.0 3394240000000.0 7366490000.0 390230000.0 554712000.0 12450600000.0 187053000000.0 83810400000.0 87502000000.0 227296000.0 1489810000.0 -3.62 [-3.62]
199526000000000.0 1.11418e+17 232194000000.0 2308430000000.0 357227000000.0 40418100000.0 558757000000.0 9876440000.0 540453000.0 3297040000000.0 6121480000.0 310243000.0 554179000.0 12540900000.0 183319000000.0 79773600000.0 77904000000.0 249468000.0 1543940000.0 -3.6 [-3.6]
199526000000000.0 1.05841e+17 231487000000.0 2205590000000.0 324509000000.0 41334800000.0 535944000000.0 8547760000.0 595438000.0 3197690000000.0 5076130000.0 246127000.0 552884000.0 12620800000.0 179316000000.0 75771100000.0 69214200000.0 273418000.0 1597150000.0 -3.58 [-3.58]
199526000000000.0 1.00546e+17 230698000000.0 2106060000000.0 294417000000.0 42267600000.0 513563000000.0 7390080000.0 655218000.0 3096560000000.0 4200540000.0 194860000.0 550871000.0 12691400000.0 175083000000.0 71823800000.0 61373800000.0 299235000.0 1649230000.0 -3.56 [-3.56]
199526000000000.0 9.55175e+16 229830000000.0 2009780000000.0 266766000000.0 43215900000.0 491625000000.0 6382190000.0 720127000.0 2993880000000.0 3468360000.0 153939000.0 548173000.0 12754100000.0 170655000000.0 67947400000.0 54318100000.0 327023000.0 1700010000.0 -3.54 [-3.54]
199526000000000.0 9.0742e+16 228884000000.0 1916750000000.0 241400000000.0 44179200000.0 470155000000.0 5506010000.0 790476000.0 2890000000000.0 2857590000.0 121354000.0 544827000.0 12809900000.0 166066000000.0 64158100000.0 47987600000.0 356871000.0 1749300000.0 -3.52 [-3.52]
199526000000000.0 8.62073e+16 227863000000.0 1826960000000.0 218163000000.0 45156600000.0 449172000000.0 4745270000.0 866589000.0 2785230000000.0 2349220000.0 95465700.0 540871000.0 12859900000.0 161351000000.0 60469000000.0 42323300000.0 388866000.0 1796910000.0 -3.5 [-3.5]
199526000000000.0 8.19115e+16 226775000000.0 1740580000000.0 196950000000.0 46147600000.0 428741000000.0 4086790000.0 948662000.0 2680180000000.0 1927770000.0 74978400.0 536362000.0 12904700000.0 156557000000.0 56899300000.0 37276500000.0 423024000.0 1842610000.0 -3.48 [-3.48]
199526000000000.0 7.78225e+16 225613000000.0 1657160000000.0 177532000000.0 47150300000.0 408774000000.0 3515190000.0 1037270000.0 2574580000000.0 1577820000.0 58739000.0 531302000.0 12946000000.0 151680000000.0 53440500000.0 32774400000.0 459552000.0 1886400000.0 -3.46 [-3.46]
199526000000000.0 7.39396e+16 224380000000.0 1576860000000.0 159819000000.0 48163400000.0 389332000000.0 3020620000.0 1132610000.0 2469030000000.0 1288500000.0 45922000.0 525741000.0 12984400000.0 146763000000.0 50108300000.0 28774700000.0 498459000.0 1928030000.0 -3.44 [-3.44]
199526000000000.0 7.02524e+16 223080000000.0 1499610000000.0 143686000000.0 49184800000.0 370422000000.0 2593160000.0 1235010000.0 2363810000000.0 1049860000.0 35828200.0 519716000.0 13020400000.0 141828000000.0 46907600000.0 25228700000.0 539808000.0 1967370000.0 -3.42 [-3.42]
199526000000000.0 6.67424e+16 221706000000.0 1425190000000.0 128982000000.0 50212000000.0 352004000000.0 2223390000.0 1344950000.0 2258930000000.0 853117000.0 27882700.0 513238000.0 13055400000.0 136882000000.0 43834600000.0 22085700000.0 583738000.0 2004340000.0 -3.4 [-3.4]
199526000000000.0 6.34181e+16 220272000000.0 1353900000000.0 115658000000.0 51243200000.0 334175000000.0 1905180000.0 1462360000.0 2155240000000.0 691938000.0 21666600.0 506388000.0 13088800000.0 131975000000.0 40906600000.0 19315500000.0 630113000.0 2038710000.0 -3.38 [-3.38]
199526000000000.0 6.02613e+16 218773000000.0 1285490000000.0 103575000000.0 52275100000.0 316891000000.0 1631000000.0 1587700000.0 2052700000000.0 559914000.0 16803000.0 499174000.0 13121600000.0 127108000000.0 38116600000.0 16873200000.0 679045000.0 2070440000.0 -3.36 [-3.36]
199526000000000.0 5.72637e+16 217209000000.0 1219890000000.0 92633800000.0 53304400000.0 300152000000.0 1395000000.0 1721200000.0 1951580000000.0 452030000.0 13005900.0 491631000.0 13154300000.0 122295000000.0 35464500000.0 14723600000.0 730540000.0 2099440000.0 -3.34 [-3.34]
199526000000000.0 5.44172e+16 215581000000.0 1157030000000.0 82740000000.0 54327400000.0 283960000000.0 1192050000.0 1863080000.0 1852100000000.0 364080000.0 10047600.0 483788000.0 13187000000.0 117550000000.0 32949000000.0 12834500000.0 784594000.0 2125640000.0 -3.32 [-3.32]
199526000000000.0 5.17142e+16 213889000000.0 1096830000000.0 73806600000.0 55339800000.0 268311000000.0 1017680000.0 2013500000.0 1754500000000.0 292552000.0 7747600.0 475675000.0 13220100000.0 112883000000.0 30568200000.0 11176700000.0 841180000.0 2148960000.0 -3.3 [-3.3]
199526000000000.0 4.9154e+16 212141000000.0 1039370000000.0 65769300000.0 56338400000.0 253241000000.0 868310000.0 2172350000.0 1659200000000.0 234622000.0 5966210.0 467348000.0 13253100000.0 108317000000.0 28324900000.0 9726430000.0 900132000.0 2169360000.0 -3.28 [-3.28]
199526000000000.0 4.67163e+16 210324000000.0 984265000000.0 58516900000.0 57316000000.0 238671000000.0 739923000.0 2340200000.0 1565930000000.0 187635000.0 4583770.0 458782000.0 13287000000.0 103832000000.0 26204800000.0 8454510000.0 961624000.0 2186830000.0 -3.26 [-3.26]
199526000000000.0 4.44012e+16 208444000000.0 931599000000.0 51997200000.0 58268200000.0 224635000000.0 629916000.0 2516830000.0 1475080000000.0 149698000.0 3515430.0 450028000.0 13321300000.0 99448600000.0 24209900000.0 7342560000.0 1025460000.0 2201320000.0 -3.24 [-3.24]
199526000000000.0 4.22028e+16 206504000000.0 881296000000.0 46145100000.0 59189500000.0 211130000000.0 535747000.0 2702200000.0 1386830000000.0 119144000.0 2691470.0 441114000.0 13356000000.0 95171500000.0 22336400000.0 6371610000.0 1091530000.0 2212840000.0 -3.22 [-3.22]
199526000000000.0 4.01156e+16 204504000000.0 833291000000.0 40900600000.0 60074100000.0 198154000000.0 455216000.0 2896180000.0 1301330000000.0 94599900.0 2057290.0 432067000.0 13390600000.0 91006100000.0 20580000000.0 5524790000.0 1159690000.0 2221410000.0 -3.2 [-3.2]
199526000000000.0 3.81329e+16 202442000000.0 787485000000.0 36205900000.0 60915400000.0 185695000000.0 386388000.0 3098630000.0 1218670000000.0 74927100.0 1569930.0 422903000.0 13425300000.0 86952800000.0 18936100000.0 4786750000.0 1229840000.0 2227020000.0 -3.18 [-3.18]
199526000000000.0 3.62503e+16 200322000000.0 743819000000.0 32010400000.0 61707000000.0 173753000000.0 327629000.0 3309270000.0 1138980000000.0 59201600.0 1196160.0 413650000.0 13459500000.0 83015600000.0 17400200000.0 4144290000.0 1301780000.0 2229720000.0 -3.16 [-3.16]
199526000000000.0 3.44617e+16 198141000000.0 702200000000.0 28265300000.0 62442100000.0 162317000000.0 277496000.0 3527790000.0 1062310000000.0 46659400.0 909950.0 404322000.0 13493000000.0 79193800000.0 15967100000.0 3585370000.0 1375380000.0 2229540000.0 -3.14 [-3.14]
199526000000000.0 3.27635e+16 195905000000.0 662580000000.0 24928600000.0 63114400000.0 151387000000.0 234782000.0 3753710000.0 988783000000.0 36686000.0 691257.0 394948000.0 13525300000.0 75491100000.0 14632900000.0 3099770000.0 1450390000.0 2226550000.0 -3.12 [-3.12]
199526000000000.0 3.11466e+16 193605000000.0 624781000000.0 21953500000.0 63714900000.0 140932000000.0 198351000.0 3986880000.0 918287000000.0 28761300.0 524127.0 385518000.0 13556400000.0 71896600000.0 13389500000.0 2677400000.0 1526770000.0 2220790000.0 -3.1 [-3.1]
199526000000000.0 2.96191e+16 191264000000.0 589022000000.0 19320900000.0 64244300000.0 131015000000.0 167487000.0 4225700000.0 851322000000.0 22513400.0 397301.0 376130000.0 13584700000.0 68440400000.0 12241000000.0 2312350000.0 1603850000.0 2212430000.0 -3.08 [-3.08]
199526000000000.0 2.81643e+16 188863000000.0 554939000000.0 16979500000.0 64689000000.0 121557000000.0 141207000.0 4470520000.0 787446000000.0 17571900.0 300630.0 366719000.0 13610800000.0 65091200000.0 11173800000.0 1995230000.0 1681870000.0 2201440000.0 -3.06 [-3.06]
199526000000000.0 2.67826e+16 186408000000.0 522561000000.0 14904600000.0 65045500000.0 112576000000.0 118901000.0 4720260000.0 726820000000.0 13681700.0 0.0 357329000.0 13633900000.0 61858200000.0 10186400000.0 1720520000.0 1760440000.0 2187950000.0 -3.04 [-3.04]
199526000000000.0 2.54701e+16 183904000000.0 491821000000.0 13068400000.0 65308500000.0 104064000000.0 99988600.0 4974120000.0 669437000000.0 10627100.0 0.0 347975000.0 13653500000.0 58740200000.0 9274110000.0 1482700000.0 1839330000.0 2172050000.0 -3.02 [-3.02]
199526000000000.0 2.42234e+16 181349000000.0 462653000000.0 11445500000.0 65473300000.0 96011300000.0 83972800.0 5231240000.0 615274000000.0 8234680.0 0.0 338672000.0 13669000000.0 55735700000.0 8432620000.0 1276970000.0 1918320000.0 2153870000.0 -3.0 [-3.0]
199526000000000.0 2.3036e+16 178741000000.0 434919000000.0 10010300000.0 65532100000.0 88393600000.0 70401500.0 5491090000.0 564186000000.0 6362790.0 0.0 329406000.0 13680200000.0 52834900000.0 7655800000.0 1098800000.0 1997330000.0 2133420000.0 -2.98 [-2.98]
199526000000000.0 2.19142e+16 176102000000.0 408778000000.0 8750680000.0 65493000000.0 81251100000.0 58982500.0 5751580000.0 516445000000.0 4909600.0 0.0 320268000.0 13685700000.0 50060700000.0 6944980000.0 945472000.0 2075650000.0 2111050000.0 -2.96 [-2.96]
199526000000000.0 2.08455e+16 173413000000.0 383948000000.0 7639210000.0 65342400000.0 74523200000.0 49327700.0 6012910000.0 471661000000.0 3777830.0 0.0 311193000.0 13685800000.0 47386600000.0 6290650000.0 812818000.0 2153550000.0 2086660000.0 -2.94 [-2.94]
199526000000000.0 1.98274e+16 170675000000.0 360377000000.0 6659940000.0 65078400000.0 68201600000.0 41178400.0 6274110000.0 429775000000.0 2898990.0 0.0 302190000.0 13680000000.0 44810900000.0 5689400000.0 698146000.0 2230860000.0 2060340000.0 -2.92 [-2.92]
199526000000000.0 1.88629e+16 167906000000.0 338142000000.0 5802030000.0 64709300000.0 62303300000.0 34337200.0 6533430000.0 390883000000.0 2220790.0 0.0 293323000.0 13667300000.0 42347200000.0 5140490000.0 599481000.0 2307010000.0 2032400000.0 -2.9 [-2.9]
199526000000000.0 1.79465e+16 165103000000.0 317118000000.0 5049600000.0 64231900000.0 56801000000.0 28590100.0 6790330000.0 354793000000.0 1697620.0 0.0 284574000.0 13647400000.0 39985400000.0 4638830000.0 514460000.0 2381990000.0 2002890000.0 -2.88 [-2.88]
199526000000000.0 1.70758e+16 162266000000.0 297250000000.0 4390430000.0 63647900000.0 51680800000.0 23769200.0 7043910000.0 321395000000.0 1295000.0 0.0 275953000.0 13620000000.0 37723400000.0 4181040000.0 441239000.0 2455640000.0 1971920000.0 -2.86 [-2.86]
199526000000000.0 1.62509e+16 159408000000.0 278541000000.0 3814920000.0 62965600000.0 46939500000.0 19739400.0 7292920000.0 290643000000.0 986413.0 0.0 267492000.0 13584600000.0 35565600000.0 3764950000.0 378346000.0 2527620000.0 1939740000.0 -2.84 [-2.84]
199526000000000.0 1.54647e+16 156515000000.0 260830000000.0 3310710000.0 62178600000.0 42540000000.0 16362000.0 7537320000.0 262276000000.0 749525.0 0.0 259147000.0 13540900000.0 33496000000.0 3385380000.0 324125000.0 2598150000.0 1906240000.0 -2.82 [-2.82]
199526000000000.0 1.47176e+16 153597000000.0 244122000000.0 2870540000.0 61296700000.0 38478300000.0 13542400.0 7775990000.0 236243000000.0 568474.0 0.0 250950000.0 13488700000.0 31519200000.0 3040570000.0 277516000.0 2666910000.0 1871670000.0 -2.8 [-2.8]
199526000000000.0 1.40075e+16 150658000000.0 228371000000.0 2486690000.0 60325600000.0 34738400000.0 11192200.0 8008260000.0 212414000000.0 430398.0 0.0 242908000.0 13427500000.0 29632900000.0 2727790000.0 237473000.0 2733790000.0 1836150000.0 -2.78 [-2.78]
199526000000000.0 1.33328e+16 147702000000.0 213532000000.0 2152330000.0 59271700000.0 31304000000.0 9236520.0 8233570000.0 190660000000.0 325317.0 0.0 235024000.0 13357200000.0 27834700000.0 2444480000.0 203095000.0 2798670000.0 1799800000.0 -2.76 [-2.76]
199526000000000.0 1.26915e+16 144731000000.0 199559000000.0 1861380000.0 58142000000.0 28158200000.0 7611780.0 8451390000.0 170849000000.0 245504.0 0.0 227305000.0 13277500000.0 26122300000.0 2188240000.0 173596000.0 2861470000.0 1762730000.0 -2.74 [-2.74]
199526000000000.0 1.208e+16 141738000000.0 186368000000.0 1607860000.0 56937500000.0 25277400000.0 6261430.0 8661670000.0 152813000000.0 184890.0 0.0 219727000.0 13188400000.0 24487700000.0 1956180000.0 148244000.0 2922270000.0 1724930000.0 -2.72 [-2.72]
199526000000000.0 1.15006e+16 138747000000.0 174003000000.0 1388290000.0 55678600000.0 22659000000.0 5145920.0 8863370000.0 136508000000.0 139129.0 0.0 212345000.0 13089800000.0 22939600000.0 1747480000.0 126572000.0 2980660000.0 1686770000.0 -2.7 [-2.7]
199526000000000.0 1.095e+16 135752000000.0 162382000000.0 1197810000.0 54367000000.0 20278900000.0 4223640.0 9056610000.0 121767000000.0 104562.0 0.0 205137000.0 12981800000.0 21470000000.0 1559500000.0 108010000.0 3036740000.0 1648240000.0 -2.68 [-2.68]
199526000000000.0 1.04265e+16 132756000000.0 151465000000.0 1032700000.0 53010700000.0 18120600000.0 3462320.0 9241200000.0 108467000000.0 78490.4 0.0 198104000.0 12864300000.0 20076300000.0 1390420000.0 92121900.0 3090460000.0 1609420000.0 -2.66 [-2.66]
199526000000000.0 9928860000000000.0 129762000000.0 141217000000.0 889736000.0 51617800000.0 16168000000.0 2834830.0 9417050000.0 96494600000.0 0.0 0.0 191247000.0 12737500000.0 18756200000.0 1238520000.0 78530600.0 3141770000.0 1570430000.0 -2.64 [-2.64]
199526000000000.0 9455750000000000.0 126773000000.0 131602000000.0 766047000.0 50195900000.0 14405500000.0 2318400.0 9584140000.0 85737700000.0 0.0 0.0 184569000.0 12601600000.0 17507100000.0 1102250000.0 66910900.0 3190610000.0 1531360000.0 -2.62 [-2.62]
199526000000000.0 9005950000000000.0 123793000000.0 122588000000.0 659130000.0 48752700000.0 12818100000.0 1894000.0 9742510000.0 76092000000.0 0.0 0.0 178069000.0 12456700000.0 16326600000.0 980139000.0 56983200.0 3236960000.0 1492290000.0 -2.6 [-2.6]
199526000000000.0 8578290000000000.0 120826000000.0 114140000000.0 566788000.0 47295400000.0 11391300000.0 1545710.0 9892240000.0 67458200000.0 0.0 0.0 171749000.0 12303200000.0 15212100000.0 870858000.0 48505900.0 3280760000.0 1453310000.0 -2.58 [-2.58]
199526000000000.0 8171640000000000.0 117873000000.0 106229000000.0 487100000.0 45830700000.0 10111400000.0 1260240.0 10033500000.0 59743400000.0 0.0 0.0 165606000.0 12141400000.0 14161300000.0 773169000.0 41271200.0 3322000000.0 1414510000.0 -2.56 [-2.56]
199526000000000.0 7784980000000000.0 114940000000.0 98824500000.0 418387000.0 44365100000.0 8965480000.0 1026580.0 10166400000.0 52861300000.0 0.0 0.0 159642000.0 11971600000.0 13171600000.0 685945000.0 35100800.0 3360650000.0 1375940000.0 -2.54 [-2.54]
199526000000000.0 7417290000000000.0 112028000000.0 91898600000.0 359183000.0 42904300000.0 7941340000.0 835539.0 10291300000.0 46731300000.0 0.0 0.0 153854000.0 11794300000.0 12240500000.0 608149000.0 29841100.0 3396670000.0 1337690000.0 -2.52 [-2.52]
199526000000000.0 7069110000000000.0 109153000000.0 85451400000.0 308363000.0 41461100000.0 7030270000.0 679925.0 10408100000.0 41294500000.0 0.0 0.0 148267000.0 11610600000.0 11369600000.0 539064000.0 25373200.0 3429890000.0 1299990000.0 -2.5 [-2.5]
199526000000000.0 6736550000000000.0 106293000000.0 79401400000.0 264485000.0 40025600000.0 6216020000.0 552588.0 10517500000.0 36450000000.0 0.0 0.0 142829000.0 11419600000.0 10548500000.0 477349000.0 21556100.0 3460590000.0 1262550000.0 -2.48 [-2.48]
199526000000000.0 6420250000000000.0 103464000000.0 73752400000.0 226758000.0 38609300000.0 5491730000.0 448813.0 10619700000.0 32152300000.0 0.0 0.0 137563000.0 11222600000.0 9778720000.0 422471000.0 18307400.0 3488600000.0 1225600000.0 -2.46 [-2.46]
199526000000000.0 6119420000000000.0 100668000000.0 68480500000.0 194338000.0 37216000000.0 4848340000.0 364316.0 10715000000.0 28343900000.0 0.0 0.0 132466000.0 11020100000.0 9058000000.0 373717000.0 15544100.0 3513900000.0 1189190000.0 -2.44 [-2.44]
199526000000000.0 5833270000000000.0 97906700000.0 63563500000.0 166495000.0 35849000000.0 4277550000.0 295573.0 10803600000.0 24972700000.0 0.0 0.0 127537000.0 10812500000.0 8383940000.0 330439000.0 13194500.0 3536460000.0 1153360000.0 -2.42 [-2.42]
199526000000000.0 5561090000000000.0 95183600000.0 58980000000.0 142598000.0 34511100000.0 3771760000.0 239693.0 10885900000.0 21991700000.0 0.0 0.0 122772000.0 10600600000.0 7754280000.0 292057000.0 11197900.0 3556280000.0 1118150000.0 -2.4 [-2.4]
199526000000000.0 5302190000000000.0 92500700000.0 54710000000.0 122099000.0 33204500000.0 3324080000.0 194302.0 10962100000.0 19358000000.0 0.0 0.0 118170000.0 10384800000.0 7166830000.0 258042000.0 9501880.0 3573310000.0 1083600000.0 -2.38 [-2.38]
199526000000000.0 5054500000000000.0 89844600000.0 50712000000.0 104452000.0 31923400000.0 2926720000.0 157335.0 11032900000.0 17024600000.0 0.0 0.0 113700000.0 10164800000.0 6616030000.0 227792000.0 8056080.0 3587720000.0 1049530000.0 -2.36 [-2.36]
199526000000000.0 4821530000000000.0 87262600000.0 47033000000.0 89455500.0 30692500000.0 2578440000.0 127557.0 11097900000.0 14982200000.0 0.0 0.0 109436000.0 9944310000.0 6109310000.0 201256000.0 6839080.0 3599140000.0 1016570000.0 -2.34 [-2.34]
199526000000000.0 4598570000000000.0 84711200000.0 43590500000.0 76549400.0 29489800000.0 2269700000.0 103315.0 11157900000.0 13174400000.0 0.0 0.0 105299000.0 9720700000.0 5635070000.0 177674000.0 5801680.0 3607910000.0 984142000.0 -2.32 [-2.32]
199526000000000.0 4385150000000000.0 82191700000.0 40370900000.0 65450700.0 28316200000.0 1996270000.0 83597.7 11213400000.0 11575700000.0 0.0 0.0 101286000.0 9494260000.0 5191770000.0 156737000.0 4918040.0 3613930000.0 952271000.0 -2.3 [-2.3]
199526000000000.0 4183340000000000.0 79736400000.0 37397600000.0 55995600.0 27187600000.0 1756340000.0 67690.0 11264100000.0 10174400000.0 0.0 0.0 97443700.0 9268190000.0 4783050000.0 138329000.0 4172270.0 3617110000.0 921364000.0 -2.28 [-2.28]
199526000000000.0 3991300000000000.0 77331200000.0 34635900000.0 47904100.0 26096500000.0 1544970000.0 54805.9 11310700000.0 8941170000.0 0.0 0.0 93742500.0 9041760000.0 4404080000.0 122073000.0 3539940.0 3617540000.0 891235000.0 -2.26 [-2.26]
199526000000000.0 3808560000000000.0 74977100000.0 32071900000.0 40981900.0 25043100000.0 1358870000.0 44374.0 11353200000.0 7856550000.0 0.0 0.0 90179200.0 8815490000.0 4053080000.0 107724000.0 3003920.0 3615220000.0 861895000.0 -2.24 [-2.24]
199526000000000.0 3634690000000000.0 72675700000.0 29693000000.0 35062100.0 24027300000.0 1195120000.0 35930.0 11392000000.0 6903040000.0 0.0 0.0 86751000.0 8589850000.0 3728440000.0 95063900.0 2549710.0 3610090000.0 833356000.0 -2.22 [-2.22]
199526000000000.0 3469270000000000.0 70428000000.0 27486900000.0 30000700.0 23049000000.0 1051100000.0 29096.4 11427300000.0 6065110000.0 0.0 0.0 83454400.0 8365300000.0 3428520000.0 83898100.0 2164880.0 3602140000.0 805625000.0 -2.2 [-2.2]
199526000000000.0 3311820000000000.0 68233700000.0 25441200000.0 25673000.0 22107300000.0 924449000.0 23565.8 11459200000.0 5328860000.0 0.0 0.0 80284300.0 8142360000.0 3151450000.0 74050500.0 1838710.0 3591560000.0 778688000.0 -2.18 [-2.18]
199526000000000.0 3161970000000000.0 66093300000.0 23545200000.0 21973200.0 21201600000.0 813099000.0 19090.0 11488200000.0 4682100000.0 0.0 0.0 77237100.0 7921470000.0 2895700000.0 65367300.0 1562260.0 3578370000.0 752544000.0 -2.16 [-2.16]
199526000000000.0 3019310000000000.0 64007000000.0 21788300000.0 18810300.0 20331200000.0 715223000.0 15467.7 11514200000.0 4114070000.0 0.0 0.0 74309000.0 7702990000.0 2659820000.0 57712000.0 1327930.0 3562630000.0 727187000.0 -2.14 [-2.14]
199526000000000.0 2883510000000000.0 61975200000.0 20161100000.0 16106500.0 19495300000.0 629208000.0 12536.1 11537500000.0 3615280000.0 0.0 0.0 71496100.0 7487290000.0 2442430000.0 50963600.0 1129290.0 3544400000.0 702613000.0 -2.12 [-2.12]
199526000000000.0 2755140000000000.0 60012000000.0 18664800000.0 13806500.0 18699000000.0 553973000.0 10172.7 11558300000.0 3179300000.0 0.0 0.0 68814200.0 7276210000.0 2243640000.0 45044600.0 961679.0 3523910000.0 678983000.0 -2.1 [-2.1]
199526000000000.0 2632040000000000.0 58089100000.0 17269700000.0 11829400.0 17929400000.0 487534000.0 8250.39 11576700000.0 2794630000.0 0.0 0.0 66221000.0 7067040000.0 2059310000.0 39799000.0 818758.0 3500920000.0 655948000.0 -2.08 [-2.08]
199526000000000.0 2514840000000000.0 56220400000.0 15978600000.0 10139100.0 17191700000.0 429161000.0 6694.0 11592900000.0 2456930000.0 0.0 0.0 63732100.0 6861540000.0 1889780000.0 35175300.0 697523.0 3475650000.0 633669000.0 -2.06 [-2.06]
199526000000000.0 2403230000000000.0 54405600000.0 14784300000.0 8693880.0 16484700000.0 377875000.0 5433.56 11607000000.0 2160470000.0 0.0 0.0 61344100.0 6659920000.0 1733940000.0 31099600.0 594652.0 3448210000.0 612131000.0 -2.04 [-2.04]
199526000000000.0 2295860000000000.0 52625900000.0 13668500000.0 7449300.0 15800400000.0 332517000.0 4406.79 11619200000.0 1898530000.0 0.0 0.0 59029700.0 6460360000.0 1589310000.0 27481500.0 506727.0 3418330000.0 591108000.0 -2.02 [-2.02]
199526000000000.0 2194670000000000.0 50917500000.0 12647500000.0 6393140.0 15152100000.0 292948000.0 3580.37 11629500000.0 1670190000.0 0.0 0.0 56833100.0 6267080000.0 1457920000.0 24315900.0 432645.0 3386770000.0 571017000.0 -2.0 [-2.0]
199526000000000.0 2099350000000000.0 49279900000.0 11713700000.0 5496300.0 14538500000.0 258420000.0 2914.51 11638100000.0 1471090000.0 0.0 0.0 54750300.0 6080330000.0 1338650000.0 21545000.0 370167.0 3353710000.0 551841000.0 -1.98 [-1.98]
199526000000000.0 2007530000000000.0 47675600000.0 10840800000.0 4722270.0 13944600000.0 227836000.0 2370.67 11645100000.0 1294930000.0 0.0 0.0 52731200.0 5896040000.0 1227960000.0 19080900.0 316609.0 3318520000.0 533135000.0 -1.96 [-1.96]
199526000000000.0 1919380000000000.0 46109800000.0 10027800000.0 4056130.0 13371800000.0 200814000.0 1927.6 11650600000.0 1139460000.0 0.0 0.0 50780600.0 5714970000.0 1125620000.0 16895600.0 270811.0 3281400000.0 514954000.0 -1.94 [-1.94]
199526000000000.0 1836070000000000.0 44606600000.0 9282580000.0 3489120.0 12828400000.0 177187000.0 0.0 11654600000.0 1003640000.0 0.0 0.0 48926400.0 5540020000.0 1032600000.0 14978300.0 232070.0 3242970000.0 497572000.0 -1.92 [-1.92]
199526000000000.0 1757370000000000.0 43165100000.0 8599690000.0 3006120.0 12313200000.0 156518000.0 0.0 11657300000.0 884943000.0 0.0 0.0 47165000.0 5371250000.0 948098000.0 13295300.0 199263.0 3203440000.0 480969000.0 -1.9 [-1.9]
199526000000000.0 1681740000000000.0 41759300000.0 7963300000.0 2589480.0 11816300000.0 138228000.0 0.0 11658700000.0 780041000.0 0.0 0.0 45463100.0 5205850000.0 869955000.0 11799900.0 171120.0 3162320000.0 464840000.0 -1.88 [-1.88]
199526000000000.0 1609020000000000.0 40388700000.0 7370280000.0 2230120.0 11336900000.0 122042000.0 0.0 11658800000.0 687339000.0 0.0 0.0 43818200.0 5043830000.0 797718000.0 10471300.0 146972.0 3119680000.0 449174000.0 -1.86 [-1.86]
199526000000000.0 1540980000000000.0 39088900000.0 6832290000.0 1925750.0 10886900000.0 107965000.0 0.0 11657900000.0 606789000.0 0.0 0.0 42271700.0 4889450000.0 732822000.0 9311580.0 126623.0 3076690000.0 434371000.0 -1.84 [-1.84]
199526000000000.0 1474900000000000.0 37809800000.0 6325980000.0 1661030.0 10448600000.0 95415100.0 0.0 11655800000.0 535101000.0 0.0 0.0 40762400.0 4737010000.0 672201000.0 8273270.0 109004.0 3032050000.0 419857000.0 -1.82 [-1.82]
199526000000000.0 1412510000000000.0 36587100000.0 5862770000.0 1435280.0 10033700000.0 84432400.0 0.0 11652700000.0 472445000.0 0.0 0.0 39331100.0 4590730000.0 617265000.0 7361030.0 94044.1 2986990000.0 406030000.0 -1.8 [-1.8]
199526000000000.0 1353040000000000.0 35407500000.0 5434910000.0 1241290.0 9637050000.0 74754800.0 0.0 11648600000.0 417317000.0 0.0 0.0 37960900.0 4449150000.0 566982000.0 6553830.0 81240.0 2941230000.0 392737000.0 -1.78 [-1.78]
199526000000000.0 1296330000000000.0 34269800000.0 5039640000.0 1074470.0 9257930000.0 66223100.0 0.0 11643600000.0 368794000.0 0.0 0.0 36649000.0 4312200000.0 520940000.0 5839190.0 70268.4 2894940000.0 379957000.0 -1.76 [-1.76]
199526000000000.0 1242260000000000.0 33172800000.0 4674480000.0 930931.0 8895540000.0 58698500.0 0.0 11637800000.0 326070000.0 0.0 0.0 35393200.0 4179810000.0 478790000.0 5206160.0 60858.0 2848210000.0 367675000.0 -1.74 [-1.74]
199526000000000.0 1190700000000000.0 32115400000.0 4337100000.0 807326.0 8549120000.0 52059100.0 0.0 11631100000.0 288439000.0 0.0 0.0 34191000.0 4051910000.0 440199000.0 4645120.0 52777.9 2801160000.0 355872000.0 -1.72 [-1.72]
199526000000000.0 1141520000000000.0 31096400000.0 4025360000.0 700814.0 8217960000.0 46198100.0 0.0 11623600000.0 255282000.0 0.0 0.0 33040200.0 3928410000.0 404868000.0 4147610.0 45832.6 2753910000.0 344534000.0 -1.7 [-1.7]
199526000000000.0 1094610000000000.0 30114700000.0 3737270000.0 608959.0 7901350000.0 41021800.0 0.0 11615300000.0 226053000.0 0.0 0.0 31938800.0 3809230000.0 372515000.0 3706180.0 39856.0 2706540000.0 333642000.0 -1.68 [-1.68]
199526000000000.0 1049860000000000.0 29169200000.0 3471000000.0 529681.0 7598630000.0 36447800.0 0.0 11606400000.0 200278000.0 0.0 0.0 30884400.0 3694250000.0 342889000.0 3314270.0 34706.9 2659170000.0 323183000.0 -1.66 [-1.66]
199526000000000.0 1007360000000000.0 28263000000.0 3226000000.0 461411.0 7310520000.0 32415600.0 0.0 11596800000.0 177603000.0 0.0 0.0 29880100.0 3583930000.0 315874000.0 2967120.0 30278.6 2612140000.0 313186000.0 -1.64 [-1.64]
199526000000000.0 966402000000000.0 27381900000.0 2997300000.0 402001.0 7032310000.0 28827000.0 0.0 11586400000.0 157467000.0 0.0 0.0 28909300.0 3476540000.0 290894000.0 2656630.0 26430.0 2564800000.0 303494000.0 -1.62 [-1.62]
199526000000000.0 927701000000000.0 26542200000.0 2787880000.0 350938.0 6768830000.0 25670800.0 0.0 11575500000.0 139796000.0 0.0 0.0 27989300.0 3374100000.0 268225000.0 2382170.0 23123.7 2518220000.0 294282000.0 -1.6 [-1.6]
199526000000000.0 890565000000000.0 25729700000.0 2593170000.0 306554.0 6515470000.0 22866400.0 0.0 11564000000.0 124133000.0 0.0 0.0 27104000.0 3274920000.0 247340000.0 2137040.0 20251.1 2471730000.0 285392000.0 -1.58 [-1.58]
199526000000000.0 855109000000000.0 24947800000.0 2413020000.0 268079.0 6273050000.0 20381500.0 0.0 11551900000.0 110289000.0 0.0 0.0 26256600.0 3179420000.0 228193000.0 1918710.0 17760.9 2425650000.0 276859000.0 -1.56 [-1.56]
199526000000000.0 821254000000000.0 24195400000.0 2246320000.0 234697.0 6041070000.0 18178700.0 0.0 11539200000.0 98046100.0 0.0 0.0 25445300.0 3087490000.0 210639000.0 1724110.0 15599.7 2380060000.0 268669000.0 -1.54 [-1.54]
199526000000000.0 788917000000000.0 23471400000.0 2092010000.0 205703.0 5819010000.0 16224400.0 0.0 11526100000.0 87213800.0 0.0 0.0 24668600.0 2999010000.0 194533000.0 1550530.0 13721.1 2335000000.0 260808000.0 -1.52 [-1.52]
199526000000000.0 758030000000000.0 22774800000.0 1949140000.0 180498.0 5606440000.0 14490000.0 0.0 11512400000.0 77625300.0 0.0 0.0 23924900.0 2913880000.0 179757000.0 1395600.0 12086.5 2290540000.0 253263000.0 -1.5 [-1.5]
199526000000000.0 728517000000000.0 22104500000.0 1816810000.0 158563.0 5402860000.0 12949400.0 0.0 11498300000.0 69132500.0 0.0 0.0 23212800.0 2831980000.0 166191000.0 1257210.0 10661.9 2246710000.0 246021000.0 -1.48 [-1.48]
199526000000000.0 700317000000000.0 21459700000.0 1694210000.0 139456.0 5207890000.0 11580300.0 0.0 11483700000.0 61606600.0 0.0 0.0 22530800.0 2753200000.0 153735000.0 1133500.0 9418.85 2203450000.0 239071000.0 -1.46 [-1.46]
199526000000000.0 673362000000000.0 20839200000.0 1580580000.0 122794.0 5021090000.0 10362800.0 0.0 11468800000.0 54933700.0 0.0 0.0 21877700.0 2677430000.0 142291000.0 1022820.0 8332.7 2160920000.0 232400000.0 -1.44 [-1.44]
199526000000000.0 647500000000000.0 20240100000.0 1474870000.0 108217.0 4841450000.0 9277100.0 0.0 11453300000.0 49001200.0 0.0 0.0 21249800.0 2604300000.0 131739000.0 923539.0 7380.36 2119010000.0 225974000.0 -1.42 [-1.42]
199526000000000.0 622957000000000.0 19668000000.0 1377540000.0 95539.8 4670530000.0 8314820.0 0.0 11437700000.0 43759200.0 0.0 0.0 20652900.0 2534510000.0 122106000.0 834975.0 6549.81 2078220000.0 219852000.0 -1.4 [-1.4]
199526000000000.0 599396000000000.0 19115500000.0 1286900000.0 84421.7 4506040000.0 7455400.0 0.0 11421600000.0 39092300.0 0.0 0.0 20078700.0 2467150000.0 113212000.0 755382.0 5819.37 2038090000.0 213953000.0 -1.38 [-1.38]
199526000000000.0 576859000000000.0 18583800000.0 1202780000.0 74685.5 4348300000.0 6689200.0 0.0 11405100000.0 34945100.0 0.0 0.0 19528600.0 2402400000.0 105027000.0 683960.0 5177.68 1998790000.0 208291000.0 -1.36 [-1.36]
199526000000000.0 555296000000000.0 18072100000.0 1124670000.0 66150.1 4196980000.0 6005660.0 0.0 11388400000.0 31257600.0 0.0 0.0 19001400.0 2340150000.0 97491300.0 619821.0 4613.18 1960360000.0 202855000.0 -1.34 [-1.34]
199526000000000.0 534663000000000.0 17579800000.0 1052130000.0 58659.3 4051780000.0 5395500.0 0.0 11371400000.0 27976800.0 0.0 0.0 18496200.0 2280300000.0 90550800.0 562177.0 4115.94 1922790000.0 197637000.0 -1.32 [-1.32]
199526000000000.0 514915000000000.0 17105900000.0 984718000.0 52077.9 3912420000.0 4850450.0 0.0 11354100000.0 25056200.0 0.0 0.0 18011900.0 2222770000.0 84154700.0 510328.0 3677.33 1886090000.0 192626000.0 -1.3 [-1.3]
199526000000000.0 496009000000000.0 16649700000.0 922054000.0 46289.1 3778630000.0 4363250.0 0.0 11336500000.0 22454700.0 0.0 0.0 17547500.0 2167470000.0 78257000.0 463656.0 3289.92 1850270000.0 187815000.0 -1.28 [-1.28]
199526000000000.0 477906000000000.0 16210600000.0 863776000.0 41191.9 3650130000.0 3927490.0 0.0 11318800000.0 20136000.0 0.0 0.0 17102300.0 2114300000.0 72816200.0 421609.0 2947.29 1815330000.0 183195000.0 -1.26 [-1.26]
199526000000000.0 460567000000000.0 15787800000.0 809556000.0 36698.6 3526690000.0 3537480.0 0.0 11300800000.0 18068200.0 0.0 0.0 16675300.0 2063190000.0 67794400.0 383699.0 2643.84 1781260000.0 178757000.0 -1.24 [-1.24]
199526000000000.0 443957000000000.0 15380600000.0 759087000.0 32733.3 3408070000.0 3188170.0 0.0 11282600000.0 16222900.0 0.0 0.0 16265700.0 2014050000.0 63156400.0 349490.0 2374.74 1748070000.0 174495000.0 -1.22 [-1.22]
199526000000000.0 428041000000000.0 14988500000.0 712090000.0 29229.9 3294040000.0 2875130.0 0.0 11264200000.0 14575200.0 0.0 0.0 15872800.0 1966800000.0 58870900.0 318597.0 2135.8 1715750000.0 170401000.0 -1.2 [-1.2]
199526000000000.0 412786000000000.0 14610700000.0 668304000.0 26131.2 3184390000.0 2594390.0 0.0 11245700000.0 13103100.0 0.0 0.0 15495700.0 1921370000.0 54908600.0 290676.0 1923.34 1684290000.0 166466000.0 -1.18 [-1.18]
199526000000000.0 398103000000000.0 14245200000.0 627338000.0 23381.2 3078520000.0 2341910.0 0.0 11227000000.0 11784000.0 0.0 0.0 15132300.0 1877500000.0 51230100.0 265368.0 1733.8 1653550000.0 162671000.0 -1.16 [-1.16]
199526000000000.0 384143000000000.0 13896000000.0 589444000.0 20955.4 2977480000.0 2116300.0 0.0 11208300000.0 10609800.0 0.0 0.0 14786500.0 1835670000.0 47852000.0 242559.0 1565.62 1623920000.0 159054000.0 -1.14 [-1.14]
199526000000000.0 370696000000000.0 13557900000.0 553944000.0 18797.1 2879830000.0 1913060.0 0.0 11189400000.0 9556010.0 0.0 0.0 14453000.0 1795260000.0 44710600.0 221846.0 1415.14 1594980000.0 155562000.0 -1.12 [-1.12]
199526000000000.0 357795000000000.0 13232000000.0 520809000.0 16879.5 2785820000.0 1730340.0 0.0 11170500000.0 8612190.0 0.0 0.0 14132800.0 1756390000.0 41799800.0 203065.0 1280.66 1566860000.0 152206000.0 -1.1 [-1.1]
199526000000000.0 345417000000000.0 12917600000.0 489869000.0 15174.1 2695290000.0 1565950.0 0.0 11151400000.0 7766340.0 0.0 0.0 13825300.0 1719000000.0 39100900.0 186022.0 1160.34 1539530000.0 148978000.0 -1.08 [-1.08]
199526000000000.0 333537000000000.0 12614400000.0 460965000.0 13655.7 2608090000.0 1417980.0 0.0 11132300000.0 7007840.0 0.0 0.0 13529800.0 1683030000.0 36597500.0 170545.0 1052.54 1513000000.0 145875000.0 -1.06 [-1.06]
199526000000000.0 322132000000000.0 12321900000.0 433948000.0 12302.2 2524050000.0 1284680.0 0.0 11113200000.0 6327220.0 0.0 0.0 13245900.0 1648410000.0 34273500.0 156478.0 955.856 1487240000.0 142890000.0 -1.04 [-1.04]
199526000000000.0 311179000000000.0 12039500000.0 408680000.0 11094.4 2443030000.0 1164530.0 0.0 11094000000.0 5716080.0 0.0 0.0 12973000.0 1615090000.0 32114300.0 143681.0 869.018 1462220000.0 140018000.0 -1.02 [-1.02]
199526000000000.0 300661000000000.0 11767000000.0 385046000.0 10015.7 2364940000.0 1056200.0 0.0 11074800000.0 5167100.0 0.0 0.0 12710800.0 1583020000.0 30108700.0 132034.0 790.953 1437950000.0 137256000.0 -1.0 [-1.0]
199526000000000.0 290555000000000.0 11503800000.0 362921000.0 9050.92 2289610000.0 958420.0 0.0 11055600000.0 4673550.0 0.0 0.0 12458600.0 1552150000.0 28243100.0 121421.0 720.676 1414400000.0 134597000.0 -0.98 [-0.98]
199526000000000.0 280804000000000.0 11248500000.0 342122000.0 8185.46 2216650000.0 869946.0 0.0 11036400000.0 4228630.0 0.0 0.0 12215100.0 1522290000.0 26500900.0 111727.0 657.218 1391450000.0 132028000.0 -0.96 [-0.96]
199526000000000.0 271513000000000.0 11004000000.0 322794000.0 7413.53 2146820000.0 790390.0 0.0 11017300000.0 3830100.0 0.0 0.0 11982900.0 1493800000.0 24891900.0 102917.0 600.211 1369390000.0 129575000.0 -0.94 [-0.94]
199526000000000.0 262539000000000.0 10766700000.0 304599000.0 6719.33 2079130000.0 718291.0 0.0 10998200000.0 3470280.0 0.0 0.0 11758500.0 1466230000.0 23386600.0 94854.9 548.601 1347890000.0 127204000.0 -0.92 [-0.92]
199526000000000.0 253909000000000.0 10537100000.0 287535000.0 6095.92 2013760000.0 653075.0 0.0 10979200000.0 3146010.0 0.0 0.0 11542600.0 1439670000.0 21983200.0 87486.9 501.931 1327040000.0 124920000.0 -0.9 [-0.9]
199526000000000.0 245610000000000.0 10315200000.0 271528000.0 5535.61 1950650000.0 594062.0 0.0 10960200000.0 2853680.0 0.0 0.0 11334800.0 1414090000.0 20674900.0 80749.2 459.689 1306830000.0 122720000.0 -0.88 [-0.88]
199526000000000.0 237625000000000.0 10100500000.0 256500000.0 5031.41 1889660000.0 540623.0 0.0 10941300000.0 2589920.0 0.0 0.0 11134700.0 1389430000.0 19453700.0 74582.1 421.408 1287230000.0 120601000.0 -0.86 [-0.86]
199526000000000.0 229940000000000.0 9892630000.0 242388000.0 4577.28 1830740000.0 492208.0 0.0 10922400000.0 2351820.0 0.0 0.0 10942000.0 1365660000.0 18313300.0 68933.6 386.68 1268230000.0 118559000.0 -0.84 [-0.84]
199526000000000.0 222543000000000.0 9691440000.0 229129000.0 4167.85 1773780000.0 448322.0 0.0 10903700000.0 2136770.0 0.0 0.0 10756500.0 1342750000.0 17247900.0 63756.2 355.145 1249810000.0 116591000.0 -0.82 [-0.82]
199526000000000.0 215421000000000.0 9496600000.0 216667000.0 3798.35 1718720000.0 408521.0 0.0 10885100000.0 1942410.0 0.0 0.0 10577700.0 1320660000.0 16251900.0 59007.2 326.478 1231950000.0 114693000.0 -0.8 [-0.8]
199526000000000.0 208562000000000.0 9307840000.0 204947000.0 3464.58 1665470000.0 372405.0 0.0 10866500000.0 1766660.0 0.0 0.0 10405500.0 1299360000.0 15320300.0 54647.8 300.393 1214640000.0 112864000.0 -0.78 [-0.78]
199526000000000.0 201955000000000.0 9124890000.0 193920000.0 3162.77 1613970000.0 339615.0 0.0 10848100000.0 1607640.0 0.0 0.0 10239400.0 1278810000.0 14448300.0 50643.3 276.633 1197860000.0 111100000.0 -0.76 [-0.76]
199526000000000.0 195589000000000.0 8947530000.0 183541000.0 2889.64 1564140000.0 309834.0 0.0 10829900000.0 1463690.0 0.0 0.0 10079400.0 1258990000.0 13631700.0 46962.3 254.971 1181600000.0 109399000.0 -0.74 [-0.74]
199526000000000.0 189455000000000.0 8775530000.0 173769000.0 2642.22 1515930000.0 282770.0 0.0 10811700000.0 1333300.0 0.0 0.0 9925130.0 1239870000.0 12866500.0 43576.2 235.202 1165830000.0 107758000.0 -0.72 [-0.72]
199526000000000.0 183541000000000.0 8608650000.0 164563000.0 2417.89 1469270000.0 258164.0 0.0 10793700000.0 1215120.0 0.0 0.0 9776330.0 1221410000.0 12149100.0 40459.2 217.144 1150550000.0 106174000.0 -0.7 [-0.7]
199526000000000.0 177840000000000.0 8446670000.0 155886000.0 2214.32 1424100000.0 235784.0 0.0 10775900000.0 1107970.0 0.0 0.0 9632800.0 1203590000.0 11476200.0 37588.0 200.633 1135730000.0 104646000.0 -0.68 [-0.68]
199526000000000.0 172341000000000.0 8289400000.0 147706000.0 2029.41 1380370000.0 215417.0 0.0 10758200000.0 1010750.0 0.0 0.0 9494320.0 1186390000.0 10844600.0 34941.4 185.523 1121370000.0 103170000.0 -0.66 [-0.66]
199526000000000.0 167037000000000.0 8136640000.0 139990000.0 1861.32 1338020000.0 196876.0 0.0 10740700000.0 922502.0 0.0 0.0 9360690.0 1169780000.0 10251600.0 32500.3 171.683 1107450000.0 101746000.0 -0.64 [-0.64]
199526000000000.0 161899000000000.0 7987590000.0 132683000.0 1708.1 1296840000.0 179953.0 0.0 10723300000.0 842192.0 0.0 0.0 9231170.0 1153670000.0 9692010.0 30243.7 158.975 1093900000.0 100365000.0 -0.62 [-0.62]
199526000000000.0 156961000000000.0 7843310000.0 125812000.0 1568.86 1257110000.0 164568.0 0.0 10706100000.0 769376.0 0.0 0.0 9106650.0 1138170000.0 9168060.0 28163.0 147.335 1080810000.0 99036500.0 -0.6 [-0.6]
199526000000000.0 152194000000000.0 7703000000.0 119323000.0 1441.95 1218600000.0 150543.0 0.0 10689100000.0 703173.0 0.0 0.0 8986420.0 1123200000.0 8675180.0 26239.9 0.0 1068130000.0 97753200.0 -0.58 [-0.58]
199526000000000.0 147592000000000.0 7566500000.0 113192000.0 1326.21 1181290000.0 137752.0 0.0 10672300000.0 642954.0 0.0 0.0 8870280.0 1108730000.0 8211260.0 24461.6 0.0 1055830000.0 96513200.0 -0.56 [-0.56]
199526000000000.0 143164000000000.0 7434140000.0 107416000.0 1220.71 1145240000.0 126104.0 0.0 10655700000.0 588245.0 0.0 0.0 8758500.0 1094790000.0 7775690.0 22818.1 0.0 1043940000.0 95319200.0 -0.54 [-0.54]
199526000000000.0 138871000000000.0 7304800000.0 101938000.0 0.0 1110190000.0 115453.0 0.0 10639300000.0 538339.0 0.0 0.0 8650090.0 1081270000.0 7364060.0 21294.2 0.0 1032380000.0 94160800.0 -0.52 [-0.52]
199526000000000.0 134723000000000.0 7178800000.0 96756100.0 0.0 1076200000.0 105729.0 0.0 10623000000.0 492872.0 0.0 0.0 8545300.0 1068190000.0 6975900.0 19882.4 0.0 1021160000.0 93040700.0 -0.5 [-0.5]
199526000000000.0 130714000000000.0 7056020000.0 91853400.0 0.0 1043240000.0 96846.6 0.0 10607000000.0 451433.0 0.0 0.0 8444000.0 1055540000.0 6609700.0 18573.5 0.0 1010280000.0 91957400.0 -0.48 [-0.48]
199526000000000.0 126839000000000.0 6936330000.0 87213600.0 0.0 1011270000.0 88731.5 0.0 10591100000.0 413648.0 0.0 0.0 8346060.0 1043310000.0 6264160.0 17359.4 0.0 999721000.0 90909800.0 -0.46 [-0.46]
199526000000000.0 123093000000000.0 6819620000.0 82821000.0 0.0 980264000.0 81314.5 0.0 10575500000.0 379179.0 0.0 0.0 8251350.0 1031470000.0 5937890.0 16232.6 0.0 989482000.0 89896300.0 -0.44 [-0.44]
199526000000000.0 119471000000000.0 6705760000.0 78661000.0 0.0 950185000.0 74532.9 0.0 10560000000.0 347720.0 0.0 0.0 8159740.0 1020010000.0 5629570.0 15186.2 0.0 979548000.0 88915600.0 -0.42 [-0.42]
199526000000000.0 115968000000000.0 6594650000.0 74720500.0 0.0 921008000.0 68331.3 0.0 10544800000.0 318996.0 0.0 0.0 8071110.0 1008920000.0 5338300.0 14214.0 0.0 969911000.0 87966700.0 -0.4 [-0.4]
199526000000000.0 112579000000000.0 6486150000.0 70985900.0 0.0 892693000.0 62656.9 0.0 10529800000.0 292756.0 0.0 0.0 7985350.0 998186000.0 5062750.0 13310.1 0.0 960559000.0 87048200.0 -0.38 [-0.38]
199526000000000.0 109300000000000.0 6380190000.0 67446000.0 0.0 865214000.0 57463.8 0.0 10514900000.0 268775.0 0.0 0.0 7902350.0 987790000.0 4802020.0 12469.3 0.0 951483000.0 86158900.0 -0.36 [-0.36]
199526000000000.0 106127000000000.0 6276640000.0 64089300.0 0.0 838542000.0 52709.6 0.0 10500300000.0 246849.0 0.0 0.0 7821980.0 977720000.0 4555150.0 11686.7 0.0 942675000.0 85297700.0 -0.34 [-0.34]
199526000000000.0 103054000000000.0 6175420000.0 60905600.0 0.0 812648000.0 48355.7 0.0 10485900000.0 226794.0 0.0 0.0 7744170.0 967965000.0 4321250.0 10958.0 0.0 934125000.0 84463600.0 -0.32 [-0.32]
199526000000000.0 100081000000000.0 6076460000.0 57885700.0 0.0 787518000.0 44368.5 0.0 10471700000.0 208444.0 0.0 0.0 7668840.0 958516000.0 4099800.0 10279.2 0.0 925826000.0 83655800.0 -0.3 [-0.3]
199526000000000.0 97200500000000.0 5979650000.0 55019900.0 0.0 763115000.0 40714.8 0.0 10457700000.0 191644.0 0.0 0.0 7595860.0 949358000.0 3889770.0 9646.38 0.0 917768000.0 82873100.0 -0.28 [-0.28]
199526000000000.0 94411200000000.0 5884920000.0 52300000.0 0.0 739419000.0 37366.3 0.0 10443900000.0 176261.0 0.0 0.0 7525160.0 940482000.0 3690510.0 9056.26 0.0 909945000.0 82114700.0 -0.26 [-0.26]
199526000000000.0 91707300000000.0 5792140000.0 49716700.0 0.0 716386000.0 34295.1 0.0 10430400000.0 162164.0 0.0 0.0 7456610.0 931873000.0 3501030.0 8505.58 0.0 902345000.0 81379200.0 -0.24 [-0.24]
199526000000000.0 89080200000000.0 5701010000.0 47258200.0 0.0 693966000.0 31476.0 0.0 10417000000.0 149227.0 0.0 0.0 7389990.0 923500000.0 3320940.0 7991.11 0.0 894943000.0 80664200.0 -0.22 [-0.22]
199526000000000.0 86549900000000.0 5612310000.0 44934800.0 0.0 672297000.0 28897.4 0.0 10403900000.0 137401.0 0.0 0.0 7325820.0 915433000.0 3150620.0 7511.48 0.0 887799000.0 79975300.0 -0.2 [-0.2]
199526000000000.0 84088900000000.0 5525090000.0 42721500.0 0.0 651183000.0 26528.1 0.0 10390900000.0 126536.0 0.0 0.0 7263380.0 907579000.0 2988280.0 7062.89 0.0 880834000.0 79305000.0 -0.18 [-0.18]
199526000000000.0 81703100000000.0 5439590000.0 40618800.0 0.0 630663000.0 24353.8 0.0 10378200000.0 116568.0 0.0 0.0 7202840.0 899960000.0 2833790.0 6643.58 0.0 874070000.0 78654900.0 -0.16 [-0.16]
199526000000000.0 79389200000000.0 5355750000.0 38620400.0 0.0 610716000.0 22358.0 0.0 10365600000.0 107418.0 0.0 0.0 7144110.0 892566000.0 2686780.0 6251.42 0.0 867496000.0 78024200.0 -0.14 [-0.14]
199526000000000.0 77144200000000.0 5273470000.0 36720500.0 0.0 591317000.0 20525.3 0.0 10353300000.0 99015.8 0.0 0.0 7087120.0 885387000.0 2546690.0 5884.49 0.0 861106000.0 77411900.0 -0.12 [-0.12]
199526000000000.0 74966400000000.0 5192740000.0 34914500.0 0.0 572455000.0 18842.5 0.0 10341200000.0 91298.4 0.0 0.0 7031820.0 878417000.0 2413290.0 5541.03 0.0 854896000.0 76817800.0 -0.1 [-0.1]
199526000000000.0 72852800000000.0 5113490000.0 33197100.0 0.0 554106000.0 17296.7 0.0 10329200000.0 84207.1 0.0 0.0 6978140.0 871648000.0 2286040.0 5219.41 0.0 848858000.0 76241000.0 -0.08 [-0.08]
199526000000000.0 70800900000000.0 5035660000.0 31563800.0 0.0 536250000.0 15876.4 0.0 10317500000.0 77689.0 0.0 0.0 6926020.0 865071000.0 2164600.0 4918.1 0.0 842987000.0 75680800.0 -0.06 [-0.06]
199526000000000.0 68808900000000.0 4959210000.0 30010400.0 0.0 518874000.0 14571.3 0.0 10305900000.0 71696.0 0.0 0.0 6875410.0 858682000.0 2048700.0 4635.72 0.0 837278000.0 75136800.0 -0.04 [-0.04]
199526000000000.0 66873800000000.0 4884080000.0 28532500.0 0.0 501951000.0 13371.5 0.0 10294600000.0 66183.4 0.0 0.0 6826230.0 852469000.0 1937880.0 4370.96 0.0 831724000.0 74608100.0 -0.02 [-0.02]
199526000000000.0 64993700000000.0 4810230000.0 27126300.0 0.0 485465000.0 12268.3 0.0 10283400000.0 61111.3 0.0 0.0 6778450.0 846429000.0 1831900.0 4122.62 0.0 826320000.0 74094400.0 -0.0 [-0.0]
199526000000000.0 63167200000000.0 4737520000.0 25787800.0 0.0 469454000.0 11256.1 0.0 10272500000.0 56438.8 0.0 0.0 6732010.0 840554000.0 1731670.0 3889.5 0.0 821058000.0 73595000.0 0.02 [0.02]
199526000000000.0 61391900000000.0 4666130000.0 24514900.0 0.0 453799000.0 10323.0 0.0 10261700000.0 52141.9 0.0 0.0 6686870.0 834841000.0 1634570.0 3670.8 0.0 815941000.0 73109600.0 0.04 [0.04]
199526000000000.0 59665400000000.0 4595890000.0 23303400.0 0.0 438527000.0 9464.52 0.0 10251100000.0 48184.8 0.0 0.0 6642960.0 829279000.0 1541450.0 3465.44 0.0 810959000.0 72637400.0 0.06 [0.06]
199526000000000.0 57985800000000.0 4526780000.0 22150200.0 0.0 423616000.0 8674.29 0.0 10240700000.0 44539.5 0.0 0.0 6600230.0 823863000.0 1452050.0 3272.54 0.0 806107000.0 72177800.0 0.08 [0.08]
199526000000000.0 56351200000000.0 4458750000.0 21052600.0 0.0 409049000.0 7946.78 0.0 10230400000.0 41180.6 0.0 0.0 6558640.0 818586000.0 1366140.0 3091.28 0.0 801380000.0 71730400.0 0.1 [0.1]
199526000000000.0 54763200000000.0 4391920000.0 20009300.0 0.0 394831000.0 7277.43 0.0 10220400000.0 38087.7 0.0 0.0 6518220.0 813455000.0 1283620.0 2920.99 0.0 796784000.0 71295700.0 0.12 [0.12]
199526000000000.0 53206600000000.0 4325680000.0 19011700.0 0.0 380851000.0 6659.2 0.0 10210400000.0 35228.3 0.0 0.0 6478600.0 808417000.0 1203810.0 2760.65 0.0 792274000.0 70869500.0 0.14 [0.14]
199526000000000.0 51695700000000.0 4260720000.0 18064800.0 0.0 367193000.0 6090.41 0.0 10200700000.0 32596.5 0.0 0.0 6440130.0 803522000.0 1127010.0 2609.99 0.0 787893000.0 70455600.0 0.16 [0.16]
199526000000000.0 50227800000000.0 4196990000.0 17165800.0 0.0 353830000.0 5566.79 0.0 10191100000.0 30173.0 0.0 0.0 6402740.0 798761000.0 1052970.0 2468.35 0.0 783634000.0 70053500.0 0.18 [0.18]
199526000000000.0 48783100000000.0 4133650000.0 16304900.0 0.0 340608000.0 5081.91 0.0 10181700000.0 27929.2 0.0 0.0 6365930.0 794064000.0 980821.0 2334.84 0.0 779440000.0 69657500.0 0.2 [0.2]
199526000000000.0 47376400000000.0 4071470000.0 15487400.0 0.0 327611000.0 4634.78 0.0 10172400000.0 25862.1 0.0 0.0 6330080.0 789484000.0 910857.0 2209.27 0.0 775355000.0 69271900.0 0.22 [0.22]
199526000000000.0 46000100000000.0 4010170000.0 14709000.0 0.0 314771000.0 4221.54 0.0 10163200000.0 23954.3 0.0 0.0 6295000.0 784994000.0 842741.0 2091.04 0.0 771358000.0 68894600.0 0.24 [0.24]
199526000000000.0 44651000000000.0 3949720000.0 13967800.0 0.0 302034000.0 3838.99 0.0 10154200000.0 22193.1 0.0 0.0 6260590.0 780582000.0 776107.0 1979.7 0.0 767439000.0 68524600.0 0.26 [0.26]
199526000000000.0 43323100000000.0 3890070000.0 13261500.0 0.0 289287000.0 3483.31 0.0 10145300000.0 20567.1 0.0 0.0 6226710.0 776227000.0 710107.0 1874.83 0.0 763585000.0 68160300.0 0.28 [0.28]
199526000000000.0 42013800000000.0 3831200000.0 12588800.0 0.0 276486000.0 3152.39 0.0 10136500000.0 19065.6 0.0 0.0 6193290.0 771918000.0 644748.0 1776.06 0.0 759787000.0 67801100.0 0.3 [0.3]
199526000000000.0 40720900000000.0 3773300000.0 11949400.0 0.0 263536000.0 2843.6 0.0 10127800000.0 17681.1 0.0 0.0 6160270.0 767646000.0 579570.0 1683.07 0.0 756041000.0 67446300.0 0.32 [0.32]
199526000000000.0 39423600000000.0 3715690000.0 11337600.0 0.0 250176000.0 2552.6 0.0 10119000000.0 16399.2 0.0 0.0 6127110.0 763333000.0 513507.0 1595.4 0.0 752287000.0 67090200.0 0.34 [0.34]
199526000000000.0 38125700000000.0 3659250000.0 10757900.0 0.0 236241000.0 2277.15 0.0 10110300000.0 15220.3 0.0 0.0 6093910.0 758988000.0 445939.0 1513.0 0.0 748541000.0 66734000.0 0.36 [0.36]
199526000000000.0 36773800000000.0 3602700000.0 10201400.0 0.0 220903000.0 2008.15 0.0 10101400000.0 14128.8 0.0 0.0 6059270.0 754406000.0 373463.0 1435.42 0.0 744651000.0 66362700.0 0.38 [0.38]
199526000000000.0 26827200000000.0 3365330000.0 7857320.0 0.0 65577000.0 551.205 0.0 10067700000.0 12810.3 0.0 0.0 5803780.0 713079000.0 1602.95 1369.78 0.0 715739000.0 63662200.0 0.4 [0.4]
199526000000000.0 25704400000000.0 3293620000.0 7371050.0 0.0 59522400.0 479.713 0.0 10060900000.0 11804.0 0.0 0.0 5775080.0 708550000.0 1233.09 1298.98 0.0 712238000.0 63356200.0 0.42 [0.42]
199526000000000.0 24702800000000.0 3225590000.0 6936590.0 0.0 54694500.0 422.55 0.0 10054400000.0 10883.6 0.0 0.0 5749440.0 704510000.0 1030.91 1232.19 0.0 709109000.0 63082900.0 0.44 [0.44]
199526000000000.0 23784600000000.0 3160160000.0 6540570.0 0.0 50622100.0 374.896 0.0 10048200000.0 10039.9 0.0 0.0 5725930.0 700794000.0 902.992 1169.15 0.0 706240000.0 62832200.0 0.46 [0.46]
199526000000000.0 22921100000000.0 3095980000.0 6172440.0 0.0 47064500.0 334.153 0.0 10042100000.0 9261.06 0.0 0.0 5703780.0 697274000.0 813.591 1109.47 0.0 703539000.0 62596200.0 0.48 [0.48]
199526000000000.0 22109000000000.0 3033320000.0 5830450.0 0.0 43910800.0 298.94 0.0 10036300000.0 8544.39 0.0 0.0 5682940.0 693938000.0 746.537 1053.05 0.0 700999000.0 62374300.0 0.5 [0.5]
199526000000000.0 21338300000000.0 2971740000.0 5510500.0 0.0 41075900.0 268.196 0.0 10030600000.0 7883.28 0.0 0.0 5663140.0 690742000.0 693.188 999.646 0.0 698587000.0 62163500.0 0.52 [0.52]
199526000000000.0 20606000000000.0 2911290000.0 5210940.0 0.0 38508000.0 241.198 0.0 10025200000.0 7273.91 0.0 0.0 5644300.0 687674000.0 648.786 949.098 0.0 696295000.0 61963200.0 0.54 [0.54]
199526000000000.0 19903800000000.0 2851480000.0 4928520.0 0.0 36160000.0 217.331 0.0 10019800000.0 6710.4 0.0 0.0 5626220.0 684697000.0 610.44 901.193 0.0 694098000.0 61771100.0 0.56 [0.56]
199526000000000.0 19231200000000.0 2792450000.0 4662490.0 0.0 34005000.0 196.168 0.0 10014700000.0 6189.97 0.0 0.0 5608880.0 681809000.0 576.443 855.801 0.0 691993000.0 61587200.0 0.58 [0.58]
199526000000000.0 18584800000000.0 2734040000.0 4411140.0 0.0 32016700.0 177.328 0.0 10009600000.0 5708.81 0.0 0.0 5592200.0 678994000.0 545.686 812.765 0.0 689971000.0 61410300.0 0.6 [0.6]
199526000000000.0 17966400000000.0 2676570000.0 4174440.0 0.0 30179100.0 160.529 0.0 10004800000.0 5265.13 0.0 0.0 5576220.0 676267000.0 517.468 771.989 0.0 688037000.0 61241200.0 0.62 [0.62]
199526000000000.0 17371900000000.0 2619800000.0 3950800.0 0.0 28473900.0 145.505 0.0 10000000000.0 4855.27 0.0 0.0 5560840.0 673604000.0 491.279 733.324 0.0 686178000.0 61078600.0 0.64 [0.64]
199526000000000.0 16799700000000.0 2563710000.0 3739310.0 0.0 26887100.0 132.038 0.0 9995410000.0 4476.64 0.0 0.0 5546020.0 671001000.0 466.798 696.652 0.0 684389000.0 60922200.0 0.66 [0.66]
199526000000000.0 16248700000000.0 2508290000.0 3539240.0 0.0 25407500.0 119.946 0.0 9990950000.0 4126.89 0.0 0.0 5531730.0 668452000.0 443.797 661.864 0.0 682667000.0 60771500.0 0.68 [0.68]
199526000000000.0 15719000000000.0 2453680000.0 3350200.0 0.0 24026100.0 109.076 0.0 9986620000.0 3804.15 0.0 0.0 5517980.0 665959000.0 422.115 628.868 0.0 681012000.0 60626800.0 0.7 [0.7]
199526000000000.0 15207300000000.0 2399610000.0 3170850.0 0.0 22731700.0 99.2776 0.0 9982400000.0 3505.8 0.0 0.0 5504660.0 663504000.0 401.612 597.545 0.0 679414000.0 60487000.0 0.72 [0.72]
199526000000000.0 14713800000000.0 2346230000.0 3000970.0 0.0 21518100.0 90.4398 0.0 9978300000.0 3230.31 0.0 0.0 5491810.0 661091000.0 382.198 567.816 0.0 677874000.0 60352200.0 0.74 [0.74]
199526000000000.0 14237900000000.0 2293530000.0 2840010.0 0.0 20378800.0 82.4581 0.0 9974320000.0 2975.99 0.0 0.0 5479390.0 658715000.0 363.791 539.595 0.0 676389000.0 60222300.0 0.76 [0.76]
199526000000000.0 13777900000000.0 2241420000.0 2687170.0 0.0 19306400.0 75.236 0.0 9970450000.0 2741.09 0.0 0.0 5467360.0 656368000.0 346.319 512.796 0.0 674955000.0 60096900.0 0.78 [0.78]
199526000000000.0 13335000000000.0 2190110000.0 2542530.0 0.0 18297900.0 68.7021 0.0 9966700000.0 2524.56 0.0 0.0 5455760.0 654059000.0 329.732 487.357 0.0 673574000.0 59976100.0 0.8 [0.8]
199526000000000.0 12907100000000.0 2139450000.0 2405340.0 0.0 17348200.0 62.9183 0.0 9963050000.0 2321.43 0.0 0.0 5444530.0 651774000.0 313.975 463.196 0.0 672241000.0 59859500.0 0.82 [0.82]
199526000000000.0 12493900000000.0 2089490000.0 2275190.0 0.0 16452500.0 57.7052 0.0 9959510000.0 2134.0 0.0 0.0 5433660.0 649515000.0 298.999 440.248 0.0 670955000.0 59747000.0 0.84 [0.84]
199526000000000.0 12095000000000.0 2040230000.0 2151720.0 0.0 15606900.0 52.9591 0.0 9956070000.0 1962.05 0.0 0.0 5423140.0 647279000.0 284.762 418.451 0.0 669714000.0 59638500.0 0.86 [0.86]
199526000000000.0 11710500000000.0 1991780000.0 2034710.0 0.0 14808600.0 48.6367 0.0 9952730000.0 1804.37 0.0 0.0 5412990.0 645071000.0 271.227 397.75 0.0 668518000.0 59534000.0 0.88 [0.88]
199526000000000.0 11338100000000.0 1943890000.0 1923370.0 0.0 14052400.0 44.6917 0.0 9949480000.0 1659.46 0.0 0.0 5403120.0 642872000.0 258.349 378.075 0.0 667361000.0 59432900.0 0.9 [0.9]
199526000000000.0 10978900000000.0 1896800000.0 1817830.0 0.0 13337700.0 41.0941 0.0 9946330000.0 1526.52 0.0 0.0 5393590.0 640695000.0 246.101 359.385 0.0 666246000.0 59335500.0 0.92 [0.92]
199526000000000.0 10632700000000.0 1850540000.0 1717770.0 0.0 12661300.0 37.8092 0.0 9943280000.0 1404.57 0.0 0.0 5384370.0 638543000.0 234.451 341.632 0.0 665172000.0 59241700.0 0.94 [0.94]
199526000000000.0 10297600000000.0 1804920000.0 1622650.0 0.0 12020300.0 34.8074 0.0 9940300000.0 1292.48 0.0 0.0 5375430.0 636395000.0 223.362 324.757 0.0 664133000.0 59151000.0 0.96 [0.96]
199526000000000.0 9974170000000.0 1760080000.0 1532360.0 0.0 11412700.0 32.0622 0.0 9937420000.0 1189.58 0.0 0.0 5366770.0 634264000.0 212.808 308.721 0.0 663131000.0 59063600.0 0.98 [0.98]
199526000000000.0 9666450000000.0 1716770000.0 1447130.0 0.0 10851000.0 29.5726 0.0 9934540000.0 1095.93 0.0 0.0 5358500.0 632210000.0 202.76 293.517 0.0 662174000.0 58980400.0 1.0 [1.0]
