H	H+	C+	C+2	C+3	N+	N+2	N+4	O	O+2	O+5	O+6	P+	Si+	Si+2	Si+3	Si+4
1.23027e+13	5.86853e+17	5.67772e+08	9.93917e+10	4.46676e+11	4.05444e+07	1.51552e+10	4.74980e+11	2.60035e+03	3.87060e+10	6.47418e+12	1.28215e+13	1.87475e+04	2.82739e+05	1.58270e+07	8.83510e+07	1.20374e+10
1.23027e+13	5.55263e+17	6.18415e+08	1.05442e+11	4.55787e+11	4.44235e+07	1.62087e+10	4.71908e+11	2.91185e+03	4.16004e+10	6.21312e+12	1.16959e+13	2.22374e+04	3.38589e+05	1.85100e+07	9.99076e+07	1.28859e+10
1.23027e+13	5.25483e+17	6.72816e+08	1.11717e+11	4.64512e+11	4.86425e+07	1.73191e+10	4.68169e+11	3.26089e+03	4.46622e+10	5.95005e+12	1.06497e+13	2.63302e+04	4.04641e+05	2.16110e+07	1.12790e+08	1.37737e+10
1.23027e+13	4.97399e+17	7.31194e+08	1.18215e+11	4.72833e+11	5.32254e+07	1.84875e+10	4.63770e+11	3.65177e+03	4.78939e+10	5.68603e+12	9.67931e+12	3.11214e+04	4.82602e+05	2.51891e+07	1.27126e+08	1.47008e+10
1.23027e+13	4.70902e+17	7.93776e+08	1.24937e+11	4.80731e+11	5.81975e+07	1.97148e+10	4.58720e+11	4.08929e+03	5.12976e+10	5.42212e+12	8.78096e+12	3.67206e+04	5.74433e+05	2.93111e+07	1.43055e+08	1.56671e+10
1.23027e+13	4.45896e+17	8.60787e+08	1.31878e+11	4.88187e+11	6.35837e+07	2.10014e+10	4.53031e+11	4.57867e+03	5.48741e+10	5.15939e+12	7.95103e+12	4.32517e+04	6.82374e+05	3.40512e+07	1.60722e+08	1.66722e+10
1.23027e+13	4.22285e+17	9.32477e+08	1.39039e+11	4.95188e+11	6.94115e+07	2.23478e+10	4.46716e+11	5.12587e+03	5.86243e+10	4.89875e+12	7.18582e+12	5.08580e+04	8.09023e+05	3.94942e+07	1.80289e+08	1.77158e+10
1.23027e+13	3.99984e+17	1.00908e+09	1.46415e+11	5.01716e+11	7.57063e+07	2.37536e+10	4.39791e+11	5.73726e+03	6.25470e+10	4.64121e+12	6.48180e+12	5.96995e+04	9.57310e+05	4.57335e+07	2.01923e+08	1.87971e+10
1.23027e+13	3.78923e+17	1.09092e+09	1.54004e+11	5.07755e+11	8.25033e+07	2.52195e+10	4.32276e+11	6.42106e+03	6.66442e+10	4.38767e+12	5.83565e+12	6.99648e+04	1.13060e+06	5.28738e+07	2.25797e+08	1.99149e+10
1.23027e+13	3.59021e+17	1.17820e+09	1.61800e+11	5.13292e+11	8.98244e+07	2.67438e+10	4.24192e+11	7.18466e+03	7.09110e+10	4.13895e+12	5.24379e+12	8.18577e+04	1.33270e+06	6.10318e+07	2.52105e+08	2.10683e+10
1.23027e+13	3.40205e+17	1.27114e+09	1.69793e+11	5.18313e+11	9.76917e+07	2.83244e+10	4.15562e+11	8.03629e+03	7.53419e+10	3.89584e+12	4.70280e+12	9.56075e+04	1.56792e+06	7.03374e+07	2.81053e+08	2.22558e+10
1.23027e+13	3.22410e+17	1.37000e+09	1.77977e+11	5.22806e+11	1.06132e+08	2.99593e+10	4.06413e+11	8.98580e+03	7.99330e+10	3.65903e+12	4.20939e+12	1.11477e+05	1.84112e+06	8.09349e+07	3.12855e+08	2.34758e+10
1.23027e+13	3.05577e+17	1.47498e+09	1.86341e+11	5.26757e+11	1.15166e+08	3.16458e+10	3.96775e+11	1.00435e+04	8.46773e+10	3.42918e+12	3.76042e+12	1.29753e+05	2.15779e+06	9.29828e+07	3.47738e+08	2.47263e+10
1.23027e+13	2.89649e+17	1.58635e+09	1.94875e+11	5.30156e+11	1.24819e+08	3.33809e+10	3.86680e+11	1.12215e+04	8.95693e+10	3.20683e+12	3.35279e+12	1.50767e+05	2.52412e+06	1.06658e+08	3.85937e+08	2.60050e+10
1.23027e+13	2.74573e+17	1.70428e+09	2.03564e+11	5.32990e+11	1.35107e+08	3.51603e+10	3.76165e+11	1.25323e+04	9.45996e+10	2.99245e+12	2.98354e+12	1.74874e+05	2.94696e+06	1.22153e+08	4.27706e+08	2.73096e+10
1.23027e+13	2.60303e+17	1.82906e+09	2.12397e+11	5.35249e+11	1.46057e+08	3.69808e+10	3.65266e+11	1.39915e+04	9.97628e+10	2.78644e+12	2.64984e+12	2.02488e+05	3.43410e+06	1.39681e+08	4.73296e+08	2.86370e+10
1.23027e+13	2.46792e+17	1.96083e+09	2.21356e+11	5.36925e+11	1.57679e+08	3.88367e+10	3.54024e+11	1.56144e+04	1.05047e+11	2.58913e+12	2.34895e+12	2.34046e+05	3.99408e+06	1.59475e+08	5.22983e+08	2.99842e+10
1.23027e+13	2.33996e+17	2.09978e+09	2.30425e+11	5.38007e+11	1.69988e+08	4.07228e+10	3.42482e+11	1.74192e+04	1.10444e+11	2.40074e+12	2.07824e+12	2.70043e+05	4.63647e+06	1.81790e+08	5.77048e+08	3.13478e+10
1.23027e+13	2.21874e+17	2.24599e+09	2.39579e+11	5.38486e+11	1.82989e+08	4.26326e+10	3.30682e+11	1.94250e+04	1.15941e+11	2.22142e+12	1.83524e+12	3.11008e+05	5.37173e+06	2.06902e+08	6.35784e+08	3.27241e+10
1.23027e+13	2.10390e+17	2.39967e+09	2.48801e+11	5.38357e+11	1.96696e+08	4.45606e+10	3.18671e+11	2.16552e+04	1.21529e+11	2.05127e+12	1.61761e+12	3.57546e+05	6.21161e+06	2.35114e+08	6.99486e+08	3.41089e+10
1.23027e+13	1.99508e+17	2.56092e+09	2.58068e+11	5.37613e+11	2.11116e+08	4.65001e+10	3.06496e+11	2.41350e+04	1.27197e+11	1.89029e+12	1.42314e+12	4.10310e+05	7.16892e+06	2.66754e+08	7.68458e+08	3.54981e+10
1.23027e+13	1.89198e+17	2.72986e+09	2.67355e+11	5.36250e+11	2.26252e+08	4.84442e+10	2.94205e+11	2.68930e+04	1.32933e+11	1.73845e+12	1.24975e+12	4.70012e+05	8.25771e+06	3.02172e+08	8.43004e+08	3.68869e+10
1.23027e+13	1.79427e+17	2.90654e+09	2.76637e+11	5.34264e+11	2.42107e+08	5.03859e+10	2.81845e+11	2.99614e+04	1.38726e+11	1.59565e+12	1.09550e+12	5.37433e+05	9.49341e+06	3.41752e+08	9.23435e+08	3.82705e+10
1.23027e+13	1.70166e+17	3.09108e+09	2.85888e+11	5.31651e+11	2.58685e+08	5.23186e+10	2.69461e+11	3.33776e+04	1.44567e+11	1.46167e+12	9.58557e+11	6.13443e+05	1.08931e+07	3.85909e+08	1.01007e+09	3.96438e+10
1.23027e+13	1.61391e+17	3.28325e+09	2.95069e+11	5.28414e+11	2.75962e+08	5.42326e+10	2.57109e+11	3.71782e+04	1.50436e+11	1.33643e+12	8.37302e+11	6.98857e+05	1.24739e+07	4.35053e+08	1.10319e+09	4.10008e+10
1.23027e+13	1.53073e+17	3.48330e+09	3.04161e+11	5.24550e+11	2.93958e+08	5.61230e+10	2.44827e+11	4.14143e+04	1.56330e+11	1.21957e+12	7.30107e+11	7.94770e+05	1.42568e+07	4.89679e+08	1.20312e+09	4.23366e+10
1.23027e+13	1.45187e+17	3.69100e+09	3.13125e+11	5.20063e+11	3.12649e+08	5.79809e+10	2.32660e+11	4.61352e+04	1.62233e+11	1.11085e+12	6.35551e+11	9.02198e+05	1.62624e+07	5.50270e+08	1.31016e+09	4.36450e+10
1.23027e+13	1.37713e+17	3.90632e+09	3.21931e+11	5.14959e+11	3.32033e+08	5.97998e+10	2.20650e+11	5.14011e+04	1.68134e+11	1.00996e+12	5.52318e+11	1.02231e+06	1.85138e+07	6.17353e+08	1.42457e+09	4.49201e+10
1.23027e+13	1.30628e+17	4.12911e+09	3.30544e+11	5.09243e+11	3.52099e+08	6.15722e+10	2.08839e+11	5.72788e+04	1.74021e+11	9.16576e+11	4.79201e+11	1.15632e+06	2.10355e+07	6.91478e+08	1.54662e+09	4.61557e+10
1.23027e+13	1.23912e+17	4.35919e+09	3.38928e+11	5.02925e+11	3.72833e+08	6.32914e+10	1.97262e+11	6.38436e+04	1.79883e+11	8.30346e+11	4.15095e+11	1.30554e+06	2.38536e+07	7.73225e+08	1.67656e+09	4.73457e+10
1.23027e+13	1.17544e+17	4.59650e+09	3.47053e+11	4.96013e+11	3.94240e+08	6.49516e+10	1.85949e+11	7.11851e+04	1.85710e+11	7.50889e+11	3.58983e+11	1.47145e+06	2.69973e+07	8.63226e+08	1.81463e+09	4.84838e+10
1.23027e+13	1.11511e+17	4.84034e+09	3.54871e+11	4.88529e+11	4.16266e+08	6.65442e+10	1.74942e+11	7.93898e+04	1.91485e+11	6.77914e+11	3.10003e+11	1.65528e+06	3.04920e+07	9.62024e+08	1.96093e+09	4.95632e+10
1.23027e+13	1.05789e+17	5.09074e+09	3.62355e+11	4.80480e+11	4.38929e+08	6.80653e+10	1.64257e+11	8.85763e+04	1.97201e+11	6.10975e+11	2.67286e+11	1.85879e+06	3.43724e+07	1.07035e+09	2.11571e+09	5.05782e+10
1.23027e+13	1.00365e+17	5.34730e+09	3.69468e+11	4.71888e+11	4.62211e+08	6.95091e+10	1.53921e+11	9.88667e+04	2.02846e+11	5.49733e+11	2.30114e+11	2.08354e+06	3.86699e+07	1.18885e+09	2.27902e+09	5.15224e+10
1.23027e+13	9.52241e+16	5.60961e+09	3.76176e+11	4.62776e+11	4.86098e+08	7.08707e+10	1.43954e+11	1.10401e+05	2.08410e+11	4.93823e+11	1.97822e+11	2.33122e+06	4.34185e+07	1.31818e+09	2.45094e+09	5.23896e+10
1.23027e+13	9.03502e+16	5.87721e+09	3.82443e+11	4.53167e+11	5.10576e+08	7.21453e+10	1.34372e+11	1.23339e+05	2.13881e+11	4.42887e+11	1.69819e+11	2.60357e+06	4.86532e+07	1.45905e+09	2.63146e+09	5.31740e+10
1.23027e+13	8.57297e+16	6.14960e+09	3.88237e+11	4.43088e+11	5.35631e+08	7.33290e+10	1.25188e+11	1.37858e+05	2.19250e+11	3.96580e+11	1.45576e+11	2.90238e+06	5.44102e+07	1.61213e+09	2.82052e+09	5.38699e+10
1.23027e+13	8.13496e+16	6.42626e+09	3.93527e+11	4.32568e+11	5.61251e+08	7.44183e+10	1.16410e+11	1.54161e+05	2.24504e+11	3.54565e+11	1.24621e+11	3.22946e+06	6.07267e+07	1.77809e+09	3.01800e+09	5.44718e+10
1.23027e+13	7.71971e+16	6.70658e+09	3.98283e+11	4.21639e+11	5.87425e+08	7.54100e+10	1.08045e+11	1.72478e+05	2.29635e+11	3.16518e+11	1.06539e+11	3.58665e+06	6.76404e+07	1.95762e+09	3.22368e+09	5.49746e+10
1.23027e+13	7.32583e+16	6.99003e+09	4.02478e+11	4.10329e+11	6.14147e+08	7.63016e+10	1.00091e+11	1.93073e+05	2.34634e+11	2.82114e+11	9.09518e+10	3.97588e+06	7.51928e+07	2.15139e+09	3.43737e+09	5.53737e+10
1.23027e+13	6.95263e+16	7.27581e+09	4.06088e+11	3.98687e+11	6.41394e+08	7.70909e+10	9.25565e+10	2.16221e+05	2.39488e+11	2.51094e+11	7.75500e+10	4.39866e+06	8.34146e+07	2.35989e+09	3.65851e+09	5.56645e+10
1.23027e+13	6.59879e+16	7.56316e+09	4.09089e+11	3.86746e+11	6.69153e+08	7.77761e+10	8.54346e+10	2.42253e+05	2.44189e+11	2.23161e+11	6.60377e+10	4.85671e+06	9.23456e+07	2.58371e+09	3.88673e+09	5.58435e+10
1.23027e+13	6.26330e+16	7.85141e+09	4.11465e+11	3.74546e+11	6.97418e+08	7.83560e+10	7.87198e+10	2.71540e+05	2.48726e+11	1.98052e+11	5.61629e+10	5.35165e+06	1.02022e+08	2.82334e+09	4.12146e+09	5.59073e+10
1.23027e+13	5.94538e+16	8.13975e+09	4.13203e+11	3.62136e+11	7.26173e+08	7.88303e+10	7.24082e+10	3.04478e+05	2.53091e+11	1.75533e+11	4.77092e+10	5.88468e+06	1.12473e+08	3.07909e+09	4.36190e+09	5.58535e+10
1.23027e+13	5.64375e+16	8.42750e+09	4.14288e+11	3.49543e+11	7.55420e+08	7.91983e+10	6.64838e+10	3.41560e+05	2.57277e+11	1.55348e+11	4.04740e+10	6.45740e+06	1.23739e+08	3.35145e+09	4.60746e+09	5.56795e+10
1.23027e+13	5.35769e+16	8.71368e+09	4.14714e+11	3.36820e+11	7.85136e+08	7.94599e+10	6.09389e+10	3.83292e+05	2.61273e+11	1.37296e+11	3.42936e+10	7.07049e+06	1.35845e+08	3.64050e+09	4.85714e+09	5.53841e+10
1.23027e+13	5.08641e+16	8.99752e+09	4.14477e+11	3.24009e+11	8.15314e+08	7.96158e+10	5.57616e+10	4.30259e+05	2.65071e+11	1.21177e+11	2.90214e+10	7.72465e+06	1.48814e+08	3.94630e+09	5.10992e+09	5.49666e+10
1.23027e+13	4.82913e+16	9.27821e+09	4.13580e+11	3.11155e+11	8.45946e+08	7.96668e+10	5.09384e+10	4.83116e+05	2.68663e+11	1.06807e+11	2.45298e+10	8.42018e+06	1.62666e+08	4.26875e+09	5.36464e+09	5.44270e+10
1.23027e+13	4.58511e+16	9.55499e+09	4.12029e+11	2.98301e+11	8.77026e+08	7.96143e+10	4.64552e+10	5.42596e+05	2.72042e+11	9.40160e+10	2.07083e+10	9.15707e+06	1.77415e+08	4.60758e+09	5.62002e+09	5.37662e+10
1.23027e+13	4.35363e+16	9.82692e+09	4.09832e+11	2.85490e+11	9.08536e+08	7.94596e+10	4.22970e+10	6.09520e+05	2.75199e+11	8.26476e+10	1.74608e+10	9.93465e+06	1.93067e+08	4.96230e+09	5.87470e+09	5.29858e+10
1.23027e+13	4.13404e+16	1.00932e+10	4.07001e+11	2.72763e+11	9.40464e+08	7.92045e+10	3.84485e+10	6.84803e+05	2.78126e+11	7.25586e+10	1.47046e+10	1.07518e+07	2.09620e+08	5.33220e+09	6.12719e+09	5.20883e+10
1.23027e+13	3.92569e+16	1.03530e+10	4.03554e+11	2.60160e+11	9.72799e+08	7.88511e+10	3.48938e+10	7.69470e+05	2.80817e+11	6.36178e+10	1.23682e+10	1.16070e+07	2.27064e+08	5.71636e+09	6.37592e+09	5.10770e+10
1.23027e+13	3.72799e+16	1.06056e+10	3.99512e+11	2.47719e+11	1.00553e+09	7.84019e+10	3.16174e+10	8.64664e+05	2.83264e+11	5.57059e+10	1.03902e+10	1.24981e+07	2.45378e+08	6.11360e+09	6.61919e+09	4.99561e+10
1.23027e+13	3.54038e+16	1.08502e+10	3.94899e+11	2.35475e+11	1.03865e+09	7.78594e+10	2.86034e+10	9.71660e+05	2.85460e+11	4.87144e+10	8.71759e+09	1.34222e+07	2.64532e+08	6.52245e+09	6.85524e+09	4.87306e+10
1.23027e+13	3.36233e+16	1.10862e+10	3.89743e+11	2.23463e+11	1.07214e+09	7.72267e+10	2.58363e+10	1.09188e+06	2.87398e+11	4.25447e+10	7.30495e+09	1.43762e+07	2.84484e+08	6.94121e+09	7.08228e+09	4.74067e+10
1.23027e+13	3.19317e+16	1.13132e+10	3.84066e+11	2.11701e+11	1.10602e+09	7.65058e+10	2.32983e+10	1.22700e+06	2.89072e+11	3.71028e+10	6.11236e+09	1.53568e+07	3.05200e+08	7.36808e+09	7.29848e+09	4.59894e+10
1.23027e+13	3.03275e+16	1.15303e+10	3.77918e+11	2.00239e+11	1.14025e+09	7.57024e+10	2.09793e+10	1.37860e+06	2.90477e+11	3.23184e+10	5.10861e+09	1.63586e+07	3.26578e+08	7.80042e+09	7.50185e+09	4.44896e+10
1.23027e+13	2.88047e+16	1.17373e+10	3.71325e+11	1.89090e+11	1.17483e+09	7.48189e+10	1.88623e+10	1.54870e+06	2.91606e+11	2.81135e+10	4.26401e+09	1.73772e+07	3.48558e+08	8.23590e+09	7.69060e+09	4.29141e+10
1.23027e+13	2.73589e+16	1.19337e+10	3.64324e+11	1.78276e+11	1.20977e+09	7.38592e+10	1.69331e+10	1.73948e+06	2.92454e+11	2.44230e+10	3.55422e+09	1.84073e+07	3.71049e+08	8.67172e+09	7.86294e+09	4.12721e+10
1.23027e+13	2.59861e+16	1.21190e+10	3.56953e+11	1.67815e+11	1.24506e+09	7.28270e+10	1.51783e+10	1.95332e+06	2.93015e+11	2.11882e+10	2.95848e+09	1.94434e+07	3.93950e+08	9.10491e+09	8.01712e+09	3.95732e+10
1.23027e+13	2.46825e+16	1.22932e+10	3.49250e+11	1.57722e+11	1.28069e+09	7.17265e+10	1.35851e+10	2.19288e+06	2.93285e+11	1.83566e+10	2.45911e+09	2.04797e+07	4.17150e+08	9.53230e+09	8.15152e+09	3.78278e+10
1.23027e+13	2.34445e+16	1.24561e+10	3.41256e+11	1.48008e+11	1.31669e+09	7.05620e+10	1.21409e+10	2.46108e+06	2.93260e+11	1.58813e+10	2.04108e+09	2.15102e+07	4.40532e+08	9.95062e+09	8.26464e+09	3.60466e+10
1.23027e+13	2.22703e+16	1.26074e+10	3.33021e+11	1.38694e+11	1.35302e+09	6.93399e+10	1.08357e+10	2.76085e+06	2.92939e+11	1.37228e+10	1.69198e+09	2.25282e+07	4.63939e+08	1.03564e+10	8.35531e+09	3.42427e+10
1.23027e+13	2.11538e+16	1.27474e+10	3.24560e+11	1.29763e+11	1.38975e+09	6.80606e+10	9.65539e+09	3.09628e+06	2.92313e+11	1.18388e+10	1.40018e+09	2.35295e+07	4.87298e+08	1.07464e+10	8.42222e+09	3.24230e+10
1.23027e+13	2.00919e+16	1.28761e+10	3.15910e+11	1.21219e+11	1.42689e+09	6.67283e+10	8.58981e+09	3.47142e+06	2.91378e+11	1.01966e+10	1.15665e+09	2.45084e+07	5.10482e+08	1.11174e+10	8.46438e+09	3.05982e+10
1.23027e+13	1.90846e+16	1.29935e+10	3.07134e+11	1.13084e+11	1.46442e+09	6.53519e+10	7.63181e+09	3.88981e+06	2.90139e+11	8.77084e+09	9.54180e+08	2.54576e+07	5.33290e+08	1.14658e+10	8.48158e+09	2.87840e+10
1.23027e+13	1.81292e+16	1.30998e+10	2.98269e+11	1.05356e+11	1.50234e+09	6.39363e+10	6.77199e+09	4.35597e+06	2.88597e+11	7.53455e+09	7.86078e+08	2.63721e+07	5.55590e+08	1.17887e+10	8.47360e+09	2.69909e+10
1.23027e+13	1.72204e+16	1.31953e+10	2.89322e+11	9.80104e+10	1.54075e+09	6.24813e+10	5.99953e+09	4.87596e+06	2.86742e+11	6.46135e+09	6.46372e+08	2.72489e+07	5.77326e+08	1.20834e+10	8.43991e+09	2.52243e+10
1.23027e+13	1.63560e+16	1.32804e+10	2.80324e+11	9.10418e+10	1.57966e+09	6.09912e+10	5.30672e+09	5.45561e+06	2.84572e+11	5.53117e+09	5.30462e+08	2.80839e+07	5.98384e+08	1.23472e+10	8.38069e+09	2.34937e+10
1.23027e+13	1.55374e+16	1.33553e+10	2.71350e+11	8.44726e+10	1.61904e+09	5.94786e+10	4.68896e+09	6.09896e+06	2.82110e+11	4.72941e+09	4.34824e+08	2.88710e+07	6.18550e+08	1.25782e+10	8.29751e+09	2.18147e+10
1.23027e+13	1.47587e+16	1.34204e+10	2.62384e+11	7.82646e+10	1.65899e+09	5.79399e+10	4.13663e+09	6.81462e+06	2.79336e+11	4.03646e+09	3.55712e+08	2.96094e+07	6.37835e+08	1.27744e+10	8.19024e+09	2.01879e+10
1.23027e+13	1.40190e+16	1.34761e+10	2.53467e+11	7.24173e+10	1.69953e+09	5.63820e+10	3.64432e+09	7.60907e+06	2.76262e+11	3.43935e+09	2.90476e+08	3.02955e+07	6.56125e+08	1.29345e+10	8.06034e+09	1.86224e+10
1.23027e+13	1.33164e+16	1.35227e+10	2.44623e+11	6.69197e+10	1.74069e+09	5.48093e+10	3.20623e+09	8.49006e+06	2.72892e+11	2.92565e+09	2.36774e+08	3.09275e+07	6.73353e+08	1.30577e+10	7.90919e+09	1.71238e+10
1.23027e+13	1.26491e+16	1.35607e+10	2.35873e+11	6.17599e+10	1.78251e+09	5.32259e+10	2.81700e+09	9.46590e+06	2.69232e+11	2.48441e+09	1.92645e+08	3.15036e+07	6.89471e+08	1.31435e+10	7.73837e+09	1.56968e+10
1.23027e+13	1.20142e+16	1.35905e+10	2.27222e+11	5.69175e+10	1.82490e+09	5.16329e+10	2.47120e+09	1.05470e+07	2.65278e+11	2.10551e+09	1.56398e+08	3.20236e+07	7.04488e+08	1.31918e+10	7.54908e+09	1.43427e+10
1.23027e+13	1.14122e+16	1.36126e+10	2.18719e+11	5.23955e+10	1.86794e+09	5.00403e+10	2.16546e+09	1.17403e+07	2.61060e+11	1.78169e+09	1.26770e+08	3.24859e+07	7.18313e+08	1.32036e+10	7.34428e+09	1.30680e+10
1.23027e+13	1.08405e+16	1.36272e+10	2.10363e+11	4.81723e+10	1.91172e+09	4.84486e+10	1.89508e+09	1.30574e+07	2.56576e+11	1.50496e+09	1.02557e+08	3.28907e+07	7.30982e+08	1.31794e+10	7.12548e+09	1.18719e+10
1.23027e+13	1.02975e+16	1.36347e+10	2.02168e+11	4.42343e+10	1.95629e+09	4.68613e+10	1.65634e+09	1.45094e+07	2.51838e+11	1.26888e+09	8.28062e+07	3.32383e+07	7.42509e+08	1.31206e+10	6.89473e+09	1.07548e+10
1.23027e+13	9.78180e+15	1.36355e+10	1.94145e+11	4.05678e+10	2.00167e+09	4.52817e+10	1.44586e+09	1.61080e+07	2.46857e+11	1.06784e+09	6.67270e+07	3.35292e+07	7.52925e+08	1.30287e+10	6.65409e+09	9.71605e+09
1.23027e+13	9.29200e+15	1.36300e+10	1.86304e+11	3.71591e+10	2.04792e+09	4.37131e+10	1.26056e+09	1.78657e+07	2.41645e+11	8.96964e+08	5.36628e+07	3.37646e+07	7.62272e+08	1.29055e+10	6.40561e+09	8.75437e+09
1.23027e+13	8.82680e+15	1.36184e+10	1.78653e+11	3.39949e+10	2.09505e+09	4.21581e+10	1.09767e+09	1.97958e+07	2.36218e+11	7.51985e+08	4.30692e+07	3.39454e+07	7.70600e+08	1.27533e+10	6.15129e+09	7.86773e+09
1.23027e+13	8.38498e+15	1.36010e+10	1.71198e+11	3.10618e+10	2.14311e+09	4.06196e+10	9.54688e+08	2.19122e+07	2.30589e+11	6.29213e+08	3.44966e+07	3.40733e+07	7.77974e+08	1.25742e+10	5.89304e+09	7.05352e+09
1.23027e+13	7.96538e+15	1.35783e+10	1.63946e+11	2.83467e+10	2.19212e+09	3.91001e+10	8.29356e+08	2.42298e+07	2.24776e+11	5.25449e+08	2.75737e+07	3.41498e+07	7.84459e+08	1.23706e+10	5.63266e+09	6.30867e+09
1.23027e+13	7.56688e+15	1.35503e+10	1.56899e+11	2.58371e+10	2.24210e+09	3.76019e+10	7.19649e+08	2.67639e+07	2.18795e+11	4.37924e+08	2.19948e+07	3.41768e+07	7.90129e+08	1.21451e+10	5.37185e+09	5.62976e+09
1.23027e+13	7.18843e+15	1.35174e+10	1.50060e+11	2.35205e+10	2.29308e+09	3.61270e+10	6.23751e+08	2.95309e+07	2.12663e+11	3.64242e+08	1.75084e+07	3.41562e+07	7.95060e+08	1.19001e+10	5.11214e+09	5.01310e+09
1.23027e+13	6.82975e+15	1.34799e+10	1.43446e+11	2.13892e+10	2.34504e+09	3.46806e+10	5.40179e+08	3.25432e+07	2.06414e+11	3.02439e+08	1.39137e+07	3.40902e+07	7.99296e+08	1.16388e+10	4.85558e+09	4.45568e+09
1.23027e+13	6.48840e+15	1.34378e+10	1.37029e+11	1.94233e+10	2.39803e+09	3.32579e+10	4.67176e+08	3.58268e+07	2.00037e+11	2.50526e+08	1.10298e+07	3.39806e+07	8.02981e+08	1.13622e+10	4.60211e+09	3.95176e+09
1.23027e+13	6.16354e+15	1.33912e+10	1.30809e+11	1.76126e+10	2.45203e+09	3.18604e+10	4.03499e+08	3.94011e+07	1.93549e+11	2.07020e+08	8.72193e+06	3.38291e+07	8.06189e+08	1.10725e+10	4.35287e+09	3.49761e+09
1.23027e+13	5.85569e+15	1.33405e+10	1.24812e+11	1.59538e+10	2.50700e+09	3.04957e+10	3.48235e+08	4.32748e+07	1.87001e+11	1.70768e+08	6.88538e+06	3.36387e+07	8.08929e+08	1.07735e+10	4.11004e+09	3.09079e+09
1.23027e+13	5.56395e+15	1.32859e+10	1.19036e+11	1.44361e+10	2.56293e+09	2.91647e+10	3.00320e+08	4.74658e+07	1.80412e+11	1.40615e+08	5.42657e+06	3.34117e+07	8.11274e+08	1.04675e+10	3.87438e+09	2.72729e+09
1.23027e+13	5.28629e+15	1.32272e+10	1.13453e+11	1.30436e+10	2.61980e+09	2.78624e+10	2.58668e+08	5.20053e+07	1.73770e+11	1.15499e+08	4.26626e+06	3.31494e+07	8.13350e+08	1.01547e+10	3.64535e+09	2.40223e+09
1.23027e+13	5.02264e+15	1.31647e+10	1.08074e+11	1.17707e+10	2.67756e+09	2.65928e+10	2.22578e+08	5.69071e+07	1.67111e+11	9.46674e+07	3.34725e+06	3.28548e+07	8.15186e+08	9.83797e+09	3.42408e+09	2.11275e+09
1.23027e+13	4.77229e+15	1.30986e+10	1.02896e+11	1.06086e+10	2.73614e+09	2.53564e+10	1.91342e+08	6.21911e+07	1.60452e+11	7.74255e+07	2.62089e+06	3.25297e+07	8.16836e+08	9.51879e+09	3.21099e+09	1.85553e+09
1.23027e+13	4.53453e+15	1.30287e+10	9.79139e+10	9.54909e+09	2.79545e+09	2.41534e+10	1.64336e+08	6.78773e+07	1.53811e+11	6.31857e+07	2.04800e+06	3.21758e+07	8.18351e+08	9.19864e+09	3.00640e+09	1.62742e+09
1.23027e+13	4.30820e+15	1.29550e+10	9.31130e+10	8.58246e+09	2.85538e+09	2.29816e+10	1.40967e+08	7.39947e+07	1.47188e+11	5.14311e+07	1.59636e+06	3.17945e+07	8.19801e+08	8.87801e+09	2.81001e+09	1.42518e+09
1.23027e+13	4.09380e+15	1.28778e+10	8.85130e+10	7.70560e+09	2.91583e+09	2.18467e+10	1.20849e+08	8.05437e+07	1.40635e+11	4.17870e+07	1.24244e+06	3.13896e+07	8.21168e+08	8.55993e+09	2.62294e+09	1.24687e+09
1.23027e+13	3.89019e+15	1.27972e+10	8.40974e+10	6.90952e+09	2.97667e+09	2.07461e+10	1.03509e+08	8.75512e+07	1.34149e+11	3.38758e+07	9.65093e+05	3.09622e+07	8.22511e+08	8.24458e+09	2.44471e+09	1.08961e+09
1.23027e+13	3.69684e+15	1.27130e+10	7.98618e+10	6.18779e+09	3.03773e+09	1.96798e+10	8.85786e+07	9.50345e+07	1.27748e+11	2.74010e+07	7.48210e+05	3.05140e+07	8.23856e+08	7.93288e+09	2.27531e+09	9.51156e+08
1.23027e+13	3.51322e+15	1.26254e+10	7.58016e+10	5.53438e+09	3.09883e+09	1.86477e+10	7.57352e+07	1.03009e+08	1.21444e+11	2.21138e+07	5.78964e+05	3.00471e+07	8.25223e+08	7.62565e+09	2.11465e+09	8.29437e+08
1.23027e+13	3.33928e+15	1.25345e+10	7.19219e+10	4.94491e+09	3.15982e+09	1.76520e+10	6.47184e+07	1.11476e+08	1.15267e+11	1.78137e+07	4.47386e+05	2.95644e+07	8.26599e+08	7.32443e+09	1.96297e+09	7.22772e+08
1.23027e+13	3.17325e+15	1.24396e+10	6.81881e+10	4.41042e+09	3.22033e+09	1.66855e+10	5.52194e+07	1.20486e+08	1.09183e+11	1.43051e+07	3.44728e+05	2.90636e+07	8.28074e+08	7.02724e+09	1.81896e+09	6.28908e+08
1.23027e+13	3.01637e+15	1.23419e+10	6.46343e+10	3.93070e+09	3.28029e+09	1.57572e+10	4.71040e+07	1.29996e+08	1.03264e+11	1.14708e+07	2.65414e+05	2.85519e+07	8.29547e+08	6.73796e+09	1.68389e+09	5.47032e+08
1.23027e+13	2.86700e+15	1.22405e+10	6.12270e+10	3.49786e+09	3.33929e+09	1.48600e+10	4.01323e+07	1.40052e+08	9.74759e+10	9.17291e+06	2.03884e+05	2.80267e+07	8.31094e+08	6.45447e+09	1.55644e+09	4.75285e+08
1.23027e+13	2.72515e+15	1.21356e+10	5.79709e+10	3.10878e+09	3.39708e+09	1.39958e+10	3.41616e+07	1.50646e+08	9.18437e+10	7.31828e+06	1.56347e+05	2.74908e+07	8.32684e+08	6.17792e+09	1.43673e+09	4.12611e+08
1.23027e+13	2.59043e+15	1.20274e+10	5.48612e+10	2.75955e+09	3.45334e+09	1.31643e+10	2.90527e+07	1.61775e+08	8.63761e+10	5.82501e+06	1.19692e+05	2.69459e+07	8.34307e+08	5.90860e+09	1.32446e+09	3.57923e+08
1.23027e+13	2.46249e+15	1.19159e+10	5.18930e+10	2.44652e+09	3.50772e+09	1.23652e+10	2.46848e+07	1.73437e+08	8.10803e+10	4.62551e+06	9.14806e+04	2.63931e+07	8.35951e+08	5.64667e+09	1.21936e+09	3.10248e+08
1.23027e+13	2.34098e+15	1.18009e+10	4.90614e+10	2.16633e+09	3.55987e+09	1.15979e+10	2.09534e+07	1.85622e+08	7.59632e+10	3.66433e+06	6.98068e+04	2.58340e+07	8.37600e+08	5.39224e+09	1.12114e+09	2.68728e+08
1.23027e+13	2.22557e+15	1.16827e+10	4.63617e+10	1.91590e+09	3.60940e+09	1.08622e+10	1.77686e+07	1.98317e+08	7.10305e+10	2.89597e+06	5.31855e+04	2.52697e+07	8.39234e+08	5.14542e+09	1.02948e+09	2.32601e+08
1.23027e+13	2.11597e+15	1.15612e+10	4.37892e+10	1.69238e+09	3.65593e+09	1.01576e+10	1.50526e+07	2.11505e+08	6.62871e+10	2.28326e+06	4.04613e+04	2.47016e+07	8.40830e+08	4.90625e+09	9.44081e+08	2.01193e+08
1.23027e+13	2.01160e+15	1.14361e+10	4.13331e+10	1.49275e+09	3.69895e+09	9.48218e+09	1.27342e+07	2.25181e+08	6.17269e+10	1.79510e+06	3.07214e+04	2.41291e+07	8.42381e+08	4.67411e+09	8.64463e+08	1.73863e+08
1.23027e+13	1.91298e+15	1.13085e+10	3.90075e+10	1.31582e+09	3.73841e+09	8.84002e+09	1.07684e+07	2.39258e+08	5.73827e+10	1.40915e+06	2.33180e+04	2.35581e+07	8.43806e+08	4.45085e+09	7.90881e+08	1.50230e+08
1.23027e+13	1.81907e+15	1.11774e+10	3.67893e+10	1.15821e+09	3.77358e+09	8.22620e+09	9.09287e+06	2.53763e+08	5.32268e+10	1.10305e+06	1.76665e+04	2.29850e+07	8.45126e+08	4.23458e+09	7.22472e+08	1.29693e+08
1.23027e+13	1.72986e+15	1.10433e+10	3.46804e+10	1.01830e+09	3.80417e+09	7.64175e+09	7.66920e+06	2.68637e+08	4.92702e+10	8.61375e+05	0	2.24124e+07	8.46297e+08	4.02582e+09	6.59134e+08	1.11893e+08
1.23027e+13	1.64512e+15	1.09061e+10	3.26764e+10	8.94282e+08	3.82983e+09	7.08618e+09	6.46070e+06	2.83837e+08	4.55129e+10	6.71040e+05	0	2.18411e+07	8.47288e+08	3.82449e+09	6.00580e+08	9.64774e+07
1.23027e+13	1.56462e+15	1.07660e+10	3.07731e+10	7.84487e+08	3.85021e+09	6.55901e+09	5.43590e+06	2.99316e+08	4.19544e+10	5.21516e+05	0	2.12720e+07	8.48066e+08	3.63049e+09	5.46530e+08	8.31352e+07
1.23027e+13	1.48816e+15	1.06231e+10	2.89664e+10	6.87415e+08	3.86500e+09	6.05974e+09	4.56783e+06	3.15024e+08	3.85931e+10	4.04352e+05	0	2.07060e+07	8.48601e+08	3.44371e+09	4.96713e+08	7.15955e+07
1.23027e+13	1.41551e+15	1.04774e+10	2.72525e+10	6.01703e+08	3.87392e+09	5.58784e+09	3.83336e+06	3.30905e+08	3.54268e+10	3.12775e+05	0	2.01439e+07	8.48857e+08	3.26403e+09	4.50868e+08	6.16213e+07
1.23027e+13	1.34650e+15	1.03290e+10	2.56275e+10	5.26118e+08	3.87675e+09	5.14273e+09	3.21266e+06	3.46905e+08	3.24523e+10	2.41380e+05	0	1.95864e+07	8.48801e+08	3.09132e+09	4.08741e+08	5.30057e+07
1.23027e+13	1.28092e+15	1.01781e+10	2.40874e+10	4.59544e+08	3.87329e+09	4.72379e+09	2.68872e+06	3.62963e+08	2.96655e+10	1.85853e+05	0	1.90342e+07	8.48409e+08	2.92543e+09	3.70087e+08	4.55678e+07
1.23027e+13	1.21846e+15	1.00243e+10	2.26249e+10	4.00863e+08	3.86319e+09	4.32954e+09	2.24627e+06	3.79045e+08	2.70565e+10	1.42710e+05	0	1.84864e+07	8.47650e+08	2.76578e+09	3.34591e+08	3.91393e+07
1.23027e+13	1.15927e+15	9.86858e+09	2.12444e+10	3.49426e+08	3.84686e+09	3.96106e+09	1.87460e+06	3.95044e+08	2.46314e+10	1.09394e+05	0	1.79468e+07	8.46480e+08	2.61315e+09	3.02204e+08	3.36084e+07
1.23027e+13	1.10318e+15	9.71119e+09	1.99418e+10	3.04382e+08	3.82432e+09	3.61744e+09	1.56273e+06	4.10902e+08	2.23831e+10	8.37169e+04	0	1.74158e+07	8.44878e+08	2.46734e+09	2.72691e+08	2.88515e+07
1.23027e+13	1.04958e+15	9.55081e+09	1.87031e+10	2.64722e+08	3.79483e+09	3.29565e+09	1.29986e+06	4.26632e+08	2.02908e+10	6.38684e+04	0	1.68893e+07	8.42830e+08	2.32692e+09	2.45636e+08	2.47380e+07
1.23027e+13	9.98950e+14	9.38954e+09	1.75395e+10	2.30160e+08	3.75964e+09	2.99783e+09	1.08045e+06	4.42085e+08	1.83666e+10	4.86781e+04	0	1.63741e+07	8.40294e+08	2.19346e+09	2.21125e+08	2.12129e+07
1.23027e+13	9.50541e+14	9.22552e+09	1.64338e+10	1.99794e+08	3.71774e+09	2.72032e+09	8.96046e+05	4.57304e+08	1.65855e+10	3.69889e+04	0	1.58642e+07	8.37262e+08	2.06511e+09	1.98718e+08	1.81677e+07
1.23027e+13	9.04814e+14	9.06095e+09	1.53964e+10	1.73394e+08	3.67061e+09	2.46483e+09	7.42610e+05	4.72148e+08	1.49564e+10	2.80842e+04	0	1.53665e+07	8.33709e+08	1.94336e+09	1.78478e+08	1.55614e+07
1.23027e+13	8.61217e+14	8.89446e+09	1.44146e+10	1.50299e+08	3.61761e+09	2.22853e+09	6.14303e+05	4.86645e+08	1.34599e+10	2.12734e+04	0	1.48764e+07	8.29622e+08	1.82686e+09	1.60074e+08	1.33170e+07
1.23027e+13	8.19782e+14	8.72673e+09	1.34889e+10	1.30169e+08	3.55939e+09	2.01111e+09	5.07431e+05	5.00732e+08	1.20920e+10	1.60867e+04	0	1.43959e+07	8.24985e+08	1.71583e+09	1.43411e+08	1.13899e+07
1.23027e+13	7.80396e+14	8.55794e+09	1.26165e+10	1.12640e+08	3.49634e+09	1.81157e+09	4.18556e+05	5.14375e+08	1.08448e+10	1.21449e+04	0	1.39252e+07	8.19791e+08	1.61014e+09	1.28344e+08	9.73636e+06
1.23027e+13	7.42959e+14	8.38827e+09	1.17950e+10	9.73932e+07	3.42887e+09	1.62891e+09	3.44766e+05	5.27545e+08	9.71050e+09	9.15502e+03	0	1.34647e+07	8.14031e+08	1.50963e+09	1.14739e+08	8.31831e+06
1.23027e+13	7.07253e+14	8.21731e+09	1.10191e+10	8.41115e+07	3.35706e+09	1.46174e+09	2.83472e+05	5.40243e+08	8.67896e+09	6.88711e+03	0	1.30128e+07	8.07690e+08	1.41380e+09	1.02439e+08	7.10020e+06
1.23027e+13	6.73424e+14	8.04642e+09	1.02918e+10	7.26127e+07	3.28211e+09	1.30989e+09	2.32870e+05	5.52405e+08	7.74763e+09	5.17721e+03	0	1.25730e+07	8.00791e+08	1.32317e+09	9.13962e+07	6.05954e+06
1.23027e+13	6.41264e+14	7.87521e+09	9.60797e+09	6.26396e+07	3.20413e+09	1.17194e+09	1.91057e+05	5.64041e+08	6.90648e+09	0	0	1.21438e+07	7.93327e+08	1.23726e+09	8.14656e+07	5.16870e+06
1.23027e+13	6.10688e+14	7.70386e+09	8.96546e+09	5.39981e+07	3.12359e+09	1.04692e+09	1.56560e+05	5.75141e+08	6.14845e+09	0	0	1.17252e+07	7.85305e+08	1.15589e+09	7.25472e+07	4.40659e+06
1.23027e+13	5.81617e+14	7.53257e+09	8.36211e+09	4.65167e+07	3.04096e+09	9.33868e+08	1.28142e+05	5.85703e+08	5.46669e+09	0	0	1.13174e+07	7.76735e+08	1.07891e+09	6.45477e+07	3.75498e+06
1.23027e+13	5.53976e+14	7.36153e+09	7.79587e+09	4.00458e+07	2.95671e+09	8.31876e+08	1.04765e+05	5.95727e+08	4.85476e+09	0	0	1.09204e+07	7.67631e+08	1.00618e+09	5.73816e+07	3.19819e+06
1.23027e+13	5.27692e+14	7.19092e+09	7.26477e+09	3.44533e+07	2.87127e+09	7.40055e+08	8.55623e+04	6.05216e+08	4.30650e+09	0	0	1.05342e+07	7.58010e+08	9.37521e+08	5.09698e+07	2.72270e+06
1.23027e+13	5.02699e+14	7.02094e+09	6.76692e+09	2.96241e+07	2.78507e+09	6.57561e+08	6.98097e+04	6.14178e+08	3.81617e+09	0	0	1.01589e+07	7.47891e+08	8.72791e+08	4.52394e+07	2.31687e+06
1.23027e+13	4.78931e+14	6.85176e+09	6.30053e+09	2.54573e+07	2.69850e+09	5.83592e+08	5.69042e+04	6.22623e+08	3.37838e+09	0	0	9.79427e+06	7.37297e+08	8.11833e+08	4.01241e+07	1.97070e+06
1.23027e+13	4.56328e+14	6.68358e+09	5.86385e+09	2.18648e+07	2.61194e+09	5.17390e+08	4.63441e+04	6.30562e+08	2.98811e+09	0	0	9.44042e+06	7.26253e+08	7.54494e+08	3.55627e+07	1.67558e+06
1.23027e+13	4.34926e+14	6.51732e+09	5.45700e+09	1.87794e+07	2.52617e+09	4.58421e+08	3.77359e+04	6.37996e+08	2.64175e+09	0	0	9.09874e+06	7.14830e+08	7.00864e+08	3.15134e+07	1.42489e+06
1.23027e+13	4.14386e+14	6.35088e+09	5.07310e+09	1.61052e+07	2.44015e+09	4.05483e+08	3.06671e+04	6.44986e+08	2.33193e+09	0	0	8.76455e+06	7.02925e+08	6.50060e+08	2.78840e+07	1.20999e+06
1.23027e+13	3.94940e+14	6.18670e+09	4.71594e+09	1.38127e+07	2.35552e+09	3.58497e+08	2.49206e+04	6.51505e+08	2.05779e+09	0	0	8.44234e+06	6.90702e+08	6.02666e+08	2.46697e+07	1.02773e+06
1.23027e+13	3.76532e+14	6.02500e+09	4.38390e+09	1.18486e+07	2.27253e+09	3.16851e+08	2.02518e+04	6.57571e+08	1.81550e+09	0	0	8.13197e+06	6.78207e+08	5.58513e+08	2.18254e+07	8.73190e+05
1.23027e+13	3.58935e+14	5.86431e+09	4.07236e+09	1.01542e+07	2.19047e+09	2.79730e+08	1.64381e+04	6.63232e+08	1.60014e+09	0	0	7.83023e+06	6.65364e+08	5.17002e+08	1.92911e+07	7.41281e+05
1.23027e+13	3.42196e+14	5.70559e+09	3.78168e+09	8.69926e+06	2.10999e+09	2.46804e+08	1.33361e+04	6.68493e+08	1.40959e+09	0	0	7.53851e+06	6.52260e+08	4.78224e+08	1.70440e+07	6.29167e+05
1.23027e+13	3.26272e+14	5.54897e+09	3.51059e+09	7.45048e+06	2.03126e+09	2.17632e+08	1.08149e+04	6.73374e+08	1.24116e+09	0	0	7.25663e+06	6.38930e+08	4.42038e+08	1.50532e+07	5.33918e+05
1.23027e+13	3.11122e+14	5.39458e+09	3.25793e+09	6.37927e+06	1.95440e+09	1.91814e+08	8.76716e+03	6.77893e+08	1.09240e+09	0	0	6.98441e+06	6.25411e+08	4.08309e+08	1.32906e+07	4.53030e+05
1.23027e+13	2.96709e+14	5.24255e+09	3.02257e+09	5.46084e+06	1.87952e+09	1.68987e+08	7.10502e+03	6.82070e+08	9.61126e+08	0	0	6.72167e+06	6.11736e+08	3.76909e+08	1.17313e+07	3.84367e+05
1.23027e+13	2.82993e+14	5.09297e+09	2.80340e+09	4.67365e+06	1.80669e+09	1.48820e+08	5.75649e+03	6.85924e+08	8.45358e+08	0	0	6.46816e+06	5.97946e+08	3.47692e+08	1.03524e+07	3.26087e+05
1.23027e+13	2.69944e+14	4.94596e+09	2.59946e+09	3.99934e+06	1.73601e+09	1.31020e+08	4.66307e+03	6.89474e+08	7.43341e+08	0	0	6.22375e+06	5.84070e+08	3.20552e+08	9.13397e+06	2.76649e+05
1.23027e+13	2.57447e+14	4.80066e+09	2.40856e+09	3.41930e+06	1.66702e+09	1.15252e+08	3.77355e+03	6.92744e+08	6.53117e+08	0	0	5.98664e+06	5.70057e+08	2.95192e+08	8.05278e+06	2.34530e+05
1.23027e+13	2.45711e+14	4.66002e+09	2.23341e+09	2.92761e+06	1.60119e+09	1.01479e+08	3.05877e+03	6.95727e+08	5.74404e+08	0	0	5.76126e+06	5.56200e+08	2.72001e+08	7.10792e+06	1.99162e+05
1.23027e+13	2.34388e+14	4.52026e+09	2.06840e+09	2.50257e+06	1.53662e+09	8.92311e+07	2.47487e+03	6.98473e+08	5.04507e+08	0	0	5.54122e+06	5.42177e+08	2.50207e+08	6.26545e+06	1.68873e+05
1.23027e+13	2.23788e+14	4.38566e+09	1.91761e+09	2.14325e+06	1.47536e+09	7.85666e+07	2.00674e+03	7.00963e+08	4.43703e+08	0	0	5.33289e+06	5.28411e+08	2.30380e+08	5.53138e+06	1.43502e+05
1.23027e+13	2.13509e+14	4.25149e+09	1.77500e+09	1.83169e+06	1.41513e+09	6.90601e+07	1.62335e+03	7.03247e+08	3.89574e+08	0	0	5.12869e+06	5.14468e+08	2.11696e+08	4.87500e+06	1.21706e+05
1.23027e+13	2.03821e+14	4.12162e+09	1.64394e+09	1.56725e+06	1.35769e+09	6.07542e+07	1.31499e+03	7.05312e+08	3.42324e+08	0	0	4.93422e+06	5.00750e+08	1.94614e+08	4.30073e+06	1.03371e+05
1.23027e+13	1.94599e+14	3.99478e+09	1.52236e+09	1.34114e+06	1.30240e+09	5.34490e+07	1.06538e+03	7.07180e+08	3.00808e+08	0	0	4.74725e+06	4.87159e+08	1.78844e+08	3.79458e+06	8.78300e+04
1.23027e+13	1.85821e+14	3.87100e+09	1.40961e+09	1.14784e+06	1.24923e+09	4.70254e+07	8.63331e+02	7.08865e+08	2.64339e+08	0	0	4.56756e+06	4.73720e+08	1.64298e+08	3.34854e+06	7.46564e+04
1.23027e+13	1.77464e+14	3.75031e+09	1.30509e+09	9.82585e+05	1.19814e+09	4.13783e+07	6.99779e+02	7.10378e+08	2.32309e+08	0	0	4.39493e+06	4.60453e+08	1.50889e+08	2.95553e+06	6.34882e+04
1.23027e+13	1.69508e+14	3.63271e+09	1.20824e+09	8.41325e+05	1.14907e+09	3.64147e+07	5.67381e+02	7.11729e+08	2.04183e+08	0	0	4.22913e+06	4.47378e+08	1.38539e+08	2.60927e+06	5.40190e+04
1.23027e+13	1.61990e+14	3.51910e+09	1.11919e+09	7.21197e+05	1.10235e+09	3.20735e+07	4.60636e+02	7.12926e+08	1.79603e+08	0	0	4.07116e+06	4.34610e+08	1.27258e+08	2.30580e+06	4.60298e+04
1.23027e+13	1.54776e+14	3.40771e+09	1.03608e+09	6.17900e+05	1.05718e+09	2.82377e+07	3.73765e+02	7.13985e+08	1.57909e+08	0	0	3.91835e+06	4.21973e+08	1.16797e+08	2.03689e+06	3.92127e+04
1.23027e+13	1.47908e+14	3.29943e+09	9.59128e+08	5.29587e+05	1.01388e+09	2.48668e+07	3.03404e+02	7.14910e+08	1.38861e+08	0	0	3.77173e+06	4.09577e+08	1.07180e+08	1.79996e+06	3.34280e+04
1.23027e+13	1.41366e+14	3.19422e+09	8.87907e+08	4.54076e+05	9.72389e+08	2.19043e+07	2.46401e+02	7.15711e+08	1.22137e+08	0	0	3.63106e+06	3.97433e+08	9.83426e+07	1.59119e+06	2.85176e+04
1.23027e+13	1.35137e+14	3.09208e+09	8.22002e+08	3.89502e+05	9.32643e+08	1.93006e+07	2.00207e+02	7.16394e+08	1.07453e+08	0	0	3.49614e+06	3.85552e+08	9.02268e+07	1.40721e+06	2.43476e+04
1.23027e+13	1.29159e+14	2.99222e+09	7.60587e+08	3.33991e+05	8.94294e+08	1.70011e+07	1.62608e+02	7.16967e+08	9.44998e+07	0	0	3.36579e+06	3.73857e+08	8.27196e+07	1.24424e+06	2.07867e+04
1.23027e+13	1.23553e+14	2.89686e+09	7.04636e+08	2.87017e+05	8.58153e+08	1.50002e+07	0	7.17439e+08	8.32373e+07	0	0	3.24274e+06	3.62613e+08	7.59414e+07	1.10210e+06	1.77930e+04
1.23027e+13	1.18169e+14	2.80372e+09	6.52482e+08	2.46581e+05	8.23290e+08	1.32314e+07	0	7.17812e+08	7.32931e+07	0	0	3.12386e+06	3.51569e+08	6.96720e+07	9.76037e+05	1.52315e+04
1.23027e+13	1.12999e+14	2.71274e+09	6.03872e+08	2.11774e+05	7.89656e+08	1.16678e+07	0	7.18092e+08	6.45138e+07	0	0	3.00899e+06	3.40727e+08	6.38746e+07	8.64244e+05	1.30394e+04
1.23027e+13	1.08155e+14	2.62616e+09	5.59673e+08	1.82323e+05	7.58027e+08	1.03077e+07	0	7.18289e+08	5.68840e+07	0	0	2.90078e+06	3.30351e+08	5.86548e+07	7.66749e+05	1.11950e+04
1.23027e+13	1.03499e+14	2.54165e+09	5.18459e+08	1.56930e+05	7.27512e+08	9.10388e+06	0	7.18403e+08	5.01406e+07	0	0	2.79620e+06	3.20184e+08	5.38267e+07	6.80166e+05	9.61269e+03
1.23027e+13	9.90630e+13	2.45991e+09	4.80363e+08	1.35167e+05	6.98331e+08	8.04445e+06	0	7.18440e+08	4.42136e+07	0	0	2.69602e+06	3.10311e+08	4.94034e+07	6.03720e+05	8.26316e+03
1.23027e+13	9.47963e+13	2.38017e+09	4.44837e+08	1.16394e+05	6.70170e+08	7.10639e+06	0	7.18401e+08	3.89737e+07	0	0	2.59919e+06	3.00646e+08	4.53134e+07	5.35796e+05	7.10414e+03
1.23027e+13	9.08058e+13	2.30456e+09	4.12609e+08	1.00501e+05	6.43753e+08	6.29046e+06	0	7.18301e+08	3.44210e+07	0	0	2.50821e+06	2.91449e+08	4.16416e+07	4.76534e+05	6.12709e+03
1.23027e+13	8.69273e+13	2.23009e+09	3.82247e+08	8.66736e+04	6.17999e+08	5.56247e+06	0	7.18127e+08	3.03666e+07	0	0	2.41936e+06	2.82369e+08	3.82093e+07	4.23458e+05	5.28008e+03
1.23027e+13	8.32663e+13	2.15890e+09	3.54463e+08	7.48851e+04	5.93622e+08	4.92521e+06	0	7.17896e+08	2.68225e+07	0	0	2.33513e+06	2.73665e+08	3.50998e+07	3.76837e+05	4.56045e+03
1.23027e+13	7.97762e+13	2.09019e+09	3.28786e+08	6.47557e+04	5.70319e+08	4.36340e+06	0	7.17606e+08	2.37032e+07	0	0	2.25450e+06	2.65246e+08	3.22533e+07	3.35585e+05	3.94397e+03
1.23027e+13	7.64481e+13	2.02389e+09	3.05052e+08	5.60458e+04	5.48041e+08	3.86786e+06	0	7.17260e+08	2.09567e+07	0	0	2.17730e+06	2.57107e+08	2.96467e+07	2.99061e+05	3.41523e+03
1.23027e+13	7.32742e+13	1.95995e+09	2.83115e+08	4.85516e+04	5.26743e+08	3.43059e+06	0	7.16862e+08	1.85376e+07	0	0	2.10340e+06	2.49244e+08	2.72601e+07	2.66707e+05	2.96131e+03
1.23027e+13	7.02472e+13	1.89830e+09	2.62837e+08	4.20991e+04	5.06380e+08	3.04456e+06	0	7.16413e+08	1.64061e+07	0	0	2.03266e+06	2.41651e+08	2.50748e+07	2.38031e+05	2.57118e+03
1.23027e+13	6.73597e+13	1.83887e+09	2.44090e+08	3.65392e+04	4.86910e+08	2.70360e+06	0	7.15917e+08	1.45272e+07	0	0	1.96494e+06	2.34324e+08	2.30735e+07	2.12599e+05	2.23551e+03
1.23027e+13	6.46050e+13	1.78159e+09	2.26756e+08	3.17449e+04	4.68292e+08	2.40231e+06	0	7.15374e+08	1.28703e+07	0	0	1.90013e+06	2.27255e+08	2.12406e+07	1.90032e+05	1.94636e+03
1.23027e+13	6.19891e+13	1.72666e+09	2.10801e+08	2.76203e+04	4.50573e+08	2.13669e+06	0	7.14793e+08	1.14128e+07	0	0	1.83838e+06	2.20472e+08	1.95691e+07	1.70051e+05	1.69772e+03
1.23027e+13	5.94683e+13	1.67323e+09	1.95901e+08	2.40341e+04	4.33460e+08	1.90027e+06	0	7.14162e+08	1.01184e+07	0	0	1.77869e+06	2.13870e+08	1.80234e+07	1.52189e+05	1.48166e+03
1.23027e+13	5.70861e+13	1.62228e+09	1.82252e+08	2.09549e+04	4.17250e+08	1.69232e+06	0	7.13501e+08	8.98263e+06	0	0	1.72212e+06	2.07572e+08	1.66202e+07	1.36406e+05	1.29606e+03
1.23027e+13	5.48005e+13	1.57297e+09	1.69559e+08	1.82813e+04	4.01664e+08	1.50756e+06	0	7.12798e+08	7.97590e+06	0	0	1.66769e+06	2.01474e+08	1.53277e+07	1.22318e+05	1.13486e+03
1.23027e+13	5.26184e+13	1.52548e+09	1.57812e+08	1.59661e+04	3.86750e+08	1.34383e+06	0	7.12058e+08	7.08610e+06	0	0	1.61559e+06	1.95603e+08	1.41427e+07	1.09775e+05	9.95134e+02
1.23027e+13	5.05346e+13	1.47976e+09	1.46938e+08	1.39595e+04	3.72477e+08	1.19868e+06	0	7.11286e+08	6.29926e+06	0	0	1.56571e+06	1.89951e+08	1.30560e+07	9.86005e+04	8.73879e+02
1.23027e+13	4.85446e+13	1.43576e+09	1.36869e+08	1.22186e+04	3.58815e+08	1.06991e+06	0	7.10480e+08	5.60313e+06	0	0	1.51795e+06	1.84511e+08	1.20590e+07	8.86378e+04	7.68513e+02
1.23027e+13	4.66435e+13	1.39339e+09	1.27544e+08	1.07069e+04	3.45734e+08	9.55605e+05	0	7.09644e+08	4.98690e+06	0	0	1.47222e+06	1.79277e+08	1.11441e+07	7.97490e+04	6.76831e+02
1.23027e+13	4.48273e+13	1.35262e+09	1.18904e+08	9.39283e+03	3.33207e+08	8.54079e+05	0	7.08779e+08	4.44114e+06	0	0	1.42843e+06	1.74242e+08	1.03043e+07	7.18125e+04	5.96953e+02
1.23027e+13	4.30918e+13	1.31337e+09	1.10898e+08	8.24952e+03	3.21209e+08	7.63847e+05	0	7.07887e+08	3.95753e+06	0	0	1.38650e+06	1.69398e+08	9.53296e+06	6.47212e+04	5.27264e+02
1.23027e+13	4.14330e+13	1.27560e+09	1.03476e+08	7.25371e+03	3.09713e+08	6.83601e+05	0	7.06968e+08	3.52875e+06	0	0	1.34634e+06	1.64740e+08	8.82426e+06	5.83799e+04	4.66381e+02
1.23027e+13	3.98472e+13	1.23925e+09	9.65937e+07	6.38550e+03	2.98696e+08	6.12192e+05	0	7.06025e+08	3.14837e+06	0	0	1.30787e+06	1.60260e+08	8.17291e+06	5.27052e+04	4.13122e+02
1.23027e+13	3.83311e+13	1.20426e+09	9.02092e+07	5.62777e+03	2.88137e+08	5.48606e+05	0	7.05058e+08	2.81074e+06	0	0	1.27102e+06	1.55953e+08	7.57401e+06	4.76232e+04	3.66468e+02
1.23027e+13	3.68812e+13	1.17058e+09	8.42847e+07	4.96577e+03	2.78012e+08	4.91951e+05	0	7.04069e+08	2.51090e+06	0	0	1.23572e+06	1.51812e+08	7.02309e+06	4.30683e+04	3.25546e+02
1.23027e+13	3.54943e+13	1.13817e+09	7.87850e+07	4.38677e+03	2.68303e+08	4.41438e+05	0	7.03059e+08	2.24445e+06	0	0	1.20189e+06	1.47831e+08	6.51608e+06	3.89827e+04	2.89602e+02
1.23027e+13	3.41675e+13	1.10696e+09	7.36778e+07	3.87984e+03	2.58988e+08	3.96372e+05	0	7.02031e+08	2.00755e+06	0	0	1.16947e+06	1.44003e+08	6.04925e+06	3.53151e+04	2.57988e+02
1.23027e+13	3.28979e+13	1.07693e+09	6.89331e+07	3.43552e+03	2.50050e+08	3.56140e+05	0	7.00984e+08	1.79678e+06	0	0	1.13841e+06	1.40324e+08	5.61923e+06	3.20203e+04	2.30145e+02
1.23027e+13	3.16827e+13	1.04801e+09	6.45235e+07	3.04566e+03	2.41471e+08	3.20198e+05	0	6.99920e+08	1.60916e+06	0	0	1.10862e+06	1.36787e+08	5.22289e+06	2.90577e+04	2.05589e+02
1.23027e+13	3.05194e+13	1.02017e+09	6.04236e+07	2.70320e+03	2.33233e+08	2.88069e+05	0	6.98841e+08	1.44205e+06	0	0	1.08007e+06	1.33387e+08	4.85742e+06	2.63919e+04	1.83903e+02
1.23027e+13	2.94055e+13	9.93357e+08	5.66101e+07	2.40205e+03	2.25322e+08	2.59330e+05	0	6.97747e+08	1.29311e+06	0	0	1.05269e+06	1.30119e+08	4.52025e+06	2.39912e+04	1.64727e+02
1.23027e+13	2.83386e+13	9.67535e+08	5.30615e+07	2.13693e+03	2.17722e+08	2.33605e+05	0	6.96641e+08	1.16028e+06	0	0	1.02644e+06	1.26976e+08	4.20900e+06	2.18274e+04	1.47747e+02
1.23027e+13	2.73167e+13	9.42664e+08	4.97580e+07	1.90329e+03	2.10418e+08	2.10564e+05	0	6.95522e+08	1.04176e+06	0	0	1.00125e+06	1.23955e+08	3.92155e+06	1.98757e+04	1.32692e+02
1.23027e+13	2.63374e+13	9.18703e+08	4.66813e+07	1.69714e+03	2.03396e+08	1.89913e+05	0	6.94392e+08	9.35935e+05	0	0	9.77088e+05	1.21051e+08	3.65592e+06	1.81137e+04	1.19325e+02
1.23027e+13	2.53989e+13	8.95615e+08	4.38144e+07	1.51505e+03	1.96645e+08	1.71392e+05	0	6.93253e+08	8.41387e+05	0	0	9.53903e+05	1.18258e+08	3.41032e+06	1.65217e+04	1.07443e+02
1.23027e+13	2.44993e+13	8.73365e+08	4.11421e+07	1.35404e+03	1.90150e+08	1.54771e+05	0	6.92105e+08	7.56865e+05	0	0	9.31653e+05	1.15572e+08	3.18312e+06	1.50822e+04	9.68658e+01
1.23027e+13	2.36367e+13	8.51918e+08	3.86498e+07	1.21150e+03	1.83901e+08	1.39845e+05	0	6.90949e+08	6.81257e+05	0	0	9.10295e+05	1.12990e+08	2.97281e+06	1.37795e+04	8.74388e+01
1.23027e+13	2.28059e+13	8.31154e+08	3.63154e+07	1.08489e+03	1.77863e+08	1.26402e+05	0	6.89782e+08	6.13427e+05	0	0	8.89704e+05	1.10495e+08	2.77730e+06	1.25972e+04	7.90079e+01
1.23027e+13	2.20157e+13	8.11301e+08	3.41538e+07	9.73112e+02	1.72096e+08	1.14372e+05	0	6.88619e+08	5.52971e+05	0	0	8.70099e+05	1.08116e+08	2.59753e+06	1.15302e+04	7.15088e+01
1.23027e+13	2.12542e+13	7.92068e+08	3.21266e+07	8.73572e+02	1.66519e+08	1.03521e+05	0	6.87447e+08	4.98652e+05	0	0	8.51187e+05	1.05817e+08	2.43016e+06	1.05600e+04	6.47837e+01
1.23027e+13	2.05233e+13	7.73512e+08	3.02326e+07	7.85065e+02	1.61147e+08	9.37516e+04	0	6.86271e+08	4.49943e+05	0	0	8.33019e+05	1.03606e+08	2.27488e+06	9.67913e+03	5.87596e+01
1.23027e+13	1.98217e+13	7.55606e+08	2.84620e+07	7.06281e+02	1.55969e+08	8.49510e+04	0	6.85092e+08	4.06238e+05	0	0	8.15563e+05	1.01478e+08	2.13074e+06	8.87876e+03	5.33569e+01
1.23027e+13	1.91480e+13	7.38322e+08	2.68063e+07	6.36079e+02	1.50979e+08	7.70183e+04	0	6.83913e+08	3.66998e+05	0	0	7.98787e+05	9.94301e+07	1.99685e+06	8.15096e+03	4.85058e+01
1.23027e+13	1.85009e+13	7.21632e+08	2.52570e+07	5.73451e+02	1.46166e+08	6.98630e+04	0	6.82731e+08	3.31745e+05	0	0	7.82661e+05	9.74588e+07	1.87241e+06	7.48859e+03	4.41445e+01
1.23027e+13	1.78766e+13	7.05444e+08	2.38010e+07	5.17398e+02	1.41506e+08	6.33908e+04	0	6.81545e+08	2.99983e+05	0	0	7.67090e+05	9.55530e+07	1.75624e+06	6.88410e+03	4.02111e+01
1.23027e+13	1.72819e+13	6.89941e+08	2.24485e+07	4.67523e+02	1.37046e+08	5.75737e+04	0	6.80370e+08	2.71550e+05	0	0	7.52246e+05	9.37340e+07	1.64900e+06	6.33537e+03	3.66820e+01
1.23027e+13	1.67053e+13	6.74827e+08	2.11708e+07	4.22680e+02	1.32707e+08	5.22928e+04	0	6.79186e+08	2.45838e+05	0	0	7.37843e+05	9.19670e+07	1.54836e+06	5.83276e+03	3.34847e+01
1.23027e+13	1.61558e+13	6.60345e+08	1.99828e+07	3.82693e+02	1.28552e+08	4.75407e+04	0	6.78015e+08	2.22793e+05	0	0	7.24107e+05	9.02800e+07	1.45533e+06	5.37575e+03	3.06093e+01
1.23027e+13	1.56250e+13	6.46278e+08	1.88639e+07	3.46744e+02	1.24523e+08	4.32313e+04	0	6.76842e+08	2.01974e+05	0	0	7.10830e+05	8.86476e+07	1.36826e+06	4.95732e+03	2.80037e+01
1.23027e+13	1.51144e+13	6.32671e+08	1.78141e+07	3.14472e+02	1.20631e+08	3.93308e+04	0	6.75672e+08	1.83203e+05	0	0	6.98050e+05	8.70749e+07	1.28705e+06	4.57473e+03	2.56452e+01
1.23027e+13	1.46232e+13	6.19505e+08	1.68285e+07	2.85472e+02	1.16872e+08	3.57985e+04	0	6.74508e+08	1.66269e+05	0	0	6.85748e+05	8.55593e+07	1.21125e+06	4.22465e+03	2.35082e+01
1.23027e+13	1.41505e+13	6.06761e+08	1.59029e+07	2.59384e+02	1.13238e+08	3.25978e+04	0	6.73348e+08	1.50982e+05	0	0	6.73901e+05	8.40986e+07	1.14047e+06	3.90407e+03	2.15698e+01
1.23027e+13	1.36955e+13	5.94421e+08	1.50332e+07	2.35895e+02	1.09726e+08	2.96962e+04	0	6.72195e+08	1.37175e+05	0	0	6.62492e+05	8.26905e+07	1.07434e+06	3.61029e+03	1.98097e+01
1.23027e+13	1.32575e+13	5.82469e+08	1.42157e+07	2.14723e+02	1.06331e+08	2.70642e+04	0	6.71047e+08	1.24697e+05	0	0	6.51500e+05	8.13329e+07	1.01250e+06	3.34087e+03	1.82098e+01
1.23027e+13	1.28356e+13	5.70888e+08	1.34468e+07	1.95622e+02	1.03047e+08	2.46756e+04	0	6.69907e+08	1.13413e+05	0	0	6.40910e+05	8.00237e+07	9.54664e+05	3.09361e+03	1.67541e+01
1.23027e+13	1.24292e+13	5.59663e+08	1.27235e+07	1.78372e+02	9.98706e+07	2.25068e+04	0	6.68774e+08	1.03204e+05	0	0	6.30703e+05	7.87609e+07	9.00526e+05	2.86652e+03	1.54283e+01
1.23027e+13	1.20377e+13	5.48779e+08	1.20426e+07	1.62781e+02	9.67976e+07	2.05366e+04	0	6.67649e+08	9.39625e+04	0	0	6.20864e+05	7.75428e+07	8.49829e+05	2.65782e+03	1.42197e+01
1.23027e+13	1.16604e+13	5.38220e+08	1.14014e+07	1.48674e+02	9.38236e+07	1.87460e+04	0	6.66533e+08	8.55913e+04	0	0	6.11378e+05	7.63674e+07	8.02316e+05	2.46587e+03	1.31167e+01
1.23027e+13	1.12967e+13	5.27975e+08	1.07974e+07	1.35899e+02	9.09450e+07	1.71177e+04	0	6.65425e+08	7.80046e+04	0	0	6.02229e+05	7.52330e+07	7.57768e+05	2.28920e+03	1.21092e+01
1.23027e+13	1.09460e+13	5.18030e+08	1.02281e+07	1.24319e+02	8.81583e+07	1.56364e+04	0	6.64326e+08	7.11253e+04	0	0	5.93404e+05	7.41380e+07	7.15974e+05	2.12649e+03	1.11881e+01
1.23027e+13	1.06078e+13	5.08372e+08	9.69128e+06	1.13814e+02	8.54599e+07	1.42883e+04	0	6.63238e+08	6.48839e+04	0	0	5.84889e+05	7.30809e+07	6.76745e+05	1.97654e+03	1.03452e+01
1.23027e+13	1.02816e+13	4.98990e+08	9.18496e+06	1.04275e+02	8.28466e+07	1.30607e+04	0	6.62160e+08	5.92183e+04	0	0	5.76672e+05	7.20601e+07	6.39902e+05	1.83824e+03	0
1.23027e+13	9.96687e+12	4.89872e+08	8.70720e+06	9.56067e+01	8.03154e+07	1.19425e+04	0	6.61092e+08	5.40728e+04	0	0	5.68742e+05	7.10742e+07	6.05285e+05	1.71062e+03	0
1.23027e+13	9.66325e+12	4.81011e+08	8.25631e+06	8.77227e+01	7.78643e+07	1.09238e+04	0	6.60035e+08	4.93975e+04	0	0	5.61088e+05	7.01222e+07	5.72781e+05	1.59277e+03	0
1.23027e+13	9.36872e+12	4.72350e+08	7.82872e+06	8.05311e+01	7.54778e+07	9.99251e+03	0	6.58984e+08	4.51378e+04	0	0	5.53660e+05	6.91978e+07	5.41984e+05	1.48369e+03	0
1.23027e+13	9.08570e+12	4.63962e+08	7.42642e+06	7.39927e+01	7.31752e+07	9.14529e+03	0	6.57949e+08	4.12719e+04	0	0	5.46520e+05	6.83087e+07	5.13165e+05	1.38301e+03	0
1.23027e+13	8.81238e+12	4.55797e+08	7.04620e+06	0	7.09433e+07	8.37225e+03	0	6.56926e+08	3.77536e+04	0	0	5.39623e+05	6.74492e+07	4.86025e+05	1.28985e+03	0
1.23027e+13	8.54838e+12	4.47847e+08	6.68672e+06	0	6.87797e+07	7.66663e+03	0	6.55914e+08	3.45501e+04	0	0	5.32958e+05	6.66184e+07	4.60451e+05	1.20361e+03	0
1.23027e+13	8.29426e+12	4.40132e+08	6.34779e+06	0	6.66887e+07	7.02341e+03	0	6.54918e+08	3.16370e+04	0	0	5.26541e+05	6.58180e+07	4.36416e+05	1.12381e+03	0
1.23027e+13	8.04775e+12	4.32584e+08	6.02606e+06	0	6.46542e+07	6.43474e+03	0	6.53930e+08	2.89768e+04	0	0	5.20313e+05	6.50409e+07	4.13668e+05	1.04975e+03	0
1.23027e+13	7.80949e+12	4.25225e+08	5.72157e+06	0	6.26812e+07	5.89681e+03	0	6.52955e+08	2.65511e+04	0	0	5.14292e+05	6.42892e+07	3.92201e+05	9.81051e+02	0
1.23027e+13	7.57915e+12	4.18049e+08	5.43330e+06	0	6.07675e+07	5.40508e+03	0	6.51992e+08	2.43383e+04	0	0	5.08470e+05	6.35619e+07	3.71930e+05	9.17302e+02	0
1.23027e+13	7.35643e+12	4.11046e+08	5.16029e+06	0	5.89111e+07	4.95544e+03	0	6.51043e+08	2.23187e+04	0	0	5.02838e+05	6.28581e+07	3.52779e+05	8.58108e+02	0
1.23027e+13	7.14105e+12	4.04213e+08	4.90169e+06	0	5.71102e+07	4.54416e+03	0	6.50105e+08	2.04748e+04	0	0	4.97391e+05	6.21770e+07	3.34681e+05	8.03115e+02	0
1.23027e+13	6.93267e+12	3.97540e+08	4.65659e+06	0	5.53625e+07	4.16780e+03	0	6.49180e+08	1.87903e+04	0	0	4.92119e+05	6.15175e+07	3.17561e+05	7.51991e+02	0
1.23027e+13	6.73106e+12	3.91021e+08	4.42428e+06	0	5.36666e+07	3.82333e+03	0	6.48268e+08	1.72508e+04	0	0	4.87017e+05	6.08790e+07	3.01364e+05	7.04441e+02	0
1.23027e+13	6.53596e+12	3.84651e+08	4.20401e+06	0	5.20208e+07	3.50794e+03	0	6.47369e+08	1.58433e+04	0	0	4.82078e+05	6.02606e+07	2.86034e+05	6.60191e+02	0
1.23027e+13	6.34710e+12	3.78424e+08	3.99509e+06	0	5.04231e+07	3.21907e+03	0	6.46483e+08	1.45559e+04	0	0	4.77296e+05	5.96616e+07	2.71510e+05	6.18990e+02	0
1.23027e+13	6.16426e+12	3.72335e+08	3.79689e+06	0	4.88722e+07	2.95444e+03	0	6.45610e+08	1.33778e+04	0	0	4.72665e+05	5.90812e+07	2.57747e+05	5.80609e+02	0
1.23027e+13	5.98726e+12	3.66378e+08	3.60884e+06	0	4.73675e+07	2.71204e+03	0	6.44749e+08	1.22993e+04	0	0	4.68181e+05	5.85190e+07	2.44733e+05	5.44834e+02	0
1.23027e+13	5.81585e+12	3.60550e+08	3.43038e+06	0	4.59061e+07	2.48980e+03	0	6.43902e+08	1.13119e+04	0	0	4.63837e+05	5.79742e+07	2.32364e+05	5.11478e+02	0
1.23027e+13	5.64975e+12	3.54843e+08	3.26091e+06	0	4.44865e+07	2.28600e+03	0	6.43068e+08	1.04071e+04	0	0	4.59627e+05	5.74460e+07	2.20624e+05	4.80354e+02	0
1.23027e+13	5.48876e+12	3.49252e+08	3.09996e+06	0	4.31071e+07	2.09903e+03	0	6.42246e+08	9.57773e+03	0	0	4.55546e+05	5.69336e+07	2.09461e+05	4.51300e+02	0
1.23027e+13	5.33230e+12	3.43757e+08	2.94673e+06	0	4.17643e+07	1.92733e+03	0	6.41435e+08	8.81631e+03	0	0	4.51579e+05	5.64352e+07	1.98841e+05	4.24145e+02	0
1.23027e+13	5.18158e+12	3.38407e+08	2.80188e+06	0	4.04664e+07	1.77022e+03	0	6.40642e+08	8.11993e+03	0	0	4.47756e+05	5.59550e+07	1.88798e+05	3.98818e+02	0
1.23027e+13	5.03503e+12	3.33146e+08	2.66393e+06	0	3.92023e+07	1.62582e+03	0	6.39858e+08	7.48007e+03	0	0	4.44038e+05	5.54876e+07	1.79223e+05	3.75123e+02	0
1.23027e+13	4.89286e+12	3.27984e+08	2.53279e+06	0	3.79735e+07	1.49325e+03	0	6.39088e+08	6.89265e+03	0	0	4.40430e+05	5.50339e+07	1.70110e+05	3.52963e+02	0
1.23027e+13	4.75501e+12	3.22921e+08	2.40815e+06	0	3.67794e+07	1.37152e+03	0	6.38329e+08	6.35332e+03	0	0	4.36932e+05	5.45936e+07	1.61436e+05	3.32231e+02	0
1.23027e+13	4.62127e+12	3.17952e+08	2.28967e+06	0	3.56185e+07	1.25972e+03	0	6.37584e+08	5.85793e+03	0	0	4.33537e+05	5.41663e+07	1.53173e+05	3.12826e+02	0
1.23027e+13	4.49151e+12	3.13075e+08	2.17701e+06	0	3.44899e+07	1.15702e+03	0	6.36851e+08	5.40273e+03	0	0	4.30242e+05	5.37513e+07	1.45300e+05	2.94655e+02	0
1.23027e+13	4.36557e+12	3.08285e+08	2.06987e+06	0	3.33923e+07	1.06266e+03	0	6.36130e+08	4.98432e+03	0	0	4.27044e+05	5.33483e+07	1.37792e+05	2.77633e+02	0
1.23027e+13	4.24332e+12	3.03580e+08	1.96797e+06	0	3.23246e+07	9.75937e+02	0	6.35422e+08	4.59961e+03	0	0	4.23939e+05	5.29568e+07	1.30628e+05	2.61680e+02	0
1.23027e+13	4.12462e+12	2.98956e+08	1.87105e+06	0	3.12858e+07	8.96218e+02	0	6.34725e+08	4.24576e+03	0	0	4.20923e+05	5.25764e+07	1.23789e+05	2.46724e+02	0
1.23027e+13	4.00934e+12	2.94412e+08	1.77884e+06	0	3.02747e+07	8.22921e+02	0	6.34040e+08	3.92020e+03	0	0	4.17994e+05	5.22067e+07	1.17254e+05	2.32696e+02	0
1.23027e+13	3.89735e+12	2.89945e+08	1.69111e+06	0	2.92904e+07	7.55515e+02	0	6.33367e+08	3.62056e+03	0	0	4.15147e+05	5.18472e+07	1.11006e+05	2.19535e+02	0
1.23027e+13	3.78853e+12	2.85551e+08	1.60763e+06	0	2.83317e+07	6.93513e+02	0	6.32705e+08	3.34471e+03	0	0	4.12381e+05	5.14977e+07	1.05028e+05	2.07181e+02	0
1.23027e+13	3.68251e+12	2.81219e+08	1.52805e+06	0	2.73958e+07	6.36412e+02	0	6.32054e+08	3.09042e+03	0	0	4.09685e+05	5.11568e+07	9.92937e+04	1.95575e+02	0
1.23027e+13	3.57969e+12	2.76967e+08	1.45246e+06	0	2.64853e+07	5.83922e+02	0	6.31415e+08	2.85643e+03	0	0	4.07070e+05	5.08259e+07	9.38087e+04	1.84679e+02	0
1.23027e+13	3.47969e+12	2.72782e+08	1.38051e+06	0	2.55973e+07	5.35605e+02	0	6.30787e+08	2.64083e+03	0	0	4.04527e+05	5.05039e+07	8.85474e+04	1.74442e+02	0
1.23027e+13	3.38239e+12	2.68663e+08	1.31203e+06	0	2.47307e+07	4.91119e+02	0	6.30170e+08	2.44210e+03	0	0	4.02052e+05	5.01902e+07	8.34956e+04	1.64818e+02	0
1.23027e+13	3.28751e+12	2.64598e+08	1.24676e+06	0	2.38830e+07	4.50116e+02	0	6.29563e+08	2.25874e+03	0	0	3.99637e+05	4.98840e+07	7.86331e+04	1.55766e+02	0
1.23027e+13	3.19533e+12	2.60604e+08	1.18472e+06	0	2.30561e+07	4.12381e+02	0	6.28967e+08	2.08979e+03	0	0	3.97290e+05	4.95862e+07	7.39640e+04	1.47256e+02	0
1.23027e+13	3.10552e+12	2.56669e+08	1.12566e+06	0	2.22471e+07	3.77608e+02	0	6.28381e+08	1.93395e+03	0	0	3.95004e+05	4.92957e+07	6.94658e+04	1.39249e+02	0
1.23027e+13	3.01834e+12	2.52809e+08	1.06959e+06	0	2.14572e+07	3.45603e+02	0	6.27807e+08	1.79041e+03	0	0	3.92784e+05	4.90134e+07	6.51374e+04	1.31719e+02	0
1.23027e+13	2.93294e+12	2.48988e+08	1.01605e+06	0	2.06799e+07	3.16027e+02	0	6.27242e+08	1.65769e+03	0	0	3.90609e+05	4.87365e+07	6.09398e+04	1.24625e+02	0
1.23027e+13	2.84928e+12	2.45207e+08	9.64953e+05	0	1.99141e+07	2.88689e+02	0	6.26682e+08	1.53498e+03	0	0	3.88477e+05	4.84646e+07	5.68639e+04	1.17939e+02	0
1.23027e+13	2.76782e+12	2.41494e+08	9.16432e+05	0	1.91618e+07	2.63473e+02	0	6.26134e+08	1.42188e+03	0	0	3.86401e+05	4.81995e+07	5.29122e+04	1.11647e+02	0
1.23027e+13	2.68815e+12	2.37833e+08	8.70243e+05	0	1.84196e+07	2.40169e+02	0	6.25595e+08	1.31744e+03	0	0	3.84369e+05	4.79398e+07	4.90673e+04	1.05719e+02	0
1.23027e+13	2.61008e+12	2.34223e+08	8.26269e+05	0	1.76841e+07	2.18593e+02	0	6.25063e+08	1.22098e+03	0	0	3.82378e+05	4.76847e+07	4.53063e+04	1.00133e+02	0
1.23027e+13	2.53331e+12	2.30661e+08	7.84384e+05	0	1.69497e+07	1.98543e+02	0	6.24537e+08	1.13188e+03	0	0	3.80419e+05	4.74331e+07	4.15881e+04	9.48696e+01	0
1.23027e+13	2.45785e+12	2.27158e+08	7.44581e+05	0	1.62136e+07	1.79889e+02	0	6.24020e+08	1.04968e+03	0	0	3.78493e+05	4.71850e+07	3.78988e+04	8.99119e+01	0
1.23027e+13	2.38270e+12	2.23675e+08	7.06510e+05	0	1.54653e+07	1.62417e+02	0	6.23504e+08	9.73539e+02	0	0	3.76573e+05	4.69368e+07	3.41992e+04	8.52343e+01	0
1.23027e+13	2.30806e+12	2.20249e+08	6.70341e+05	0	1.46992e+07	1.46010e+02	0	6.22992e+08	9.03314e+02	0	0	3.74666e+05	4.66890e+07	3.04612e+04	8.08299e+01	0
1.23027e+13	2.23272e+12	2.16861e+08	6.35877e+05	0	1.38929e+07	1.30373e+02	0	6.22479e+08	8.38482e+02	0	0	3.72738e+05	4.64369e+07	2.65813e+04	7.66832e+01	0
1.23027e+13	1.58800e+12	2.01198e+08	4.81933e+05	0	3.73385e+06	3.18091e+01	0	6.20337e+08	7.57492e+02	0	0	3.56173e+05	4.37529e+07	7.98143e+01	7.33454e+01	0
1.23027e+13	1.52515e+12	1.96971e+08	4.53068e+05	0	3.42116e+06	2.79106e+01	0	6.19937e+08	6.98247e+02	0	0	3.54566e+05	4.35010e+07	6.54881e+01	6.95763e+01	0
1.23027e+13	1.46779e+12	1.92911e+08	4.26842e+05	0	3.16065e+06	2.46923e+01	0	6.19553e+08	6.43924e+02	0	0	3.53098e+05	4.32705e+07	5.67395e+01	6.60171e+01	0
1.23027e+13	1.41424e+12	1.88954e+08	4.02598e+05	0	2.93514e+06	2.19603e+01	0	6.19180e+08	5.93892e+02	0	0	3.51726e+05	4.30543e+07	5.07854e+01	6.26506e+01	0
1.23027e+13	1.36403e+12	1.85100e+08	3.80130e+05	0	2.73619e+06	1.96087e+01	0	6.18821e+08	5.47891e+02	0	0	3.50438e+05	4.28502e+07	4.63990e+01	5.94681e+01	0
1.23027e+13	1.31644e+12	1.81316e+08	3.59135e+05	0	2.55783e+06	1.75610e+01	0	6.18474e+08	5.05470e+02	0	0	3.49216e+05	4.26551e+07	4.29583e+01	5.64558e+01	0
1.23027e+13	1.27128e+12	1.77607e+08	3.39503e+05	0	2.39662e+06	1.57669e+01	0	6.18138e+08	4.66385e+02	0	0	3.48055e+05	4.24683e+07	4.01268e+01	5.36049e+01	0
1.23027e+13	1.22800e+12	1.73940e+08	3.20999e+05	0	2.24939e+06	1.41833e+01	0	6.17811e+08	4.30243e+02	0	0	3.46942e+05	4.22873e+07	3.77044e+01	5.09030e+01	0
1.23027e+13	1.18644e+12	1.70311e+08	3.03536e+05	0	2.11419e+06	1.27800e+01	0	6.17492e+08	3.96823e+02	0	0	3.45872e+05	4.21113e+07	3.55706e+01	4.83416e+01	0
1.23027e+13	1.14672e+12	1.66741e+08	2.87118e+05	0	1.98986e+06	1.15345e+01	0	6.17183e+08	3.66005e+02	0	0	3.44847e+05	4.19411e+07	3.36514e+01	4.59152e+01	0
1.23027e+13	1.10875e+12	1.63233e+08	2.71668e+05	0	1.87509e+06	1.04255e+01	0	6.16885e+08	3.37595e+02	0	0	3.43867e+05	4.17766e+07	3.18983e+01	4.36162e+01	0
1.23027e+13	1.07205e+12	1.59749e+08	2.57005e+05	0	1.76831e+06	9.43314e+00	0	6.16593e+08	3.11284e+02	0	0	3.42919e+05	4.16150e+07	3.02746e+01	4.14345e+01	0
1.23027e+13	1.03683e+12	1.56318e+08	2.43178e+05	0	1.66915e+06	8.54556e+00	0	6.16311e+08	2.87012e+02	0	0	3.42008e+05	4.14577e+07	2.87605e+01	3.93660e+01	0
1.23027e+13	1.00293e+12	1.52930e+08	2.30101e+05	0	1.57670e+06	7.74950e+00	0	6.16037e+08	2.64595e+02	0	0	3.41130e+05	4.13039e+07	2.73400e+01	3.74038e+01	0
1.23027e+13	9.70347e+11	1.49593e+08	2.17752e+05	0	1.49047e+06	7.03487e+00	0	6.15771e+08	2.43912e+02	0	0	3.40284e+05	4.11539e+07	2.60025e+01	3.55428e+01	0
