      1.00000   6.1548485e-06
      2.00000   6.2973081e-06
      3.00000   6.3950561e-06
      4.00000   6.4887986e-06
      5.00000   6.5634376e-06
      6.00000   6.6101570e-06
      7.00000   6.6171715e-06
      8.00000   6.5839199e-06
      9.00000   6.5323288e-06
      10.0000   6.5000140e-06
      11.0000   6.5157687e-06
      12.0000   6.5780714e-06
      13.0000   6.6592220e-06
      14.0000   6.7383971e-06
      15.0000   6.8175354e-06
      16.0000   6.9106400e-06
      17.0000   7.0413157e-06
      18.0000   7.2354314e-06
      19.0000   7.5040925e-06
      20.0000   7.8339890e-06
      21.0000   8.1954240e-06
      22.0000   8.5617012e-06
      23.0000   8.9109417e-06
      24.0000   9.2296768e-06
      25.0000   9.5164323e-06
      26.0000   9.7655366e-06
      27.0000   9.9628196e-06
      28.0000   1.0100458e-05
      29.0000   1.0183451e-05
      30.0000   1.0214820e-05
      31.0000   1.0182070e-05
      32.0000   1.0088393e-05
      33.0000   9.9724002e-06
      34.0000   9.8737937e-06
      35.0000   9.8197879e-06
      36.0000   9.8362161e-06
      37.0000   9.9331382e-06
      38.0000   1.0096452e-05
      39.0000   1.0311202e-05
      40.0000   1.0580832e-05
      41.0000   1.0919554e-05
      42.0000   1.1341543e-05
      43.0000   1.1854382e-05
      44.0000   1.2439245e-05
      45.0000   1.3046164e-05
      46.0000   1.3616084e-05
      47.0000   1.4106802e-05
      48.0000   1.4522665e-05
      49.0000   1.4902121e-05
      50.0000   1.5261554e-05
      51.0000   1.5587493e-05
      52.0000   1.5852042e-05
      53.0000   1.6031139e-05
      54.0000   1.6129794e-05
      55.0000   1.6176680e-05
      56.0000   1.6213198e-05
      57.0000   1.6288528e-05
      58.0000   1.6458658e-05
      59.0000   1.6767059e-05
      60.0000   1.7212104e-05
      61.0000   1.7741982e-05
      62.0000   1.8276598e-05
      63.0000   1.8753151e-05
      64.0000   1.9190662e-05
      65.0000   1.9690484e-05
      66.0000   2.0354568e-05
      67.0000   2.1220645e-05
      68.0000   2.2249435e-05
      69.0000   2.3366725e-05
      70.0000   2.4486622e-05
      71.0000   2.5514781e-05
      72.0000   2.6394180e-05
      73.0000   2.7100221e-05
      74.0000   2.7620024e-05
      75.0000   2.7982731e-05
      76.0000   2.8275910e-05
      77.0000   2.8593946e-05
      78.0000   2.8954386e-05
      79.0000   2.9285402e-05
      80.0000   2.9521432e-05
      81.0000   2.9667321e-05
      82.0000   2.9807979e-05
      83.0000   3.0108042e-05
      84.0000   3.0725878e-05
      85.0000   3.1712854e-05
      86.0000   3.3026099e-05
      87.0000   3.4615652e-05
      88.0000   3.6431196e-05
      89.0000   3.8361053e-05
      90.0000   4.0315397e-05
      91.0000   4.2356343e-05
      92.0000   4.4661861e-05
      93.0000   4.7354850e-05
      94.0000   5.0442897e-05
      95.0000   5.3915897e-05
      96.0000   5.7779063e-05
      97.0000   6.2008010e-05
      98.0000   6.6576235e-05
      99.0000   7.1534530e-05
      100.000   7.6907905e-05
      101.000   8.2574275e-05
      102.000   8.8364410e-05
      103.000   9.4310846e-05
      104.000   0.00010064408
      105.000   0.00010754253
      106.000   0.00011512426
      107.000   0.00012352018
      108.000   0.00013282817
      109.000   0.00014319841
      110.000   0.00015508363
      111.000   0.00016918589
      112.000   0.00018593635
      113.000   0.00020513439
      114.000   0.00022624376
      115.000   0.00024926092
      116.000   0.00027517325
      117.000   0.00030511749
      118.000   0.00033931382
      119.000   0.00037690200
      120.000   0.00041645294
      121.000   0.00045669207
      122.000   0.00049604708
      123.000   0.00053233461
      124.000   0.00056422444
      125.000   0.00059234747
      126.000   0.00061893795
      127.000   0.00064594095
      128.000   0.00067415513
      129.000   0.00070575613
      130.000   0.00074591086
      131.000   0.00080074806
      132.000   0.00087424176
      133.000   0.00096881826
      134.000    0.0010879547
      135.000    0.0012336253
      136.000    0.0014023377
      137.000    0.0015882124
      138.000    0.0017919837
      139.000    0.0020241835
      140.000    0.0022902719
      141.000    0.0025722410
      142.000    0.0028346416
      143.000    0.0030611635
      144.000    0.0032789493
      145.000    0.0035328055
      146.000    0.0038408551
      147.000    0.0042128433
      148.000    0.0047177109
      149.000    0.0054728156
      150.000    0.0065440950
      151.000    0.0079273544
      152.000    0.0096946778
      153.000     0.012170879
      154.000     0.015993973
      155.000     0.021990854
      156.000     0.030925374
      157.000     0.043268882
      158.000     0.058972817
      159.000     0.076642260
      160.000     0.092182487
      161.000     0.099561431
      162.000     0.095256351
      163.000     0.081596829
      164.000     0.064335428
      165.000     0.048208557
      166.000     0.035216797
      167.000     0.025464917
      168.000     0.018459527
      169.000     0.013633002
      170.000     0.010405215
      171.000    0.0082388269
      172.000    0.0067313886
      173.000    0.0056389975
      174.000    0.0048395162
      175.000    0.0042799464
      176.000    0.0039164131
      177.000    0.0036754513
      178.000    0.0034626089
      179.000    0.0032096282
      180.000    0.0029111526
      181.000    0.0025992347
      182.000    0.0022947993
      183.000    0.0020031810
      184.000    0.0017364365
      185.000    0.0015112404
      186.000    0.0013309319
      187.000    0.0011856901
      188.000    0.0010651631
      189.000   0.00096388068
      190.000   0.00087816420
      191.000   0.00080257520
      192.000   0.00072982750
      193.000   0.00065410143
      194.000   0.00057554187
      195.000   0.00050019211
      196.000   0.00043477485
      197.000   0.00038182471
      198.000   0.00033967529
      199.000   0.00030591848
      200.000   0.00027903257
      201.000   0.00025721863
      202.000   0.00023790657
      203.000   0.00021903690
      204.000   0.00019976933
      205.000   0.00018009996
      206.000   0.00016074291
      207.000   0.00014300818
      208.000   0.00012824322
      209.000   0.00011700267
      210.000   0.00010892311
      211.000   0.00010320646
      212.000   9.8930417e-05
      213.000   9.5379386e-05
      214.000   9.2193477e-05
      215.000   8.9219313e-05
      216.000   8.6303626e-05
      217.000   8.3251427e-05
      218.000   7.9974983e-05
      219.000   7.6464268e-05
      220.000   7.2716204e-05
      221.000   6.8802976e-05
      222.000   6.4884960e-05
      223.000   6.1153238e-05
      224.000   5.7762216e-05
      225.000   5.4782231e-05
      226.000   5.2141575e-05
      227.000   4.9563248e-05
      228.000   4.6782916e-05
      229.000   4.3828692e-05
      230.000   4.0948747e-05
      231.000   3.8369864e-05
      232.000   3.6202779e-05
      233.000   3.4456731e-05
      234.000   3.3076234e-05
      235.000   3.2007876e-05
      236.000   3.1176187e-05
      237.000   3.0446623e-05
      238.000   2.9710845e-05
      239.000   2.8978591e-05
      240.000   2.8344670e-05
      241.000   2.7878741e-05
      242.000   2.7569526e-05
      243.000   2.7366006e-05
      244.000   2.7223356e-05
      245.000   2.7087075e-05
      246.000   2.6863525e-05
      247.000   2.6437987e-05
      248.000   2.5736872e-05
      249.000   2.4799507e-05
      250.000   2.3760011e-05
      251.000   2.2738686e-05
      252.000   2.1766527e-05
      253.000   2.0809681e-05
      254.000   1.9838251e-05
      255.000   1.8870713e-05
      256.000   1.7971370e-05
      257.000   1.7210203e-05
      258.000   1.6621434e-05
      259.000   1.6186879e-05
      260.000   1.5864163e-05
      261.000   1.5626672e-05
      262.000   1.5470543e-05
      263.000   1.5404537e-05
      264.000   1.5431320e-05
      265.000   1.5524041e-05
      266.000   1.5620248e-05
      267.000   1.5660040e-05
      268.000   1.5629921e-05
      269.000   1.5546291e-05
      270.000   1.5402968e-05
      271.000   1.5163407e-05
      272.000   1.4807579e-05
      273.000   1.4356562e-05
      274.000   1.3842242e-05
      275.000   1.3275727e-05
      276.000   1.2659829e-05
      277.000   1.2009046e-05
      278.000   1.1350270e-05
      279.000   1.0717746e-05
      280.000   1.0144599e-05
      281.000   9.6508702e-06
      282.000   9.2544296e-06
      283.000   8.9805544e-06
      284.000   8.8351790e-06
      285.000   8.7960079e-06
      286.000   8.8357619e-06
      287.000   8.9317373e-06
      288.000   9.0634076e-06
      289.000   9.2127120e-06
      290.000   9.3676899e-06
      291.000   9.5195628e-06
      292.000   9.6528356e-06
      293.000   9.7426764e-06
      294.000   9.7641523e-06
      295.000   9.7069760e-06
      296.000   9.5832256e-06
      297.000   9.4145507e-06
      298.000   9.2101718e-06
      299.000   8.9608175e-06
      300.000   8.6561795e-06
      301.000   8.2993674e-06
      302.000   7.9080473e-06
      303.000   7.5165085e-06
      304.000   7.1639251e-06
      305.000   6.8723593e-06
      306.000   6.6433404e-06
      307.000   6.4669280e-06
      308.000   6.3300113e-06
      309.000   6.2264753e-06
      310.000   6.1606870e-06
      311.000   6.1400369e-06
      312.000   6.1630249e-06
      313.000   6.2174668e-06
      314.000   6.2847853e-06
      315.000   6.3413386e-06
      316.000   6.3645498e-06
      317.000   6.3464549e-06
      318.000   6.2884237e-06
      319.000   6.2064896e-06
      320.000   6.0765215e-06
      321.000       0.0000000
