      1.00000   5.3261360e-06
      2.00000   5.4186335e-06
      3.00000   5.4801949e-06
      4.00000   5.5348460e-06
      5.00000   5.5758892e-06
      6.00000   5.6055455e-06
      7.00000   5.6225749e-06
      8.00000   5.6284216e-06
      9.00000   5.6336694e-06
      10.0000   5.6573199e-06
      11.0000   5.7134575e-06
      12.0000   5.7978964e-06
      13.0000   5.8992246e-06
      14.0000   6.0186703e-06
      15.0000   6.1705118e-06
      16.0000   6.3607740e-06
      17.0000   6.5762206e-06
      18.0000   6.7990923e-06
      19.0000   7.0203600e-06
      20.0000   7.2382632e-06
      21.0000   7.4483464e-06
      22.0000   7.6368360e-06
      23.0000   7.7852737e-06
      24.0000   7.8827925e-06
      25.0000   7.9297643e-06
      26.0000   7.9288284e-06
      27.0000   7.8828825e-06
      28.0000   7.8092962e-06
      29.0000   7.7406703e-06
      30.0000   7.7056820e-06
      31.0000   7.7208497e-06
      32.0000   7.7943032e-06
      33.0000   7.9235269e-06
      34.0000   8.0938935e-06
      35.0000   8.2908191e-06
      36.0000   8.5141573e-06
      37.0000   8.7733970e-06
      38.0000   9.0795011e-06
      39.0000   9.4351344e-06
      40.0000   9.8172177e-06
      41.0000   1.0181729e-05
      42.0000   1.0501971e-05
      43.0000   1.0780852e-05
      44.0000   1.1028924e-05
      45.0000   1.1252921e-05
      46.0000   1.1454741e-05
      47.0000   1.1622526e-05
      48.0000   1.1727939e-05
      49.0000   1.1750295e-05
      50.0000   1.1708945e-05
      51.0000   1.1657587e-05
      52.0000   1.1647961e-05
      53.0000   1.1712522e-05
      54.0000   1.1871663e-05
      55.0000   1.2130396e-05
      56.0000   1.2477894e-05
      57.0000   1.2898080e-05
      58.0000   1.3385968e-05
      59.0000   1.3955030e-05
      60.0000   1.4620741e-05
      61.0000   1.5364181e-05
      62.0000   1.6121756e-05
      63.0000   1.6809689e-05
      64.0000   1.7378721e-05
      65.0000   1.7847044e-05
      66.0000   1.8267090e-05
      67.0000   1.8680012e-05
      68.0000   1.9103849e-05
      69.0000   1.9544565e-05
      70.0000   2.0012569e-05
      71.0000   2.0521733e-05
      72.0000   2.1072998e-05
      73.0000   2.1657417e-05
      74.0000   2.2289441e-05
      75.0000   2.2997883e-05
      76.0000   2.3778766e-05
      77.0000   2.4602885e-05
      78.0000   2.5466823e-05
      79.0000   2.6400670e-05
      80.0000   2.7434327e-05
      81.0000   2.8574668e-05
      82.0000   2.9803616e-05
      83.0000   3.1057072e-05
      84.0000   3.2229491e-05
      85.0000   3.3262400e-05
      86.0000   3.4182813e-05
      87.0000   3.5027053e-05
      88.0000   3.5794386e-05
      89.0000   3.6508347e-05
      90.0000   3.7260805e-05
      91.0000   3.8190217e-05
      92.0000   3.9434613e-05
      93.0000   4.1108338e-05
      94.0000   4.3277079e-05
      95.0000   4.5921861e-05
      96.0000   4.9001021e-05
      97.0000   5.2476695e-05
      98.0000   5.6216875e-05
      99.0000   6.0118731e-05
      100.000   6.4391250e-05
      101.000   6.9458656e-05
      102.000   7.5592761e-05
      103.000   8.2794490e-05
      104.000   9.0950423e-05
      105.000   9.9953722e-05
      106.000   0.00010977705
      107.000   0.00012050195
      108.000   0.00013215581
      109.000   0.00014449062
      110.000   0.00015720955
      111.000   0.00017052304
      112.000   0.00018503824
      113.000   0.00020118123
      114.000   0.00021895782
      115.000   0.00023830579
      116.000   0.00025964747
      117.000   0.00028379864
      118.000   0.00031125761
      119.000   0.00034189658
      120.000   0.00037564902
      121.000   0.00041365760
      122.000   0.00045798442
      123.000   0.00050944183
      124.000   0.00056613929
      125.000   0.00062407128
      126.000   0.00067812699
      127.000   0.00072413933
      128.000   0.00076156756
      129.000   0.00079373206
      130.000   0.00082544325
      131.000   0.00086076168
      132.000   0.00090282311
      133.000   0.00095601310
      134.000    0.0010284761
      135.000    0.0011309517
      136.000    0.0012718927
      137.000    0.0014529652
      138.000    0.0016693977
      139.000    0.0019137891
      140.000    0.0021854430
      141.000    0.0024982016
      142.000    0.0028649240
      143.000    0.0032730426
      144.000    0.0036863037
      145.000    0.0040792865
      146.000    0.0044785170
      147.000    0.0049520237
      148.000    0.0055785212
      149.000    0.0064562736
      150.000    0.0076800287
      151.000    0.0092974305
      152.000     0.011383501
      153.000     0.014231839
      154.000     0.018447800
      155.000     0.024765626
      156.000     0.033640947
      157.000     0.044925656
      158.000     0.057860050
      159.000     0.071045198
      160.000     0.082071513
      161.000     0.087769352
      162.000     0.085879125
      163.000     0.076976471
      164.000     0.064110920
      165.000     0.050581347
      166.000     0.038627155
      167.000     0.029140407
      168.000     0.022005174
      169.000     0.016715501
      170.000     0.012803435
      171.000    0.0099408114
      172.000    0.0079074269
      173.000    0.0065285787
      174.000    0.0056222090
      175.000    0.0050117411
      176.000    0.0045464388
      177.000    0.0041240989
      178.000    0.0037071407
      179.000    0.0033043865
      180.000    0.0029291087
      181.000    0.0025798180
      182.000    0.0022573126
      183.000    0.0019725831
      184.000    0.0017324175
      185.000    0.0015320802
      186.000    0.0013580766
      187.000    0.0011963941
      188.000    0.0010402766
      189.000   0.00089335587
      190.000   0.00076408766
      191.000   0.00065778504
      192.000   0.00057440466
      193.000   0.00051059463
      194.000   0.00046110392
      195.000   0.00041963425
      196.000   0.00038086396
      197.000   0.00034204312
      198.000   0.00030319471
      199.000   0.00026627420
      200.000   0.00023379190
      201.000   0.00020755765
      202.000   0.00018759651
      203.000   0.00017257268
      204.000   0.00016105174
      205.000   0.00015194099
      206.000   0.00014418954
      207.000   0.00013673828
      208.000   0.00012887408
      209.000   0.00012055613
      210.000   0.00011229230
      211.000   0.00010467747
      212.000   9.7814365e-05
      213.000   9.1417351e-05
      214.000   8.5299675e-05
      215.000   7.9462843e-05
      216.000   7.4009069e-05
      217.000   6.9053916e-05
      218.000   6.4633401e-05
      219.000   6.0688315e-05
      220.000   5.7104662e-05
      221.000   5.3774635e-05
      222.000   5.0673792e-05
      223.000   4.7829348e-05
      224.000   4.5254739e-05
      225.000   4.2958083e-05
      226.000   4.0934414e-05
      227.000   3.9170915e-05
      228.000   3.7654900e-05
      229.000   3.6381018e-05
      230.000   3.5355140e-05
      231.000   3.4556386e-05
      232.000   3.3936009e-05
      233.000   3.3406242e-05
      234.000   3.2803266e-05
      235.000   3.1954765e-05
      236.000   3.0807099e-05
      237.000   2.9464585e-05
      238.000   2.8092198e-05
      239.000   2.6799942e-05
      240.000   2.5617288e-05
      241.000   2.4558631e-05
      242.000   2.3662678e-05
      243.000   2.2963080e-05
      244.000   2.2429076e-05
      245.000   2.1951659e-05
      246.000   2.1405218e-05
      247.000   2.0757763e-05
      248.000   2.0086341e-05
      249.000   1.9478572e-05
      250.000   1.8967434e-05
      251.000   1.8533001e-05
      252.000   1.8139082e-05
      253.000   1.7773276e-05
      254.000   1.7439947e-05
      255.000   1.7117645e-05
      256.000   1.6757253e-05
      257.000   1.6315391e-05
      258.000   1.5777459e-05
      259.000   1.5153214e-05
      260.000   1.4468240e-05
      261.000   1.3750577e-05
      262.000   1.3034509e-05
      263.000   1.2360196e-05
      264.000   1.1757361e-05
      265.000   1.1247854e-05
      266.000   1.0853212e-05
      267.000   1.0587835e-05
      268.000   1.0439888e-05
      269.000   1.0375962e-05
      270.000   1.0365136e-05
      271.000   1.0396022e-05
      272.000   1.0464724e-05
      273.000   1.0556203e-05
      274.000   1.0644552e-05
      275.000   1.0699589e-05
      276.000   1.0695888e-05
      277.000   1.0614090e-05
      278.000   1.0449122e-05
      279.000   1.0210837e-05
      280.000   9.9125136e-06
      281.000   9.5621399e-06
      282.000   9.1730026e-06
      283.000   8.7739909e-06
      284.000   8.3984733e-06
      285.000   8.0711907e-06
      286.000   7.8038238e-06
      287.000   7.5975545e-06
      288.000   7.4555151e-06
      289.000   7.3797460e-06
      290.000   7.3571809e-06
      291.000   7.3599695e-06
      292.000   7.3681258e-06
      293.000   7.3814217e-06
      294.000   7.4050240e-06
      295.000   7.4326003e-06
      296.000   7.4457839e-06
      297.000   7.4240506e-06
      298.000   7.3592887e-06
      299.000   7.2599619e-06
      300.000   7.1395352e-06
      301.000   7.0029237e-06
      302.000   6.8510203e-06
      303.000   6.6925713e-06
      304.000   6.5374620e-06
      305.000   6.3857619e-06
      306.000   6.2298782e-06
      307.000   6.0697926e-06
      308.000   5.9181571e-06
      309.000   5.7883603e-06
      310.000   5.6852750e-06
      311.000   5.6064769e-06
      312.000   5.5495152e-06
      313.000   5.5163223e-06
      314.000   5.5044361e-06
      315.000   5.5013911e-06
      316.000   5.4939992e-06
      317.000   5.4821289e-06
      318.000   5.4698394e-06
      319.000   5.4551224e-06
      320.000   5.4151296e-06
      321.000       0.0000000
