      1.00000       0.0000000
      2.00000   7.0118067e-06
      3.00000   7.0618007e-06
      4.00000   7.1149670e-06
      5.00000   7.1792865e-06
      6.00000   7.2451166e-06
      7.00000   7.3099786e-06
      8.00000   7.3802116e-06
      9.00000   7.4610025e-06
      10.0000   7.5362796e-06
      11.0000   7.5867138e-06
      12.0000   7.6220840e-06
      13.0000   7.6671658e-06
      14.0000   7.7335881e-06
      15.0000   7.8166349e-06
      16.0000   7.9036172e-06
      17.0000   7.9866431e-06
      18.0000   8.0740820e-06
      19.0000   8.1823291e-06
      20.0000   8.3262303e-06
      21.0000   8.5200081e-06
      22.0000   8.7746203e-06
      23.0000   9.0935509e-06
      24.0000   9.4666011e-06
      25.0000   9.8736109e-06
      26.0000   1.0292618e-05
      27.0000   1.0710894e-05
      28.0000   1.1132567e-05
      29.0000   1.1566693e-05
      30.0000   1.2008953e-05
      31.0000   1.2438723e-05
      32.0000   1.2828476e-05
      33.0000   1.3153324e-05
      34.0000   1.3398588e-05
      35.0000   1.3562664e-05
      36.0000   1.3660115e-05
      37.0000   1.3709703e-05
      38.0000   1.3721762e-05
      39.0000   1.3702055e-05
      40.0000   1.3665158e-05
      41.0000   1.3642112e-05
      42.0000   1.3660467e-05
      43.0000   1.3732914e-05
      44.0000   1.3865550e-05
      45.0000   1.4058060e-05
      46.0000   1.4312342e-05
      47.0000   1.4647285e-05
      48.0000   1.5083579e-05
      49.0000   1.5615149e-05
      50.0000   1.6196585e-05
      51.0000   1.6752510e-05
      52.0000   1.7219672e-05
      53.0000   1.7603539e-05
      54.0000   1.7987219e-05
      55.0000   1.8455352e-05
      56.0000   1.9058367e-05
      57.0000   1.9811188e-05
      58.0000   2.0669322e-05
      59.0000   2.1536127e-05
      60.0000   2.2306389e-05
      61.0000   2.2931845e-05
      62.0000   2.3436800e-05
      63.0000   2.3874038e-05
      64.0000   2.4262898e-05
      65.0000   2.4562678e-05
      66.0000   2.4735968e-05
      67.0000   2.4802577e-05
      68.0000   2.4806188e-05
      69.0000   2.4786739e-05
      70.0000   2.4807101e-05
      71.0000   2.4946559e-05
      72.0000   2.5245268e-05
      73.0000   2.5676134e-05
      74.0000   2.6179252e-05
      75.0000   2.6710619e-05
      76.0000   2.7256674e-05
      77.0000   2.7816737e-05
      78.0000   2.8416447e-05
      79.0000   2.9137862e-05
      80.0000   3.0092127e-05
      81.0000   3.1354382e-05
      82.0000   3.2937634e-05
      83.0000   3.4826233e-05
      84.0000   3.6990612e-05
      85.0000   3.9389590e-05
      86.0000   4.1975876e-05
      87.0000   4.4702632e-05
      88.0000   4.7573878e-05
      89.0000   5.0630715e-05
      90.0000   5.3845033e-05
      91.0000   5.7131994e-05
      92.0000   6.0474606e-05
      93.0000   6.3950873e-05
      94.0000   6.7709931e-05
      95.0000   7.1868017e-05
      96.0000   7.6387354e-05
      97.0000   8.1105711e-05
      98.0000   8.5884327e-05
      99.0000   9.0744041e-05
      100.000   9.5920863e-05
      101.000   0.00010190149
      102.000   0.00010922036
      103.000   0.00011810344
      104.000   0.00012853315
      105.000   0.00014058242
      106.000   0.00015459907
      107.000   0.00017106596
      108.000   0.00019017070
      109.000   0.00021158819
      110.000   0.00023489346
      111.000   0.00025965800
      112.000   0.00028483666
      113.000   0.00030865657
      114.000   0.00032955880
      115.000   0.00034694150
      116.000   0.00036156876
      117.000   0.00037559605
      118.000   0.00039117550
      119.000   0.00040870317
      120.000   0.00042723856
      121.000   0.00044692832
      122.000   0.00047052774
      123.000   0.00050228089
      124.000   0.00054469844
      125.000   0.00059694983
      126.000   0.00065755838
      127.000   0.00072795781
      128.000   0.00081096590
      129.000   0.00090522709
      130.000    0.0010038636
      131.000    0.0011014807
      132.000    0.0012025237
      133.000    0.0013174756
      134.000    0.0014470863
      135.000    0.0015751887
      136.000    0.0016815799
      137.000    0.0017609459
      138.000    0.0018271089
      139.000    0.0019030606
      140.000    0.0020092260
      141.000    0.0021608160
      142.000    0.0023642122
      143.000    0.0026076452
      144.000    0.0028739874
      145.000    0.0031762572
      146.000    0.0035717939
      147.000    0.0041275546
      148.000    0.0048668641
      149.000    0.0057637445
      150.000    0.0068083587
      151.000    0.0080896383
      152.000    0.0098423362
      153.000     0.012476953
      154.000     0.016568985
      155.000     0.022664316
      156.000     0.031047933
      157.000     0.041873939
      158.000     0.055240773
      159.000     0.070412204
      160.000     0.084762424
      161.000     0.093875468
      162.000     0.093848288
      163.000     0.084297255
      164.000     0.068842813
      165.000     0.052417964
      166.000     0.038437616
      167.000     0.027990654
      168.000     0.020619728
      169.000     0.015446424
      170.000     0.011767879
      171.000    0.0091422116
      172.000    0.0072701587
      173.000    0.0059235827
      174.000    0.0049383994
      175.000    0.0042077503
      176.000    0.0036522904
      177.000    0.0032066775
      178.000    0.0028355420
      179.000    0.0025370459
      180.000    0.0023201476
      181.000    0.0021709069
      182.000    0.0020491662
      183.000    0.0019225312
      184.000    0.0017849061
      185.000    0.0016383728
      186.000    0.0014784526
      187.000    0.0013062267
      188.000    0.0011391889
      189.000   0.00099890539
      190.000   0.00089105149
      191.000   0.00080366805
      192.000   0.00072197436
      193.000   0.00064035726
      194.000   0.00056179386
      195.000   0.00049118878
      196.000   0.00043201499
      197.000   0.00038529927
      198.000   0.00034885708
      199.000   0.00031877504
      200.000   0.00029236413
      201.000   0.00026880315
      202.000   0.00024743969
      203.000   0.00022726337
      204.000   0.00020792070
      205.000   0.00018975968
      206.000   0.00017287202
      207.000   0.00015699505
      208.000   0.00014217770
      209.000   0.00012893166
      210.000   0.00011763874
      211.000   0.00010809541
      212.000   9.9743069e-05
      213.000   9.2216571e-05
      214.000   8.5621243e-05
      215.000   8.0192920e-05
      216.000   7.5931639e-05
      217.000   7.2750583e-05
      218.000   7.0560956e-05
      219.000   6.9050118e-05
      220.000   6.7664907e-05
      221.000   6.5944856e-05
      222.000   6.3820262e-05
      223.000   6.1500396e-05
      224.000   5.9180682e-05
      225.000   5.7020177e-05
      226.000   5.5177217e-05
      227.000   5.3640892e-05
      228.000   5.2160034e-05
      229.000   5.0467330e-05
      230.000   4.8488979e-05
      231.000   4.6334873e-05
      232.000   4.4195654e-05
      233.000   4.2232179e-05
      234.000   4.0515195e-05
      235.000   3.9004088e-05
      236.000   3.7541635e-05
      237.000   3.5983361e-05
      238.000   3.4344503e-05
      239.000   3.2750202e-05
      240.000   3.1287058e-05
      241.000   2.9972181e-05
      242.000   2.8774000e-05
      243.000   2.7634802e-05
      244.000   2.6527756e-05
      245.000   2.5486121e-05
      246.000   2.4572617e-05
      247.000   2.3839832e-05
      248.000   2.3317392e-05
      249.000   2.2998584e-05
      250.000   2.2848071e-05
      251.000   2.2823737e-05
      252.000   2.2876880e-05
      253.000   2.2940534e-05
      254.000   2.2947275e-05
      255.000   2.2867303e-05
      256.000   2.2701763e-05
      257.000   2.2448135e-05
      258.000   2.2094353e-05
      259.000   2.1631284e-05
      260.000   2.1070822e-05
      261.000   2.0439413e-05
      262.000   1.9770363e-05
      263.000   1.9109209e-05
      264.000   1.8480196e-05
      265.000   1.7856315e-05
      266.000   1.7198361e-05
      267.000   1.6530814e-05
      268.000   1.5936530e-05
      269.000   1.5467767e-05
      270.000   1.5116670e-05
      271.000   1.4845507e-05
      272.000   1.4608096e-05
      273.000   1.4360402e-05
      274.000   1.4088641e-05
      275.000   1.3824566e-05
      276.000   1.3601515e-05
      277.000   1.3424179e-05
      278.000   1.3291703e-05
      279.000   1.3200118e-05
      280.000   1.3133556e-05
      281.000   1.3083501e-05
      282.000   1.3040324e-05
      283.000   1.2980229e-05
      284.000   1.2879706e-05
      285.000   1.2733201e-05
      286.000   1.2551644e-05
      287.000   1.2345628e-05
      288.000   1.2114342e-05
      289.000   1.1843754e-05
      290.000   1.1526565e-05
      291.000   1.1176113e-05
      292.000   1.0822971e-05
      293.000   1.0503392e-05
      294.000   1.0228124e-05
      295.000   9.9686340e-06
      296.000   9.6908043e-06
      297.000   9.3921335e-06
      298.000   9.0961375e-06
      299.000   8.8250254e-06
      300.000   8.5852762e-06
      301.000   8.3677096e-06
      302.000   8.1567323e-06
      303.000   7.9442952e-06
      304.000   7.7401783e-06
      305.000   7.5648190e-06
      306.000   7.4352051e-06
      307.000   7.3546066e-06
      308.000   7.3085284e-06
      309.000   7.2800758e-06
      310.000   7.2592511e-06
      311.000   7.2360858e-06
      312.000   7.1982286e-06
      313.000   7.1369859e-06
      314.000   7.0578367e-06
      315.000   6.9762086e-06
      316.000   6.9049888e-06
      317.000   6.8482068e-06
      318.000   6.8058062e-06
      319.000   6.7757951e-06
      320.000   6.7549499e-06
      321.000   6.7124456e-06
