! -------------------------
   1263.1059662338705       0.85272332988074484        7.9854447973164697E-002   1.0000000000000000     
   1263.1159258234288       0.93594334318557171        8.3660131782510597E-002   1.0000000000000000     
   1263.1258854129871       0.92066061662718823        8.2974055799490617E-002   1.0000000000000000     
   1263.1358450025455        1.1030737185972166        9.0822528717770620E-002   1.0000000000000000     
   1263.1458045921038       0.94349203824696104        8.3996123139794668E-002   1.0000000000000000     
   1263.1557641816621       0.89146967737403693        8.1647369117714974E-002   1.0000000000000000     
   1263.1657237712204        1.0659747533733004        8.9281433754329467E-002   1.0000000000000000     
   1263.1756833607787       0.95965384230633555        8.4711780508580636E-002   1.0000000000000000     
   1263.1856429503371        1.1699641844523916        9.3534452129679868E-002   1.0000000000000000     
   1263.1956025398954        1.0275592044220874        8.7657199748092704E-002   1.0000000000000000     
   1263.2055621294537       0.89128638671799310        8.1637866107448248E-002   1.0000000000000000     
   1263.2155217190120       0.92505815810665459        8.3169934433126896E-002   1.0000000000000000     
   1263.2254813085704       0.93666445526080067        8.3689836868365702E-002   1.0000000000000000     
   1263.2354408981287       0.79670453534511709        7.7184161142322877E-002   1.0000000000000000     
   1263.2454004876870       0.78888691326230942        7.6804346042647242E-002   1.0000000000000000     
   1263.2553600772453        1.0385496837035326        8.8123335577437456E-002   1.0000000000000000     
   1263.2653196668036        1.1585134797427945        9.3073644897300925E-002   1.0000000000000000     
   1263.2752792563620       0.91566143796870070        8.2745146412255874E-002   1.0000000000000000     
   1263.2852388459203        1.1298691624770856       0.10335054440959074        1.0000000000000000     
   1263.2951984354786       0.83913441992998783        7.9211599369493596E-002   1.0000000000000000     
   1263.3051580250369       0.94740432495350269        8.4166566355657918E-002   1.0000000000000000     
   1263.3151176145952       0.93204861838268405        8.3481478402887430E-002   1.0000000000000000     
   1263.3250772041536       0.97315468194527477        8.5302293911308322E-002   1.0000000000000000     
   1263.3350367937119        1.0465658765333266        8.8461031279401872E-002   1.0000000000000000     
   1263.3449963832702        1.0781172889966337        8.9784357384011554E-002   1.0000000000000000     
   1263.3549559728285       0.92278332732447677        8.3064694585142901E-002   1.0000000000000000     
   1263.3649155623868       0.97941096639414293        8.5575225219331391E-002   1.0000000000000000     
   1263.3748751519452        1.0899947317239680        9.0276924188515920E-002   1.0000000000000000     
   1263.3848347415035        1.0210553003338680        8.7375192242588481E-002   1.0000000000000000     
   1263.3947943310618        1.0198758494763280        8.7324510665183014E-002   1.0000000000000000     
   1263.4047539206201       0.91995530238082879        8.4712638461497625E-002   1.0000000000000000     
   1263.4147135101784        1.0678300480371086        8.9353503879435664E-002   1.0000000000000000     
   1263.4246730997368        1.2907910748485909        9.8239808485941146E-002   1.0000000000000000     
   1263.4346326892951       0.87487662938617872        8.0878287362338541E-002   1.0000000000000000     
   1263.4445922788534        1.0786061180592899        8.9802622344634542E-002   1.0000000000000000     
   1263.4545518684117        1.0657077195032798        8.9263859000663234E-002   1.0000000000000000     
   1263.4645114579703       0.95067230797679736        8.4308441797561987E-002   1.0000000000000000     
   1263.4744710475284       0.85287430408110176        7.9854096024130711E-002   1.0000000000000000     
   1263.4844306370869       0.97390621463220428        8.5332076139121818E-002   1.0000000000000000     
   1263.4943902266450       0.94006414109814762        8.3836189447012016E-002   1.0000000000000000     
   1263.5043498162036       0.91763585033274309        8.2829880803455574E-002   1.0000000000000000     
   1263.5143094057617        1.0609550914150550        8.9063433672898193E-002   1.0000000000000000     
   1263.5242689953202       0.96010237751236438        8.4724451015874960E-002   1.0000000000000000     
   1263.5342285848783       0.93280736346709936        8.3511267335295514E-002   1.0000000000000000     
   1263.5441881744368       0.97484707378885616        8.5372190687811170E-002   1.0000000000000000     
   1263.5541477639949        1.0397846639971762        8.8169624134628324E-002   1.0000000000000000     
   1263.5641073535535       0.93722442516653992        8.3708237700208341E-002   1.0000000000000000     
   1263.5740669431116        1.0004816437933710        8.6486845381789551E-002   1.0000000000000000     
   1263.5840265326701       0.88354714258957723        8.1275468049621158E-002   1.0000000000000000     
   1263.5939861222282       0.99035310557664669        8.6047601537967131E-002   1.0000000000000000     
   1263.6039457117868       0.88594569585492644        8.1385384982955639E-002  0.98372624864542246     
   1263.6139053013449       0.86371351653497963        8.0357587696834820E-002  0.98253196182301339     
   1263.6238648909034       0.80301990618751873        7.7482623391415525E-002  0.98134293447810617     
   1263.6338244804615        1.0276246338691475        8.7651139993351349E-002  0.98017154374969861     
   1263.6437840700200       0.95785371604616487        8.4623127390533806E-002  0.97903043632088071     
   1263.6537436595781        1.0244688762292229        8.7516118501879570E-002  0.97793284244348644     
   1263.6637032491367        1.0146114041669709        8.7093892570179840E-002  0.97689160088201066     
   1263.6736628386948       0.87665920058597591        8.0956628563392918E-002  0.97591892750264309     
   1263.6836224282533       0.82186321385689476        7.8385542584280557E-002  0.97502623082681028     
   1263.6935820178114        1.0429019450008261        8.8299270726799453E-002  0.97422384420523389     
   1263.7035416073700       0.83080444097613915        7.8810481033216473E-002  0.97352044564213125     
   1263.7135011969281        1.0962662410585204        9.0529851658440685E-002  0.97292275926391802     
   1263.7234607864866        1.0723878432289531        8.9538323656968608E-002  0.97243522952854333     
   1263.7334203760449        1.0117233092555584        8.6968724618388726E-002  0.97205947882516452     
   1263.7433799656033       0.71799196657003539        7.3264102749990970E-002  0.97179363056468249     
   1263.7533395551616       0.95814822698467217        8.4634421120148906E-002  0.97163141717877288     
   1263.7632991447199        1.0419988336474812        8.8259919007628321E-002  0.97156090796801431     
   1263.7732587342782       0.98056102936295730        8.5618273828640679E-002  0.97156257821481107     
   1263.7832183238365       0.98199835833847460        8.5680855013538434E-002  0.97160628606270150     
   1263.7931779133949       0.82295407862260339        7.8436006350713849E-002  0.97164653748794938     
   1263.8031375029532       0.99010252655021991        8.6033386273373563E-002  0.97161518415206871     
   1263.8130970925115       0.93727858101685246        8.3706761886742156E-002  0.97141041772300996     
   1263.8230566820698       0.86170933345860068        8.0261239107886476E-002  0.97088060829748113     
   1263.8330162716281       0.81567889964171125        7.8088013746731827E-002  0.96980125242859516     
   1263.8429758611865       0.95135070163315005        8.4332381693376327E-002  0.96784323159338481     
   1263.8529354507448       0.91344313193729920        8.2635008901714088E-002  0.96453112199202362     
   1263.8628950403031        1.0654661825596878        8.9246760538802219E-002  0.95919209917860293     
   1263.8728546298614       0.89732801640456816        8.1902572126489853E-002  0.95089998592330305     
   1263.8828142194197       0.83877638834720947        7.9185255637577556E-002  0.93842626067067147     
   1263.8927738089781       0.67887614154602571        7.1238673335553115E-002  0.92022097056296337     
   1263.9027333985364       0.88364564370924892        8.1275364698389099E-002  0.89446015829452286     
   1263.9126929880947       0.82377374453142727        7.8473524249413854E-002  0.85920698026546505     
   1263.9226525776530       0.83844700400142469        7.9169233290262986E-002  0.81272898427449947     
   1263.9326121672113       0.92133810956812301        8.2990359700038402E-002  0.75397687024671634     
   1263.9425717567697       0.64003259104659416        6.9170147258634435E-002  0.68314932582226895     
   1263.9525313463280       0.72338579352715704        7.3536364203157289E-002  0.60216090985141058     
   1263.9624909358863       0.64159869896755550        6.9254569022437137E-002  0.51475796152606912     
   1263.9724505254446       0.42887827717561117        5.6621747406344895E-002  0.42608045645872811     
   1263.9824101150029       0.39059194232198696        5.4035281182613998E-002  0.34168651453988302     
   1263.9923697045613       0.38254760045722203        5.3475895828610169E-002  0.26635053004371134     
   1264.0023292941196       0.32298766226908365        4.9136910787211996E-002  0.20311297929350225     
   1264.0122888836779       0.39830561085520000        5.4566072173658275E-002  0.15294764245152612     
   1264.0222484732362       0.24029398558837495        4.2382407916425571E-002  0.11508247012155441     
   1264.0322080627946       0.27764832657119171        4.5557657883494307E-002   8.7703396865006888E-002
   1264.0421676523529       0.18694203128527970        4.5374914074629756E-002   6.8682026634715385E-002
   1264.0521272419112       0.19435842638742368        4.6047626726237419E-002   5.6091952477578366E-002
   1264.0620868314695       0.21743590775649768        4.8215386634002232E-002   4.8465553780096503E-002
   1264.0720464210278       0.11919691299292298        3.7974236771177790E-002   4.4864665139585404E-002
   1264.0820060105862       0.18741454982156555        4.5374671428684885E-002   4.4866564043249874E-002
   1264.0919656001445       0.21051077023736015        4.7467678987867662E-002   4.8539979099650181E-002
   1264.1019251897028       0.24826471542240552        4.3079372227169663E-002   5.6445978214302479E-002
   1264.1118847792611       0.27048093556095182        4.4965550972935753E-002   6.9661178124557868E-002
   1264.1218443688194       0.27781740830571544        4.5571261205164283E-002   8.9782022083578036E-002
   1264.1318039583778       0.23295322736893451        4.1729716330718251E-002  0.11882787692063157     
   1264.1417635479361       0.36926393584446254        5.2538692670133516E-002  0.15893933093646451     
   1264.1517231374944       0.36885661286670340        5.2509678685844677E-002  0.21181208092782314     
   1264.1616827270527       0.37704157515302766        5.3089049670102521E-002  0.27794741888267416     
   1264.1716423166110       0.43008945065585236        5.6700837027849046E-002  0.35598932844171866     
   1264.1816019061694       0.59630049913422911        6.6764014872469551E-002  0.44251163333143223     
   1264.1915614957277       0.58106620631806638        6.5905614605420562E-002  0.53248212034220999     
   1264.2015210852860       0.71756484596318337        7.3238589223770231E-002  0.62029859047960645     
   1264.2114806748443       0.81613872687285627        7.8107215419639581E-002  0.70098708944605947     
   1264.2214402644026       0.70984880399068828        7.2843682525573022E-002  0.77109573225618855     
   1264.2313998539610       0.80045491759044274        7.7353003539203366E-002  0.82902500546972169     
   1264.2413594435193       0.86982343576825361        8.0635093789734741E-002  0.87482915970603348     
   1264.2513190330776       0.90750174511265735        8.2362986603746774E-002  0.90971291509057606     
   1264.2612786226359       0.80103589366899919        7.7380962908771750E-002  0.93547120837196696     
   1264.2712382121942       0.95989434196013246        8.4707070418318042E-002  0.95403488486661470     
   1264.2811978017526       0.90621554951575678        8.2304484794188879E-002  0.96718030382700204     
   1264.2911573913109       0.93762609826508059        8.3718687737183023E-002  0.97638897373091105     
   1264.3011169808692       0.78493803687595498        7.6599349297276603E-002  0.98281362231463076     
   1264.3110765704275        1.0504575871868913        8.8612799477374701E-002  0.98730567032891992     
   1264.3210361599859        1.0438405259404786        8.8333228286744642E-002  0.99046967366473826     
   1264.3309957495442        1.0959897534919931        9.0512826906150409E-002  0.99272282069772733     
   1264.3409553391025        1.1005643468500144        9.0701489993660178E-002  0.99434787187125373     
   1264.3509149286608       0.86028523761271503        8.0191401053653411E-002  0.99553505587291224     
   1264.3608745182191       0.71901419144559464        7.3312008502571829E-002  0.99641269613123484     
   1264.3708341077775       0.94143222939258708        8.3888176997292160E-002  0.99706833048521126     
   1264.3807936973358       0.94107482779118579        8.3872222482006820E-002  0.99756262885354585     
   1264.3907532868941       0.97203621629258796        8.5240728445294414E-002  0.99793857531897212     
   1264.4007128764524       0.92779648453841379        8.3278359876681363E-002  0.99822738254599985     
   1264.4106724660107        1.1208068047341033        9.1531595708101973E-002  0.99845199299222076     
   1264.4206320555691        1.0029081719158019        8.6583695216573886E-002  0.99862937867011803     
   1264.4305916451274       0.90409639160077770        8.2207751584803965E-002  0.99877210592895926     
   1264.4405512346857       0.96263078678634217        8.4827204481838170E-002  0.99888941901774653     
   1264.4505108242440       0.99749823399891591        8.6349775254664002E-002  0.99898805610994756     
   1264.4604704138023        1.0507604462232483        8.8625130908737471E-002  0.99907289886551209     
   1264.4704300033609       0.93539567104386923        8.3618539319613092E-002  0.99914748782429907     
   1264.4803895929190        1.0627346748163464        8.9128629880865159E-002  0.99921430346343332     
   1264.4903491824775        1.0774033657494380        8.9741606277409958E-002  0.99927501048605871     
   1264.5003087720356        1.1071659964799776        9.0972670807511036E-002  0.99933089833616096     
   1264.5102683615942       0.99356945821235554        8.6179424971363522E-002  0.99938291419185432     
   1264.5202279511523        1.1059525121301566        9.0922758983499372E-002  0.99943164265770745     
   1264.5301875407108        1.0718241096461583        8.9508865446148153E-002  0.99947741646527211     
   1264.5401471302689        1.0326198226175070        8.7856605361781873E-002  0.99952042903593019     
   1264.5501067198275        1.0978759422438544        9.0590097094392308E-002  0.99956082739145058     
   1264.5600663093855        1.1032555405148228        9.0811756934256499E-002  0.99959876700045192     
   1264.5700258989441        1.0804945710569127        8.9870104413377186E-002  0.99963442403316149     
   1264.5799854885022        1.1506593432426739        9.2742168934302260E-002  0.99966797820982045     
   1264.5899450780607       0.95992665671860211        8.4707685722373610E-002  0.99969960358684862     
   1264.5999046676188        1.0347855369250092        8.7948590999501669E-002  0.99972945089846998     
   1264.6098642571774       0.90112726740830318        8.2072318742557118E-002   1.0000000000000000     
   1264.6198238467355       0.92679265942803246        8.3232866281102463E-002   1.0000000000000000     
   1264.6297834362940        1.0592640350232287        8.8982709398718288E-002   1.0000000000000000     
   1264.6397430258521       0.95936796936459168        8.4682966279300984E-002   1.0000000000000000     
   1264.6497026154107       0.90396436211966102        8.2201365278329774E-002   1.0000000000000000     
   1264.6596622049688        1.1412973653813405        9.2364001621628972E-002   1.0000000000000000     
   1264.6696217945273       0.89419277183415813        8.1755852421196762E-002   1.0000000000000000     
   1264.6795813840854       0.97167513965266128        8.5224363429467681E-002   1.0000000000000000     
   1264.6895409736439        1.1352836605920416        9.2120305166405708E-002   1.0000000000000000     
   1264.6995005632020        1.0990486188647124        9.0638266815514595E-002   1.0000000000000000     
   1264.7094601527606        1.0179022782108449        8.7228044231841231E-002   1.0000000000000000     
   1264.7194197423187        1.0228139719084322        8.7438235955940524E-002   1.0000000000000000     
   1264.7293793318772        1.2700725160452873        9.7435510800500405E-002   1.0000000000000000     
   1264.7393389214355       0.88841089090840719        8.1491051671952613E-002   1.0000000000000000     
   1264.7492985109939        1.0604304769729211        8.9031576308732180E-002   1.0000000000000000     
   1264.7592581005522       0.88794637047144820        8.1469732674482251E-002   1.0000000000000000     
   1264.7692176901105       0.97273273458477716        8.5270668230932961E-002   1.0000000000000000     
   1264.7791772796688        1.0759926634960408        8.9682463236527052E-002   1.0000000000000000     
   1264.7891368692271       0.81444853187210531        7.8025160586990619E-002   1.0000000000000000     
   1264.7990964587855       0.92139001598019477        8.2989775906411364E-002   1.0000000000000000     
   1264.8090560483438       0.85471345518646091        7.9930601556263914E-002   1.0000000000000000     
   1264.8190156379021       0.87661271557840648        8.0948108819460629E-002   1.0000000000000000     
   1264.8289752274604       0.86890323484278087        8.0591362233812761E-002   1.0000000000000000     
   1264.8389348170188       0.94657936728483449        8.4116521249841175E-002   1.0000000000000000     
   1264.8488944065771        1.0015906088069744        8.6526255448074602E-002   1.0000000000000000     
   1264.8588539961354        1.1598923080921981        9.3113277992576765E-002   1.0000000000000000     
   1264.8688135856937       0.91372712209616191        8.2643944782145068E-002   1.0000000000000000     
   1264.8787731752520       0.92096451585438621        8.2970597805369042E-002   1.0000000000000000     
   1264.8887327648104        1.0118789183968453        8.6969514520373659E-002   1.0000000000000000     
   1264.8986923543687       0.94359613854277480        8.3983862599893794E-002   1.0000000000000000     
   1264.9086519439270       0.89831581755363588        8.1944024520519035E-002   1.0000000000000000     
   1264.9186115334853        1.0120364580714816        8.6976287385008039E-002   1.0000000000000000     
   1264.9285711230436        1.0199960779606250        8.7317634407335976E-002   1.0000000000000000     
   1264.9385307126020        1.1483467279361006        9.2648660735987445E-002   1.0000000000000000     
   1264.9484903021603       0.88402619583079245        8.1289621082165975E-002   1.0000000000000000     
   1264.9584498917186        1.0790661532959118        8.9810367217286677E-002   1.0000000000000000     
   1264.9684094812769        1.1492862044973511        9.2686496071536686E-002   1.0000000000000000     
   1264.9783690708352       0.99800058073904085        8.6370943427333924E-002   1.0000000000000000     
   1264.9883286603936        1.1333073761694574        9.2039878878724071E-002   1.0000000000000000     
   1264.9982882499519        1.0802389536958037        8.9859093175343005E-002   1.0000000000000000     
   1265.0082478395102        1.1562252249810032        9.2965808437482075E-002   1.0000000000000000     
   1265.0182074290685        1.1108152416316266        9.1121914084354605E-002   1.0000000000000000     
   1265.0281670186268        1.0354373190491029        8.7975893206755168E-002   1.0000000000000000     
   1265.0381266081852        1.0578644594422546        8.8923529426988140E-002   1.0000000000000000     
   1265.0480861977435       0.88366085612774181        8.1272633943417202E-002   1.0000000000000000     
   1265.0580457873018        1.0505844812012219        8.8616969341060489E-002   1.0000000000000000     
   1265.0680053768601       0.92245972115715913        8.3037632976119088E-002   1.0000000000000000     
   1265.0779649664184       0.86044593937844893        8.0197890006795031E-002   1.0000000000000000     
   1265.0879245559768        1.0420928434433392        8.8258025152640057E-002   1.0000000000000000     
   1265.0978841455351        1.0122108120376347        8.6983400717820930E-002   1.0000000000000000     
!  ---- tick mark positions for above ----
!      1263.74838     5     2
!      1264.07667     5     3
