      1.00000       0.0000000
      2.00000   7.1754434e-06
      3.00000   7.3065985e-06
      4.00000   7.3973338e-06
      5.00000   7.5120747e-06
      6.00000   7.6499236e-06
      7.00000   7.8004141e-06
      8.00000   7.9350384e-06
      9.00000   8.0237724e-06
      10.0000   8.0512373e-06
      11.0000   8.0150730e-06
      12.0000   7.9251158e-06
      13.0000   7.8074345e-06
      14.0000   7.6967581e-06
      15.0000   7.6357901e-06
      16.0000   7.6618953e-06
      17.0000   7.7886152e-06
      18.0000   7.9977381e-06
      19.0000   8.2466941e-06
      20.0000   8.4931698e-06
      21.0000   8.7294511e-06
      22.0000   8.9884088e-06
      23.0000   9.3141589e-06
      24.0000   9.7349939e-06
      25.0000   1.0248119e-05
      26.0000   1.0822340e-05
      27.0000   1.1403217e-05
      28.0000   1.1929504e-05
      29.0000   1.2369372e-05
      30.0000   1.2734264e-05
      31.0000   1.3044638e-05
      32.0000   1.3307304e-05
      33.0000   1.3526535e-05
      34.0000   1.3710584e-05
      35.0000   1.3864847e-05
      36.0000   1.3982321e-05
      37.0000   1.4037997e-05
      38.0000   1.4009149e-05
      39.0000   1.3895265e-05
      40.0000   1.3715604e-05
      41.0000   1.3517420e-05
      42.0000   1.3361625e-05
      43.0000   1.3304290e-05
      44.0000   1.3392393e-05
      45.0000   1.3646891e-05
      46.0000   1.4046643e-05
      47.0000   1.4536801e-05
      48.0000   1.5051858e-05
      49.0000   1.5549915e-05
      50.0000   1.6025771e-05
      51.0000   1.6497585e-05
      52.0000   1.7008259e-05
      53.0000   1.7610781e-05
      54.0000   1.8349743e-05
      55.0000   1.9233947e-05
      56.0000   2.0207832e-05
      57.0000   2.1161859e-05
      58.0000   2.1992284e-05
      59.0000   2.2658944e-05
      60.0000   2.3186081e-05
      61.0000   2.3625331e-05
      62.0000   2.4014178e-05
      63.0000   2.4332705e-05
      64.0000   2.4534083e-05
      65.0000   2.4616676e-05
      66.0000   2.4604036e-05
      67.0000   2.4519879e-05
      68.0000   2.4403094e-05
      69.0000   2.4321809e-05
      70.0000   2.4346236e-05
      71.0000   2.4508823e-05
      72.0000   2.4804353e-05
      73.0000   2.5227188e-05
      74.0000   2.5767868e-05
      75.0000   2.6387786e-05
      76.0000   2.7023103e-05
      77.0000   2.7639966e-05
      78.0000   2.8328403e-05
      79.0000   2.9253109e-05
      80.0000   3.0519317e-05
      81.0000   3.2123513e-05
      82.0000   3.4017590e-05
      83.0000   3.6145248e-05
      84.0000   3.8427428e-05
      85.0000   4.0780094e-05
      86.0000   4.3180240e-05
      87.0000   4.5695531e-05
      88.0000   4.8433412e-05
      89.0000   5.1443749e-05
      90.0000   5.4699245e-05
      91.0000   5.8102018e-05
      92.0000   6.1446168e-05
      93.0000   6.4603177e-05
      94.0000   6.7709254e-05
      95.0000   7.1074137e-05
      96.0000   7.4889060e-05
      97.0000   7.9064543e-05
      98.0000   8.3401363e-05
      99.0000   8.7871711e-05
      100.000   9.2747738e-05
      101.000   9.8561730e-05
      102.000   0.00010586823
      103.000   0.00011496161
      104.000   0.00012583405
      105.000   0.00013840832
      106.000   0.00015282985
      107.000   0.00016938025
      108.000   0.00018809822
      109.000   0.00020879181
      110.000   0.00023134945
      111.000   0.00025531946
      112.000   0.00027935623
      113.000   0.00030172963
      114.000   0.00032106225
      115.000   0.00033704273
      116.000   0.00035109420
      117.000   0.00036560648
      118.000   0.00038203524
      119.000   0.00039977452
      120.000   0.00041746919
      121.000   0.00043565859
      122.000   0.00045758934
      123.000   0.00048780217
      124.000   0.00052954193
      125.000   0.00058236986
      126.000   0.00064348447
      127.000   0.00071197428
      128.000   0.00078982394
      129.000   0.00087800523
      130.000   0.00097346026
      131.000    0.0010719844
      132.000    0.0011742200
      133.000    0.0012866576
      134.000    0.0014126757
      135.000    0.0015426673
      136.000    0.0016587107
      137.000    0.0017495207
      138.000    0.0018200757
      139.000    0.0018887864
      140.000    0.0019777732
      141.000    0.0021104910
      142.000    0.0023035177
      143.000    0.0025452974
      144.000    0.0028024598
      145.000    0.0030700511
      146.000    0.0034100418
      147.000    0.0039127823
      148.000    0.0046121660
      149.000    0.0054609762
      150.000    0.0064157583
      151.000    0.0075619980
      152.000    0.0091549912
      153.000     0.011585505
      154.000     0.015369563
      155.000     0.021054855
      156.000     0.029065542
      157.000     0.039881602
      158.000     0.054285210
      159.000     0.072230548
      160.000     0.090489537
      161.000      0.10221490
      162.000      0.10118820
      163.000     0.087809630
      164.000     0.068608008
      165.000     0.050268114
      166.000     0.035952952
      167.000     0.025750197
      168.000     0.018645043
      169.000     0.013732607
      170.000     0.010396744
      171.000    0.0081570158
      172.000    0.0066187358
      173.000    0.0055179340
      174.000    0.0047041965
      175.000    0.0040836260
      176.000    0.0035936169
      177.000    0.0031933445
      178.000    0.0028567570
      179.000    0.0025751079
      180.000    0.0023490405
      181.000    0.0021696831
      182.000    0.0020187760
      183.000    0.0018818531
      184.000    0.0017483881
      185.000    0.0016058965
      186.000    0.0014477548
      187.000    0.0012788306
      188.000    0.0011143610
      189.000   0.00097399094
      190.000   0.00086699828
      191.000   0.00078595406
      192.000   0.00071680208
      193.000   0.00064926501
      194.000   0.00057961198
      195.000   0.00050981971
      196.000   0.00044548465
      197.000   0.00039190752
      198.000   0.00035055907
      199.000   0.00031901445
      200.000   0.00029330945
      201.000   0.00027054752
      202.000   0.00024969346
      203.000   0.00023063736
      204.000   0.00021307568
      205.000   0.00019647439
      206.000   0.00018056884
      207.000   0.00016526112
      208.000   0.00015048112
      209.000   0.00013637175
      210.000   0.00012338026
      211.000   0.00011187890
      212.000   0.00010202204
      213.000   9.3756411e-05
      214.000   8.6805405e-05
      215.000   8.0871716e-05
      216.000   7.5812306e-05
      217.000   7.1659524e-05
      218.000   6.8524751e-05
      219.000   6.6420376e-05
      220.000   6.5113818e-05
      221.000   6.4143678e-05
      222.000   6.3008963e-05
      223.000   6.1484519e-05
      224.000   5.9684684e-05
      225.000   5.7825651e-05
      226.000   5.6065757e-05
      227.000   5.4452634e-05
      228.000   5.2914882e-05
      229.000   5.1305491e-05
      230.000   4.9526629e-05
      231.000   4.7627906e-05
      232.000   4.5690649e-05
      233.000   4.3778240e-05
      234.000   4.1963118e-05
      235.000   4.0291958e-05
      236.000   3.8707691e-05
      237.000   3.7044145e-05
      238.000   3.5216770e-05
      239.000   3.3332406e-05
      240.000   3.1548941e-05
      241.000   2.9939009e-05
      242.000   2.8520200e-05
      243.000   2.7307864e-05
      244.000   2.6269840e-05
      245.000   2.5333613e-05
      246.000   2.4460400e-05
      247.000   2.3649565e-05
      248.000   2.2944159e-05
      249.000   2.2396238e-05
      250.000   2.2014510e-05
      251.000   2.1787610e-05
      252.000   2.1711841e-05
      253.000   2.1784408e-05
      254.000   2.1980366e-05
      255.000   2.2237791e-05
      256.000   2.2476461e-05
      257.000   2.2623053e-05
      258.000   2.2610657e-05
      259.000   2.2404533e-05
      260.000   2.2031081e-05
      261.000   2.1554497e-05
      262.000   2.1032924e-05
      263.000   2.0495077e-05
      264.000   1.9935751e-05
      265.000   1.9312920e-05
      266.000   1.8578919e-05
      267.000   1.7725941e-05
      268.000   1.6787486e-05
      269.000   1.5829586e-05
      270.000   1.4944952e-05
      271.000   1.4212697e-05
      272.000   1.3668509e-05
      273.000   1.3305045e-05
      274.000   1.3073862e-05
      275.000   1.2916326e-05
      276.000   1.2793880e-05
      277.000   1.2700862e-05
      278.000   1.2665245e-05
      279.000   1.2714107e-05
      280.000   1.2841037e-05
      281.000   1.3005860e-05
      282.000   1.3163145e-05
      283.000   1.3301188e-05
      284.000   1.3427342e-05
      285.000   1.3534386e-05
      286.000   1.3595788e-05
      287.000   1.3577218e-05
      288.000   1.3454282e-05
      289.000   1.3216116e-05
      290.000   1.2861832e-05
      291.000   1.2410394e-05
      292.000   1.1901889e-05
      293.000   1.1368947e-05
      294.000   1.0830343e-05
      295.000   1.0298926e-05
      296.000   9.7779703e-06
      297.000   9.2677219e-06
      298.000   8.7771159e-06
      299.000   8.3279292e-06
      300.000   7.9513375e-06
      301.000   7.6751758e-06
      302.000   7.5083371e-06
      303.000   7.4403297e-06
      304.000   7.4540876e-06
      305.000   7.5333692e-06
      306.000   7.6528950e-06
      307.000   7.7698296e-06
      308.000   7.8401326e-06
      309.000   7.8491312e-06
      310.000   7.8160419e-06
      311.000   7.7696268e-06
      312.000   7.7330524e-06
      313.000   7.7126706e-06
      314.000   7.6914148e-06
      315.000   7.6472161e-06
      316.000   7.5678049e-06
      317.000   7.4480208e-06
      318.000   7.2935177e-06
      319.000   7.1222776e-06
      320.000   6.9750181e-06
      321.000   6.8525214e-06
