      1.00000       0.0000000
      2.00000   7.0464785e-06
      3.00000   7.1711793e-06
      4.00000   7.2868538e-06
      5.00000   7.4249606e-06
      6.00000   7.5904336e-06
      7.00000   7.7861041e-06
      8.00000   7.9992824e-06
      9.00000   8.2140405e-06
      10.0000   8.4194908e-06
      11.0000   8.6108303e-06
      12.0000   8.7897815e-06
      13.0000   8.9700434e-06
      14.0000   9.1649763e-06
      15.0000   9.3830749e-06
      16.0000   9.6336971e-06
      17.0000   9.9183862e-06
      18.0000   1.0226448e-05
      19.0000   1.0543739e-05
      20.0000   1.0853809e-05
      21.0000   1.1137098e-05
      22.0000   1.1383372e-05
      23.0000   1.1601236e-05
      24.0000   1.1798923e-05
      25.0000   1.1976143e-05
      26.0000   1.2140005e-05
      27.0000   1.2311187e-05
      28.0000   1.2506081e-05
      29.0000   1.2713792e-05
      30.0000   1.2895024e-05
      31.0000   1.3009797e-05
      32.0000   1.3046420e-05
      33.0000   1.3023519e-05
      34.0000   1.2989861e-05
      35.0000   1.3011781e-05
      36.0000   1.3145799e-05
      37.0000   1.3409109e-05
      38.0000   1.3761602e-05
      39.0000   1.4151327e-05
      40.0000   1.4549167e-05
      41.0000   1.4948665e-05
      42.0000   1.5360731e-05
      43.0000   1.5791235e-05
      44.0000   1.6222000e-05
      45.0000   1.6618469e-05
      46.0000   1.6963635e-05
      47.0000   1.7278440e-05
      48.0000   1.7618391e-05
      49.0000   1.8045152e-05
      50.0000   1.8583914e-05
      51.0000   1.9204484e-05
      52.0000   1.9846455e-05
      53.0000   2.0458423e-05
      54.0000   2.0998577e-05
      55.0000   2.1432803e-05
      56.0000   2.1763291e-05
      57.0000   2.2038905e-05
      58.0000   2.2296268e-05
      59.0000   2.2533673e-05
      60.0000   2.2752149e-05
      61.0000   2.2962597e-05
      62.0000   2.3171149e-05
      63.0000   2.3359440e-05
      64.0000   2.3513530e-05
      65.0000   2.3652927e-05
      66.0000   2.3819397e-05
      67.0000   2.4063002e-05
      68.0000   2.4421102e-05
      69.0000   2.4888921e-05
      70.0000   2.5425579e-05
      71.0000   2.5970405e-05
      72.0000   2.6474327e-05
      73.0000   2.6935486e-05
      74.0000   2.7430693e-05
      75.0000   2.8071863e-05
      76.0000   2.8920873e-05
      77.0000   2.9980085e-05
      78.0000   3.1267082e-05
      79.0000   3.2802032e-05
      80.0000   3.4541001e-05
      81.0000   3.6398636e-05
      82.0000   3.8319202e-05
      83.0000   4.0318111e-05
      84.0000   4.2455682e-05
      85.0000   4.4750341e-05
      86.0000   4.7157417e-05
      87.0000   4.9607577e-05
      88.0000   5.1994804e-05
      89.0000   5.4264015e-05
      90.0000   5.6533234e-05
      91.0000   5.9063514e-05
      92.0000   6.2062092e-05
      93.0000   6.5467095e-05
      94.0000   6.8988054e-05
      95.0000   7.2368493e-05
      96.0000   7.5592347e-05
      97.0000   7.8979596e-05
      98.0000   8.3104416e-05
      99.0000   8.8552195e-05
      100.000   9.5679599e-05
      101.000   0.00010449926
      102.000   0.00011479884
      103.000   0.00012645447
      104.000   0.00013955293
      105.000   0.00015422796
      106.000   0.00017063147
      107.000   0.00018901208
      108.000   0.00020921382
      109.000   0.00023027265
      110.000   0.00025080578
      111.000   0.00026968101
      112.000   0.00028624301
      113.000   0.00030068489
      114.000   0.00031428639
      115.000   0.00032856327
      116.000   0.00034379165
      117.000   0.00035877861
      118.000   0.00037260106
      119.000   0.00038665105
      120.000   0.00040464656
      121.000   0.00043081000
      122.000   0.00046771980
      123.000   0.00051457214
      124.000   0.00056832843
      125.000   0.00062781177
      126.000   0.00069500139
      127.000   0.00077139284
      128.000   0.00085437560
      129.000   0.00093887246
      130.000    0.0010230133
      131.000    0.0011121801
      132.000    0.0012143848
      133.000    0.0013293755
      134.000    0.0014442431
      135.000    0.0015417907
      136.000    0.0016143299
      137.000    0.0016682720
      138.000    0.0017195448
      139.000    0.0017872591
      140.000    0.0018918290
      141.000    0.0020497246
      142.000    0.0022533182
      143.000    0.0024674875
      144.000    0.0026706478
      145.000    0.0029009888
      146.000    0.0032455325
      147.000    0.0037712762
      148.000    0.0044715051
      149.000    0.0052915108
      150.000    0.0062198923
      151.000    0.0073720259
      152.000    0.0090023559
      153.000     0.011486770
      154.000     0.015304763
      155.000     0.020924745
      156.000     0.028722597
      157.000     0.039307155
      158.000     0.053759523
      159.000     0.072275862
      160.000     0.091503844
      161.000      0.10403545
      162.000      0.10305289
      163.000     0.088972636
      164.000     0.068899445
      165.000     0.049983256
      166.000     0.035437379
      167.000     0.025208270
      168.000     0.018170867
      169.000     0.013343778
      170.000     0.010081074
      171.000    0.0079170102
      172.000    0.0064478368
      173.000    0.0053839427
      174.000    0.0045842114
      175.000    0.0039807684
      176.000    0.0035147322
      177.000    0.0031353321
      178.000    0.0028110428
      179.000    0.0025284206
      180.000    0.0022896088
      181.000    0.0020973661
      182.000    0.0019406680
      183.000    0.0018042717
      184.000    0.0016811022
      185.000    0.0015663570
      186.000    0.0014494621
      187.000    0.0013221023
      188.000    0.0011843152
      189.000    0.0010426673
      190.000   0.00091106474
      191.000   0.00080392504
      192.000   0.00072401582
      193.000   0.00066154642
      194.000   0.00060447573
      195.000   0.00054643571
      196.000   0.00048668316
      197.000   0.00042810186
      198.000   0.00037555338
      199.000   0.00033281991
      200.000   0.00030037374
      201.000   0.00027579899
      202.000   0.00025574747
      203.000   0.00023777617
      204.000   0.00022088885
      205.000   0.00020506812
      206.000   0.00019027716
      207.000   0.00017612299
      208.000   0.00016248139
      209.000   0.00014954412
      210.000   0.00013735621
      211.000   0.00012578149
      212.000   0.00011483007
      213.000   0.00010469159
      214.000   9.5538133e-05
      215.000   8.7542954e-05
      216.000   8.0802063e-05
      217.000   7.5213058e-05
      218.000   7.0519134e-05
      219.000   6.6500470e-05
      220.000   6.3172658e-05
      221.000   6.0733888e-05
      222.000   5.9259437e-05
      223.000   5.8532849e-05
      224.000   5.8114976e-05
      225.000   5.7510159e-05
      226.000   5.6436314e-05
      227.000   5.4959870e-05
      228.000   5.3320004e-05
      229.000   5.1685285e-05
      230.000   5.0117480e-05
      231.000   4.8675840e-05
      232.000   4.7362304e-05
      233.000   4.6028046e-05
      234.000   4.4550903e-05
      235.000   4.2928677e-05
      236.000   4.1205625e-05
      237.000   3.9489310e-05
      238.000   3.7928021e-05
      239.000   3.6615027e-05
      240.000   3.5484903e-05
      241.000   3.4317942e-05
      242.000   3.2942989e-05
      243.000   3.1404634e-05
      244.000   2.9873592e-05
      245.000   2.8483240e-05
      246.000   2.7303382e-05
      247.000   2.6352847e-05
      248.000   2.5549898e-05
      249.000   2.4744808e-05
      250.000   2.3866580e-05
      251.000   2.2959723e-05
      252.000   2.2123062e-05
      253.000   2.1464059e-05
      254.000   2.1044731e-05
      255.000   2.0837242e-05
      256.000   2.0781818e-05
      257.000   2.0856736e-05
      258.000   2.1056636e-05
      259.000   2.1342536e-05
      260.000   2.1623340e-05
      261.000   2.1786836e-05
      262.000   2.1764901e-05
      263.000   2.1555348e-05
      264.000   2.1196916e-05
      265.000   2.0738160e-05
      266.000   2.0236690e-05
      267.000   1.9760721e-05
      268.000   1.9337635e-05
      269.000   1.8927591e-05
      270.000   1.8474770e-05
      271.000   1.7936904e-05
      272.000   1.7295179e-05
      273.000   1.6576696e-05
      274.000   1.5848898e-05
      275.000   1.5187669e-05
      276.000   1.4643276e-05
      277.000   1.4228167e-05
      278.000   1.3931193e-05
      279.000   1.3733759e-05
      280.000   1.3589364e-05
      281.000   1.3442784e-05
      282.000   1.3270655e-05
      283.000   1.3091978e-05
      284.000   1.2942131e-05
      285.000   1.2840694e-05
      286.000   1.2790256e-05
      287.000   1.2776353e-05
      288.000   1.2756096e-05
      289.000   1.2686695e-05
      290.000   1.2565300e-05
      291.000   1.2414500e-05
      292.000   1.2257214e-05
      293.000   1.2102038e-05
      294.000   1.1934680e-05
      295.000   1.1729062e-05
      296.000   1.1470752e-05
      297.000   1.1174797e-05
      298.000   1.0863718e-05
      299.000   1.0548431e-05
      300.000   1.0232326e-05
      301.000   9.9198605e-06
      302.000   9.6151689e-06
      303.000   9.3213539e-06
      304.000   9.0508311e-06
      305.000   8.8222841e-06
      306.000   8.6447781e-06
      307.000   8.5098745e-06
      308.000   8.3986524e-06
      309.000   8.3009963e-06
      310.000   8.2165534e-06
      311.000   8.1405769e-06
      312.000   8.0560494e-06
      313.000   7.9450583e-06
      314.000   7.8051162e-06
      315.000   7.6499355e-06
      316.000   7.4955433e-06
      317.000   7.3454330e-06
      318.000   7.1965487e-06
      319.000   7.0553197e-06
      320.000   6.9465377e-06
      321.000   6.8688978e-06
