! -------------------------
   1135.4631347656250        0.0000000000000000        3.3892031759023666E-002   1.0000000000000000     
   1135.4930419921875       0.69718909263610840       0.16341698169708252        1.0000000000000000     
   1135.5229492187500        1.0943120718002319       0.20252481102943420        1.0000000000000000     
   1135.5528564453125       0.96934401988983154       0.19097660481929779        1.0000000000000000     
   1135.5827636718750       0.81233525276184082       0.17548611760139465        1.0000000000000000     
   1135.6126708984375        1.0897800922393799       0.20194564759731293        1.0000000000000000     
   1135.6425781250000       0.87683415412902832       0.18184131383895874        1.0000000000000000     
   1135.6724853515625       0.93940365314483643       0.18786953389644623        1.0000000000000000     
   1135.7023925781250       0.74891382455825806       0.16864520311355591        1.0000000000000000     
   1135.7322998046875       0.86619371175765991       0.18063507974147797        1.0000000000000000     
   1135.7622070312500       0.98173928260803223       0.19170755147933960        1.0000000000000000     
   1135.7921142578125        1.0226134061813354       0.19547146558761597        1.0000000000000000     
   1135.8220214843750       0.75427991151809692       0.16892376542091370        1.0000000000000000     
   1135.8519287109375        1.0968340635299683       0.20200602710247040        1.0000000000000000     
   1135.8818359375000       0.82066428661346436       0.17566728591918945        1.0000000000000000     
   1135.9117431640625        1.1003576517105103       0.20217238366603851        1.0000000000000000     
   1135.9416503906250        1.1200401782989502       0.20384451746940613        1.0000000000000000     
   1135.9715576171875        1.1506121158599854       0.20647101104259491        1.0000000000000000     
   1136.0014648437500        1.1776522397994995       0.20867602527141571        1.0000000000000000     
   1136.0313720703125       0.87063699960708618       0.18035741150379181        1.0000000000000000     
   1136.0614013671875       0.85816985368728638       0.17893955111503601        1.0000000000000000     
   1136.0913085937500        1.0825697183609009       0.20004419982433319        1.0000000000000000     
   1136.1212158203125       0.59315478801727295       0.15006567537784576        1.0000000000000000     
   1136.1511230468750       0.70668220520019531       0.16297455132007599        1.0000000000000000     
   1136.1810302734375       0.78590804338455200       0.17138633131980896        1.0000000000000000     
   1136.2109375000000       0.89476531744003296       0.18228711187839508        1.0000000000000000     
   1136.2408447265625        1.2287681102752686       0.21233452856540680        1.0000000000000000     
   1136.2707519531250       0.90762585401535034       0.18333075940608978        1.0000000000000000     
   1136.3006591796875       0.98270964622497559       0.19043521583080292        1.0000000000000000     
   1136.3305664062500        1.1546564102172852       0.20585498213768005        1.0000000000000000     
   1136.3604736328125       0.88281649351119995       0.18084831535816193        1.0000000000000000     
   1136.3903808593750       0.84584844112396240       0.17719617486000061        1.0000000000000000     
   1136.4202880859375       0.68092393875122070       0.15981864929199219        1.0000000000000000     
   1136.4501953125000       0.74450701475143433       0.16668739914894104        1.0000000000000000     
   1136.4801025390625       0.94763267040252686       0.18698315322399139        1.0000000000000000     
   1136.5100097656250       0.74127572774887085       0.16624458134174347        1.0000000000000000     
   1136.5399169921875        1.0209647417068481       0.19378633797168732        1.0000000000000000     
   1136.5698242187500        1.0854169130325317       0.19955752789974213        1.0000000000000000     
   1136.5997314453125       0.84066408872604370       0.17642457783222198        1.0000000000000000     
   1136.6296386718750        1.0664826631546021       0.19775357842445374        1.0000000000000000     
   1136.6595458984375        1.1340519189834595       0.20364515483379364        1.0000000000000000     
   1136.6894531250000        1.0988763570785522       0.20044530928134918        1.0000000000000000     
   1136.7193603515625       0.84913206100463867       0.17705033719539642        1.0000000000000000     
   1136.7492675781250       0.70313346385955811       0.16186015307903290        1.0000000000000000     
   1136.7791748046875        1.0149043798446655       0.19281168282032013        1.0000000000000000     
   1136.8090820312500        1.2064973115921021       0.20953293144702911       0.99980068174373526     
   1136.8389892578125       0.94255495071411133       0.18598507344722748       0.99977512410859060     
   1136.8688964843750       0.88004910945892334       0.17997519671916962       0.99974413421879371     
   1136.8988037109375        1.0884324312210083       0.19935517013072968       0.99970642361317463     
   1136.9287109375000       0.81674975156784058       0.17366129159927368       0.99966013440896262     
   1136.9586181640625       0.88854730129241943       0.18074357509613037       0.99960287086702948     
   1136.9885253906250        1.1513400077819824       0.20469073951244354       0.99953114491640094     
   1137.0184326171875       0.99265271425247192       0.19059975445270538       0.99943838578080912     
   1137.0483398437500        1.0943655967712402       0.19972713291645050       0.99931214675205593     
   1137.0782470703125       0.89663207530975342       0.18148916959762573       0.99913135762661598     
   1137.1081542968750       0.93617808818817139       0.18516875803470612       0.99886291929274218     
   1137.1380615234375       0.91678875684738159       0.18325400352478027       0.99845890619650468     
   1137.1679687500000        1.1748545169830322       0.20635335147380829       0.99785506694178183     
   1137.1978759765625       0.98604232072830200       0.18965096771717072       0.99696125244804124     
   1137.2277832031250        1.0760143995285034       0.19775161147117615       0.99563015584931647     
   1137.2576904296875       0.99587947130203247       0.19047974050045013       0.99356222307260511     
   1137.2875976562500        1.1374909877777100       0.20303472876548767       0.99002118619000401     
   1137.3175048828125        1.1689805984497070       0.20566910505294800       0.98333631239468211     
   1137.3474121093750       0.80923140048980713       0.17236642539501190       0.97086687049535081     
   1137.3774414062500        1.1776846647262573       0.20619474351406097       0.95088856696508317     
   1137.4073486328125        1.1707382202148438       0.20548601448535919       0.92638038935630274     
   1137.4372558593750        1.1554865837097168       0.20415295660495758       0.90638789534788466     
   1137.4671630859375       0.74278032779693604       0.16519281268119812       0.90043249359550559     
   1137.4970703125000       0.75350320339202881       0.16631670296192169       0.90990904301479125     
   1137.5269775390625       0.89470785856246948       0.18042859435081482       0.92600048258060819     
   1137.5568847656250       0.83680897951126099       0.17466384172439575       0.93600829737069835     
   1137.5867919921875        1.0142283439636230       0.19148395955562592       0.92968549523768218     
   1137.6166992187500       0.85790026187896729       0.17670801281929016       0.89988330285670470     
   1137.6466064453125       0.91687273979187012       0.18242126703262329       0.84295085883630272     
   1137.6765136718750       0.50123733282089233       0.13734412193298340       0.76470054696833234     
   1137.7064208984375       0.57916986942291260       0.14680515229701996       0.68524380542117491     
   1137.7363281250000       0.45985776185989380       0.13189190626144409       0.63198142655263456     
   1137.7662353515625        1.0345481634140015       0.19305825233459473       0.62489473828957598     
   1137.7961425781250       0.70768237113952637       0.16111527383327484       0.66690316733141175     
   1137.8260498046875       0.76278007030487061       0.16686107218265533       0.74279254610591394     
   1137.8559570312500       0.78675693273544312       0.16922731697559357       0.82629388749901000     
   1137.8858642578125        1.2196539640426636       0.20868413150310516       0.89452098391304657     
   1137.9157714843750        1.0968784093856812       0.19818720221519470       0.93909752299336136     
   1137.9456787109375        1.4084457159042358       0.22360877692699432       0.96418799767747032     
   1137.9755859375000       0.82066649198532104       0.17244009673595428       0.97755071298429363     
   1138.0054931640625       0.78802043199539185       0.16905143857002258       0.98489768190452975     
   1138.0354003906250       0.71481746435165405       0.16137960553169250       0.98922724143065199     
   1138.0653076171875       0.77539491653442383       0.16760164499282837       0.99196335458793394     
   1138.0952148437500       0.75172650814056396       0.16509653627872467       0.99383253401795979     
   1138.1251220703125       0.90512275695800781       0.18039838969707489       0.99522011626934814     
   1138.1550292968750       0.67554366588592529       0.15700607001781464       0.99630685063579139     
   1138.1849365234375       0.88562989234924316       0.17849470674991608       0.99716525364898789     
   1138.2148437500000        1.0171254873275757       0.19061863422393799       0.99783270446301664     
   1138.2447509765625       0.89636218547821045       0.19485317170619965       0.99834353542402077     
   1138.2746582031250        1.2864340543746948       0.21348376572132111       0.99873113294279403     
   1138.3045654296875        1.4673627614974976       0.22751627862453461       0.99902294870193276     
   1138.3344726562500        1.1856721639633179       0.20517289638519287       0.99923923320931129     
   1138.3643798828125        1.0981144905090332       0.19773623347282410       0.99939553084034072     
   1138.3942871093750       0.92374485731124878       0.18204414844512939       0.99950554124193769     
   1138.4241943359375        1.1651800870895386       0.20344263315200806       0.99958195843712883     
   1138.4541015625000        1.4434456825256348       0.22555112838745117       0.99963589708116640     
   1138.4840087890625        1.1155220270156860       0.19908685982227325       0.99967615509246344     
   1138.5139160156250        1.0509395599365234       0.19328902661800385        1.0000000000000000     
   1138.5438232421875        1.3667591810226440       0.21936300396919250        1.0000000000000000     
   1138.5737304687500       0.94310384988784790       0.18330384790897369        1.0000000000000000     
   1138.6036376953125       0.68448668718338013       0.15738028287887573        1.0000000000000000     
   1138.6335449218750       0.68585801124572754       0.15746985375881195        1.0000000000000000     
   1138.6634521484375        1.0049200057983398       0.18883062899112701        1.0000000000000000     
   1138.6934814453125       0.68342709541320801       0.15717364847660065        1.0000000000000000     
   1138.7233886718750       0.99289429187774658       0.18764954805374146        1.0000000000000000     
   1138.7532958984375       0.45221784710884094       0.12963780760765076        1.0000000000000000     
   1138.7832031250000       0.62309175729751587       0.15012946724891663        1.0000000000000000     
   1138.8131103515625       0.92289024591445923       0.17508631944656372        1.0000000000000000     
   1138.8430175781250       0.70170688629150391       0.15861536562442780        1.0000000000000000     
   1138.8729248046875       0.80385762453079224       0.16910339891910553        1.0000000000000000     
   1138.9028320312500       0.75477790832519531       0.16407696902751923        1.0000000000000000     
   1138.9327392578125       0.64497953653335571       0.15225757658481598        1.0000000000000000     
   1138.9626464843750       0.85259687900543213       0.17375648021697998        1.0000000000000000     
   1138.9925537109375        1.1546226739883423       0.20091591775417328        1.0000000000000000     
   1139.0224609375000       0.88865166902542114       0.17701476812362671        1.0000000000000000     
   1139.0523681640625        1.0149683952331543       0.18866746127605438        1.0000000000000000     
   1139.0822753906250       0.63899588584899902       0.15130782127380371        1.0000000000000000     
   1139.1121826171875       0.89432799816131592       0.17748364806175232        1.0000000000000000     
   1139.1420898437500       0.93873053789138794       0.18158736824989319        1.0000000000000000     
   1139.1719970703125       0.93418645858764648       0.18108637630939484        1.0000000000000000     
   1139.2019042968750        1.0570937395095825       0.19216509163379669        1.0000000000000000     
   1139.2318115234375        1.1151605844497681       0.19720435142517090        1.0000000000000000     
   1139.2617187500000        1.0924705266952515       0.19525699317455292        1.0000000000000000     
   1139.2916259765625       0.83747285604476929       0.17181125283241272        1.0000000000000000     
   1139.3215332031250       0.77069175243377686       0.16509355604648590        1.0000000000000000     
   1139.3514404296875        1.1939058303833008       0.20369757711887360        1.0000000000000000     
   1139.3813476562500       0.75427448749542236       0.16333283483982086        1.0000000000000000     
   1139.4112548828125        1.0315014123916626       0.18971069157123566        1.0000000000000000     
   1139.4411621093750        1.0121295452117920       0.18794114887714386        1.0000000000000000     
   1139.4710693359375        1.1434429883956909       0.19929398596286774        1.0000000000000000     
   1139.5009765625000        1.1908257007598877       0.20316411554813385        1.0000000000000000     
   1139.5308837890625        1.1540577411651611       0.20002377033233643        1.0000000000000000     
   1139.5607910156250        1.1950433254241943       0.20342205464839935        1.0000000000000000     
   1139.5906982421875        1.5765007734298706       0.23272731900215149        1.0000000000000000     
   1139.6206054687500        1.2579706907272339       0.20845301449298859        1.0000000000000000     
   1139.6505126953125        1.5237054824829102       0.22873373329639435        1.0000000000000000     
   1139.6804199218750        1.1075326204299927       0.19582681357860565        1.0000000000000000     
   1139.7103271484375        1.1687591075897217       0.20092135667800903        1.0000000000000000     
   1139.7402343750000        1.2568275928497314       0.20807249844074249        1.0000000000000000     
   1139.7701416015625        1.5284216403961182       0.22888006269931793        1.0000000000000000     
   1139.8000488281250        1.1280713081359863       0.19749353826045990        1.0000000000000000     
   1139.8299560546875       0.91134577989578247       0.17825160920619965        1.0000000000000000     
   1139.8598632812500       0.99349617958068848       0.18589188158512115        1.0000000000000000     
   1139.8897705078125       0.90145683288574219       0.17745257914066315        1.0000000000000000     
   1139.9196777343750       0.93450403213500977       0.18053597211837769        1.0000000000000000     
   1139.9495849609375        1.0872671604156494       0.19412086904048920        1.0000000000000000     
   1139.9794921875000        1.1901649236679077       0.20271670818328857        1.0000000000000000     
!  ---- tick mark positions for above ----
!      1137.75730     2     1
!      1137.45911     2     2
