! -------------------------
   1699.1687011718750       0.66076844930648804       0.17107355594635010        1.0000000000000000     
   1699.2054443359375       0.45371809601783752       0.14424884319305420        1.0000000000000000     
   1699.2421875000000       0.63121438026428223       0.17179031670093536        1.0000000000000000     
   1699.2788085937500       0.42326471209526062       0.13774226605892181        1.0000000000000000     
   1699.3155517578125       0.34431567788124084       0.13069516420364380        1.0000000000000000     
   1699.3521728515625       0.36823749542236328       0.13850502669811249        1.0000000000000000     
   1699.3889160156250       0.55794441699981689       0.15466265380382538        1.0000000000000000     
   1699.4255371093750       0.63287907838821411       0.16551735997200012        1.0000000000000000     
   1699.4622802734375       0.60114377737045288       0.16510678827762604        1.0000000000000000     
   1699.4990234375000       0.71802318096160889       0.17129580676555634        1.0000000000000000     
   1699.5356445312500       0.52192586660385132       0.14796896278858185        1.0000000000000000     
   1699.5723876953125       0.75640594959259033       0.18199269473552704        1.0000000000000000     
   1699.6090087890625       0.52003699541091919       0.15353672206401825        1.0000000000000000     
   1699.6457519531250       0.56189024448394775       0.15384976565837860        1.0000000000000000     
   1699.6823730468750       0.58110308647155762       0.16145969927310944        1.0000000000000000     
   1699.7191162109375       0.62600761651992798       0.16404938697814941        1.0000000000000000     
   1699.7557373046875       0.57032316923141479       0.15408435463905334        1.0000000000000000     
   1699.7924804687500       0.52944499254226685       0.15057763457298279        1.0000000000000000     
   1699.8292236328125       0.83234965801239014       0.18496464192867279        1.0000000000000000     
   1699.8658447265625       0.78775417804718018       0.18038971722126007        1.0000000000000000     
   1699.9025878906250       0.73855066299438477       0.17518156766891479        1.0000000000000000     
   1699.9392089843750       0.81093418598175049       0.18258532881736755        1.0000000000000000     
   1699.9759521484375        1.0448757410049438       0.20807883143424988        1.0000000000000000     
   1700.0125732421875        1.1419030427932739       0.21703815460205078        1.0000000000000000     
   1700.0493164062500       0.96802711486816406       0.20667563378810883        1.0000000000000000     
   1700.0860595703125       0.82758474349975586       0.18855392932891846        1.0000000000000000     
   1700.1226806640625       0.98616296052932739       0.20030842721462250        1.0000000000000000     
   1700.1594238281250        1.0757081508636475       0.21024231612682343        1.0000000000000000     
   1700.1960449218750        1.1063033342361450       0.20974370837211609        1.0000000000000000     
   1700.2327880859375       0.83660691976547241       0.19298131763935089        1.0000000000000000     
   1700.2694091796875       0.86139702796936035       0.18665786087512970        1.0000000000000000     
   1700.3061523437500       0.56639516353607178       0.18286147713661194        1.0000000000000000     
   1700.3427734375000       0.89324033260345459       0.20121717453002930        1.0000000000000000     
   1700.3795166015625       0.84304356575012207       0.18790362775325775        1.0000000000000000     
   1700.4162597656250       0.78272521495819092       0.18343700468540192        1.0000000000000000     
   1700.4528808593750       0.67520534992218018       0.16807386279106140        1.0000000000000000     
   1700.4896240234375        1.1665821075439453       0.21555837988853455        1.0000000000000000     
   1700.5262451171875        1.2804824113845825       0.22340852022171021        1.0000000000000000     
   1700.5629882812500       0.86907500028610229       0.18979150056838989        1.0000000000000000     
   1700.5996093750000       0.75123357772827148       0.17578521370887756        1.0000000000000000     
   1700.6363525390625        1.1269452571868896       0.20500901341438293        1.0000000000000000     
   1700.6730957031250       0.99374580383300781       0.20107065141201019        1.0000000000000000     
   1700.7097167968750        1.3153012990951538       0.23160591721534729        1.0000000000000000     
   1700.7464599609375        1.0739921331405640       0.21213124692440033        1.0000000000000000     
   1700.7830810546875       0.92222148180007935       0.19856670498847961        1.0000000000000000     
   1700.8198242187500       0.99958729743957520       0.20589615404605865        1.0000000000000000     
   1700.8564453125000       0.86363571882247925       0.19390615820884705        1.0000000000000000     
   1700.8931884765625       0.95808541774749756       0.20051315426826477        1.0000000000000000     
   1700.9299316406250        1.0647090673446655       0.21859911084175110        1.0000000000000000     
   1700.9665527343750        1.3240195512771606       0.23710946738719940        1.0000000000000000     
   1701.0032958984375       0.83235871791839600       0.20225088298320770       0.99965313614654683     
   1701.0399169921875        1.0175724029541016       0.20238669216632843       0.99966192104819485     
   1701.0766601562500        1.3616819381713867       0.23043933510780334       0.99966960122150128     
   1701.1132812500000        1.0016840696334839       0.20430019497871399       0.99967620728484929     
   1701.1500244140625       0.97274237871170044       0.20011442899703979       0.99968172005225586     
   1701.1866455078125       0.93561869859695435       0.19366197288036346       0.99968611934756968     
   1701.2233886718750       0.66291564702987671       0.17196412384510040       0.99968937695645110     
   1701.2601318359375        1.0963654518127441       0.20829221606254578       0.99969143601962729     
   1701.2967529296875        1.1778159141540527       0.21919925510883331       0.99969219034749324     
   1701.3334960937500       0.99664354324340820       0.20154236257076263       0.99969149092695275     
   1701.3701171875000       0.79210853576660156       0.18590755760669708       0.99968918297920528     
   1701.4068603515625        1.0950523614883423       0.21069362759590149       0.99968514655957208     
   1701.4434814453125       0.86483299732208252       0.19218447804450989       0.99967930091642021     
   1701.4802246093750        1.1221632957458496       0.21073435246944427       0.99967153537574038     
   1701.5169677734375        1.1276224851608276       0.21000306308269501       0.99966156625147351     
   1701.5535888671875       0.92784869670867920       0.19530041515827179       0.99964873506650997     
   1701.5903320312500       0.71900540590286255       0.17770239710807800       0.99963176788325148     
   1701.6269531250000       0.77132445573806763       0.17675474286079407       0.99960850196481388     
   1701.6636962890625        1.0944794416427612       0.20700910687446594       0.99957558136445857     
   1701.7003173828125       0.93351000547409058       0.19159549474716187       0.99952811868852554     
   1701.7370605468750       0.97099900245666504       0.20491392910480499       0.99945941396279070     
   1701.7738037109375       0.85437315702438354       0.18640948832035065       0.99936066718558958     
   1701.8104248046875        1.1083894968032837       0.20922423899173737       0.99921984937875186     
   1701.8471679687500        1.2702945470809937       0.22227060794830322       0.99902039069783999     
   1701.8837890625000        1.1034743785858154       0.20872782170772552       0.99873916991037170     
   1701.9205322265625       0.90091496706008911       0.19627566635608673       0.99834273274301533     
   1701.9571533203125        1.1505621671676636       0.21442577242851257       0.99778000940037981     
   1701.9938964843750       0.86246138811111450       0.18503949046134949       0.99696761170830628     
   1702.0305175781250       0.49676534533500671       0.15408577024936676       0.99576137658135710     
   1702.0672607421875       0.69451105594635010       0.16757091879844666       0.99390696734204365     
   1702.1040039062500       0.70097559690475464       0.17231465876102448       0.99096741204381500     
   1702.1406250000000       0.71375036239624023       0.16978931427001953       0.98624132236888984     
   1702.1773681640625       0.96963411569595337       0.19953963160514832       0.97871692486527617     
   1702.2139892578125       0.67991268634796143       0.18014803528785706       0.96714236560028055     
   1702.2507324218750       0.67368918657302856       0.18156744539737701       0.95029976598995702     
   1702.2873535156250       0.69486671686172485       0.16772100329399109       0.92750736712140636     
   1702.3240966796875       0.77143168449401855       0.17827901244163513       0.89922941374389309     
   1702.3608398437500       0.52488261461257935       0.15316209197044373       0.86750917374495362     
   1702.3974609375000       0.81414139270782471       0.17975309491157532       0.83588112993063668     
   1702.4342041015625       0.99178403615951538       0.20337255299091339       0.80870090740606537     
   1702.4708251953125       0.77655583620071411       0.18145683407783508       0.79013364675700481     
   1702.5075683593750       0.80014801025390625       0.18193763494491577       0.78316255213673547     
   1702.5441894531250       0.95180481672286987       0.19361764192581177       0.78891858943120663     
   1702.5809326171875       0.71461820602416992       0.17302671074867249       0.80644060490017078     
   1702.6175537109375       0.93383860588073730       0.20277841389179230       0.83287820680245128     
   1702.6542968750000        1.1138207912445068       0.21057592332363129       0.86412648411521042     
   1702.6910400390625        1.2431341409683228       0.22171251475811005       0.89579510221906133     
   1702.7276611328125        1.0710414648056030       0.20375575125217438       0.92426284536516479     
   1702.7644042968750       0.85321903228759766       0.19666075706481934       0.94738208478009589     
   1702.8010253906250       0.85380762815475464       0.19062767922878265       0.96458118071535737     
   1702.8377685546875        1.0298051834106445       0.20777983963489532       0.97647053835239994     
   1702.8743896484375       0.88037246465682983       0.18942913413047791       0.98424326349722391     
   1702.9111328125000        1.1795468330383301       0.21773158013820648       0.98915985945344043     
   1702.9478759765625       0.97853469848632812       0.19608014822006226       0.99225478325821703     
   1702.9844970703125       0.74634867906570435       0.17296667397022247       0.99425183141303186     
   1703.0212402343750       0.94440823793411255       0.19482731819152832       0.99560190781043501     
   1703.0578613281250       0.48351195454597473       0.16191731393337250       0.99656362200945747     
   1703.0946044921875        1.0004880428314209       0.20833185315132141       0.99727930600921033     
   1703.1312255859375        1.1069723367691040       0.20953573286533356       0.99782827636395632     
   1703.1679687500000        1.1802949905395508       0.21451920270919800       0.99825765955360912     
   1703.2047119140625        1.1904408931732178       0.21602904796600342       0.99859778802123411     
   1703.2413330078125        1.2169091701507568       0.22242940962314606       0.99886926292696232     
   1703.2780761718750       0.97054308652877808       0.19973687827587128       0.99908644578381656     
   1703.3146972656250        1.1297427415847778       0.20972831547260284       0.99925951930699852     
   1703.3514404296875        1.0078517198562622       0.20106670260429382       0.99939613624730417     
   1703.3880615234375       0.92187422513961792       0.19137102365493774       0.99950288473923399     
   1703.4248046875000       0.75100898742675781       0.17716519534587860       0.99958562314004873     
   1703.4614257812500        1.0915458202362061       0.21343031525611877       0.99964947868188103     
   1703.4981689453125       0.73908168077468872       0.17360191047191620       0.99969875723938151     
   1703.5349121093750       0.87513828277587891       0.19407524168491364       0.99973689137510002     
   1703.5715332031250        1.1027797460556030       0.20947577059268951       0.99976650628707209     
   1703.6082763671875        1.0603458881378174       0.20411805808544159       0.99978959235418252     
   1703.6448974609375       0.80273514986038208       0.18467009067535400       0.99980770168712751     
   1703.6816406250000       0.85482603311538696       0.18549261987209320       0.99982210044213016     
   1703.7182617187500       0.96406900882720947       0.20101745426654816       0.99983384675065035     
   1703.7550048828125       0.92910122871398926       0.19887334108352661       0.99984381368491915     
   1703.7917480468750       0.83201545476913452       0.18257628381252289       0.99985267011811940     
   1703.8283691406250        1.0082886219024658       0.19890795648097992        1.0000000000000000     
   1703.8651123046875        1.2305257320404053       0.21814224123954773        1.0000000000000000     
   1703.9017333984375        1.2350680828094482       0.21887364983558655        1.0000000000000000     
   1703.9384765625000       0.60629481077194214       0.16276690363883972        1.0000000000000000     
   1703.9750976562500        1.0504548549652100       0.20764894783496857        1.0000000000000000     
   1704.0118408203125        1.0214107036590576       0.20290167629718781        1.0000000000000000     
   1704.0484619140625        1.0214377641677856       0.20274606347084045        1.0000000000000000     
   1704.0852050781250        1.0263754129409790       0.20057094097137451        1.0000000000000000     
   1704.1219482421875       0.95648229122161865       0.20154261589050293        1.0000000000000000     
   1704.1585693359375       0.85027903318405151       0.18613673746585846        1.0000000000000000     
   1704.1953125000000       0.89673602581024170       0.18891680240631104        1.0000000000000000     
   1704.2319335937500       0.98995405435562134       0.20479975640773773        1.0000000000000000     
   1704.2686767578125        1.2895259857177734       0.22392071783542633        1.0000000000000000     
   1704.3052978515625        1.0346109867095947       0.20376208424568176        1.0000000000000000     
   1704.3420410156250        1.4532016515731812       0.24129724502563477        1.0000000000000000     
   1704.3787841796875        1.3885519504547119       0.23409654200077057        1.0000000000000000     
   1704.4154052734375        1.0141848325729370       0.20041009783744812        1.0000000000000000     
   1704.4521484375000       0.58719402551651001       0.16069690883159637        1.0000000000000000     
   1704.4887695312500       0.95492118597030640       0.19924725592136383        1.0000000000000000     
   1704.5255126953125       0.94276672601699829       0.19254082441329956        1.0000000000000000     
   1704.5621337890625       0.93151873350143433       0.19272758066654205        1.0000000000000000     
   1704.5988769531250        1.1650623083114624       0.22079673409461975        1.0000000000000000     
   1704.6356201171875       0.79052799940109253       0.19141528010368347        1.0000000000000000     
   1704.6722412109375        1.1199439764022827       0.21434992551803589        1.0000000000000000     
   1704.7089843750000        1.1926046609878540       0.21738213300704956        1.0000000000000000     
   1704.7456054687500       0.93242335319519043       0.19196151196956635        1.0000000000000000     
   1704.7823486328125        1.2996757030487061       0.22499667108058929        1.0000000000000000     
   1704.8189697265625        1.0007696151733398       0.19946020841598511        1.0000000000000000     
   1704.8557128906250        1.1590143442153931       0.21906149387359619        1.0000000000000000     
   1704.8923339843750        1.3693299293518066       0.23117989301681519        1.0000000000000000     
   1704.9290771484375       0.85126775503158569       0.19742985069751740        1.0000000000000000     
   1704.9658203125000        1.0845394134521484       0.20568005740642548        1.0000000000000000     
   1705.0024414062500       0.98046725988388062       0.19899196922779083        1.0000000000000000     
   1705.0391845703125        1.0293210744857788       0.20072190463542938        1.0000000000000000     
   1705.0758056640625       0.73911249637603760       0.18331821262836456        1.0000000000000000     
   1705.1125488281250       0.90973216295242310       0.19850274920463562        1.0000000000000000     
   1705.1491699218750       0.83802551031112671       0.18605251610279083        1.0000000000000000     
   1705.1859130859375       0.98163139820098877       0.19759425520896912        1.0000000000000000     
   1705.2226562500000       0.78650927543640137       0.18288466334342957        1.0000000000000000     
   1705.2592773437500       0.99084347486495972       0.19912226498126984        1.0000000000000000     
   1705.2960205078125        1.1195526123046875       0.20922252535820007        1.0000000000000000     
   1705.3326416015625       0.71457767486572266       0.17794492840766907        1.0000000000000000     
   1705.3693847656250        1.2007446289062500       0.22156789898872375        1.0000000000000000     
   1705.4060058593750        1.2116290330886841       0.21717455983161926        1.0000000000000000     
   1705.4427490234375       0.70154005289077759       0.19151338934898376        1.0000000000000000     
   1705.4794921875000        1.2552664279937744       0.22575882077217102        1.0000000000000000     
   1705.5161132812500        1.1970443725585938       0.21935176849365234        1.0000000000000000     
   1705.5528564453125       0.86600065231323242       0.18885408341884613        1.0000000000000000     
   1705.5894775390625        1.2007755041122437       0.22211955487728119        1.0000000000000000     
   1705.6262207031250       0.94996315240859985       0.19918279349803925        1.0000000000000000     
!  ---- tick mark positions for above ----
!      1699.68780     1     1
!      1702.51316     2     1
