! -------------------------
   1695.8299560546875        1.0058712959289551       0.20182138681411743        1.0000000000000000     
   1695.8666992187500        1.0871230363845825       0.20575505495071411        1.0000000000000000     
   1695.9033203125000        1.1521383523941040       0.21198517084121704        1.0000000000000000     
   1695.9400634765625       0.88188546895980835       0.19219870865345001        1.0000000000000000     
   1695.9766845703125        1.0738828182220459       0.20830507576465607        1.0000000000000000     
   1696.0134277343750        1.1866695880889893       0.21760313212871552        1.0000000000000000     
   1696.0500488281250       0.70853602886199951       0.17648041248321533        1.0000000000000000     
   1696.0867919921875       0.87557309865951538       0.18775457143783569        1.0000000000000000     
   1696.1235351562500       0.93813633918762207       0.19536486268043518        1.0000000000000000     
   1696.1601562500000        1.1542659997940063       0.21687082946300507        1.0000000000000000     
   1696.1968994140625       0.93859773874282837       0.19857612252235413        1.0000000000000000     
   1696.2335205078125        1.1379324197769165       0.21593071520328522        1.0000000000000000     
   1696.2702636718750        1.2112566232681274       0.22080239653587341        1.0000000000000000     
   1696.3068847656250       0.99186092615127563       0.20014256238937378        1.0000000000000000     
   1696.3436279296875        1.1319155693054199       0.21295990049839020        1.0000000000000000     
   1696.3803710937500       0.75843155384063721       0.18165610730648041        1.0000000000000000     
   1696.4169921875000        1.0583553314208984       0.20451453328132629        1.0000000000000000     
   1696.4537353515625        1.1623620986938477       0.21253870427608490        1.0000000000000000     
   1696.4903564453125        1.0357292890548706       0.20113684237003326        1.0000000000000000     
   1696.5270996093750       0.96725577116012573       0.19519293308258057        1.0000000000000000     
   1696.5637207031250       0.89344114065170288       0.19095155596733093        1.0000000000000000     
   1696.6004638671875        1.0042895078659058       0.20192673802375793        1.0000000000000000     
   1696.6370849609375        1.1721298694610596       0.22159445285797119        1.0000000000000000     
   1696.6738281250000       0.48849117755889893       0.14425979554653168        1.0000000000000000     
   1696.7105712890625       0.57649987936019897       0.15500023961067200        1.0000000000000000     
   1696.7471923828125        1.0368413925170898       0.20675303041934967        1.0000000000000000     
   1696.7839355468750       0.94671356678009033       0.19347529113292694        1.0000000000000000     
   1696.8205566406250       0.71135604381561279       0.18939459323883057        1.0000000000000000     
   1696.8572998046875       0.78805565834045410       0.18040566146373749        1.0000000000000000     
   1696.8939208984375        1.1557554006576538       0.21269689500331879        1.0000000000000000     
   1696.9306640625000        1.0170115232467651       0.20294146239757538        1.0000000000000000     
   1696.9674072265625       0.88438671827316284       0.19394052028656006        1.0000000000000000     
   1697.0040283203125        1.1070344448089600       0.21964050829410553        1.0000000000000000     
   1697.0407714843750       0.62815803289413452       0.16155226528644562        1.0000000000000000     
   1697.0773925781250        1.1060566902160645       0.21185263991355896        1.0000000000000000     
   1697.1141357421875        1.1502916812896729       0.21819543838500977        1.0000000000000000     
   1697.1507568359375        1.0304068326950073       0.20459280908107758        1.0000000000000000     
   1697.1875000000000        1.0031871795654297       0.21662515401840210        1.0000000000000000     
   1697.2242431640625       0.88290822505950928       0.18768949806690216        1.0000000000000000     
   1697.2608642578125        1.4781318902969360       0.24413408339023590        1.0000000000000000     
   1697.2976074218750        1.1022621393203735       0.20752252638339996        1.0000000000000000     
   1697.3342285156250       0.78875839710235596       0.18351508677005768        1.0000000000000000     
   1697.3709716796875       0.95642274618148804       0.19532059133052826        1.0000000000000000     
   1697.4075927734375       0.85847187042236328       0.19267050921916962        1.0000000000000000     
   1697.4443359375000        1.0236705541610718       0.20457474887371063        1.0000000000000000     
   1697.4809570312500        1.1511412858963013       0.21781758964061737        1.0000000000000000     
   1697.5177001953125       0.79060423374176025       0.18006761372089386        1.0000000000000000     
   1697.5544433593750        1.0151151418685913       0.20127470791339874        1.0000000000000000     
   1697.5910644531250        1.0952388048171997       0.21088944375514984        1.0000000000000000     
   1697.6278076171875       0.76302248239517212       0.18321916460990906        1.0000000000000000     
   1697.6644287109375        1.4740867614746094       0.24342119693756104       0.99976828341954782     
   1697.7011718750000       0.79535931348800659       0.19268222153186798       0.99974691140756777     
   1697.7377929687500       0.95563960075378418       0.20079612731933594       0.99972415155775141     
   1697.7745361328125       0.74045377969741821       0.18575970828533173       0.99970019583458836     
   1697.8112792968750        1.0014760494232178       0.19864556193351746       0.99967526999779055     
   1697.8479003906250        1.1790468692779541       0.21375057101249695       0.99964970545058696     
   1697.8846435546875       0.96924632787704468       0.19628345966339111       0.99962374025736578     
   1697.9212646484375       0.89977347850799561       0.19667236506938934       0.99959736554820999     
   1697.9580078125000        1.2316575050354004       0.21910986304283142       0.99957062422867493     
   1697.9946289062500       0.79838085174560547       0.19701176881790161       0.99954356233840314     
   1698.0313720703125       0.94747251272201538       0.19462437927722931       0.99951555973620787     
   1698.0679931640625       0.90334737300872803       0.19426324963569641       0.99948582122017304     
   1698.1047363281250       0.72288244962692261       0.17553512752056122       0.99945342544062410     
   1698.1414794921875       0.85390681028366089       0.18784123659133911       0.99941672040808083     
   1698.1781005859375       0.68283504247665405       0.16660150885581970       0.99937407285105773     
   1698.2148437500000        1.0584366321563721       0.20435933768749237       0.99932426916772021     
   1698.2514648437500       0.98070985078811646       0.20506498217582703       0.99926658697011739     
   1698.2882080078125       0.95130145549774170       0.20210203528404236       0.99919980097782390     
   1698.3248291015625        1.1187177896499634       0.21106569468975067       0.99912266895762836     
   1698.3615722656250        1.1376410722732544       0.21035040915012360       0.99903321638286524     
   1698.3983154296875        1.0676047801971436       0.20483380556106567       0.99892689935618151     
   1698.4349365234375       0.94423049688339233       0.19362094998359680       0.99879731346640233     
   1698.4716796875000        1.0466426610946655       0.20464560389518738       0.99863392164927545     
   1698.5083007812500       0.78039193153381348       0.18164767324924469       0.99842159782345197     
   1698.5450439453125       0.78943902254104614       0.18039527535438538       0.99814029763105594     
   1698.5816650390625       0.97389578819274902       0.19595919549465179       0.99775962997650647     
   1698.6184082031250        1.0358666181564331       0.20612509548664093       0.99723705575219135     
   1698.6551513671875        1.2519724369049072       0.22042739391326904       0.99651522865030884     
   1698.6917724609375        1.0142771005630493       0.20658467710018158       0.99551193696605200     
   1698.7285156250000       0.56620764732360840       0.15458001196384430       0.99410413320406221     
   1698.7651367187500        1.1888186931610107       0.22005724906921387       0.99209085677107600     
   1698.8018798828125        1.0252146720886230       0.20540913939476013       0.98912547390369276     
   1698.8385009765625       0.83706325292587280       0.18645210564136505       0.98458515993777096     
   1698.8752441406250        1.0554336309432983       0.20731754601001740       0.97738999583110164     
   1698.9118652343750        1.0942828655242920       0.20951527357101440       0.96584404906636234     
   1698.9486083984375        1.1336442232131958       0.21106196939945221       0.94745212996758787     
   1698.9853515625000       0.52867418527603149       0.15018393099308014       0.91917815555677596     
   1699.0219726562500       0.70946687459945679       0.17414085566997528       0.87830770912187173     
   1699.0587158203125       0.87908864021301270       0.19123494625091553       0.82356083063666397     
   1699.0953369140625        1.0408741235733032       0.20272381603717804       0.75657501239672664     
   1699.1320800781250       0.60205197334289551       0.16188843548297882       0.68253028299881580     
   1699.1687011718750       0.66076844930648804       0.17107355594635010       0.60892907642340044     
   1699.2054443359375       0.45371809601783752       0.14424884319305420       0.54267250761517405     
   1699.2421875000000       0.63121438026428223       0.17179031670093536       0.48578965914471278     
   1699.2788085937500       0.42326471209526062       0.13774226605892181       0.43724847170470427     
   1699.3155517578125       0.34431567788124084       0.13069516420364380       0.42899364391576267     
   1699.3521728515625       0.36823749542236328       0.13850502669811249       0.46127107005925660     
   1699.3889160156250       0.55794441699981689       0.15466265380382538       0.49856246364806411     
   1699.4255371093750       0.63287907838821411       0.16551735997200012       0.53712342538154645     
   1699.4622802734375       0.60114377737045288       0.16510678827762604       0.57215167114576604     
   1699.4990234375000       0.71802318096160889       0.17129580676555634       0.59638816069542611     
   1699.5356445312500       0.52192586660385132       0.14796896278858185       0.60546656986382386     
   1699.5723876953125       0.75640594959259033       0.18199269473552704       0.60139384932533435     
   1699.6090087890625       0.52003699541091919       0.15353672206401825       0.59115290371156393     
   1699.6457519531250       0.56189024448394775       0.15384976565837860       0.58378134999766695     
   1699.6823730468750       0.58110308647155762       0.16145969927310944       0.58681530601961651     
   1699.7191162109375       0.62600761651992798       0.16404938697814941       0.60473722227869553     
   1699.7557373046875       0.57032316923141479       0.15408435463905334       0.63855185297239669     
   1699.7924804687500       0.52944499254226685       0.15057763457298279       0.68589860193958907     
   1699.8292236328125       0.83234965801239014       0.18496464192867279       0.74164170678477592     
   1699.8658447265625       0.78775417804718018       0.18038971722126007       0.79914991042477901     
   1699.9025878906250       0.73855066299438477       0.17518156766891479       0.85206793474509446     
   1699.9392089843750       0.81093418598175049       0.18258532881736755       0.89600074213904468     
   1699.9759521484375        1.0448757410049438       0.20807883143424988       0.92927683195094080     
   1700.0125732421875        1.1419030427932739       0.21703815460205078       0.95259191057301018     
   1700.0493164062500       0.96802711486816406       0.20667563378810883       0.96798464968508524     
   1700.0860595703125       0.82758474349975586       0.18855392932891846       0.97778862011014978     
   1700.1226806640625       0.98616296052932739       0.20030842721462250       0.98399203428823923     
   1700.1594238281250        1.0757081508636475       0.21024231612682343       0.98801195021979360     
   1700.1960449218750        1.1063033342361450       0.20974370837211609       0.99073685776106901     
   1700.2327880859375       0.83660691976547241       0.19298131763935089       0.99268094085818737     
   1700.2694091796875       0.86139702796936035       0.18665786087512970       0.99412725523980761     
   1700.3061523437500       0.56639516353607178       0.18286147713661194       0.99523388437994587     
   1700.3427734375000       0.89324033260345459       0.20121717453002930       0.99609493891286061     
   1700.3795166015625       0.84304356575012207       0.18790362775325775       0.99677196834694215     
   1700.4162597656250       0.78272521495819092       0.18343700468540192       0.99730816981177606     
   1700.4528808593750       0.67520534992218018       0.16807386279106140       0.99773407590755003     
   1700.4896240234375        1.1665821075439453       0.21555837988853455       0.99807138101020942     
   1700.5262451171875        1.2804824113845825       0.22340852022171021       0.99833674371826653     
   1700.5629882812500       0.86907500028610229       0.18979150056838989       0.99854380856337654     
   1700.5996093750000       0.75123357772827148       0.17578521370887756       0.99870441336766136     
   1700.6363525390625        1.1269452571868896       0.20500901341438293       0.99882898419927513     
   1700.6730957031250       0.99374580383300781       0.20107065141201019       0.99892573837384357     
   1700.7097167968750        1.3153012990951538       0.23160591721534729       0.99900080172369599     
   1700.7464599609375        1.0739921331405640       0.21213124692440033       0.99905933684889703     
   1700.7830810546875       0.92222148180007935       0.19856670498847961       0.99910496142310345     
   1700.8198242187500       0.99958729743957520       0.20589615404605865       0.99913991209854502     
   1700.8564453125000       0.86363571882247925       0.19390615820884705       0.99916581132445870     
   1700.8931884765625       0.95808541774749756       0.20051315426826477       0.99918446850203091     
   1700.9299316406250        1.0647090673446655       0.21859911084175110       0.99919757734072323     
   1700.9665527343750        1.3240195512771606       0.23710946738719940       0.99920589910722024     
   1701.0032958984375       0.83235871791839600       0.20225088298320770       0.99920995390734479     
   1701.0399169921875        1.0175724029541016       0.20238669216632843       0.99921021684007927     
   1701.0766601562500        1.3616819381713867       0.23043933510780334        1.0000000000000000     
   1701.1132812500000        1.0016840696334839       0.20430019497871399        1.0000000000000000     
   1701.1500244140625       0.97274237871170044       0.20011442899703979        1.0000000000000000     
   1701.1866455078125       0.93561869859695435       0.19366197288036346        1.0000000000000000     
   1701.2233886718750       0.66291564702987671       0.17196412384510040        1.0000000000000000     
   1701.2601318359375        1.0963654518127441       0.20829221606254578        1.0000000000000000     
   1701.2967529296875        1.1778159141540527       0.21919925510883331        1.0000000000000000     
   1701.3334960937500       0.99664354324340820       0.20154236257076263        1.0000000000000000     
   1701.3701171875000       0.79210853576660156       0.18590755760669708        1.0000000000000000     
   1701.4068603515625        1.0950523614883423       0.21069362759590149        1.0000000000000000     
   1701.4434814453125       0.86483299732208252       0.19218447804450989        1.0000000000000000     
   1701.4802246093750        1.1221632957458496       0.21073435246944427        1.0000000000000000     
   1701.5169677734375        1.1276224851608276       0.21000306308269501        1.0000000000000000     
   1701.5535888671875       0.92784869670867920       0.19530041515827179        1.0000000000000000     
   1701.5903320312500       0.71900540590286255       0.17770239710807800        1.0000000000000000     
   1701.6269531250000       0.77132445573806763       0.17675474286079407        1.0000000000000000     
   1701.6636962890625        1.0944794416427612       0.20700910687446594        1.0000000000000000     
   1701.7003173828125       0.93351000547409058       0.19159549474716187        1.0000000000000000     
   1701.7370605468750       0.97099900245666504       0.20491392910480499        1.0000000000000000     
   1701.7738037109375       0.85437315702438354       0.18640948832035065        1.0000000000000000     
   1701.8104248046875        1.1083894968032837       0.20922423899173737        1.0000000000000000     
   1701.8471679687500        1.2702945470809937       0.22227060794830322        1.0000000000000000     
   1701.8837890625000        1.1034743785858154       0.20872782170772552        1.0000000000000000     
   1701.9205322265625       0.90091496706008911       0.19627566635608673        1.0000000000000000     
   1701.9571533203125        1.1505621671676636       0.21442577242851257        1.0000000000000000     
   1701.9938964843750       0.86246138811111450       0.18503949046134949        1.0000000000000000     
   1702.0305175781250       0.49676534533500671       0.15408577024936676        1.0000000000000000     
   1702.0672607421875       0.69451105594635010       0.16757091879844666        1.0000000000000000     
   1702.1040039062500       0.70097559690475464       0.17231465876102448        1.0000000000000000     
   1702.1406250000000       0.71375036239624023       0.16978931427001953        1.0000000000000000     
   1702.1773681640625       0.96963411569595337       0.19953963160514832        1.0000000000000000     
   1702.2139892578125       0.67991268634796143       0.18014803528785706        1.0000000000000000     
   1702.2507324218750       0.67368918657302856       0.18156744539737701        1.0000000000000000     
   1702.2873535156250       0.69486671686172485       0.16772100329399109        1.0000000000000000     
   1702.3240966796875       0.77143168449401855       0.17827901244163513        1.0000000000000000     
   1702.3608398437500       0.52488261461257935       0.15316209197044373        1.0000000000000000     
   1702.3974609375000       0.81414139270782471       0.17975309491157532        1.0000000000000000     
   1702.4342041015625       0.99178403615951538       0.20337255299091339        1.0000000000000000     
   1702.4708251953125       0.77655583620071411       0.18145683407783508        1.0000000000000000     
   1702.5075683593750       0.80014801025390625       0.18193763494491577        1.0000000000000000     
   1702.5441894531250       0.95180481672286987       0.19361764192581177        1.0000000000000000     
   1702.5809326171875       0.71461820602416992       0.17302671074867249        1.0000000000000000     
   1702.6175537109375       0.93383860588073730       0.20277841389179230        1.0000000000000000     
   1702.6542968750000        1.1138207912445068       0.21057592332363129        1.0000000000000000     
   1702.6910400390625        1.2431341409683228       0.22171251475811005        1.0000000000000000     
   1702.7276611328125        1.0710414648056030       0.20375575125217438        1.0000000000000000     
   1702.7644042968750       0.85321903228759766       0.19666075706481934        1.0000000000000000     
   1702.8010253906250       0.85380762815475464       0.19062767922878265        1.0000000000000000     
   1702.8377685546875        1.0298051834106445       0.20777983963489532        1.0000000000000000     
   1702.8743896484375       0.88037246465682983       0.18942913413047791        1.0000000000000000     
!  ---- tick mark positions for above ----
!      1699.30311     1     1
!      1702.12783     2     1
!      1699.68780     1     2
!      1702.51316     2     2
