# %ECSV 1.0
# ---
# datatype:
# - {name: H, datatype: float64}
# - {name: H+, datatype: float64}
# - {name: C+, datatype: float64}
# - {name: C+2, datatype: float64}
# - {name: C+3, datatype: float64}
# - {name: N+, datatype: float64}
# - {name: N+2, datatype: float64}
# - {name: N+4, datatype: float64}
# - {name: O, datatype: float64}
# - {name: O+2, datatype: float64}
# - {name: O+5, datatype: float64}
# - {name: O+6, datatype: float64}
# - {name: P+, datatype: float64}
# - {name: Si+, datatype: float64}
# - {name: Si+2, datatype: float64}
# - {name: Si+3, datatype: float64}
# - {name: Si+4, datatype: float64}
# - {name: Fe+, datatype: float64}
# - {name: Al+, datatype: float64}
# - {name: log_nH, datatype: float64}
# - {name: parameters, datatype: string, subtype: 'float64[1]'}
# schema: astropy-2.0
H H+ C+ C+2 C+3 N+ N+2 N+4 O O+2 O+5 O+6 P+ Si+ Si+2 Si+3 Si+4 Fe+ Al+ log_nH parameters
26915300000000.0 7.28703e+17 2873610000.0 351383000000.0 1059180000000.0 220171000.0 58181600000.0 857620000000.0 18673.5 153117000000.0 8329300000000.0 10643800000000.0 197304.0 3087050.0 135578000.0 538938000.0 43867000000.0 781.166 95290.0 -5.0 [-5.0]
26915300000000.0 6.90395e+17 3098910000.0 368713000000.0 1069640000000.0 239294000.0 61600800000.0 840048000000.0 20871.8 162640000000.0 7839190000000.0 9544800000000.0 230333.0 3630160.0 156268000.0 601083000.0 46344800000.0 945.441 113110.0 -4.98 [-4.98]
26915300000000.0 6.54175e+17 3338280000.0 386439000000.0 1078980000000.0 259788000.0 65134500000.0 821401000000.0 23322.4 172504000000.0 7361730000000.0 8542410000000.0 268426.0 4260570.0 179833000.0 669386000.0 48890300000.0 1143.19 133961.0 -4.96 [-4.96]
26915300000000.0 6.1992e+17 3592230000.0 404535000000.0 1087150000000.0 281706000.0 68776400000.0 801743000000.0 26052.5 182694000000.0 6898240000000.0 7630290000000.0 312274.0 4990820.0 206625000.0 744338000.0 51499300000.0 1380.98 158309.0 -4.94 [-4.94]
26915300000000.0 5.87516e+17 3861350000.0 422978000000.0 1094140000000.0 305105000.0 72520100000.0 781143000000.0 29093.8 193199000000.0 6449860000000.0 6802210000000.0 362656.0 5835000.0 237037000.0 826451000.0 54166900000.0 1666.59 186684.0 -4.92 [-4.92]
26915300000000.0 5.5685e+17 4145980000.0 441733000000.0 1099920000000.0 330017000.0 76355700000.0 759674000000.0 32478.4 203998000000.0 6017540000000.0 6052050000000.0 420418.0 6808820.0 271499000.0 916279000.0 56888100000.0 2009.23 219691.0 -4.9 [-4.9]
26915300000000.0 5.27826e+17 4446650000.0 460769000000.0 1104470000000.0 356492000.0 80274300000.0 737418000000.0 36245.4 215075000000.0 5602130000000.0 5374140000000.0 486519.0 7929860.0 310485000.0 1014380000.0 59656600000.0 2419.81 258013.0 -4.88 [-4.88]
26915300000000.0 5.0035e+17 4763780000.0 480049000000.0 1107770000000.0 384567000.0 84265300000.0 714459000000.0 40437.2 226410000000.0 5204250000000.0 4762920000000.0 562017.0 9217670.0 354512000.0 1121340000.0 62465900000.0 2911.25 302424.0 -4.86 [-4.86]
26915300000000.0 4.74335e+17 5097720000.0 499531000000.0 1109800000000.0 414271000.0 88316500000.0 690885000000.0 45101.0 237982000000.0 4824380000000.0 4213060000000.0 648072.0 10693900.0 404149000.0 1237780000.0 65308700000.0 3498.73 353798.0 -4.84 [-4.84]
26915300000000.0 4.49693e+17 5448630000.0 519165000000.0 1110540000000.0 445612000.0 92413900000.0 666789000000.0 50287.5 249765000000.0 4462850000000.0 3719530000000.0 745941.0 12382500.0 460010000.0 1364340000.0 68177100000.0 4200.15 413124.0 -4.82 [-4.82]
26915300000000.0 4.26352e+17 5816870000.0 538905000000.0 1109980000000.0 478617000.0 96544500000.0 642267000000.0 56057.2 261738000000.0 4119840000000.0 3277560000000.0 857036.0 14310000.0 522768000.0 1501660000.0 71062500000.0 5036.6 481511.0 -4.8 [-4.8]
26915300000000.0 4.04244e+17 6202860000.0 558707000000.0 1108100000000.0 513320000.0 100696000000.0 617417000000.0 62481.1 273883000000.0 3795390000000.0 2882710000000.0 982941.0 16505500.0 593153000.0 1650380000.0 73955600000.0 6032.92 560201.0 -4.78 [-4.78]
26915300000000.0 3.83298e+17 6606420000.0 578504000000.0 1104900000000.0 549694000.0 104850000000.0 592339000000.0 69629.1 286166000000.0 3489420000000.0 2530740000000.0 1125270.0 19000600.0 671943000.0 1811200000.0 76846700000.0 7217.99 650589.0 -4.76 [-4.76]
26915300000000.0 3.63456e+17 7028150000.0 598252000000.0 1100360000000.0 587789000.0 108995000000.0 567134000000.0 77594.7 298574000000.0 3201700000000.0 2217710000000.0 1285960.0 21830700.0 759993000.0 1984750000.0 79725100000.0 8626.01 754231.0 -4.74 [-4.74]
26915300000000.0 3.44657e+17 7467780000.0 617879000000.0 1094500000000.0 627573000.0 113114000000.0 541899000000.0 86469.8 311074000000.0 2931920000000.0 1939920000000.0 1466920.0 25033300.0 858202000.0 2171720000.0 82579800000.0 10295.7 872780.0 -4.72 [-4.72]
26915300000000.0 3.26841e+17 7925130000.0 637318000000.0 1087300000000.0 669023000.0 117189000000.0 516730000000.0 96361.3 323639000000.0 2679660000000.0 1693900000000.0 1670270.0 28649400.0 967544000.0 2372810000.0 85399500000.0 12272.8 1008130.0 -4.7 [-4.7]
26915300000000.0 3.09959e+17 8400050000.0 656499000000.0 1078780000000.0 712126000.0 121204000000.0 491724000000.0 107393.0 336244000000.0 2444430000000.0 1476520000000.0 1898340.0 32723300.0 1089040000.0 2588640000.0 88172100000.0 14611.6 1162460.0 -4.68 [-4.68]
26915300000000.0 2.93959e+17 8892440000.0 675355000000.0 1068930000000.0 756872000.0 125144000000.0 466969000000.0 119705.0 348865000000.0 2225640000000.0 1284820000000.0 2153670.0 37303400.0 1223810000.0 2819880000.0 90885400000.0 17374.7 1338150.0 -4.66 [-4.66]
26915300000000.0 2.78795e+17 9401970000.0 693814000000.0 1057780000000.0 803240000.0 128993000000.0 442552000000.0 133457.0 361477000000.0 2022670000000.0 1116130000000.0 2438950.0 42441100.0 1373000000.0 3067120000.0 93526500000.0 20634.5 1537810.0 -4.64 [-4.64]
26915300000000.0 2.64424e+17 9928200000.0 711799000000.0 1045340000000.0 851197000.0 132737000000.0 418554000000.0 148827.0 374054000000.0 1834870000000.0 967981000000.0 2757020.0 48191400.0 1537840000.0 3330930000.0 96082300000.0 24474.9 1764290.0 -4.62 [-4.62]
26915300000000.0 2.50804e+17 10470700000.0 729238000000.0 1031630000000.0 900729000.0 136360000000.0 395050000000.0 166019.0 386571000000.0 1661520000000.0 838138000000.0 3110990.0 54613100.0 1719610000.0 3611810000.0 98539700000.0 28992.9 2020750.0 -4.6 [-4.6]
26915300000000.0 2.37894e+17 11028700000.0 746047000000.0 1016680000000.0 951783000.0 139847000000.0 372107000000.0 185260.0 399001000000.0 1501880000000.0 724547000000.0 3504020.0 61768300.0 1919640000.0 3910280000.0 100885000000.0 34300.4 2310640.0 -4.58 [-4.58]
26915300000000.0 2.25658e+17 11601600000.0 762151000000.0 1000520000000.0 1004330000.0 143187000000.0 349790000000.0 206810.0 411320000000.0 1355240000000.0 625374000000.0 3939540.0 69722500.0 2139300000.0 4226690000.0 103105000000.0 40526.0 2637720.0 -4.56 [-4.56]
26915300000000.0 2.14062e+17 12188600000.0 777480000000.0 983200000000.0 1058370000.0 146366000000.0 328151000000.0 230967.0 423505000000.0 1220830000000.0 538949000000.0 4421210.0 78545700.0 2380050000.0 4561340000.0 105187000000.0 47818.1 3006100.0 -4.54 [-4.54]
26915300000000.0 2.0307e+17 12788600000.0 791951000000.0 964752000000.0 1113820000.0 149373000000.0 307237000000.0 258060.0 435530000000.0 1097910000000.0 463767000000.0 4952660.0 88309300.0 2643310000.0 4914470000.0 107117000000.0 56346.3 3420230.0 -4.52 [-4.52]
26915300000000.0 1.92655e+17 13401400000.0 805509000000.0 945232000000.0 1170740000.0 152200000000.0 287088000000.0 288477.0 447376000000.0 985752000000.0 398494000000.0 5538120.0 99091100.0 2930600000.0 5286070000.0 108882000000.0 66305.3 3884910.0 -4.5 [-4.5]
26915300000000.0 1.8278e+17 14024700000.0 818058000000.0 924693000000.0 1228990000.0 154832000000.0 267735000000.0 322627.0 459013000000.0 883613000000.0 341905000000.0 6181090.0 110966000.0 3243370000.0 5676260000.0 110470000000.0 77917.2 4405400.0 -4.48 [-4.48]
26915300000000.0 1.73421e+17 14657800000.0 829541000000.0 903196000000.0 1288580000.0 157265000000.0 249202000000.0 360999.0 470419000000.0 790800000000.0 292936000000.0 6885860.0 124015000.0 3583120000.0 6084820000.0 111868000000.0 91435.3 4987260.0 -4.46 [-4.46]
26915300000000.0 1.64546e+17 15299500000.0 839897000000.0 880796000000.0 1349510000.0 159489000000.0 231498000000.0 404155.0 481577000000.0 706592000000.0 250611000000.0 7656870.0 138328000.0 3951450000.0 6511550000.0 113066000000.0 107156.0 5636810.0 -4.44 [-4.44]
26915300000000.0 1.56141e+17 15947600000.0 849057000000.0 857601000000.0 1411660000.0 161498000000.0 214659000000.0 452647.0 492450000000.0 630448000000.0 214138000000.0 8497100.0 153963000.0 4349330000.0 6955540000.0 114051000000.0 125382.0 6359510.0 -4.42 [-4.42]
26915300000000.0 1.48165e+17 16601700000.0 856982000000.0 833637000000.0 1475130000.0 163289000000.0 198657000000.0 507251.0 503036000000.0 561597000000.0 182698000000.0 9412070.0 171037000.0 4778730000.0 7416670000.0 114816000000.0 146521.0 7163550.0 -4.4 [-4.4]
26915300000000.0 1.40609e+17 17259300000.0 863615000000.0 809025000000.0 1539780000.0 164855000000.0 183514000000.0 568675.0 513298000000.0 499550000000.0 155679000000.0 10404400.0 189605000.0 5240390000.0 7893630000.0 115349000000.0 170963.0 8055030.0 -4.38 [-4.38]
26915300000000.0 1.3345e+17 17918500000.0 868917000000.0 783852000000.0 1605590000.0 166193000000.0 169223000000.0 637780.0 523217000000.0 443738000000.0 132493000000.0 11477400.0 209741000.0 5735380000.0 8385280000.0 115645000000.0 199173.0 9041370.0 -4.36 [-4.36]
26915300000000.0 1.26658e+17 18578400000.0 872860000000.0 758174000000.0 1672600000.0 167303000000.0 155755000000.0 715619.0 532780000000.0 393568000000.0 112604000000.0 12635600.0 231546000.0 6265070000.0 8890620000.0 115695000000.0 231718.0 10131600.0 -4.34 [-4.34]
26915300000000.0 1.2022e+17 19236700000.0 875416000000.0 732097000000.0 1740750000.0 168182000000.0 143104000000.0 803264.0 541964000000.0 348573000000.0 95578700000.0 13881100.0 255081000.0 6830000000.0 9407900000.0 115495000000.0 269180.0 11333700.0 -4.32 [-4.32]
26915300000000.0 1.14114e+17 19891500000.0 876566000000.0 705713000000.0 1810000000.0 168830000000.0 131247000000.0 901955.0 550747000000.0 308289000000.0 81023700000.0 15216300.0 280407000.0 7430690000.0 9935320000.0 115040000000.0 312234.0 12656100.0 -4.3 [-4.3]
26915300000000.0 1.08325e+17 20540800000.0 876304000000.0 679114000000.0 1880320000.0 169247000000.0 120163000000.0 1013090.0 559111000000.0 272282000000.0 68598200000.0 16642600.0 307583000.0 8067360000.0 10470800000.0 114327000000.0 361632.0 14108100.0 -4.28 [-4.28]
26915300000000.0 1.02835e+17 21182800000.0 874633000000.0 652393000000.0 1951700000.0 169435000000.0 109826000000.0 1138220.0 567038000000.0 240150000000.0 58005300000.0 18161200.0 336655000.0 8739920000.0 11011900000.0 113355000000.0 418214.0 15698700.0 -4.26 [-4.26]
26915300000000.0 9.7629e+16 21815800000.0 871565000000.0 625643000000.0 2024130000.0 169398000000.0 100207000000.0 1279110.0 574511000000.0 211521000000.0 48986600000.0 19772100.0 367661000.0 9447980000.0 11556000000.0 112126000000.0 482920.0 17437400.0 -4.24 [-4.24]
26915300000000.0 9.26873e+16 22437900000.0 867106000000.0 598933000000.0 2097590000.0 169135000000.0 91269900000.0 1437820.0 581513000000.0 186036000000.0 41313000000.0 21475000.0 400642000.0 10190900000.0 12100600000.0 110639000000.0 556852.0 19335300.0 -4.22 [-4.22]
26915300000000.0 8.80073e+16 23046500000.0 861311000000.0 572416000000.0 2171960000.0 168655000000.0 83003600000.0 1616210.0 588020000000.0 163434000000.0 34806500000.0 23264800.0 435524000.0 10966400000.0 12641700000.0 108904000000.0 640989.0 21397600.0 -4.2 [-4.2]
26915300000000.0 8.35639e+16 23640400000.0 854188000000.0 546113000000.0 2247310000.0 167958000000.0 75356100000.0 1817050.0 594023000000.0 143372000000.0 29283800000.0 25141100.0 472369000.0 11773500000.0 13176700000.0 106921000000.0 736798.0 23638200.0 -4.18 [-4.18]
26915300000000.0 7.93482e+16 24217800000.0 845790000000.0 520125000000.0 2323580000.0 167051000000.0 68301600000.0 2042960.0 599502000000.0 125605000000.0 24606000000.0 27098400.0 511115000.0 12609600000.0 13701800000.0 104701000000.0 845643.0 26065400.0 -4.16 [-4.16]
26915300000000.0 7.53482e+16 24776900000.0 836167000000.0 494531000000.0 2400750000.0 165939000000.0 61807600000.0 2297000.0 604443000000.0 109893000000.0 20648800000.0 29130600.0 551704000.0 13471800000.0 14213200000.0 102253000000.0 969096.0 28688200.0 -4.14 [-4.14]
26915300000000.0 7.15524e+16 25316200000.0 825380000000.0 469400000000.0 2478790000.0 164630000000.0 55841500000.0 2582540.0 608830000000.0 96017400000.0 17305400000.0 31230600.0 594050000.0 14356300000.0 14707000000.0 99589100000.0 1108890.0 31515800.0 -4.12 [-4.12]
26915300000000.0 6.79464e+16 25834400000.0 813471000000.0 444776000000.0 2557710000.0 163126000000.0 50366400000.0 2903620.0 612648000000.0 83771200000.0 14481800000.0 33391100.0 638084000.0 15259600000.0 15179400000.0 96719200000.0 1267100.0 34559400.0 -4.1 [-4.1]
26915300000000.0 6.45275e+16 26330500000.0 800554000000.0 420764000000.0 2637470000.0 161441000000.0 45360900000.0 3263980.0 615885000000.0 72997400000.0 12104600000.0 35600800.0 683606000.0 16176200000.0 15625800000.0 93665800000.0 1445520.0 37821900.0 -4.08 [-4.08]
26915300000000.0 6.12822e+16 26803100000.0 786679000000.0 397394000000.0 2718050000.0 159580000000.0 40789100000.0 3668470.0 618527000000.0 63522900000.0 10103800000.0 37849400.0 730482000.0 17100900000.0 16042500000.0 90442700000.0 1646610.0 41313100.0 -4.06 [-4.06]
26915300000000.0 5.82015e+16 27251200000.0 771926000000.0 374713000000.0 2799460000.0 157551000000.0 36621300000.0 4122280.0 620561000000.0 55202600000.0 8422020000.0 40125300.0 778527000.0 18028100000.0 16425400000.0 87069000000.0 1872880.0 45039400.0 -4.04 [-4.04]
26915300000000.0 5.52764e+16 27674100000.0 756371000000.0 352760000000.0 2881660000.0 155362000000.0 32828700000.0 4631130.0 621974000000.0 47905500000.0 7010140000.0 42415800.0 827526000.0 18951400000.0 16770800000.0 83564800000.0 2127110.0 49006500.0 -4.02 [-4.02]
26915300000000.0 5.24993e+16 28071200000.0 740103000000.0 331569000000.0 2964690000.0 153024000000.0 29384200000.0 5201340.0 622756000000.0 41515000000.0 5826540000.0 44708300.0 877250000.0 19863900000.0 17074800000.0 79952300000.0 2412300.0 53218600.0 -4.0 [-4.0]
26915300000000.0 4.98624e+16 28442400000.0 723203000000.0 311165000000.0 3048560000.0 150545000000.0 26261200000.0 5839880.0 622898000000.0 35925900000.0 4835630000.0 46989300.0 927446000.0 20758700000.0 17334200000.0 76253900000.0 2731740.0 57679300.0 -3.98 [-3.98]
26915300000000.0 4.73616e+16 28787200000.0 705784000000.0 291594000000.0 3133230000.0 147939000000.0 23438000000.0 6553760.0 622397000000.0 31050000000.0 4008050000.0 49243700.0 977782000.0 21628300000.0 17546200000.0 72497800000.0 3088570.0 62385200.0 -3.96 [-3.96]
26915300000000.0 4.49805e+16 29105700000.0 687844000000.0 272796000000.0 3218860000.0 145202000000.0 20881400000.0 7353590.0 621224000000.0 26787400000.0 3315530000.0 51463200.0 1028160000.0 22466200000.0 17707700000.0 68693700000.0 3488020.0 67352700.0 -3.94 [-3.94]
26915300000000.0 4.27223e+16 29398200000.0 669550000000.0 254852000000.0 3305360000.0 142358000000.0 18578700000.0 8246520.0 619395000000.0 23079700000.0 2738940000.0 53630000.0 1078120000.0 23264300000.0 17817100000.0 64879700000.0 3932960.0 72565000.0 -3.92 [-3.92]
26915300000000.0 4.05776e+16 29664600000.0 650950000000.0 237740000000.0 3392800000.0 139413000000.0 16505600000.0 9243510.0 616897000000.0 19855000000.0 2258970000.0 55732900.0 1127430000.0 24015700000.0 17872900000.0 61074400000.0 4428410.0 78024600.0 -3.9 [-3.9]
26915300000000.0 3.85437e+16 29905700000.0 632155000000.0 221480000000.0 3481190000.0 136381000000.0 14644800000.0 10354400.0 613739000000.0 17058200000.0 1860520000.0 57759000.0 1175730000.0 24713900000.0 17874800000.0 57306100000.0 4978540.0 83719900.0 -3.88 [-3.88]
26915300000000.0 3.66091e+16 30121900000.0 613176000000.0 206019000000.0 3570690000.0 133263000000.0 12973000000.0 11593900.0 609898000000.0 14629500000.0 1529390000.0 59701200.0 1222900000.0 25352800000.0 17821400000.0 53586700000.0 5590110.0 89659200.0 -3.86 [-3.86]
26915300000000.0 3.4769e+16 30313900000.0 594079000000.0 191350000000.0 3661360000.0 130067000000.0 11473500000.0 12975600.0 605368000000.0 12523900000.0 1254710000.0 61549600.0 1268680000.0 25926700000.0 17712900000.0 49937000000.0 6269160.0 95836000.0 -3.84 [-3.84]
26915300000000.0 3.30268e+16 30482700000.0 575033000000.0 177519000000.0 3753160000.0 126822000000.0 10136500000.0 14509200.0 600201000000.0 10708600000.0 1028130000.0 63291600.0 1312630000.0 26431300000.0 17552600000.0 46390800000.0 7018850.0 102216000.0 -3.82 [-3.82]
26915300000000.0 3.13695e+16 30628800000.0 555995000000.0 164446000000.0 3846270000.0 123519000000.0 8941200000.0 16215200.0 594353000000.0 9139350000.0 840733000.0 64924200.0 1354750000.0 26862100000.0 17340100000.0 42950200000.0 7848770.0 108812000.0 -3.8 [-3.8]
26915300000000.0 2.97955e+16 30753100000.0 537055000000.0 152132000000.0 3940730000.0 120174000000.0 7875850000.0 18109100.0 587847000000.0 7786890000.0 686246000.0 66439800.0 1394790000.0 27216400000.0 17078400000.0 39635100000.0 8764980.0 115603000.0 -3.78 [-3.78]
26915300000000.0 2.83005e+16 30856500000.0 518265000000.0 140553000000.0 4036650000.0 116796000000.0 6927900000.0 20209100.0 580694000000.0 6623200000.0 559114000.0 67834000.0 1432620000.0 27492000000.0 16770300000.0 36458200000.0 9775010.0 122573000.0 -3.76 [-3.76]
26915300000000.0 2.68807e+16 30940000000.0 499673000000.0 129685000000.0 4134100000.0 113395000000.0 6085780000.0 22535000.0 572905000000.0 5623580000.0 454679000.0 69103200.0 1468110000.0 27688100000.0 16419100000.0 33429900000.0 10886900.0 129707000.0 -3.74 [-3.74]
26915300000000.0 2.553e+16 31004500000.0 481286000000.0 119485000000.0 4232740000.0 109973000000.0 5337740000.0 25111400.0 564475000000.0 4765100000.0 368931000.0 70246600.0 1501280000.0 27803900000.0 16027500000.0 30554100000.0 12111000.0 136997000.0 -3.72 [-3.72]
26915300000000.0 2.42495e+16 31051100000.0 463213000000.0 109960000000.0 4332960000.0 106551000000.0 4676440000.0 27954800.0 555464000000.0 4031420000.0 298871000.0 71260600.0 1531940000.0 27841800000.0 15601600000.0 27844700000.0 13452700.0 144401000.0 -3.7 [-3.7]
26915300000000.0 2.30335e+16 31080400000.0 445450000000.0 101065000000.0 4434890000.0 103130000000.0 4091740000.0 31092500.0 545872000000.0 3404430000.0 241641000.0 72145800.0 1560140000.0 27802800000.0 15144800000.0 25300700000.0 14923200.0 151908000.0 -3.68 [-3.68]
26915300000000.0 2.18786e+16 31093300000.0 428025000000.0 92771100000.0 4538600000.0 99719300000.0 3575550000.0 34550600.0 535720000000.0 2869570000.0 194981000.0 72902700.0 1585930000.0 27689500000.0 14661400000.0 22923100000.0 16532400.0 159495000.0 -3.66 [-3.66]
26915300000000.0 2.07817e+16 31090600000.0 410965000000.0 85049900000.0 4644180000.0 96324800000.0 3120540000.0 38356700.0 525036000000.0 2414140000.0 157015000.0 73532900.0 1609360000.0 27505200000.0 14155900000.0 20711300000.0 18291000.0 167139000.0 -3.64 [-3.64]
26915300000000.0 1.97401e+16 31073100000.0 394290000000.0 77872700000.0 4751710000.0 92953600000.0 2720050000.0 42540200.0 513847000000.0 2027070000.0 126184000.0 74038600.0 1630510000.0 27254000000.0 13632600000.0 18662700000.0 20209700.0 174815000.0 -3.62 [-3.62]
26915300000000.0 1.87509e+16 31041500000.0 378019000000.0 71211400000.0 4861240000.0 89612100000.0 2368070000.0 47132000.0 502185000000.0 1698730000.0 101200000.0 74422500.0 1649500000.0 26940200000.0 13096000000.0 16773200000.0 22300000.0 182496000.0 -3.6 [-3.6]
26915300000000.0 1.78115e+16 30996400000.0 362165000000.0 65037800000.0 4972840000.0 86306100000.0 2059170000.0 52164800.0 490082000000.0 1420740000.0 80995300.0 74688100.0 1666450000.0 26568700000.0 12550100000.0 15037600000.0 24573600.0 190158000.0 -3.58 [-3.58]
26915300000000.0 1.69194e+16 30938700000.0 346740000000.0 59324600000.0 5086560000.0 83041200000.0 1788470000.0 57673000.0 477573000000.0 1185860000.0 64689600.0 74839100.0 1681510000.0 26144600000.0 11998900000.0 13449500000.0 27042500.0 197772000.0 -3.56 [-3.56]
26915300000000.0 1.60722e+16 30868800000.0 331752000000.0 54045100000.0 5202440000.0 79822200000.0 1551570000.0 63692400.0 464697000000.0 987786000.0 51558700.0 74879700.0 1694820000.0 25673200000.0 11446100000.0 12001700000.0 29719300.0 205312000.0 -3.54 [-3.54]
26915300000000.0 1.52676e+16 30787400000.0 317208000000.0 49173200000.0 5320500000.0 76653700000.0 1344530000.0 70260700.0 451491000000.0 821102000.0 41006900.0 74814300.0 1706560000.0 25159700000.0 10894900000.0 10686400000.0 32616400.0 212751000.0 -3.52 [-3.52]
26915300000000.0 1.45053e+16 30695400000.0 303145000000.0 44692700000.0 5440740000.0 73547200000.0 1164160000.0 77405700.0 438033000000.0 681363000.0 32560200.0 74649100.0 1716810000.0 24611500000.0 10349900000.0 9497530000.0 35740600.0 220049000.0 -3.5 [-3.5]
26915300000000.0 1.37797e+16 30592200000.0 289497000000.0 40561200000.0 5563160000.0 70491400000.0 1006620000.0 85188600.0 424290000000.0 564019000.0 25788100.0 74385900.0 1725870000.0 24029800000.0 9811010000.0 8422570000.0 39116100.0 227206000.0 -3.48 [-3.48]
26915300000000.0 1.30891e+16 30478100000.0 276265000000.0 36757200000.0 5687710000.0 67489500000.0 869219000.0 93654200.0 410302000000.0 465718000.0 20372300.0 74028800.0 1733910000.0 23419500000.0 9280720000.0 7453620000.0 42757200.0 234193000.0 -3.46 [-3.46]
26915300000000.0 1.24348e+16 30354600000.0 263513000000.0 33274100000.0 5814330000.0 64559100000.0 750011000.0 102820000.0 396187000000.0 383861000.0 16067200.0 73586700.0 1740940000.0 22789500000.0 8763700000.0 6585790000.0 46663000.0 240961000.0 -3.44 [-3.44]
26915300000000.0 1.1815e+16 30222100000.0 251235000000.0 30088900000.0 5942960000.0 61702100000.0 646689000.0 112725000.0 381988000000.0 315825000.0 12651100.0 73064800.0 1747120000.0 22144300000.0 8261620000.0 5810510000.0 50843600.0 247487000.0 -3.42 [-3.42]
26915300000000.0 1.12249e+16 30079800000.0 239366000000.0 27168000000.0 6073460000.0 58906700000.0 556882000.0 123442000.0 367673000000.0 259185000.0 9936140.0 72464300.0 1752720000.0 21484100000.0 7773420000.0 5117170000.0 55326200.0 253772000.0 -3.4 [-3.4]
26915300000000.0 1.06647e+16 29928500000.0 227931000000.0 24499200000.0 6205690000.0 56181700000.0 479080000.0 135002000.0 353320000000.0 212236000.0 7787760.0 71792200.0 1757790000.0 20814900000.0 7301560000.0 4499770000.0 60113900.0 259782000.0 -3.38 [-3.38]
26915300000000.0 1.01314e+16 29767600000.0 216896000000.0 22058900000.0 6339430000.0 53521700000.0 411624000.0 147468000.0 338932000000.0 173338000.0 6088440.0 71050100.0 1762530000.0 20138100000.0 6845870000.0 3950220000.0 65227100.0 265504000.0 -3.36 [-3.36]
26915300000000.0 9627430000000000.0 29599100000.0 206334000000.0 19845100000.0 6474530000.0 50947100000.0 353551000.0 160823000.0 324661000000.0 141362000.0 4754690.0 70250300.0 1766830000.0 19463100000.0 6410380000.0 3464730000.0 70644700.0 270890000.0 -3.34 [-3.34]
26915300000000.0 9147760000000000.0 29421800000.0 196160000000.0 17826400000.0 6610660000.0 48439900000.0 303298000.0 175167000.0 310436000000.0 114983000.0 3704000.0 69391200.0 1770980000.0 18786900000.0 5992150000.0 3034330000.0 76402600.0 275956000.0 -3.32 [-3.32]
26915300000000.0 8691080000000000.0 29235000000.0 186361000000.0 15988400000.0 6747430000.0 46000200000.0 259864000.0 190547000.0 296292000000.0 93275400.0 2878250.0 68475000.0 1775060000.0 18111800000.0 5591690000.0 2653460000.0 82511000.0 280677000.0 -3.3 [-3.3]
26915300000000.0 8258550000000000.0 29040400000.0 176983000000.0 14324700000.0 6884610000.0 43640800000.0 222517000.0 206951000.0 282339000000.0 75524000.0 2233290.0 67512800.0 1779010000.0 17444300000.0 5211070000.0 2318310000.0 88949600.0 285026000.0 -3.28 [-3.28]
26915300000000.0 7847810000000000.0 28837600000.0 167989000000.0 12817500000.0 7021740000.0 41355700000.0 190366000.0 224437000.0 268573000000.0 61010500.0 1729490.0 66505800.0 1782940000.0 16784300000.0 4849230000.0 2023270000.0 95732100.0 289000000.0 -3.26 [-3.26]
26915300000000.0 7457780000000000.0 28626500000.0 159370000000.0 11454000000.0 7158340000.0 39144800000.0 162713000.0 243036000.0 255027000000.0 49172200.0 1336790.0 65458300.0 1786900000.0 16133600000.0 4506010000.0 1763940000.0 102859000.0 292587000.0 -3.24 [-3.24]
26915300000000.0 7087390000000000.0 28407300000.0 151114000000.0 10222400000.0 7293900000.0 37007800000.0 138951000.0 262773000.0 241730000000.0 39538800.0 1031310.0 64374100.0 1790920000.0 15493700000.0 4181140000.0 1536330000.0 110327000.0 295779000.0 -3.22 [-3.22]
26915300000000.0 6736530000000000.0 28180500000.0 143233000000.0 9113730000.0 7427950000.0 34949200000.0 118590000.0 283637000.0 228740000000.0 31731500.0 794570.0 63260100.0 1794950000.0 14867600000.0 3875020000.0 1337180000.0 118118000.0 298566000.0 -3.2 [-3.2]
26915300000000.0 6402490000000000.0 27945000000.0 135675000000.0 8112880000.0 7559660000.0 32958700000.0 101087000.0 305704000.0 216021000000.0 25395400.0 610769.0 62114000.0 1799110000.0 14252700000.0 3585670000.0 1162500000.0 126253000.0 300952000.0 -3.18 [-3.18]
26915300000000.0 6085280000000000.0 27701500000.0 128451000000.0 7212730000.0 7688440000.0 31040700000.0 86087800.0 328951000.0 203628000000.0 20276300.0 468657.0 60942400.0 1803350000.0 13651800000.0 3313380000.0 1009770000.0 134707000.0 302930000.0 -3.16 [-3.16]
26915300000000.0 5784040000000000.0 27450100000.0 121549000000.0 6404330000.0 7813580000.0 29194700000.0 73244900.0 353376000.0 191582000000.0 16150700.0 358995.0 59748800.0 1807640000.0 13065600000.0 3057610000.0 876387000.0 143468000.0 304499000.0 -3.14 [-3.14]
26915300000000.0 5497970000000000.0 27190700000.0 114961000000.0 5679370000.0 7934280000.0 27419900000.0 62257900.0 378970000.0 179901000000.0 12833600.0 274532.0 58536300.0 1811970000.0 12494500000.0 2817790000.0 760021000.0 152520000.0 305660000.0 -3.12 [-3.12]
26915300000000.0 5226300000000000.0 26923600000.0 108674000000.0 5030190000.0 8049750000.0 25715600000.0 52866800.0 405712000.0 168603000000.0 10173400.0 209601.0 57308000.0 1816300000.0 11939000000.0 2593310000.0 658607000.0 161846000.0 306415000.0 -3.1 [-3.1]
26915300000000.0 4968300000000000.0 26648600000.0 102680000000.0 4449690000.0 8159130000.0 24081000000.0 44846900.0 433573000.0 157702000000.0 8045060.0 159776.0 56066900.0 1820610000.0 11399400000.0 2383530000.0 570305000.0 171424000.0 306770000.0 -3.08 [-3.08]
26915300000000.0 4723270000000000.0 26366100000.0 96967200000.0 3931350000.0 8261540000.0 22515300000.0 38003900.0 462513000.0 147210000000.0 6346590.0 121609.0 54815800.0 1824830000.0 10875800000.0 2187820000.0 493491000.0 181232000.0 306730000.0 -3.06 [-3.06]
26915300000000.0 4490550000000000.0 26075900000.0 91526300000.0 3469180000.0 8356100000.0 21017600000.0 32170500.0 492479000.0 137137000000.0 4994540.0 92424.6 53557400.0 1828920000.0 10368400000.0 2005530000.0 426729000.0 191244000.0 306302000.0 -3.04 [-3.04]
26915300000000.0 4268980000000000.0 25777600000.0 86333800000.0 3056830000.0 8441630000.0 19583900000.0 27193100.0 523455000.0 127471000000.0 3919220.0 70109.1 52290900.0 1832870000.0 9875880000.0 1835610000.0 368649000.0 201453000.0 305492000.0 -3.02 [-3.02]
26915300000000.0 4059090000000000.0 25472700000.0 81407500000.0 2691030000.0 8517820000.0 18219900000.0 22967200.0 555277000.0 118260000000.0 3069320.0 53138.5 51025700.0 1836520000.0 9400910000.0 1678250000.0 318354000.0 211791000.0 304318000.0 -3.0 [-3.0]
26915300000000.0 3859760000000000.0 25160900000.0 76724000000.0 2366240000.0 8583560000.0 16921200000.0 19375200.0 587904000.0 109486000000.0 2397900.0 40225.0 49760600.0 1839860000.0 8942030000.0 1532370000.0 274746000.0 222247000.0 302789000.0 -2.98 [-2.98]
26915300000000.0 3670900000000000.0 24842900000.0 72284900000.0 2078830000.0 8638400000.0 15689500000.0 16330400.0 621193000.0 101168000000.0 1869660.0 0.0 48501000.0 1842780000.0 8500280000.0 1397680000.0 237028000.0 232772000.0 300922000.0 -2.96 [-2.96]
26915300000000.0 3491030000000000.0 24517300000.0 68057700000.0 1823750000.0 8680850000.0 14518200000.0 13742100.0 655137000.0 93269000000.0 1453630.0 0.0 47242300.0 1845290000.0 8073040000.0 1272890000.0 204304000.0 243374000.0 298719000.0 -2.94 [-2.94]
26915300000000.0 3320170000000000.0 24185100000.0 64045500000.0 1598180000.0 8710580000.0 13409100000.0 11549000.0 689576000.0 85804700000.0 1127470.0 0.0 45989800.0 1847280000.0 7661340000.0 1157750000.0 175991000.0 254002000.0 296200000.0 -2.92 [-2.92]
26915300000000.0 3157440000000000.0 23845700000.0 60229400000.0 1398560000.0 8726550000.0 12358800000.0 9689520.0 724442000.0 78756000000.0 872017.0 0.0 44741900.0 1848710000.0 7263870000.0 1051420000.0 151466000.0 264645000.0 293372000.0 -2.9 [-2.9]
26915300000000.0 3003680000000000.0 23502100000.0 56631100000.0 1223260000.0 8729640000.0 11372700000.0 8123950.0 759457000.0 72161300000.0 673499.0 0.0 43510500.0 1849420000.0 6883680000.0 954104000.0 130356000.0 275212000.0 290277000.0 -2.88 [-2.88]
26915300000000.0 2857210000000000.0 23151700000.0 53212100000.0 1068480000.0 8718080000.0 10442800000.0 6799400.0 794647000.0 65967600000.0 518732.0 0.0 42287000.0 1849420000.0 6517190000.0 864490000.0 112089000.0 285735000.0 286904000.0 -2.86 [-2.86]
26915300000000.0 2717680000000000.0 22794800000.0 49965600000.0 932035000.0 8691550000.0 9567900000.0 5680620.0 829882000.0 60167700000.0 398433.0 0.0 41073000.0 1848630000.0 6164230000.0 782116000.0 96296600.0 296184000.0 283269000.0 -2.84 [-2.84]
26915300000000.0 2585470000000000.0 22433600000.0 46901400000.0 812414000.0 8650970000.0 8750400000.0 4740660.0 864930000.0 54775300000.0 305497.0 0.0 39876300.0 1846970000.0 5826490000.0 706882000.0 82704000.0 306496000.0 279408000.0 -2.82 [-2.82]
26915300000000.0 2459890000000000.0 22067700000.0 44003700000.0 707455000.0 8595940000.0 7986880000.0 3950520.0 899709000.0 49765800000.0 233744.0 0.0 38695500.0 1844350000.0 5502810000.0 638111000.0 70990900.0 316654000.0 275334000.0 -2.8 [-2.8]
26915300000000.0 2340540000000000.0 21697200000.0 41264100000.0 615442000.0 8526530000.0 7275300000.0 3287130.0 934101000.0 45123700000.0 178463.0 0.0 37531200.0 1840750000.0 5192700000.0 575326000.0 60900400.0 326647000.0 271059000.0 -2.78 [-2.78]
26915300000000.0 2227150000000000.0 21322400000.0 38675600000.0 534884000.0 8443080000.0 6613920000.0 2731070.0 967984000.0 40834600000.0 135981.0 0.0 36384500.0 1836100000.0 4895920000.0 518099000.0 52214000.0 336446000.0 266601000.0 -2.76 [-2.76]
26915300000000.0 2119390000000000.0 20943800000.0 36231600000.0 464436000.0 8346030000.0 6000810000.0 2265690.0 1001250000.0 36882500000.0 103408.0 0.0 35256600.0 1830360000.0 4612140000.0 466015000.0 44741000.0 346034000.0 261978000.0 -2.74 [-2.74]
26915300000000.0 2017290000000000.0 20563000000.0 33931700000.0 403032000.0 8236690000.0 5435180000.0 1877550.0 1033740000.0 33258700000.0 78531.5 0.0 34151600.0 1823480000.0 4341880000.0 418799000.0 38328300.0 355370000.0 257223000.0 -2.72 [-2.72]
26915300000000.0 1919970000000000.0 20177900000.0 31756100000.0 349321000.0 8114320000.0 4912330000.0 1553020.0 1065460000.0 29929900000.0 59501.2 0.0 33063600.0 1815410000.0 4083120000.0 375836000.0 32805500.0 364478000.0 252323000.0 -2.7 [-2.7]
26915300000000.0 1827470000000000.0 19790200000.0 29705400000.0 302506000.0 7980410000.0 4431450000.0 1282710.0 1096280000.0 26887200000.0 45005.3 0.0 31996800.0 1806140000.0 3836410000.0 336906000.0 28062600.0 373324000.0 247309000.0 -2.68 [-2.68]
26915300000000.0 1739560000000000.0 19400300000.0 27773600000.0 261744000.0 7835850000.0 3990320000.0 1057940.0 1126120000.0 24113100000.0 33985.8 0.0 30951600.0 1795620000.0 3601400000.0 301680000.0 23992000.0 381894000.0 242197000.0 -2.66 [-2.66]
26915300000000.0 1655740000000000.0 19007300000.0 25949100000.0 226208000.0 7680780000.0 3585790000.0 870956.0 1154980000.0 21584500000.0 25610.5 0.0 29925400.0 1783830000.0 3377040000.0 269768000.0 20493000.0 390196000.0 236986000.0 -2.64 [-2.64]
26915300000000.0 1576330000000000.0 18614200000.0 24238000000.0 195410000.0 7517810000.0 3217530000.0 716342.0 1182700000.0 19295900000.0 19282.5 0.0 28925200.0 1770790000.0 3164470000.0 241055000.0 17501000.0 398179000.0 231725000.0 -2.62 [-2.62]
26915300000000.0 1500840000000000.0 18220200000.0 22629000000.0 168677000.0 7347200000.0 2882320000.0 588399.0 1209300000.0 17224500000.0 14498.9 0.0 27948100.0 1756490000.0 2962630000.0 215184000.0 14937800.0 405855000.0 226412000.0 -2.6 [-2.6]
26915300000000.0 1429070000000000.0 17825600000.0 21116700000.0 145491000.0 7169990000.0 2577890000.0 482684.0 1234740000.0 15353600000.0 10888.5 0.0 26994200.0 1740920000.0 2771130000.0 191901000.0 12743100.0 413217000.0 221061000.0 -2.58 [-2.58]
26915300000000.0 1360850000000000.0 17431000000.0 19696400000.0 125404000.0 6987300000.0 2302130000.0 395481.0 1259010000.0 13667700000.0 0.0 0.0 26064200.0 1724100000.0 2589710000.0 170980000.0 10865400.0 420253000.0 215688000.0 -2.56 [-2.56]
26915300000000.0 1295990000000000.0 17036800000.0 18363300000.0 108017000.0 6800150000.0 2052900000.0 323654.0 1282100000.0 12151600000.0 0.0 0.0 25157900.0 1706050000.0 2418000000.0 152203000.0 9259710.0 426960000.0 210303000.0 -2.54 [-2.54]
26915300000000.0 1234330000000000.0 16643400000.0 17112700000.0 92980000.0 6609570000.0 1828130000.0 264576.0 1304010000.0 10790800000.0 0.0 0.0 24275600.0 1686790000.0 2255650000.0 135372000.0 7887460.0 433332000.0 204920000.0 -2.52 [-2.52]
26915300000000.0 1175700000000000.0 16251300000.0 15940200000.0 79985800.0 6416550000.0 1625870000.0 216053.0 1324750000.0 9571690000.0 0.0 0.0 23417300.0 1666370000.0 2102350000.0 120304000.0 6715410.0 439363000.0 199550000.0 -2.5 [-2.5]
26915300000000.0 1119950000000000.0 15861000000.0 14841600000.0 68766400.0 6222030000.0 1444220000.0 176254.0 1344340000.0 8481420000.0 0.0 0.0 22582900.0 1644820000.0 1957740000.0 106829000.0 5714920.0 445050000.0 194204000.0 -2.48 [-2.48]
26915300000000.0 1066940000000000.0 15472700000.0 13812800000.0 59087400.0 6026880000.0 1281410000.0 143652.0 1362800000.0 7508030000.0 0.0 0.0 21772400.0 1622190000.0 1821490000.0 94793500.0 4861410.0 450387000.0 188892000.0 -2.46 [-2.46]
26915300000000.0 1016530000000000.0 15086900000.0 12850000000.0 50743600.0 5831930000.0 1135750000.0 116979.0 1380150000.0 6640350000.0 0.0 0.0 20985800.0 1598530000.0 1693270000.0 84055600.0 4133680.0 455372000.0 183624000.0 -2.44 [-2.44]
26915300000000.0 968592000000000.0 14704100000.0 11949500000.0 43556200.0 5637910000.0 1005650000.0 95181.3 1396430000.0 5868030000.0 0.0 0.0 20222700.0 1573910000.0 1572750000.0 74485400.0 3513540.0 460000000.0 178408000.0 -2.42 [-2.42]
26915300000000.0 923000000000000.0 14324600000.0 11107800000.0 37369300.0 5445530000.0 889646000.0 77388.4 1411680000.0 5181560000.0 0.0 0.0 19483000.0 1548380000.0 1459590000.0 65964900.0 2985390.0 464269000.0 173252000.0 -2.4 [-2.4]
26915300000000.0 879639000000000.0 13948900000.0 10321400000.0 32047200.0 5255380000.0 786370000.0 62879.0 1425920000.0 4572170000.0 0.0 0.0 18766600.0 1522020000.0 1353480000.0 58386200.0 2535800.0 468176000.0 168165000.0 -2.38 [-2.38]
26915300000000.0 838595000000000.0 13579000000.0 9590650000.0 27487700.0 5069050000.0 694856000.0 51092.2 1439180000.0 4033580000.0 0.0 0.0 18076400.0 1495010000.0 1254580000.0 51676300.0 2154550.0 471701000.0 163177000.0 -2.36 [-2.36]
26915300000000.0 799363000000000.0 13211700000.0 8905380000.0 23555300.0 4884920000.0 613313000.0 41465.8 1451550000.0 3554910000.0 0.0 0.0 17405400.0 1467210000.0 1161570000.0 45694900.0 1829110.0 474877000.0 158245000.0 -2.34 [-2.34]
26915300000000.0 762044000000000.0 12849100000.0 8266250000.0 20178800.0 4704460000.0 541004000.0 33636.7 1463050000.0 3131390000.0 0.0 0.0 16756600.0 1438790000.0 1074640000.0 40388700.0 1552480.0 477684000.0 153398000.0 -2.32 [-2.32]
26915300000000.0 726545000000000.0 12491600000.0 7670520000.0 17281200.0 4527990000.0 476958000.0 27274.2 1473720000.0 2757050000.0 0.0 0.0 16129600.0 1409840000.0 993501000.0 35685300.0 1317460.0 480120000.0 148643000.0 -2.3 [-2.3]
26915300000000.0 692774000000000.0 12139400000.0 7115520000.0 14795800.0 4355800000.0 420290000.0 22107.2 1483600000.0 2426460000.0 0.0 0.0 15524200.0 1380430000.0 917843000.0 31519300.0 1117850.0 482183000.0 143982000.0 -2.28 [-2.28]
26915300000000.0 660645000000000.0 11792800000.0 6598740000.0 12665100.0 4188120000.0 370197000.0 17913.6 1492730000.0 2134730000.0 0.0 0.0 14939700.0 1350650000.0 847374000.0 27831800.0 948389.0 483873000.0 139419000.0 -2.26 [-2.26]
26915300000000.0 630078000000000.0 11452100000.0 6117800000.0 10839200.0 4025140000.0 325956000.0 14511.9 1501160000.0 1877490000.0 0.0 0.0 14375900.0 1320570000.0 781809000.0 24569900.0 804574.0 485191000.0 134958000.0 -2.24 [-2.24]
26915300000000.0 600813000000000.0 11115200000.0 5667720000.0 9268460.0 3865930000.0 286752000.0 11744.1 1508940000.0 1649900000.0 0.0 0.0 13828700.0 1290090000.0 720479000.0 21673000.0 682036.0 486145000.0 130572000.0 -2.22 [-2.22]
26915300000000.0 573142000000000.0 10786800000.0 5251900000.0 7930060.0 3712710000.0 252337000.0 9510.52 1516070000.0 1450350000.0 0.0 0.0 13304700.0 1259640000.0 663917000.0 19126100.0 578610.0 486713000.0 126321000.0 -2.2 [-2.2]
26915300000000.0 546987000000000.0 10467000000.0 4868040000.0 6789810.0 3565510000.0 222142000.0 7708.01 1522590000.0 1275460000.0 0.0 0.0 12803300.0 1229310000.0 611817000.0 16887800.0 491316.0 486904000.0 122205000.0 -2.18 [-2.18]
26915300000000.0 521756000000000.0 10149400000.0 4506620000.0 5804220.0 3421220000.0 195295000.0 6235.78 1528600000.0 1120180000.0 0.0 0.0 12313800.0 1198590000.0 562847000.0 14891300.0 416563.0 486735000.0 118141000.0 -2.16 [-2.16]
26915300000000.0 498131000000000.0 9843650000.0 4176440000.0 4971030.0 3284330000.0 171923000.0 5055.53 1534050000.0 985099000.0 0.0 0.0 11850300.0 1168410000.0 518283000.0 13150900.0 353944.0 486188000.0 114252000.0 -2.14 [-2.14]
26915300000000.0 475447000000000.0 9542100000.0 3867250000.0 4253420.0 3151120000.0 151224000.0 4094.29 1539030000.0 865595000.0 0.0 0.0 11400300.0 1138090000.0 476696000.0 11604800.0 300507.0 485260000.0 110438000.0 -2.12 [-2.12]
26915300000000.0 453643000000000.0 9244550000.0 3577650000.0 3635530.0 3021500000.0 132898000.0 3311.88 1543570000.0 759909000.0 0.0 0.0 10963200.0 1107680000.0 437871000.0 10231600.0 254904.0 483970000.0 106697000.0 -2.1 [-2.1]
26915300000000.0 433097000000000.0 8956980000.0 3311800000.0 3111300.0 2898060000.0 116897000.0 2682.82 1547660000.0 667697000.0 0.0 0.0 10547200.0 1077810000.0 402406000.0 9030160.0 216553.0 482326000.0 103103000.0 -2.08 [-2.08]
26915300000000.0 413538000000000.0 8676520000.0 3065380000.0 2663130.0 2779370000.0 102830000.0 2173.7 1551350000.0 586701000.0 0.0 0.0 10147400.0 1048240000.0 369685000.0 7971040.0 184045.0 480337000.0 99616600.0 -2.06 [-2.06]
26915300000000.0 394920000000000.0 8403190000.0 2837050000.0 2280000.0 2665350000.0 90466000.0 1761.63 1554670000.0 515569000.0 0.0 0.0 9763300.0 1019040000.0 339520000.0 7037480.0 156489.0 478009000.0 96238500.0 -2.04 [-2.04]
26915300000000.0 377195000000000.0 8137020000.0 2625560000.0 1952470.0 2555870000.0 79599700.0 1428.1 1557630000.0 453107000.0 0.0 0.0 9394360.0 990242000.0 311731000.0 6214680.0 133126.0 475351000.0 92967100.0 -2.02 [-2.02]
26915300000000.0 360446000000000.0 7879980000.0 2431150000.0 1673930.0 2451630000.0 70097400.0 1159.22 1560250000.0 398526000.0 0.0 0.0 9042810.0 962099000.0 286344000.0 5493290.0 113416.0 472394000.0 89825200.0 -2.0 [-2.0]
26915300000000.0 344378000000000.0 7628140000.0 2249810000.0 1434410.0 2350880000.0 61703100.0 940.44 1562580000.0 350356000.0 0.0 0.0 8702780.0 934232000.0 262799000.0 4853870.0 96599.8 469109000.0 86763200.0 -1.98 [-1.98]
26915300000000.0 329077000000000.0 7383420000.0 2081980000.0 1229620.0 2254310000.0 54327200.0 763.265 1564610000.0 308065000.0 0.0 0.0 8376480.0 906879000.0 241151000.0 4290310.0 82332.2 465526000.0 83803500.0 -1.96 [-1.96]
26915300000000.0 314359000000000.0 7143330000.0 1925170000.0 1053290.0 2160820000.0 47803900.0 618.951 1566380000.0 270699000.0 0.0 0.0 8060240.0 879795000.0 221057000.0 3790140.0 70140.0 461614000.0 80915000.0 -1.94 [-1.94]
26915300000000.0 300485000000000.0 6912700000.0 1781610000.0 903668.0 2072210000.0 42112600.0 502.798 1567880000.0 238124000.0 0.0 0.0 7760020.0 853550000.0 202796000.0 3352570.0 59868.0 457468000.0 78154400.0 -1.92 [-1.92]
26915300000000.0 287273000000000.0 6689030000.0 1648850000.0 775681.0 1987380000.0 37111100.0 408.658 1569150000.0 209524000.0 0.0 0.0 7472140.0 827895000.0 186033000.0 2966790.0 51142.5 453062000.0 75490300.0 -1.9 [-1.9]
26915300000000.0 274830000000000.0 6474710000.0 1527460000.0 667008.0 1907110000.0 32746800.0 332.797 1570190000.0 184588000.0 0.0 0.0 7199290.0 803132000.0 170825000.0 2629170.0 43782.8 448467000.0 72949900.0 -1.88 [-1.88]
26915300000000.0 262841000000000.0 6264710000.0 1413940000.0 573187.0 1829410000.0 28879700.0 0.0 1571020000.0 162518000.0 0.0 0.0 6934730.0 778707000.0 156708000.0 2328890.0 37470.0 443592000.0 70472400.0 -1.86 [-1.86]
26915300000000.0 251327000000000.0 6059710000.0 1308170000.0 492423.0 1754470000.0 25461900.0 0.0 1571640000.0 143036000.0 0.0 0.0 6679120.0 754723000.0 143657000.0 2062530.0 32069.0 438467000.0 68065000.0 -1.84 [-1.84]
26915300000000.0 240538000000000.0 5864630000.0 1212030000.0 424063.0 1683990000.0 22489200.0 0.0 1572090000.0 126105000.0 0.0 0.0 6438260.0 731760000.0 131901000.0 1830150.0 27524.8 433218000.0 65784500.0 -1.82 [-1.82]
26915300000000.0 230171000000000.0 5674330000.0 1122410000.0 365116.0 1616000000.0 19858700.0 0.0 1572350000.0 111142000.0 0.0 0.0 6205530.0 709250000.0 121030000.0 1623740.0 23627.7 427751000.0 63569600.0 -1.8 [-1.8]
26915300000000.0 220292000000000.0 5490360000.0 1039610000.0 314587.0 1550990000.0 17544000.0 0.0 1572450000.0 97992400.0 0.0 0.0 5982600.0 687387000.0 111070000.0 1441460.0 20304.6 422121000.0 61437300.0 -1.78 [-1.78]
26915300000000.0 210792000000000.0 5310940000.0 962422000.0 270990.0 1488270000.0 15495000.0 0.0 1572380000.0 86368700.0 0.0 0.0 5767120.0 665979000.0 101861000.0 1279470.0 17451.4 416296000.0 59366600.0 -1.76 [-1.76]
26915300000000.0 201905000000000.0 5140870000.0 892415000.0 234069.0 1429420000.0 13712900.0 0.0 1572170000.0 76269300.0 0.0 0.0 5564610.0 645599000.0 93593200.0 1138090.0 15046.4 410436000.0 57411600.0 -1.74 [-1.74]
26915300000000.0 193270000000000.0 4973450000.0 826494000.0 201943.0 1372070000.0 12123200.0 0.0 1571810000.0 67277200.0 0.0 0.0 5366900.0 625477000.0 85865500.0 1011450.0 12962.3 404364000.0 55494600.0 -1.72 [-1.72]
26915300000000.0 185119000000000.0 4813450000.0 766188000.0 174545.0 1317790000.0 10731900.0 0.0 1571320000.0 59417200.0 0.0 0.0 5179460.0 606181000.0 78865500.0 900197.0 11192.0 398244000.0 53669600.0 -1.7 [-1.7]
26915300000000.0 177380000000000.0 4659710000.0 710690000.0 151058.0 1266110000.0 9508610.0 0.0 1570700000.0 52517200.0 0.0 0.0 5000730.0 587589000.0 72481000.0 801980.0 9679.65 392073000.0 51922400.0 -1.68 [-1.68]
26915300000000.0 169939000000000.0 4510190000.0 658991000.0 130741.0 1216300000.0 8424090.0 0.0 1569960000.0 46410200.0 0.0 0.0 4828210.0 569462000.0 66590000.0 714536.0 8375.83 385779000.0 50229500.0 -1.66 [-1.66]
26915300000000.0 162873000000000.0 4366640000.0 611423000.0 113308.0 1168880000.0 7469970.0 0.0 1569100000.0 41047000.0 0.0 0.0 4663760.0 552020000.0 61218000.0 637285.0 7260.09 379467000.0 48609700.0 -1.64 [-1.64]
26915300000000.0 156134000000000.0 4228260000.0 567464000.0 98293.4 1123550000.0 6627810.0 0.0 1568140000.0 36321800.0 0.0 0.0 4506340.0 535175000.0 56299600.0 568804.0 6301.43 373120000.0 47053700.0 -1.62 [-1.62]
26915300000000.0 149707000000000.0 4094900000.0 526837000.0 85351.4 1080220000.0 5884130.0 0.0 1567070000.0 32157200.0 0.0 0.0 4355650.0 518916000.0 51795900.0 508064.0 5476.82 366755000.0 45559200.0 -1.6 [-1.6]
26915300000000.0 143575000000000.0 3966430000.0 489285000.0 74187.6 1038780000.0 5227100.0 0.0 1565890000.0 28485200.0 0.0 0.0 4211410.0 503228000.0 47671500.0 454156.0 4766.71 360383000.0 44124000.0 -1.58 [-1.58]
26915300000000.0 137724000000000.0 3842680000.0 454570000.0 64549.8 999162000.0 4646300.0 0.0 1564630000.0 25246000.0 0.0 0.0 4073350.0 488099000.0 43894100.0 406284.0 4154.49 354019000.0 42745900.0 -1.56 [-1.56]
26915300000000.0 132141000000000.0 3723500000.0 422471000.0 56222.6 961270000.0 4132640.0 0.0 1563270000.0 22387500.0 0.0 0.0 3941190.0 473515000.0 40433600.0 363744.0 3626.01 347675000.0 41422800.0 -1.54 [-1.54]
26915300000000.0 126839000000000.0 3609310000.0 392928000.0 49044.0 925203000.0 3679430.0 0.0 1561840000.0 19871200.0 0.0 0.0 3815310.0 459532000.0 37277100.0 326029.0 3170.63 341397000.0 40159000.0 -1.52 [-1.52]
26915300000000.0 121752000000000.0 3498830000.0 365462000.0 42808.8 890529000.0 3276860.0 0.0 1560320000.0 17641200.0 0.0 0.0 3694200.0 445993000.0 34370500.0 292362.0 2775.23 335126000.0 38939700.0 -1.5 [-1.5]
26915300000000.0 116895000000000.0 3392470000.0 340051000.0 37407.1 857352000.0 2920220.0 0.0 1558720000.0 15670500.0 0.0 0.0 3578270.0 432955000.0 31705900.0 262386.0 2432.64 328907000.0 37769400.0 -1.48 [-1.48]
26915300000000.0 112258000000000.0 3290110000.0 316535000.0 32723.3 825605000.0 2604100.0 0.0 1557040000.0 13928100.0 0.0 0.0 3467280.0 420402000.0 29262600.0 235677.0 2135.43 322750000.0 36646200.0 -1.46 [-1.46]
26915300000000.0 107830000000000.0 3191590000.0 294768000.0 28658.0 795218000.0 2323720.0 0.0 1555290000.0 12386700.0 0.0 0.0 3361030.0 408320000.0 27021500.0 211863.0 1877.25 316662000.0 35568200.0 -1.44 [-1.44]
26915300000000.0 103588000000000.0 3096520000.0 274558000.0 25120.0 766048000.0 2074480.0 0.0 1553470000.0 11020200.0 0.0 0.0 3259000.0 396661000.0 24960000.0 190580.0 1652.3 310633000.0 34530800.0 -1.42 [-1.42]
26915300000000.0 99558200000000.0 3005570000.0 255946000.0 22054.9 738274000.0 1853940.0 0.0 1551600000.0 9814470.0 0.0 0.0 3161880.0 385509000.0 23077900.0 171642.0 1457.08 304725000.0 33540900.0 -1.4 [-1.4]
26915300000000.0 95696600000000.0 2917780000.0 238652000.0 19381.4 711597000.0 1657610.0 0.0 1549660000.0 8744140.0 0.0 0.0 3068590.0 374749000.0 21345000.0 154689.0 1286.49 298882000.0 32588100.0 -1.38 [-1.38]
26915300000000.0 92006000000000.0 2833320000.0 222624000.0 17051.7 686041000.0 1483050.0 0.0 1547660000.0 7795320.0 0.0 0.0 2979250.0 364400000.0 19753000.0 139528.0 1137.51 293125000.0 31673700.0 -1.36 [-1.36]
26915300000000.0 88478100000000.0 2752040000.0 207766000.0 15019.5 661554000.0 1327760.0 0.0 1545610000.0 6953750.0 0.0 0.0 2893680.0 354447000.0 18290200.0 125961.0 1007.23 287470000.0 30796100.0 -1.34 [-1.34]
26915300000000.0 85105100000000.0 2673840000.0 193986000.0 13245.0 638084000.0 1189510.0 0.0 1543500000.0 6206880.0 0.0 0.0 2811710.0 344878000.0 16945400.0 113810.0 893.148 281920000.0 29953900.0 -1.32 [-1.32]
26915300000000.0 81879700000000.0 2598590000.0 181202000.0 11693.8 615584000.0 1066360.0 0.0 1541350000.0 5543690.0 0.0 0.0 2733180.0 335677000.0 15708500.0 102920.0 793.114 276481000.0 29145500.0 -1.3 [-1.3]
26915300000000.0 78794800000000.0 2526170000.0 169339000.0 10336.6 594008000.0 956597.0 0.0 1539150000.0 4954480.0 0.0 0.0 2657940.0 326831000.0 14570500.0 93151.3 705.281 271153000.0 28369600.0 -1.28 [-1.28]
26915300000000.0 75843600000000.0 2456490000.0 158324000.0 9147.57 573314000.0 858692.0 0.0 1536910000.0 4430680.0 0.0 0.0 2585850.0 318327000.0 13523000.0 84382.3 628.056 265940000.0 27624900.0 -1.26 [-1.26]
26915300000000.0 73019800000000.0 2389420000.0 148095000.0 8104.9 553458000.0 771311.0 0.0 1534630000.0 3964760.0 0.0 0.0 2516750.0 310152000.0 12558200.0 76504.4 560.065 260842000.0 26910000.0 -1.24 [-1.24]
26915300000000.0 70317200000000.0 2324870000.0 138590000.0 7189.51 534401000.0 693270.0 0.0 1532310000.0 3550070.0 0.0 0.0 2450520.0 302293000.0 11669200.0 69421.2 500.123 255862000.0 26223600.0 -1.22 [-1.22]
26915300000000.0 67730100000000.0 2262720000.0 129755000.0 6385.0 516107000.0 623527.0 0.0 1529960000.0 3180770.0 0.0 0.0 2387020.0 294738000.0 10849600.0 63047.6 447.205 250999000.0 25564600.0 -1.2 [-1.2]
26915300000000.0 65253100000000.0 2202900000.0 121539000.0 5677.15 498539000.0 561158.0 0.0 1527570000.0 2851690.0 0.0 0.0 2326140.0 287475000.0 10093600.0 57307.9 400.427 246255000.0 24931800.0 -1.18 [-1.18]
26915300000000.0 62880900000000.0 2145300000.0 113896000.0 5053.66 481663000.0 505347.0 0.0 1525160000.0 2558270.0 0.0 0.0 2267760.0 280493000.0 9395960.0 52134.9 359.021 241628000.0 24324100.0 -1.16 [-1.16]
26915300000000.0 60608600000000.0 2089830000.0 106783000.0 4503.87 465448000.0 455372.0 0.0 1522710000.0 2296490.0 0.0 0.0 2211760.0 273780000.0 8751770.0 47468.9 322.321 237120000.0 23740500.0 -1.14 [-1.14]
26915300000000.0 58431400000000.0 2036400000.0 100160000.0 4018.51 449862000.0 410593.0 0.0 1520250000.0 2062800.0 0.0 0.0 2158040.0 267326000.0 8156620.0 43256.7 289.748 232728000.0 23179900.0 -1.12 [-1.12]
26915300000000.0 56345000000000.0 1984930000.0 93989700.0 3589.57 434878000.0 370444.0 0.0 1517760000.0 1854050.0 0.0 0.0 2106500.0 261121000.0 7606500.0 39451.2 260.803 228453000.0 22641400.0 -1.1 [-1.1]
26915300000000.0 54345000000000.0 1935340000.0 88239700.0 3210.06 420466000.0 334423.0 0.0 1515250000.0 1667470.0 0.0 0.0 2057040.0 255154000.0 7097700.0 36010.4 235.046 224293000.0 22124000.0 -1.08 [-1.08]
26915300000000.0 52419600000000.0 1887350000.0 82857500.0 2873.13 406546000.0 302011.0 0.0 1512710000.0 1500220.0 0.0 0.0 2009370.0 249392000.0 6625080.0 32890.2 212.048 220229000.0 21624700.0 -1.06 [-1.06]
26915300000000.0 50588600000000.0 1841490000.0 77877300.0 2575.83 393258000.0 273034.0 0.0 1510190000.0 1351270.0 0.0 0.0 1963980.0 243897000.0 6190850.0 30076.7 191.625 216312000.0 21148800.0 -1.04 [-1.04]
26915300000000.0 48824700000000.0 1797080000.0 73210100.0 2311.23 380414000.0 246919.0 0.0 1507630000.0 1217550.0 0.0 0.0 1920220.0 238588000.0 5786930.0 27520.8 173.338 212487000.0 20689500.0 -1.02 [-1.02]
26915300000000.0 47132200000000.0 1754250000.0 68852500.0 2076.07 368045000.0 223430.0 0.0 1505070000.0 1097730.0 0.0 0.0 1878190.0 233482000.0 5412480.0 25202.3 156.983 208772000.0 20247900.0 -1.0 [-1.0]
26915300000000.0 45508000000000.0 1712950000.0 64782000.0 1866.86 356132000.0 202289.0 0.0 1502500000.0 990311.0 0.0 0.0 1837820.0 228569000.0 5065180.0 23097.5 142.338 205163000.0 19823200.0 -0.98 [-0.98]
26915300000000.0 43949000000000.0 1673090000.0 60978000.0 1680.54 344653000.0 183249.0 0.0 1499920000.0 893944.0 0.0 0.0 1799030.0 223841000.0 4742880.0 21185.2 129.208 201658000.0 19414900.0 -0.96 [-0.96]
26915300000000.0 42452100000000.0 1634630000.0 57421100.0 1514.4 333589000.0 166091.0 0.0 1497330000.0 807438.0 0.0 0.0 1761750.0 219292000.0 4443560.0 19446.3 117.422 198255000.0 19022100.0 -0.94 [-0.94]
26915300000000.0 41014400000000.0 1597500000.0 54093700.0 1366.11 322922000.0 150619.0 0.0 1494750000.0 729736.0 0.0 0.0 1725920.0 214913000.0 4165420.0 17863.9 106.83 194953000.0 18644200.0 -0.92 [-0.92]
26915300000000.0 39633300000000.0 1561650000.0 50979700.0 1233.6 312635000.0 136660.0 0.0 1492160000.0 659902.0 0.0 0.0 1691470.0 210698000.0 3906840.0 16422.7 97.2996 191748000.0 18280600.0 -0.9 [-0.9]
26915300000000.0 38300700000000.0 1526880000.0 48052600.0 1114.82 302672000.0 124030.0 0.0 1489560000.0 596958.0 0.0 0.0 1658210.0 206623000.0 3665370.0 15106.7 88.6972 188625000.0 17929200.0 -0.88 [-0.88]
26915300000000.0 37025600000000.0 1493430000.0 45321900.0 1008.72 293097000.0 112649.0 0.0 1486980000.0 540460.0 0.0 0.0 1626360.0 202715000.0 3441520.0 13908.8 80.9568 185609000.0 17592500.0 -0.86 [-0.86]
26915300000000.0 35805000000000.0 1461240000.0 42772600.0 913.82 283893000.0 102385.0 0.0 1484420000.0 489704.0 0.0 0.0 1595840.0 198969000.0 3233820.0 12817.5 73.9822 182697000.0 17269600.0 -0.84 [-0.84]
26915300000000.0 34626100000000.0 1429980000.0 40372300.0 828.457 274969000.0 93079.7 0.0 1481840000.0 443862.0 0.0 0.0 1566350.0 195344000.0 3039460.0 11818.3 67.6641 179859000.0 16957400.0 -0.82 [-0.82]
26915300000000.0 33492300000000.0 1399760000.0 38120400.0 751.782 266351000.0 84659.8 0.0 1479280000.0 402537.0 0.0 0.0 1537970.0 191851000.0 2858220.0 10904.9 61.9471 177108000.0 16656700.0 -0.8 [-0.8]
26915300000000.0 32401600000000.0 1370510000.0 36007000.0 682.841 258026000.0 77036.7 0.0 1476730000.0 365263.0 0.0 0.0 1510650.0 188486000.0 2689110.0 10069.1 56.7684 174440000.0 16367000.0 -0.78 [-0.78]
26915300000000.0 31352000000000.0 1342220000.0 34022500.0 620.79 249982000.0 70131.3 0.0 1474180000.0 331621.0 0.0 0.0 1484350.0 185242000.0 2531240.0 9303.84 52.0725 171854000.0 16087900.0 -0.76 [-0.76]
26915300000000.0 30341700000000.0 1314820000.0 32158200.0 564.887 242207000.0 63872.6 0.0 1471650000.0 301241.0 0.0 0.0 1459010.0 182116000.0 2383760.0 8602.63 47.8097 169346000.0 15818900.0 -0.74 [-0.74]
26915300000000.0 29369200000000.0 1288290000.0 30406100.0 514.472 234692000.0 58197.1 0.0 1469130000.0 273790.0 0.0 0.0 1434610.0 179101000.0 2245910.0 7959.64 43.9362 166915000.0 15559700.0 -0.72 [-0.72]
26915300000000.0 28432600000000.0 1262600000.0 28758700.0 468.963 227424000.0 53047.8 0.0 1466630000.0 248972.0 0.0 0.0 1411100.0 176195000.0 2116990.0 7369.6 40.4128 164559000.0 15309800.0 -0.7 [-0.7]
26915300000000.0 27530500000000.0 1237690000.0 27208900.0 427.843 220395000.0 48373.5 0.0 1464140000.0 226522.0 0.0 0.0 1388440.0 173391000.0 1996350.0 6827.76 37.2047 162274000.0 15068800.0 -0.68 [-0.68]
26915300000000.0 26661500000000.0 1213550000.0 25750400.0 390.654 213595000.0 44128.4 0.0 1461670000.0 206202.0 0.0 0.0 1366600.0 170687000.0 1883400.0 6329.84 34.2809 160060000.0 14836400.0 -0.66 [-0.66]
26915300000000.0 25824100000000.0 1190140000.0 24377300.0 356.988 207016000.0 40271.1 0.0 1459220000.0 187800.0 0.0 0.0 1345540.0 168078000.0 1777580.0 5871.94 31.6135 157914000.0 14612200.0 -0.64 [-0.64]
26915300000000.0 25016900000000.0 1167430000.0 23083800.0 326.485 200648000.0 36764.5 0.0 1456790000.0 171126.0 0.0 0.0 1325240.0 165560000.0 1678380.0 5450.56 29.1778 155833000.0 14395900.0 -0.62 [-0.62]
26915300000000.0 24238700000000.0 1145390000.0 21864900.0 298.821 194484000.0 33575.3 0.0 1454380000.0 156009.0 0.0 0.0 1305650.0 163130000.0 1585340.0 5062.51 26.9515 153816000.0 14187100.0 -0.6 [-0.6]
26915300000000.0 23488200000000.0 1123990000.0 20715900.0 273.711 188517000.0 30673.4 0.0 1451990000.0 142296.0 0.0 0.0 1286750.0 160784000.0 1498030.0 4704.92 24.9148 151860000.0 13985700.0 -0.58 [-0.58]
26915300000000.0 22764400000000.0 1103210000.0 19632200.0 250.898 182738000.0 28031.7 0.0 1449620000.0 129851.0 0.0 0.0 1268520.0 158518000.0 1416050.0 4375.18 23.0499 149965000.0 13791200.0 -0.56 [-0.56]
26915300000000.0 22066200000000.0 1083010000.0 18609800.0 230.156 177141000.0 25626.2 0.0 1447270000.0 118550.0 0.0 0.0 1250930.0 156331000.0 1339060.0 4070.93 21.3408 148128000.0 13603400.0 -0.54 [-0.54]
26915300000000.0 21389400000000.0 1063300000.0 17641200.0 211.244 171698000.0 23429.5 0.0 1444940000.0 108262.0 0.0 0.0 1233870.0 154208000.0 1266330.0 3789.55 0.0 146338000.0 13421200.0 -0.52 [-0.52]
26915300000000.0 20739100000000.0 1044220000.0 16730100.0 194.055 166445000.0 21431.9 0.0 1442630000.0 98930.5 0.0 0.0 1217470.0 152167000.0 1198250.0 3530.01 0.0 144611000.0 13246000.0 -0.5 [-0.5]
26915300000000.0 20111300000000.0 1025650000.0 15869500.0 178.385 161355000.0 19610.4 0.0 1440360000.0 90444.2 0.0 0.0 1201630.0 150194000.0 1134170.0 3290.06 0.0 142937000.0 13076800.0 -0.48 [-0.48]
26915300000000.0 19505000000000.0 1007590000.0 15056300.0 164.09 156421000.0 17948.8 0.0 1438110000.0 82722.4 0.0 0.0 1186320.0 148287000.0 1073840.0 3068.08 0.0 141313000.0 12913200.0 -0.46 [-0.46]
26915300000000.0 18921600000000.0 990065000.0 14289900.0 0.0 151655000.0 16435.1 0.0 1435890000.0 75705.2 0.0 0.0 1171600.0 146450000.0 1017190.0 2862.85 0.0 139744000.0 12755700.0 -0.44 [-0.44]
26915300000000.0 18355900000000.0 972934000.0 13562800.0 0.0 147018000.0 15050.5 0.0 1433690000.0 69301.0 0.0 0.0 1157310.0 144668000.0 963604.0 2672.49 0.0 138217000.0 12602900.0 -0.42 [-0.42]
26915300000000.0 17809200000000.0 956242000.0 12874800.0 0.0 142521000.0 13786.0 0.0 1431520000.0 63465.2 0.0 0.0 1143500.0 142944000.0 913070.0 2496.06 0.0 136736000.0 12455100.0 -0.4 [-0.4]
26915300000000.0 17280800000000.0 939974000.0 12223900.0 0.0 138161000.0 12630.7 0.0 1429380000.0 58144.9 0.0 0.0 1130140.0 141276000.0 865386.0 2332.45 0.0 135299000.0 12312100.0 -0.38 [-0.38]
26915300000000.0 16770000000000.0 924110000.0 11607600.0 0.0 133932000.0 11574.9 0.0 1427260000.0 53292.1 0.0 0.0 1117230.0 139663000.0 820370.0 2180.64 0.0 133905000.0 12173800.0 -0.36 [-0.36]
26915300000000.0 16276200000000.0 908638000.0 11024100.0 0.0 129830000.0 10609.7 0.0 1425170000.0 48864.0 0.0 0.0 1104740.0 138102000.0 777853.0 2039.69 0.0 132553000.0 12040100.0 -0.34 [-0.34]
26915300000000.0 15798600000000.0 893537000.0 10471400.0 0.0 125850000.0 9726.9 0.0 1423100000.0 44821.2 0.0 0.0 1092660.0 136591000.0 737669.0 1908.75 0.0 131241000.0 11910600.0 -0.32 [-0.32]
26915300000000.0 15336600000000.0 878795000.0 9947660.0 0.0 121988000.0 8919.29 0.0 1421070000.0 41128.7 0.0 0.0 1080970.0 135128000.0 699669.0 1787.05 0.0 129968000.0 11785300.0 -0.3 [-0.3]
26915300000000.0 14889700000000.0 864399000.0 9451270.0 0.0 118241000.0 8180.28 0.0 1419060000.0 37754.7 0.0 0.0 1069660.0 133712000.0 663729.0 1673.87 0.0 128733000.0 11664100.0 -0.28 [-0.28]
26915300000000.0 14457100000000.0 850332000.0 8980620.0 0.0 114604000.0 7503.71 0.0 1417080000.0 34670.2 0.0 0.0 1058710.0 132340000.0 629699.0 1568.55 0.0 127534000.0 11546600.0 -0.26 [-0.26]
26915300000000.0 14038400000000.0 836584000.0 8534280.0 0.0 111074000.0 6884.2 0.0 1415130000.0 31849.4 0.0 0.0 1048110.0 131011000.0 597473.0 1470.51 0.0 126371000.0 11432900.0 -0.24 [-0.24]
26915300000000.0 13633100000000.0 823142000.0 8110860.0 0.0 107646000.0 6316.75 0.0 1413200000.0 29268.5 0.0 0.0 1037840.0 129724000.0 566938.0 1379.18 0.0 125241000.0 11322700.0 -0.22 [-0.22]
26915300000000.0 13240700000000.0 809996000.0 7709190.0 0.0 104320000.0 5796.93 0.0 1411310000.0 26906.4 0.0 0.0 1027900.0 128477000.0 538009.0 1294.07 0.0 124145000.0 11216100.0 -0.2 [-0.2]
26915300000000.0 12860600000000.0 797132000.0 7327920.0 0.0 101089000.0 5320.5 0.0 1409440000.0 24743.4 0.0 0.0 1018270.0 127268000.0 510565.0 1214.71 0.0 123080000.0 11112700.0 -0.18 [-0.18]
26915300000000.0 12492300000000.0 784537000.0 6965900.0 0.0 97950300.0 4883.61 0.0 1407600000.0 22761.8 0.0 0.0 1008930.0 126096000.0 484488.0 1140.68 0.0 122046000.0 11012400.0 -0.16 [-0.16]
26915300000000.0 12134400000000.0 772165000.0 6621340.0 0.0 94894300.0 4482.53 0.0 1405790000.0 20943.4 0.0 0.0 999857.0 124956000.0 459689.0 1071.52 0.0 121039000.0 10915000.0 -0.14 [-0.14]
26915300000000.0 11788700000000.0 760087000.0 6294970.0 0.0 91933700.0 4115.22 0.0 1404000000.0 19279.0 0.0 0.0 991090.0 123855000.0 436192.0 1007.0 0.0 120064000.0 10820800.0 -0.12 [-0.12]
26915300000000.0 11453600000000.0 748251000.0 5984930.0 0.0 89057200.0 3778.24 0.0 1402250000.0 17752.6 0.0 0.0 982590.0 122786000.0 413857.0 946.733 0.0 119117000.0 10729500.0 -0.1 [-0.1]
26915300000000.0 11129700000000.0 736684000.0 5690990.0 0.0 86268500.0 3469.39 0.0 1400530000.0 16354.0 0.0 0.0 974372.0 121752000.0 392667.0 890.443 0.0 118199000.0 10641200.0 -0.08 [-0.08]
26915300000000.0 10814600000000.0 725306000.0 5411000.0 0.0 83551200.0 3185.5 0.0 1398830000.0 15068.6 0.0 0.0 966376.0 120746000.0 372448.0 837.766 0.0 117305000.0 10555300.0 -0.06 [-0.06]
26915300000000.0 10509000000000.0 714144000.0 5144850.0 0.0 80909600.0 2924.86 0.0 1397160000.0 13888.4 0.0 0.0 958619.0 119770000.0 353198.0 788.486 0.0 116436000.0 10471900.0 -0.04 [-0.04]
26915300000000.0 10212500000000.0 703191000.0 4891840.0 0.0 78341100.0 2685.52 0.0 1395510000.0 12804.4 0.0 0.0 951092.0 118821000.0 334862.0 742.366 0.0 115591000.0 10391000.0 -0.02 [-0.02]
26915300000000.0 9924810000000.0 692440000.0 4651260.0 0.0 75843200.0 2465.68 0.0 1393900000.0 11808.6 0.0 0.0 943787.0 117901000.0 317385.0 699.185 0.0 114770000.0 10312400.0 -0.0 [-0.0]
26915300000000.0 9646000000000.0 681891000.0 4422660.0 0.0 73420700.0 2264.09 0.0 1392310000.0 10893.3 0.0 0.0 936706.0 117008000.0 300855.0 658.739 0.0 113972000.0 10236300.0 0.02 [0.02]
26915300000000.0 9374950000000.0 671523000.0 4205080.0 0.0 71056800.0 2078.5 0.0 1390740000.0 10051.9 0.0 0.0 929820.0 116139000.0 284951.0 620.837 0.0 113196000.0 10162200.0 0.04 [0.04]
26915300000000.0 9111740000000.0 661335000.0 3998100.0 0.0 68755900.0 1907.91 0.0 1389210000.0 9277.99 0.0 0.0 923133.0 115295000.0 269760.0 585.306 0.0 112441000.0 10090300.0 0.06 [0.06]
26915300000000.0 8856080000000.0 651323000.0 3801190.0 0.0 66515500.0 1751.08 0.0 1387690000.0 8566.05 0.0 0.0 916636.0 114474000.0 255240.0 551.985 0.0 111707000.0 10020400.0 0.08 [0.08]
26915300000000.0 8607680000000.0 641479000.0 3613820.0 0.0 64333300.0 1606.86 0.0 1386210000.0 7910.86 0.0 0.0 910322.0 113676000.0 241353.0 520.723 0.0 110992000.0 9952450.0 0.1 [0.1]
26915300000000.0 8365700000000.0 631776000.0 3435240.0 0.0 62202500.0 1474.07 0.0 1384740000.0 7307.14 0.0 0.0 904169.0 112898000.0 228030.0 491.369 0.0 110295000.0 9886260.0 0.12 [0.12]
26915300000000.0 8131040000000.0 622256000.0 3265590.0 0.0 60129200.0 1352.04 0.0 1383310000.0 6751.85 0.0 0.0 898202.0 112143000.0 215291.0 463.825 0.0 109619000.0 9822040.0 0.14 [0.14]
26915300000000.0 7902830000000.0 612888000.0 3104130.0 0.0 58106700.0 1239.74 0.0 1381900000.0 6240.38 0.0 0.0 892397.0 111407000.0 203072.0 437.956 0.0 108960000.0 9759570.0 0.16 [0.16]
26915300000000.0 7680810000000.0 603669000.0 2950450.0 0.0 56132300.0 1136.37 0.0 1380510000.0 5769.13 0.0 0.0 886749.0 110692000.0 191341.0 413.65 0.0 108318000.0 9698780.0 0.18 [0.18]
26915300000000.0 7464710000000.0 594594000.0 2804150.0 0.0 54203300.0 1041.18 0.0 1379150000.0 5334.83 0.0 0.0 881250.0 109994000.0 180063.0 390.807 0.0 107693000.0 9639600.0 0.2 [0.2]
26915300000000.0 7253910000000.0 585639000.0 2664700.0 0.0 52314800.0 953.445 0.0 1377800000.0 4934.13 0.0 0.0 875885.0 109313000.0 169200.0 369.322 0.0 107082000.0 9581850.0 0.22 [0.22]
26915300000000.0 7048980000000.0 576838000.0 2532140.0 0.0 50469700.0 872.686 0.0 1376480000.0 4564.98 0.0 0.0 870668.0 108650000.0 158753.0 349.126 0.0 106488000.0 9525690.0 0.24 [0.24]
26915300000000.0 6850030000000.0 568207000.0 2406300.0 0.0 48667100.0 798.364 0.0 1375190000.0 4225.1 0.0 0.0 865602.0 108005000.0 148695.0 330.141 0.0 105911000.0 9471170.0 0.26 [0.26]
26915300000000.0 6655090000000.0 559663000.0 2286100.0 0.0 46891600.0 729.677 0.0 1373920000.0 3910.92 0.0 0.0 860637.0 107373000.0 138934.0 312.261 0.0 105345000.0 9417720.0 0.28 [0.28]
26915300000000.0 6464070000000.0 551209000.0 2171370.0 0.0 45141400.0 666.199 0.0 1372660000.0 3620.54 0.0 0.0 855770.0 106752000.0 129458.0 295.418 0.0 104790000.0 9365340.0 0.3 [0.3]
26915300000000.0 6278050000000.0 542908000.0 2062410.0 0.0 43420800.0 607.651 0.0 1371420000.0 3353.0 0.0 0.0 851029.0 106146000.0 120264.0 279.573 0.0 104250000.0 9314320.0 0.32 [0.32]
26915300000000.0 6096030000000.0 534725000.0 1958670.0 0.0 41720400.0 553.52 0.0 1370210000.0 3106.03 0.0 0.0 846388.0 105553000.0 111304.0 264.652 0.0 103721000.0 9264380.0 0.34 [0.34]
26915300000000.0 5917600000000.0 526654000.0 1859890.0 0.0 40034100.0 503.409 0.0 1369010000.0 2878.0 0.0 0.0 841838.0 104969000.0 102541.0 250.597 0.0 103202000.0 9215420.0 0.36 [0.36]
26915300000000.0 5741940000000.0 518689000.0 1765760.0 0.0 38345800.0 456.801 0.0 1367820000.0 2667.44 0.0 0.0 837356.0 104393000.0 93853.4 237.358 0.0 102692000.0 9167200.0 0.38 [0.38]
26915300000000.0 5568690000000.0 510831000.0 1676120.0 0.0 36648700.0 413.404 0.0 1366650000.0 2473.01 0.0 0.0 832933.0 103823000.0 85230.9 224.887 0.0 102189000.0 9119640.0 0.4 [0.4]
26915300000000.0 5397030000000.0 503070000.0 1590730.0 0.0 34927700.0 372.848 0.0 1365480000.0 2293.43 0.0 0.0 828548.0 103255000.0 76615.4 213.138 0.0 101692000.0 9072510.0 0.42 [0.42]
26915300000000.0 5225690000000.0 495405000.0 1509380.0 0.0 33156300.0 334.674 0.0 1364320000.0 2127.62 0.0 0.0 824168.0 102686000.0 67883.6 202.072 0.0 101196000.0 9025460.0 0.44 [0.44]
26915400000000.0 5053400000000.0 487870000.0 1432150.0 0.0 31295500.0 298.377 0.0 1363170000.0 1974.96 0.0 0.0 819760.0 102109000.0 58871.2 191.667 0.0 100699000.0 8978140.0 0.46 [0.46]
26915300000000.0 4873330000000.0 480328000.0 1358040.0 0.0 29232800.0 262.765 0.0 1361970000.0 1833.69 0.0 0.0 815145.0 101498000.0 49125.5 181.875 0.0 100181000.0 8928660.0 0.48 [0.48]
26915400000000.0 3522580000000.0 446983000.0 1037490.0 0.0 8361070.0 69.5166 0.0 1357490000.0 1656.6 0.0 0.0 780450.0 95844500.0 184.63 173.635 0.0 96250800.0 8562010.0 0.5 [0.5]
26915300000000.0 3381070000000.0 437600000.0 974954.0 0.0 7645300.0 60.9162 0.0 1356590000.0 1526.85 0.0 0.0 776830.0 95274900.0 149.368 164.689 0.0 95809100.0 8523400.0 0.52 [0.52]
26915300000000.0 3253250000000.0 428670000.0 918599.0 0.0 7055550.0 53.8708 0.0 1355740000.0 1408.31 0.0 0.0 773559.0 94759900.0 128.366 156.254 0.0 95409900.0 8488510.0 0.54 [0.54]
26915300000000.0 3133710000000.0 419931000.0 866408.0 0.0 6546570.0 47.9011 0.0 1354920000.0 1298.92 0.0 0.0 770496.0 94275200.0 114.303 148.272 0.0 95036200.0 8455850.0 0.56 [0.56]
26915300000000.0 3021790000000.0 411425000.0 818091.0 0.0 6099060.0 42.7731 0.0 1354120000.0 1198.36 0.0 0.0 767626.0 93818500.0 104.089 140.726 0.0 94686100.0 8425260.0 0.58 [0.58]
26915300000000.0 2915820000000.0 403077000.0 772970.0 0.0 5698790.0 38.3134 0.0 1353350000.0 1105.63 0.0 0.0 764904.0 93382200.0 96.1633 133.586 0.0 94354600.0 8396280.0 0.6 [0.6]
26915300000000.0 2815320000000.0 394892000.0 730796.0 0.0 5337650.0 34.4094 0.0 1352610000.0 1020.19 0.0 0.0 762321.0 92964600.0 89.6986 126.829 0.0 94040100.0 8368790.0 0.62 [0.62]
26915300000000.0 2719060000000.0 386797000.0 691056.0 0.0 5008320.0 30.9657 0.0 1351880000.0 941.177 0.0 0.0 759844.0 92560000.0 84.2047 120.425 0.0 93738900.0 8342460.0 0.64 [0.64]
26915300000000.0 2626660000000.0 378785000.0 653556.0 0.0 4706260.0 27.9153 0.0 1351170000.0 868.113 0.0 0.0 757463.0 92166600.0 79.3893 114.355 0.0 93449800.0 8317180.0 0.66 [0.66]
26915300000000.0 2538370000000.0 370903000.0 618305.0 0.0 4428780.0 25.2084 0.0 1350490000.0 800.734 0.0 0.0 755186.0 91786100.0 75.0737 108.606 0.0 93173600.0 8293020.0 0.68 [0.68]
26915300000000.0 2454000000000.0 363153000.0 585135.0 0.0 4172850.0 22.7989 0.0 1349830000.0 738.614 0.0 0.0 753008.0 91418200.0 71.1415 103.159 0.0 92909700.0 8269940.0 0.7 [0.7]
26915300000000.0 2372450000000.0 355454000.0 553656.0 0.0 3934930.0 20.6427 0.0 1349180000.0 681.082 0.0 0.0 750900.0 91056800.0 67.506 97.9896 0.0 92654700.0 8247630.0 0.72 [0.72]
26915300000000.0 2294230000000.0 347870000.0 523973.0 0.0 3714130.0 18.7141 0.0 1348550000.0 628.008 0.0 0.0 748876.0 90705100.0 64.1199 93.0896 0.0 92410200.0 8226240.0 0.74 [0.74]
26915300000000.0 2218930000000.0 340379000.0 495898.0 0.0 3508420.0 16.9842 0.0 1347950000.0 578.981 0.0 0.0 746925.0 90361100.0 60.9457 88.4417 0.0 92174900.0 8205650.0 0.76 [0.76]
26915300000000.0 2146390000000.0 332979000.0 469331.0 0.0 3316370.0 15.4298 0.0 1347360000.0 533.696 0.0 0.0 745042.0 90024000.0 57.9573 84.0319 0.0 91948300.0 8185820.0 0.78 [0.78]
26915300000000.0 2076670000000.0 325689000.0 444230.0 0.0 3136950.0 14.0319 0.0 1346780000.0 491.918 0.0 0.0 743230.0 89694500.0 55.1366 79.8489 0.0 91730500.0 8166770.0 0.8 [0.8]
26915300000000.0 2009110000000.0 318455000.0 420362.0 0.0 2968410.0 12.7703 0.0 1346220000.0 453.257 0.0 0.0 741472.0 89368500.0 52.4658 75.8761 0.0 91519700.0 8148310.0 0.82 [0.82]
26915300000000.0 1944270000000.0 311348000.0 397838.0 0.0 2810660.0 11.6334 0.0 1345690000.0 417.638 0.0 0.0 739782.0 89050100.0 49.9366 72.1076 0.0 91317400.0 8130610.0 0.84 [0.84]
26915300000000.0 1881580000000.0 304317000.0 376449.0 0.0 2662230.0 10.6053 0.0 1345160000.0 384.726 0.0 0.0 738144.0 88735600.0 47.5366 68.5288 0.0 91122000.0 8113500.0 0.86 [0.86]
26915300000000.0 1820960000000.0 297365000.0 356141.0 0.0 2522430.0 9.675 0.0 1344650000.0 354.328 0.0 0.0 736558.0 88424700.0 45.2577 65.1298 0.0 90933000.0 8096970.0 0.88 [0.88]
26915300000000.0 1762590000000.0 290523000.0 336919.0 0.0 2390910.0 8.83815 0.0 1344150000.0 326.174 0.0 0.0 735029.0 88119000.0 43.0937 61.9032 0.0 90751200.0 8081070.0 0.9 [0.9]
26915300000000.0 1706170000000.0 283766000.0 318686.0 0.0 2267010.0 8.09842 0.0 1343670000.0 299.808 0.0 0.0 733547.0 87816300.0 41.0375 58.8383 0.0 90575500.0 8065700.0 0.92 [0.92]
26915300000000.0 1651730000000.0 277108000.0 301391.0 0.0 2150070.0 7.42539 0.0 1343200000.0 275.627 0.0 0.0 732114.0 87517500.0 39.083 55.9274 0.0 90406100.0 8050880.0 0.94 [0.94]
26915300000000.0 1599240000000.0 270557000.0 285005.0 0.0 2039740.0 6.81303 0.0 1342750000.0 253.452 0.0 0.0 730729.0 87222600.0 37.2252 53.1629 0.0 90242900.0 8036610.0 0.96 [0.96]
26915300000000.0 1548490000000.0 264093000.0 269433.0 0.0 1935320.0 6.25465 0.0 1342310000.0 233.089 0.0 0.0 729387.0 86929900.0 35.4579 50.5361 0.0 90085200.0 8022830.0 0.98 [0.98]
26915300000000.0 1499460000000.0 257725000.0 254652.0 0.0 1836530.0 5.74544 0.0 1341880000.0 214.396 0.0 0.0 728088.0 86639800.0 33.7768 48.0403 0.0 89932900.0 8009520.0 1.0 [1.0]
